PREDICTED	GOLD
12	0
2	2
6	6
6	0
8	0
8	8
2	0
2	2
12	0
12	0
12	12
2	0
2	0
2	2
17	6
3	0
12	0
12	1
8	0
8	0
8	0
8	0
8	8
2	0
2	2
9	0
9	0
9	9
4	0
4	4
8	0
12	12
12	6
12	0
8	0
8	8
2	0
2	2
8	0
8	0
8	0
8	8
2	2
2	6
8	0
8	8
12	0
12	12
16	0
16	4
5	5
2	3
3	0
1	6
8	0
8	0
8	0
8	0
8	8
13	0
17	0
12	6
12	0
12	0
8	0
8	0
8	0
8	0
1	0
8	0
1	8
2	2
12	0
12	0
12	0
8	12
12	4
13	13
3	5
2	3
2	6
8	0
8	0
8	0
8	0
8	0
8	0
8	8
2	2
12	0
8	12
2	0
2	2
9	0
1	1
8	0
8	0
8	0
8	8
9	9
6	6
1	0
1	1
8	0
8	8
2	2
6	6
8	0
8	0
8	0
8	0
8	8
12	0
12	12
3	0
3	0
2	0
1	0
1	0
13	0
17	0
12	6
8	0
8	0
8	0
8	0
8	8
17	4
8	0
2	2
9	0
1	1
8	8
9	9
1	0
1	0
1	0
1	0
1	0
1	0
1	0
1	16
13	13
13	0
1	0
1	0
1	0
1	0
16	0
8	0
8	0
1	0
8	0
8	0
8	0
1	0
1	0
8	0
1	0
1	0
1	0
1	0
8	0
1	0
1	0
1	0
1	0
16	0
1	0
16	0
16	0
16	0
16	0
8	0
8	0
8	0
8	0
8	0
8	0
1	0
12	0
1	6
8	0
8	0
8	0
8	8
2	2
12	0
12	0
12	0
8	12
16	4
17	6
8	0
8	8
3	0
3	3
3	0
1	0
1	0
1	3
1	0
3	0
1	0
1	0
16	16
13	13
14	6
12	0
12	0
1	0
1	8
2	2
12	0
8	12
17	4
16	0
12	11
3	0
3	5
1	0
1	1
2	0
1	0
1	0
16	0
16	0
16	0
16	16
13	13
13	0
1	0
1	0
16	0
16	0
16	0
16	0
1	0
1	0
8	0
12	0
8	0
8	8
17	0
2	2
12	6
12	0
12	0
17	1
12	0
12	8
8	0
8	8
8	0
2	2
6	6
8	0
8	0
8	0
8	0
8	0
8	8
12	0
12	0
12	0
12	0
8	12
16	0
16	16
2	0
2	2
11	0
1	6
12	0
8	0
8	0
8	0
8	8
2	0
2	2
6	6
8	0
1	0
1	0
1	1
8	0
8	8
2	2
2	6
8	0
8	0
8	0
8	12
13	13
3	0
3	3
1	6
1	6
8	0
13	0
12	0
17	6
8	0
8	0
8	0
8	0
8	0
8	0
8	12
13	13
6	6
12	0
8	0
8	12
2	0
2	5
6	6
8	0
8	0
8	12
13	13
2	0
1	0
9	9
1	0
12	0
12	0
1	1
8	0
8	0
8	0
8	0
8	0
8	8
2	0
2	2
8	0
8	0
8	0
8	0
8	0
8	12
12	8
13	13
17	0
17	16
17	2
12	6
12	0
12	0
12	8
2	0
2	0
2	10
13	13
13	0
17	0
1	0
8	0
16	0
12	0
8	6
8	0
8	0
8	0
8	8
16	0
16	16
2	0
2	2
11	0
1	6
1	0
1	1
8	0
8	8
2	0
2	0
6	2
8	0
8	0
8	12
5	5
6	6
8	0
8	0
8	0
8	12
13	13
13	0
1	0
1	0
1	0
1	0
1	0
8	0
8	0
1	0
2	0
1	0
8	0
8	0
8	0
3	0
1	0
8	0
8	0
8	0
1	0
8	0
8	0
3	0
3	0
3	0
3	0
1	0
1	0
1	0
1	0
1	0
3	0
6	6
3	0
3	0
1	0
1	3
1	0
1	1
12	0
8	0
12	8
12	0
12	0
16	0
16	16
1	0
1	0
1	1
2	0
2	2
2	0
2	6
8	0
8	0
8	0
8	0
8	8
1	1
2	10
13	13
13	0
3	0
3	0
16	0
3	0
1	0
1	0
1	0
3	0
1	0
3	0
1	0
1	0
8	0
8	0
8	0
3	0
1	0
1	0
1	0
1	0
8	0
8	0
1	0
8	0
8	0
3	0
16	0
16	0
3	0
13	0
1	6
8	0
8	0
8	0
8	8
4	0
11	4
9	0
9	9
8	0
8	0
8	8
1	0
1	1
13	13
1	0
6	0
12	3
4	4
9	0
9	9
1	0
1	0
16	0
16	1
13	13
9	9
4	4
2	2
8	0
8	0
8	8
2	0
1	0
1	0
1	0
1	0
1	1
2	0
2	5
9	0
9	9
1	0
2	0
16	0
16	1
13	13
13	0
1	0
3	0
8	0
3	0
3	0
1	0
1	0
8	0
1	0
1	0
1	0
17	0
3	6
17	0
12	0
1	0
1	1
8	0
12	8
4	0
11	4
1	0
2	2
17	0
2	6
8	0
8	0
8	12
2	0
2	2
9	0
9	9
8	0
8	8
13	13
11	6
3	0
2	0
9	0
1	1
2	0
2	2
9	0
9	9
8	0
8	0
8	8
2	2
17	6
8	0
8	0
8	0
8	12
13	13
13	0
8	0
1	0
1	0
17	0
1	0
1	0
1	0
1	0
8	0
16	0
16	0
1	0
8	0
1	0
1	0
1	0
12	0
12	0
12	6
12	0
12	0
8	0
8	0
8	8
17	0
16	0
16	0
16	16
16	0
11	11
12	0
12	10
5	5
13	0
17	0
14	16
5	2
8	0
8	0
8	0
8	0
8	8
5	6
1	0
1	0
1	1
8	0
8	0
8	0
8	0
8	8
16	0
16	16
13	13
13	0
16	0
1	0
1	0
1	0
1	0
16	0
1	0
1	0
1	0
1	0
12	0
8	0
1	0
1	0
3	0
3	0
16	0
16	0
16	0
16	0
1	0
12	0
12	6
12	0
12	0
12	12
12	0
17	0
16	0
16	16
2	0
11	0
6	0
6	6
8	0
8	0
8	0
8	0
8	0
8	8
2	2
6	6
8	0
8	0
8	0
8	0
8	0
8	8
1	0
1	0
1	0
16	16
13	13
16	0
16	0
16	0
16	16
1	0
1	0
1	1
8	0
8	8
5	5
16	0
16	0
16	16
2	2
2	0
1	0
1	6
8	8
1	2
12	0
8	0
8	0
8	0
8	8
2	2
12	6
8	0
13	0
12	0
1	0
12	6
12	0
8	0
8	8
12	0
12	0
12	12
16	0
12	0
16	0
16	16
3	0
2	0
1	0
2	1
12	0
6	6
12	0
12	0
1	8
8	0
8	0
8	0
8	8
2	0
2	2
8	0
8	8
1	0
12	0
1	0
12	16
5	5
16	0
16	0
16	0
16	16
3	0
6	0
1	2
8	0
8	0
8	0
8	8
12	0
12	0
1	0
12	0
8	0
8	0
8	8
13	13
13	0
3	0
3	0
3	0
3	0
1	0
12	0
17	0
17	3
17	0
12	6
12	0
12	0
12	12
17	0
17	0
17	0
16	16
11	0
11	11
16	0
17	0
11	10
1	0
1	0
16	0
16	16
13	13
11	0
4	14
3	11
3	0
17	11
1	3
17	0
17	0
17	10
2	2
1	0
1	0
1	1
12	0
8	0
8	8
17	0
12	16
1	0
12	0
1	0
16	0
1	0
1	16
13	13
13	0
1	0
1	0
17	0
12	0
1	0
17	0
17	0
16	0
16	0
16	0
16	0
16	0
12	0
1	0
2	0
8	0
8	0
1	1
8	0
8	0
8	0
8	0
8	0
8	8
16	2
6	6
8	0
8	0
8	0
8	8
3	0
2	0
2	0
1	16
2	0
2	0
2	2
6	0
17	0
12	1
12	0
12	0
12	1
17	0
8	0
8	0
8	0
8	8
13	13
13	0
1	0
1	0
1	0
1	0
8	0
8	0
17	0
8	0
1	0
1	0
1	0
1	0
1	0
8	0
1	0
1	0
1	0
1	0
16	0
16	0
16	0
1	0
13	0
12	6
12	0
12	0
12	0
8	0
8	8
16	0
16	0
16	16
6	6
1	6
8	0
8	0
8	0
8	0
8	0
8	0
8	0
8	0
8	0
8	0
8	8
3	0
2	2
1	8
1	0
1	0
12	16
13	13
6	6
8	0
8	0
8	0
8	0
8	8
16	0
16	0
16	0
16	16
17	6
8	0
8	12
3	0
3	10
1	0
1	0
1	16
13	13
6	6
12	8
16	0
16	0
16	16
11	0
11	6
8	0
8	0
8	0
13	0
12	0
3	2
6	6
3	0
1	0
1	0
1	0
1	0
1	1
1	0
1	0
1	0
1	1
8	0
8	0
8	0
8	8
2	0
2	2
6	6
8	0
8	0
8	0
8	0
8	0
8	0
8	0
8	0
8	0
8	8
4	0
4	4
6	6
1	0
1	0
1	0
1	0
1	0
1	1
8	0
8	0
8	0
8	8
1	0
1	0
1	1
1	0
1	0
1	0
1	0
1	0
1	1
13	13
13	0
1	0
1	0
1	0
1	0
1	0
8	0
8	0
1	0
2	6
12	0
12	0
12	12
4	0
4	0
4	4
12	0
12	6
12	0
12	8
1	0
1	0
16	0
16	0
16	16
13	13
13	0
1	0
3	0
8	0
8	0
16	0
16	0
1	0
1	0
16	0
8	0
1	0
12	0
12	0
1	0
1	0
1	0
1	0
16	0
16	0
1	0
3	0
16	0
3	0
8	0
16	0
1	0
1	0
1	0
1	0
8	0
12	0
16	0
16	0
3	0
12	0
12	0
12	0
12	0
1	0
1	0
13	0
13	13
13	0
11	0
14	14
6	6
12	12
8	0
12	12
16	0
17	0
17	3
17	3
17	0
4	0
4	0
4	4
4	0
16	0
16	16
13	13
14	0
4	0
4	11
4	0
4	0
4	0
4	4
11	11
16	0
16	0
16	0
16	16
13	13
13	0
13	0
16	0
16	0
16	0
16	0
16	0
1	0
16	0
16	0
16	0
16	0
16	0
8	0
16	0
4	0
4	0
8	0
8	0
8	0
16	0
16	0
16	0
16	0
17	0
16	0
12	0
12	13
3	11
16	0
4	16
16	0
11	11
3	0
3	5
1	0
1	0
1	0
16	1
11	0
11	2
6	6
8	0
8	0
8	0
8	0
8	8
16	16
13	13
13	0
16	0
16	0
16	0
16	0
16	0
16	0
16	0
1	0
16	0
16	0
16	0
16	0
1	0
1	0
16	0
8	0
16	0
8	0
16	0
16	0
1	0
16	0
16	0
16	0
16	0
16	0
16	0
16	0
16	0
1	0
1	0
1	0
1	0
16	0
16	0
16	0
13	0
3	14
16	0
2	11
3	0
3	5
16	0
11	0
6	0
9	6
17	0
1	1
8	0
8	0
8	8
2	0
2	0
6	0
11	2
8	0
8	0
8	0
8	0
8	8
3	0
10	0
2	0
1	0
3	0
16	16
13	13
3	0
16	0
16	0
16	16
16	0
2	11
13	13
14	0
11	0
14	14
3	0
2	11
1	0
1	0
1	0
1	16
4	0
4	4
13	13
13	0
1	0
16	0
1	0
1	0
1	0
1	0
1	0
1	0
1	0
13	0
3	0
12	0
12	12
16	0
11	2
2	0
6	6
1	0
1	0
1	0
1	1
8	0
8	0
12	12
13	13
11	0
6	6
1	0
1	0
1	0
1	1
8	0
8	0
8	0
8	0
8	0
13	0
17	0
12	0
17	0
17	0
17	0
17	8
12	0
17	16
4	0
10	0
4	2
13	13
13	0
1	0
1	0
8	0
1	0
8	0
1	0
1	0
16	0
16	0
16	0
16	0
1	0
1	0
1	0
1	0
1	0
1	0
8	0
8	0
13	0
8	0
8	0
8	8
13	13
1	0
1	16
8	0
8	8
8	0
8	0
8	0
8	8
12	8
13	13
13	0
8	0
8	0
16	0
8	0
16	0
8	0
16	0
8	0
1	0
1	0
1	0
1	0
1	0
1	0
16	0
8	0
16	0
16	0
16	0
16	0
8	0
8	0
16	0
16	0
8	0
16	0
8	0
8	0
8	0
1	0
1	0
1	0
8	0
8	0
8	0
1	0
1	0
1	0
13	0
16	0
8	0
16	0
16	0
16	0
13	0
12	0
12	0
12	12
8	0
12	0
8	0
8	8
13	13
13	0
8	0
1	0
1	0
8	0
8	0
1	0
1	0
1	0
12	0
12	0
8	0
8	0
8	0
1	0
1	0
12	0
8	0
8	0
8	0
8	0
8	0
8	0
8	0
8	0
8	0
8	0
1	0
1	0
12	0
8	0
8	0
8	0
8	0
8	0
1	0
1	0
1	0
1	0
12	0
1	0
1	0
1	0
8	0
8	0
8	0
8	0
1	0
1	0
1	0
1	0
12	0
12	0
12	0
12	12
13	13
13	0
12	0
12	0
12	0
12	0
12	0
12	0
1	0
12	0
12	0
12	0
12	0
12	0
12	0
1	0
12	0
12	0
12	0
12	0
12	0
12	0
12	0
12	0
12	0
8	0
12	0
12	0
12	0
12	0
12	0
12	0
12	0
12	0
12	0
12	0
12	0
12	0
12	0
12	0
12	0
12	0
12	0
12	0
12	0
12	0
8	0
12	0
12	0
12	0
12	0
12	0
12	0
12	0
1	0
12	0
13	0
13	13
13	0
8	0
8	0
8	0
8	0
8	0
8	0
8	0
8	0
8	0
8	0
8	0
8	0
8	0
8	0
8	0
8	0
8	0
8	0
8	0
8	0
8	0
8	0
8	0
8	0
8	0
8	0
8	0
8	0
8	0
8	0
8	0
8	0
8	0
8	0
8	0
8	0
8	0
8	0
8	0
8	0
8	0
8	0
8	0
8	0
8	0
8	0
8	0
8	0
8	0
8	0
8	0
8	0
8	0
8	0
8	0
8	0
8	0
13	0
9	0
9	9
8	0
8	0
8	8
13	13
13	0
8	0
8	0
8	0
8	0
8	0
8	0
1	0
1	0
8	0
8	0
8	0
8	0
8	0
1	0
1	0
8	0
8	0
8	0
8	0
8	0
8	0
1	0
8	0
8	0
8	0
8	0
8	0
1	0
8	0
8	0
8	0
8	0
8	0
8	0
1	0
1	0
8	0
8	0
8	0
8	0
1	0
8	0
8	0
8	0
8	0
8	0
1	0
8	0
8	0
8	0
8	0
8	0
13	0
9	9
8	0
8	0
8	0
8	8
8	0
8	8
13	13
13	0
8	0
1	0
8	0
1	0
8	0
8	0
8	0
8	0
16	0
16	0
8	0
8	0
8	0
8	0
8	0
1	0
16	0
1	0
8	0
8	0
8	0
1	0
8	0
1	0
8	0
8	0
8	0
8	0
1	0
16	0
1	0
8	0
8	0
8	0
8	0
8	0
1	0
1	0
8	0
8	0
1	0
16	0
16	0
8	0
8	0
8	0
8	0
8	0
1	0
1	0
13	0
9	0
9	9
8	0
8	0
8	8
13	13
13	0
1	0
1	0
8	0
8	0
8	0
8	0
1	0
1	0
1	0
8	0
8	0
8	0
8	0
8	0
1	0
1	0
8	0
8	0
8	0
8	0
8	0
1	0
1	0
8	0
8	0
8	0
8	0
1	0
1	0
8	0
8	0
8	0
8	0
8	0
1	0
1	0
1	0
8	0
8	0
8	0
1	0
1	0
8	0
8	0
8	0
8	0
1	0
1	0
8	0
8	0
16	0
8	0
13	0
9	0
1	0
9	9
1	8
8	0
12	0
8	0
8	0
8	8
13	13
13	0
8	0
9	0
8	0
8	0
1	0
1	0
1	0
8	0
8	0
8	0
8	0
8	0
1	0
1	0
1	0
8	0
8	0
8	0
8	0
8	0
8	0
8	0
8	0
8	0
8	0
1	0
8	0
1	0
8	0
8	0
8	0
8	0
8	0
16	0
8	0
8	0
8	0
8	0
1	0
1	0
8	0
8	0
8	0
8	0
8	0
8	0
8	0
8	0
13	0
9	0
1	0
9	0
9	9
13	13
9	0
1	1
8	0
8	0
8	0
8	8
9	9
13	13
17	13
9	9
17	13
8	0
8	8
13	13
13	0
12	0
8	0
17	0
17	0
8	0
8	0
12	0
8	0
8	0
8	0
8	0
8	0
17	0
17	0
17	0
17	0
17	0
8	0
8	0
12	0
8	0
1	0
8	0
17	0
1	0
8	0
8	0
17	0
8	0
8	0
8	0
8	0
8	0
8	0
8	0
8	0
8	0
8	0
17	0
13	0
17	0
12	0
8	0
8	0
12	0
12	0
12	0
12	0
12	0
12	12
12	0
12	8
12	0
12	0
12	0
12	0
12	8
13	13
13	0
8	0
12	0
12	0
12	0
12	0
12	0
12	0
12	0
12	0
12	0
12	0
12	0
12	0
16	0
12	0
12	0
12	0
12	0
12	0
12	0
17	0
12	0
12	0
12	0
12	0
12	0
12	0
12	0
17	0
8	0
12	0
12	0
12	0
12	0
12	0
12	0
12	0
12	0
12	0
12	0
12	0
12	0
12	0
12	0
8	0
8	0
8	0
8	8
12	0
12	0
12	12
16	0
16	4
12	6
12	13
12	0
8	0
8	0
8	0
8	0
8	8
2	0
2	2
8	8
12	0
12	0
12	12
13	13
13	0
1	0
16	0
16	0
16	0
16	0
1	0
12	0
1	0
16	0
16	0
16	0
16	0
16	0
16	0
16	0
16	0
12	0
16	0
16	0
1	0
8	0
8	0
8	0
16	0
16	0
16	0
16	0
16	0
16	0
16	0
16	0
12	0
3	0
4	0
4	0
4	0
16	2
6	6
8	0
8	0
8	8
3	0
2	4
12	0
12	0
12	12
12	0
16	2
11	0
11	6
1	6
8	0
8	0
8	0
8	8
8	6
12	13
8	0
8	0
8	0
8	0
8	0
8	8
2	2
2	6
12	0
12	0
12	0
12	12
12	0
12	0
12	4
13	13
6	6
8	0
8	8
11	4
16	0
12	11
2	0
3	5
3	3
3	0
3	3
3	3
16	0
16	16
13	13
13	0
1	0
3	0
12	0
12	6
12	13
12	0
8	0
8	0
8	0
8	8
16	0
1	0
1	16
3	0
1	0
1	0
1	2
8	0
8	8
16	0
2	2
12	0
12	12
13	13
1	0
1	0
1	0
3	0
1	1
2	0
2	2
8	12
13	13
13	0
1	0
1	0
1	0
8	0
8	0
1	0
1	0
1	0
1	0
8	0
8	0
1	0
1	0
1	0
1	0
1	0
1	0
12	0
12	0
8	0
1	0
1	0
1	0
1	0
1	0
1	0
1	0
1	0
12	0
12	6
6	13
12	0
8	0
8	0
8	0
8	0
8	8
16	0
16	4
16	0
17	0
3	0
3	3
1	0
1	1
13	13
13	0
1	0
1	0
1	0
1	0
1	0
1	0
1	0
8	0
1	0
16	0
16	0
16	0
16	0
16	0
1	0
1	0
1	0
1	0
1	0
1	0
16	0
1	0
1	0
1	0
1	0
1	0
1	0
8	0
1	0
1	0
12	0
12	0
16	0
16	0
16	0
16	0
16	0
16	0
16	0
1	0
1	0
1	0
2	0
2	2
11	0
11	11
6	6
6	13
12	0
8	8
16	0
11	0
1	4
2	0
2	0
16	0
16	0
16	0
16	1
13	13
12	0
17	11
3	0
11	0
1	4
1	0
1	0
1	0
1	0
1	1
1	0
16	0
16	16
13	13
13	0
3	0
1	0
1	0
1	0
8	0
1	0
3	0
1	0
1	0
3	0
1	0
1	0
3	0
3	0
16	0
8	0
8	0
16	0
12	0
12	0
16	0
3	0
1	0
1	0
1	0
1	0
12	0
1	0
2	6
8	0
8	0
8	0
8	0
8	0
8	0
8	8
16	0
16	0
16	0
16	16
2	0
2	2
6	0
11	11
12	6
12	13
12	0
12	0
12	0
8	0
8	0
8	0
8	8
13	13
6	6
8	0
8	8
12	0
12	0
12	8
13	13
12	0
12	8
13	13
13	13
6	6
8	0
8	0
8	8
17	0
3	5
3	3
2	3
12	6
12	13
12	0
12	0
12	1
8	0
8	0
8	0
8	8
17	2
8	0
12	8
13	0
12	0
16	0
11	6
16	0
1	0
16	0
1	11
1	0
1	0
1	0
1	2
2	0
2	2
8	0
8	0
8	0
8	0
8	0
8	8
16	0
1	0
1	16
12	6
12	13
12	0
8	0
8	0
8	0
8	8
13	13
13	0
1	0
1	0
1	0
8	0
16	0
16	0
16	0
16	0
16	0
16	0
1	0
16	0
12	0
12	0
1	0
16	0
12	0
16	0
16	0
1	0
1	0
1	0
1	0
1	0
16	0
16	0
1	0
1	0
1	0
12	0
17	0
12	11
17	0
12	4
16	0
16	3
3	2
9	9
17	0
17	0
1	16
17	0
17	4
17	0
17	5
17	0
1	4
17	0
17	2
17	6
12	13
12	0
12	0
8	0
8	8
2	0
2	2
12	0
12	0
12	0
8	0
8	12
12	0
12	0
12	0
12	4
13	13
13	0
1	0
8	0
8	0
1	0
12	0
12	0
8	0
16	0
8	0
16	0
8	0
8	0
8	0
12	0
12	0
8	0
17	0
17	0
1	0
8	0
8	0
12	0
17	0
6	2
12	6
12	13
12	0
12	0
8	0
8	0
8	0
8	8
3	0
16	0
16	0
16	0
16	0
16	16
6	6
8	0
8	0
8	0
8	0
8	0
8	8
13	13
13	0
1	0
3	0
1	0
1	0
16	0
3	0
3	0
3	0
3	0
16	0
16	0
16	0
1	0
8	0
8	0
8	0
8	0
8	0
8	0
8	0
1	0
3	0
1	0
1	0
1	0
12	0
12	0
8	0
16	0
8	0
3	0
3	0
17	0
16	0
12	0
1	0
16	0
16	0
1	3
16	4
11	11
12	6
12	13
12	0
12	0
12	0
12	0
12	8
1	0
12	2
12	0
12	0
8	0
8	8
13	13
17	0
17	0
17	0
17	8
17	0
17	5
3	6
8	0
8	0
8	0
8	0
8	8
3	0
1	0
16	0
16	0
16	16
13	13
13	0
1	0
1	0
1	0
1	0
16	0
12	0
16	0
16	0
16	0
16	0
16	0
16	0
16	0
1	0
12	0
12	0
12	0
8	0
1	0
1	0
12	0
11	11
17	0
1	4
3	0
3	5
1	0
3	3
1	0
1	0
12	2
12	0
12	0
12	0
12	0
8	0
8	8
3	0
10	0
2	0
2	0
16	0
16	16
13	13
13	0
1	0
1	0
1	0
17	0
1	0
1	0
1	0
1	0
1	0
8	0
8	0
16	0
1	0
1	0
1	0
1	0
16	0
1	0
16	0
16	0
1	0
1	0
16	0
16	0
16	0
16	0
3	0
1	0
1	0
1	0
1	0
1	0
1	0
1	0
8	0
12	0
2	2
6	6
8	0
8	0
8	0
8	0
8	0
8	0
8	0
8	0
8	8
17	0
17	2
17	0
1	0
1	0
17	0
17	0
1	0
8	0
17	3
17	0
17	4
11	11
3	0
3	5
17	3
17	0
17	1
13	13
13	0
17	0
1	0
1	0
17	0
1	0
1	0
16	0
17	0
17	0
17	0
16	0
17	0
16	0
17	0
17	0
17	0
1	0
1	0
1	0
1	0
1	0
16	0
16	0
16	0
16	0
17	0
1	0
17	0
17	0
9	0
9	9
1	0
1	4
2	2
12	13
12	0
12	0
12	12
1	6
8	0
8	0
8	0
8	0
8	0
8	0
8	0
8	8
17	0
1	0
1	16
16	0
16	4
13	13
3	11
17	13
17	11
17	0
17	0
17	3
17	3
17	0
1	16
13	13
13	0
1	0
1	0
16	0
8	0
17	0
17	0
1	0
16	0
16	0
8	0
8	0
17	0
8	0
1	0
1	0
16	0
17	0
17	0
8	0
1	0
1	0
1	0
1	0
1	0
12	0
17	0
12	11
12	0
12	0
12	0
12	16
12	0
4	0
16	3
16	17
13	13
13	0
8	0
8	0
1	0
16	0
16	0
8	0
8	0
8	0
12	0
8	0
1	0
16	0
8	0
8	0
12	0
12	0
16	0
16	0
16	0
16	0
8	0
8	0
8	0
8	0
16	0
8	0
8	0
12	0
16	0
12	0
16	0
8	0
16	0
8	0
8	0
12	0
12	0
12	0
12	0
12	0
16	0
16	0
16	0
16	0
16	0
1	0
8	0
12	0
8	0
12	0
12	0
12	12
12	8
17	0
17	5
17	0
17	0
17	0
17	0
17	0
16	16
5	5
1	0
6	0
1	0
1	11
8	2
17	6
12	0
12	0
12	0
12	12
17	3
12	0
12	0
8	0
8	8
13	13
13	0
8	0
8	0
8	0
1	0
1	0
1	0
1	0
1	0
8	0
1	0
1	0
8	0
8	0
8	0
1	0
1	0
12	0
12	0
12	0
12	0
17	0
17	0
17	0
17	0
17	0
16	0
16	0
3	0
12	0
2	2
9	9
2	0
2	2
9	9
6	4
12	0
12	0
12	12
2	3
1	6
8	0
8	0
8	0
8	0
8	0
8	0
8	0
8	0
8	8
12	0
12	0
12	4
13	13
13	0
1	0
8	0
16	0
12	0
16	0
1	0
1	0
1	0
1	0
8	0
8	0
1	0
1	0
1	0
8	0
8	0
12	0
12	0
8	0
16	0
8	0
16	0
16	0
16	0
16	0
16	0
8	0
1	0
8	0
8	0
1	0
1	0
1	0
8	0
12	0
3	13
1	0
1	0
1	16
1	13
8	0
8	0
8	0
8	0
8	0
8	0
8	8
2	2
12	13
12	0
12	0
12	12
17	6
3	0
2	0
2	0
2	9
1	0
1	0
1	0
1	1
8	0
8	0
8	8
2	2
12	13
12	0
12	0
12	12
16	0
2	0
2	4
2	6
8	0
8	0
8	0
8	0
8	12
17	0
2	5
2	6
12	0
8	0
8	0
8	0
8	12
13	13
13	0
3	0
3	0
8	0
16	0
16	0
16	0
12	0
1	0
1	0
12	0
12	0
12	12
12	0
12	0
12	0
12	16
12	13
12	11
4	0
4	0
4	2
6	6
8	0
8	0
8	0
8	0
8	0
8	0
8	8
13	13
12	0
12	0
12	8
13	13
3	11
12	6
12	13
12	0
12	8
2	0
2	2
8	0
8	0
8	8
1	0
3	0
1	0
16	0
1	16
13	13
13	0
1	0
1	0
1	0
1	0
1	0
12	0
1	0
1	0
1	0
12	0
1	0
12	0
12	0
1	0
1	0
12	0
12	0
12	0
12	3
2	0
2	2
8	0
12	8
17	4
17	0
8	3
17	6
8	0
8	0
8	0
8	0
8	0
8	8
3	0
1	0
16	16
4	0
4	0
4	0
4	0
4	4
1	0
12	0
1	16
13	13
13	0
8	0
1	0
1	0
8	0
16	0
1	0
1	0
1	0
1	0
1	0
16	0
16	0
16	0
16	0
16	0
1	0
1	0
1	0
3	0
16	0
17	0
1	0
8	0
8	0
17	0
17	0
8	0
1	0
12	0
12	0
3	0
5	0
16	0
3	0
3	3
17	4
3	11
1	0
17	11
1	0
1	0
1	0
1	0
1	0
1	16
17	0
17	5
8	0
8	0
12	0
8	0
12	8
17	16
2	0
1	0
16	0
16	0
16	0
16	16
13	13
13	0
1	0
1	0
1	0
8	0
1	0
1	0
1	0
1	0
17	0
17	0
17	0
17	0
1	0
1	0
17	0
17	0
17	0
17	0
1	0
16	0
16	0
1	0
1	0
1	0
1	0
1	0
1	0
1	0
16	0
17	0
11	0
3	3
17	4
3	11
1	0
17	0
17	16
13	13
13	0
1	0
1	0
1	0
16	0
16	0
16	0
16	0
16	0
16	0
1	0
1	0
1	0
16	0
16	0
16	0
1	0
1	0
1	0
1	0
1	0
1	0
1	0
1	0
1	0
16	0
16	0
16	0
16	0
1	0
1	0
1	0
1	0
16	0
16	0
16	0
16	0
16	0
16	0
16	0
16	0
1	0
1	0
1	0
16	0
1	0
1	0
16	0
16	0
1	0
13	0
17	0
17	0
12	0
12	7
13	13
11	6
12	8
16	0
16	0
16	0
16	16
13	13
13	0
1	0
12	0
12	0
16	0
1	0
1	0
1	0
8	0
12	0
12	0
12	0
12	0
8	0
8	0
8	0
8	0
16	0
16	0
16	0
16	0
8	0
17	0
12	0
16	0
16	0
1	0
8	0
1	0
8	0
16	0
12	0
1	0
17	0
17	0
12	0
12	0
12	0
12	0
8	0
8	0
8	0
16	0
16	0
16	0
16	0
1	0
13	0
12	6
12	13
12	0
12	0
1	8
8	0
8	0
8	0
8	4
17	0
17	11
16	0
16	0
2	0
16	0
4	0
16	16
13	13
13	0
1	0
8	0
1	0
16	0
16	0
16	0
1	0
1	0
8	0
8	0
16	0
16	0
1	0
16	0
16	0
16	0
16	0
16	0
16	0
1	0
1	0
1	0
17	0
16	0
16	0
1	0
1	0
1	0
12	0
12	0
12	0
1	0
17	0
8	0
16	0
16	0
16	0
1	0
16	0
16	0
12	0
12	6
12	13
12	0
12	8
17	0
17	0
17	0
17	4
17	0
17	11
1	0
1	0
1	16
13	13
13	0
1	0
1	0
1	0
8	0
17	0
8	0
1	0
8	0
8	0
16	0
16	0
17	0
17	0
17	0
17	0
1	0
1	0
1	0
8	0
1	0
12	0
1	0
16	0
16	0
16	0
8	0
8	0
8	0
1	0
8	0
8	0
12	0
12	0
12	0
16	0
16	0
17	0
17	0
17	0
1	0
1	0
1	0
1	0
8	0
13	0
12	6
12	13
12	0
12	0
12	0
12	8
13	13
17	6
12	13
12	0
12	0
12	0
12	8
16	0
16	0
16	16
17	2
6	6
8	0
1	0
8	8
13	13
13	0
1	0
8	0
1	0
1	0
8	0
8	0
12	0
12	0
12	0
12	0
8	0
16	0
12	0
8	0
16	0
1	0
1	0
8	0
8	0
8	0
8	0
8	0
1	0
1	0
12	0
12	0
12	0
1	0
8	0
1	0
1	0
12	0
12	0
12	0
12	0
16	0
12	0
3	13
1	0
1	0
1	16
1	13
8	0
8	8
12	0
12	0
12	12
17	4
1	0
1	6
8	0
8	8
2	2
2	0
6	6
8	0
8	0
8	0
8	8
2	0
2	2
8	0
8	0
8	0
8	0
8	0
8	8
17	0
2	5
8	0
8	0
8	0
8	0
8	0
8	0
8	8
2	0
2	2
3	2
6	6
8	0
8	0
8	0
8	0
8	0
8	8
13	13
13	0
1	0
16	0
16	0
16	0
16	0
1	0
1	0
1	0
17	0
17	0
17	11
17	4
17	6
17	0
17	0
17	1
17	0
17	5
17	6
17	0
12	0
12	0
12	1
12	0
12	8
13	13
8	0
8	0
8	0
8	0
8	0
8	8
13	13
13	13
13	0
16	0
17	0
17	0
17	0
17	0
17	0
17	0
1	0
17	0
1	0
12	0
1	0
17	0
17	0
17	0
1	0
8	0
8	0
16	0
16	0
16	0
16	0
16	0
17	0
17	0
17	0
17	0
17	0
17	0
17	0
17	0
17	0
1	0
17	0
12	0
3	3
16	0
16	0
17	16
17	6
17	0
12	2
12	0
17	11
17	3
17	3
17	0
12	6
8	0
8	8
13	13
5	6
8	0
8	0
8	0
8	0
8	0
8	0
8	8
17	0
17	5
2	0
2	0
2	0
2	9
8	0
8	8
2	2
2	6
8	0
8	0
8	0
8	8
13	13
8	0
8	0
8	0
8	0
8	8
5	5
8	0
8	0
8	8
17	0
2	5
8	0
8	0
8	0
8	8
13	13
13	13
13	0
1	0
12	0
3	13
1	0
1	0
1	16
8	13
2	0
2	0
16	0
16	0
16	0
16	0
2	1
8	0
8	0
8	0
8	8
2	2
12	0
12	0
12	12
8	17
12	0
12	0
12	12
12	12
12	0
12	0
13	0
12	0
16	0
11	12
13	13
6	6
1	0
8	0
8	0
8	8
2	0
2	2
12	0
1	0
8	0
8	0
8	0
12	0
12	8
1	0
1	0
1	1
8	0
8	0
8	0
8	8
2	0
2	2
8	0
8	0
8	0
13	0
13	0
8	0
8	0
8	8
13	13
1	0
1	16
8	0
8	0
8	0
8	0
8	8
13	13
13	0
1	0
8	0
8	0
8	0
1	0
1	0
1	0
1	0
1	0
8	0
8	0
1	0
1	0
1	0
1	0
1	0
8	0
8	0
8	0
8	0
1	0
1	0
8	0
8	0
8	0
1	0
1	0
1	0
1	0
1	0
8	0
8	0
1	0
1	0
8	0
8	0
8	0
1	0
1	0
1	0
8	0
8	0
8	0
8	0
8	0
1	0
12	0
12	0
12	0
12	0
12	0
8	0
8	0
8	8
12	0
12	0
12	12
4	0
11	4
5	6
8	0
8	0
8	0
8	8
2	0
2	2
8	0
8	0
8	8
2	0
2	2
8	8
12	0
12	0
12	12
13	13
13	0
1	0
1	0
16	0
1	0
1	0
1	0
1	0
16	0
1	0
1	0
8	0
16	0
1	0
1	0
1	0
1	0
1	0
1	0
1	0
1	0
8	0
1	0
1	0
1	0
12	0
1	0
1	0
1	0
1	0
12	0
3	0
2	2
8	0
8	0
8	0
8	8
16	0
16	0
16	0
16	0
16	16
2	0
2	2
6	0
11	11
8	6
8	0
12	0
8	0
8	8
2	2
12	0
12	0
12	12
13	13
1	0
1	0
12	0
1	1
2	0
2	2
8	12
13	13
13	0
8	0
1	0
1	0
1	0
8	0
1	0
8	0
1	0
1	0
8	0
1	0
8	0
1	0
1	0
1	0
1	0
1	0
1	0
3	0
8	0
16	0
1	0
3	0
3	0
8	0
13	0
8	0
8	8
4	0
11	4
12	0
12	0
12	12
13	13
13	0
1	0
1	0
1	0
1	0
1	0
8	0
1	0
1	0
1	0
1	0
8	0
8	0
1	0
1	0
1	0
1	0
1	0
1	0
8	0
8	0
1	0
8	0
1	0
1	0
1	0
8	0
1	0
1	0
1	0
8	0
8	0
8	0
8	0
1	0
1	0
1	0
1	0
8	0
8	0
8	0
1	0
8	0
8	0
8	0
8	0
1	0
1	0
1	0
1	0
1	0
13	0
12	6
8	0
8	0
8	0
8	8
2	4
9	9
9	0
8	0
8	0
8	0
8	0
8	0
8	0
8	0
8	0
8	8
13	13
11	0
11	4
9	0
1	0
9	9
8	8
1	0
17	1
5	5
6	4
9	0
1	0
9	0
9	9
8	0
8	0
8	0
8	0
8	0
8	8
13	13
8	0
8	8
9	9
13	13
13	13
13	0
16	0
16	0
1	0
8	0
8	0
8	0
8	0
8	0
1	0
8	0
8	0
1	0
1	0
8	0
12	0
1	13
1	0
1	0
1	16
1	13
1	0
8	0
8	0
8	0
8	0
8	0
8	0
8	0
8	0
1	8
8	0
8	0
8	0
8	8
12	0
12	0
12	12
12	0
12	0
12	0
8	8
2	0
2	2
8	0
8	0
8	0
8	8
12	0
12	0
12	12
12	0
8	8
8	0
8	8
2	2
2	6
8	0
8	0
8	0
8	8
12	0
12	0
12	0
12	0
8	0
8	8
13	13
9	0
1	1
8	0
8	8
13	13
13	0
1	0
13	0
9	9
13	13
8	0
8	0
8	8
2	2
12	8
12	0
12	0
12	12
9	0
17	0
9	0
9	9
9	0
1	0
9	9
8	0
8	0
8	0
8	0
8	0
8	12
9	0
9	9
9	0
1	0
9	9
8	0
8	8
9	0
9	9
9	0
1	0
9	9
8	0
8	0
8	0
8	12
9	0
9	9
9	0
1	0
9	9
17	12
9	0
9	0
9	9
9	0
1	0
9	9
8	0
8	0
8	0
8	0
8	12
9	0
9	9
13	0
12	0
8	8
12	0
12	0
12	12
12	0
12	0
8	0
12	8
2	0
16	2
12	0
12	0
12	0
12	12
8	0
8	0
8	0
8	8
2	0
2	2
8	8
12	0
12	0
12	12
8	8
16	0
11	2
2	0
6	6
1	0
1	0
1	0
1	1
12	0
12	0
12	12
13	13
11	0
11	6
1	0
1	0
1	0
1	1
8	0
8	0
8	0
8	0
8	0
13	0
17	0
17	0
17	0
17	0
17	0
17	8
12	0
17	16
3	0
13	0
13	0
8	0
8	0
8	8
13	13
1	0
1	16
1	1
8	0
8	0
8	0
8	0
8	0
8	0
8	8
13	13
13	0
1	0
1	0
1	0
1	0
8	0
8	0
1	0
1	0
1	0
1	0
1	0
1	0
1	0
8	0
8	0
8	0
8	0
8	0
8	0
8	0
8	0
8	0
8	0
1	0
1	0
8	0
8	0
1	0
1	0
1	0
1	0
8	0
8	0
1	0
1	0
1	0
1	0
1	0
8	0
8	0
8	0
8	0
8	0
12	0
3	6
1	0
1	0
1	0
1	0
16	1
8	0
8	8
2	0
4	0
2	4
13	13
13	0
8	0
8	0
8	0
8	0
8	0
8	0
1	0
8	0
8	0
16	0
1	0
16	0
16	0
16	0
1	0
8	0
16	0
16	0
2	0
8	0
8	0
8	0
1	0
16	0
8	0
1	0
1	0
8	0
8	0
8	0
16	0
16	0
1	0
1	0
1	0
1	0
1	0
1	0
1	0
8	0
8	0
2	0
16	0
3	0
8	0
1	0
8	0
13	13
12	0
12	0
8	0
8	0
13	0
6	0
1	0
1	0
1	0
13	0
16	0
16	0
16	12
13	13
8	0
12	0
12	0
12	12
8	8
8	8
17	0
8	0
8	0
8	0
8	0
8	8
8	0
8	0
8	8
2	0
2	2
8	0
8	0
8	0
8	0
8	8
8	0
8	0
8	0
8	0
8	12
8	0
8	0
8	0
8	0
8	0
8	0
8	8
8	0
12	0
12	0
12	12
8	8
12	8
12	0
12	0
12	0
13	0
8	0
9	9
13	13
8	8
13	13
13	0
8	0
1	0
1	0
8	0
8	0
8	0
8	0
8	0
8	0
8	0
8	0
8	0
8	0
8	0
8	0
8	0
1	0
8	0
8	0
8	0
8	0
8	0
1	0
1	0
8	0
8	0
8	0
8	0
8	0
8	0
8	0
8	0
8	0
8	0
8	0
8	0
8	0
1	0
8	0
8	0
8	0
8	0
8	0
1	0
8	0
8	0
8	0
8	0
8	0
1	0
8	0
8	0
8	0
8	0
13	0
9	9
13	13
8	8
9	9
13	13
8	0
8	0
8	0
8	0
8	8
9	0
13	0
9	9
8	0
8	8
8	0
12	8
8	0
8	0
8	8
2	2
2	6
8	0
8	0
8	0
8	0
8	0
8	0
8	8
8	0
8	0
8	0
8	0
8	0
8	0
8	8
9	9
13	13
8	8
9	9
13	13
12	0
12	8
9	9
13	13
8	8
9	9
13	13
8	0
8	0
8	0
8	0
8	8
13	13
13	0
8	0
8	0
1	0
8	0
12	0
1	0
12	0
12	0
8	0
8	0
8	0
2	8
8	0
8	0
8	0
8	0
8	0
8	0
8	0
8	0
8	8
17	17
9	9
8	0
8	0
8	0
8	0
8	8
17	17
9	9
8	0
8	0
8	8
17	17
9	9
1	0
1	0
1	0
1	0
1	0
1	0
1	1
8	0
8	0
8	0
8	0
8	0
8	0
8	8
17	17
9	9
8	0
8	0
8	8
17	17
9	9
1	0
1	1
8	0
8	0
8	0
8	8
8	13
13	0
12	0
17	0
16	0
16	0
16	16
4	0
11	4
16	0
17	11
12	0
11	2
6	6
12	0
8	0
8	0
8	0
13	0
1	0
1	0
1	0
1	0
13	0
12	0
1	0
8	12
5	5
6	6
8	0
8	0
13	0
1	0
1	0
1	0
1	0
8	0
13	0
16	0
16	0
16	12
3	11
6	11
1	0
2	2
8	0
8	0
8	8
9	9
1	0
1	0
1	0
1	16
1	0
3	4
13	13
13	0
16	0
16	0
1	0
1	0
1	0
12	0
3	0
11	0
11	11
16	0
16	0
16	0
16	16
2	6
12	0
12	0
8	0
8	0
8	0
8	0
8	0
8	8
2	2
8	0
8	0
8	0
8	12
2	0
2	2
8	0
8	12
13	13
5	5
3	0
11	0
6	6
8	0
8	0
8	0
8	8
13	13
13	0
1	0
1	0
1	0
8	0
3	0
3	0
3	0
1	0
8	0
8	0
16	0
16	0
3	0
3	0
1	0
8	0
3	0
1	0
1	0
1	0
1	0
1	0
8	0
12	0
5	6
8	0
8	8
2	0
2	2
6	6
8	0
8	0
8	0
8	0
12	0
8	0
8	12
12	6
12	0
12	0
12	0
8	0
13	0
6	0
1	0
1	0
12	0
13	0
12	0
16	0
16	12
4	0
11	4
3	0
2	0
2	2
9	9
8	6
8	0
8	0
8	0
8	0
8	0
8	0
8	8
2	2
2	6
9	9
1	0
1	0
1	0
1	0
1	1
8	0
8	0
13	0
1	0
1	0
1	0
1	0
1	0
1	0
13	0
12	0
14	0
9	0
2	2
6	6
8	0
8	0
8	0
8	0
8	0
8	8
2	2
2	0
6	0
6	6
8	0
8	0
8	0
8	0
8	0
8	0
8	0
8	8
9	9
16	0
16	0
16	0
16	16
12	6
12	0
12	12
5	6
8	0
8	0
8	0
8	8
2	0
2	0
2	0
1	0
1	2
8	0
8	12
5	5
8	0
8	0
8	0
8	0
8	0
8	12
13	13
13	0
1	0
1	0
8	0
8	0
16	0
2	0
1	0
1	0
12	0
9	9
17	0
4	4
12	6
12	0
12	0
12	0
12	12
12	6
12	0
12	0
12	0
8	0
8	8
2	0
2	0
2	2
11	0
11	6
8	0
8	8
2	2
3	0
9	0
9	9
8	0
8	0
8	0
8	8
2	0
2	2
8	0
8	0
8	12
3	0
2	0
2	0
1	0
1	2
12	0
8	0
12	12
5	5
8	0
12	0
8	0
8	12
13	13
2	0
2	2
9	0
1	1
8	0
8	8
3	0
3	4
1	3
8	0
13	0
12	0
14	0
14	2
1	0
1	0
1	0
1	1
8	0
8	0
8	8
17	0
4	4
12	6
12	0
12	0
12	0
8	12
2	3
2	6
8	0
8	0
8	0
8	8
2	0
2	0
2	2
9	9
8	0
8	0
8	0
8	8
2	2
6	6
8	0
8	8
12	0
12	0
8	12
3	2
8	0
8	0
8	12
16	0
16	16
13	13
13	0
1	0
14	0
1	0
3	0
16	0
1	0
1	0
1	0
16	0
16	0
16	0
16	0
16	0
1	0
12	0
3	0
3	0
3	3
14	0
2	0
2	4
12	6
1	1
8	0
8	0
8	0
8	0
8	0
8	8
12	0
12	0
12	12
2	2
2	0
2	6
8	0
8	0
8	0
8	0
8	0
8	0
8	0
8	8
2	0
2	6
9	0
1	1
8	0
8	0
8	0
8	8
9	9
16	0
11	0
1	0
3	16
1	0
1	0
16	16
13	13
14	0
2	11
12	0
12	4
16	0
11	11
2	0
3	5
11	0
2	2
5	6
8	0
8	0
13	0
12	0
12	6
12	0
12	0
8	8
17	0
2	2
12	0
12	0
12	12
4	0
4	4
4	0
2	2
8	0
8	0
8	0
8	0
8	0
8	8
2	0
2	2
17	6
8	0
13	0
12	0
12	0
8	12
13	13
13	0
8	0
8	0
1	0
1	0
1	0
1	0
1	0
1	0
8	0
1	0
1	0
1	0
1	0
1	0
8	0
8	0
12	0
1	0
12	0
8	0
8	0
8	0
17	0
1	0
8	0
8	0
8	0
4	0
1	0
1	0
12	0
1	13
1	0
1	0
1	16
1	13
12	0
12	0
12	8
17	0
8	0
8	0
8	8
12	0
8	0
8	0
12	0
12	0
12	8
9	0
1	0
9	9
8	0
8	8
17	0
12	3
8	0
8	0
8	0
8	0
8	8
9	0
1	0
9	9
8	0
8	8
8	0
8	0
12	0
12	8
9	9
8	0
8	8
8	0
8	0
8	0
8	0
8	0
8	0
8	0
8	8
9	0
9	0
8	0
9	9
8	0
8	8
8	0
8	0
13	0
12	0
1	0
8	0
8	0
13	0
1	0
8	12
5	5
8	0
8	0
8	0
8	12
2	0
2	2
6	6
8	0
8	0
8	12
4	2
8	0
12	0
8	0
8	12
2	0
2	2
12	0
12	0
8	0
8	12
5	5
3	2
3	0
11	3
4	2
8	0
8	0
8	0
8	0
8	12
2	0
2	2
8	0
8	12
13	13
13	0
1	0
1	0
1	0
1	0
1	0
8	0
1	0
8	0
8	0
1	0
1	0
8	0
1	0
1	0
1	0
12	0
2	0
2	2
12	0
12	0
8	0
12	0
1	0
8	0
8	12
2	2
8	0
8	0
8	0
8	12
3	0
3	0
12	0
16	0
16	0
16	16
12	6
12	0
12	0
12	8
13	13
11	0
11	0
16	0
16	3
3	0
6	0
6	2
8	0
8	0
8	8
2	2
2	6
8	0
8	0
8	8
13	13
16	0
3	0
11	0
16	0
16	0
1	16
2	3
12	6
12	0
12	0
8	8
17	0
3	0
3	3
2	2
3	0
2	2
13	0
3	0
2	2
2	0
11	3
3	0
16	0
1	0
16	16
11	0
11	11
3	3
2	2
6	6
8	0
8	0
8	0
8	8
1	0
1	0
1	1
1	0
2	0
1	0
1	0
1	0
1	0
3	3
2	0
2	2
6	6
8	0
8	8
12	0
12	0
8	12
5	5
12	0
12	0
12	12
13	13
13	0
3	0
3	0
1	0
8	0
1	0
1	0
1	0
1	0
8	0
1	0
1	0
16	0
16	0
12	0
12	0
8	0
1	0
1	0
1	0
12	0
3	0
2	2
2	0
2	6
8	8
2	2
12	0
12	0
12	12
16	0
16	0
16	0
16	16
17	0
12	11
12	6
8	0
8	0
8	0
8	8
5	5
16	0
16	0
16	0
16	16
11	0
11	0
3	3
2	2
8	0
8	0
8	3
2	0
2	2
2	0
6	6
1	0
3	0
1	0
1	0
1	1
8	8
3	0
2	2
6	6
1	0
1	1
8	0
8	0
8	8
2	2
2	6
8	0
8	0
8	8
13	13
13	0
1	0
17	0
12	0
2	0
2	0
14	0
14	3
16	0
9	11
1	0
1	0
3	3
2	6
8	0
8	0
8	0
8	8
16	0
1	0
1	0
16	16
4	0
4	4
1	0
16	0
16	16
17	0
12	11
12	6
8	0
8	0
8	8
8	0
8	0
8	0
8	12
13	13
11	11
11	0
11	4
3	2
12	6
12	0
12	0
8	8
2	2
2	6
12	0
12	0
12	12
5	5
4	4
3	0
1	3
2	0
2	2
11	0
11	11
2	2
12	0
12	0
13	0
13	0
1	0
6	0
1	2
1	0
1	0
1	1
8	0
8	0
8	0
8	8
2	0
2	2
2	0
3	6
1	1
1	0
1	0
1	1
8	0
8	0
8	0
8	8
2	0
16	0
16	16
3	0
9	11
1	0
8	0
8	0
8	12
13	13
13	0
1	0
1	0
1	0
1	0
1	0
1	0
1	0
8	0
8	0
8	0
1	0
8	0
8	0
3	0
1	0
8	0
8	0
8	0
1	0
8	0
8	0
8	0
8	0
8	0
2	0
1	0
3	0
3	0
3	0
3	3
1	0
2	2
6	6
1	0
1	1
8	0
8	0
8	8
3	0
16	0
16	0
14	16
4	0
11	4
6	6
1	0
3	0
1	0
1	1
8	8
8	0
12	12
3	11
2	3
3	3
3	0
2	2
8	0
8	0
8	0
8	12
16	0
16	0
16	0
16	16
13	13
13	0
1	0
1	0
1	0
1	0
1	0
8	0
1	0
1	0
1	0
1	0
1	0
1	0
1	0
1	0
1	0
1	0
1	0
16	0
16	0
12	0
3	0
2	2
6	0
6	6
8	8
16	0
16	0
16	0
16	16
12	6
17	0
12	0
17	0
3	1
8	0
13	0
1	0
1	0
1	8
2	0
14	14
3	0
11	11
3	0
11	3
17	6
8	8
8	0
8	0
8	0
13	0
11	0
12	12
5	5
3	0
3	0
3	3
17	6
12	0
12	0
12	0
8	0
8	8
2	0
2	2
8	0
8	0
8	12
2	0
16	0
16	16
13	13
13	0
3	0
3	0
3	0
1	0
17	0
1	0
12	0
2	2
17	0
6	3
3	0
1	0
12	0
16	0
16	0
16	16
12	6
12	0
12	0
12	8
13	13
3	0
3	0
3	3
6	6
8	0
8	0
8	0
8	8
16	0
1	0
1	16
13	13
2	0
2	2
12	6
12	8
12	0
12	0
8	0
8	12
13	13
12	0
12	0
8	0
8	0
12	12
12	0
12	12
5	5
12	0
12	0
12	0
12	12
5	5
3	0
1	0
1	1
9	9
8	0
13	0
1	0
1	0
1	8
2	0
13	0
3	0
3	0
2	2
6	0
1	6
1	0
13	0
1	0
1	0
1	8
16	0
16	0
16	16
3	0
11	11
6	6
8	8
8	0
8	0
8	12
3	11
2	3
1	6
12	0
12	8
2	0
2	2
8	0
8	8
12	0
11	4
13	13
13	0
1	0
1	0
1	0
1	0
1	0
1	0
1	0
1	0
1	0
1	0
1	0
1	0
1	0
3	0
1	0
1	0
1	0
1	0
1	0
8	0
8	0
8	0
8	0
8	0
16	0
16	0
3	0
12	0
3	0
2	2
12	0
12	0
8	0
8	12
2	0
2	6
8	0
8	0
8	8
2	2
2	6
8	0
8	0
8	8
5	5
2	0
2	6
8	0
8	8
2	2
2	6
8	8
4	0
11	4
6	6
1	0
3	0
1	0
1	0
1	1
3	8
1	6
8	0
8	12
13	13
3	0
1	0
1	1
2	0
2	2
11	0
2	6
8	0
8	0
8	0
8	0
8	12
5	5
6	6
8	0
8	0
8	0
8	0
8	0
8	0
8	12
13	0
12	0
3	0
2	2
6	0
6	6
8	0
8	0
8	0
8	8
2	2
2	6
8	0
8	0
8	0
8	12
13	13
14	0
14	6
8	8
2	0
2	2
12	0
12	0
8	0
8	12
5	5
3	0
9	9
3	0
1	0
1	1
1	0
1	1
8	0
8	8
2	0
16	0
16	16
4	0
11	11
6	6
8	0
8	8
12	0
12	0
12	0
8	12
12	8
13	13
2	2
5	0
6	3
4	0
11	4
12	6
12	0
12	0
12	8
2	0
13	0
12	0
12	0
12	11
12	0
16	0
1	0
16	0
16	0
16	16
11	0
2	2
6	6
8	8
3	0
3	0
1	0
1	0
1	2
8	0
8	0
8	0
8	12
5	5
8	0
8	12
13	13
16	0
16	16
6	0
6	3
8	0
1	2
8	0
8	0
8	0
8	0
8	0
8	0
8	8
3	0
3	0
3	3
3	10
2	6
8	0
8	0
8	8
8	0
8	0
12	0
8	0
8	0
8	12
1	2
1	0
2	0
2	0
1	0
1	0
13	0
12	0
3	0
2	2
2	0
2	6
8	8
2	2
12	0
8	12
12	0
12	12
3	0
16	0
16	16
17	0
12	11
12	6
12	0
12	0
13	0
3	0
1	0
1	12
2	2
12	0
8	12
13	13
13	0
1	0
1	0
16	0
8	0
16	0
3	0
17	0
17	0
12	0
1	0
1	0
8	0
8	0
12	0
17	0
8	0
1	0
12	0
8	0
3	0
8	0
8	0
8	0
1	0
8	0
1	0
1	0
1	0
16	0
16	0
16	0
17	0
12	0
1	13
1	0
1	0
1	16
1	13
1	0
1	0
1	0
1	0
1	0
1	0
1	1
12	0
8	0
8	0
8	0
8	0
8	0
8	8
12	6
12	13
8	0
8	0
8	0
8	0
12	8
4	0
11	4
3	0
1	0
3	3
3	3
3	0
1	0
9	0
1	0
3	3
1	0
1	0
1	0
1	1
13	13
14	0
11	0
14	14
4	0
2	6
8	0
8	0
8	0
8	8
1	0
1	0
1	0
1	0
1	0
3	3
12	0
13	0
12	0
1	0
17	2
17	0
12	6
1	0
1	0
1	1
8	0
8	0
8	0
8	0
8	0
8	8
13	13
1	0
1	0
1	16
8	0
8	12
17	0
17	2
8	0
8	0
8	0
8	8
9	0
1	1
8	0
8	0
8	0
8	0
8	0
8	0
8	8
9	9
13	13
4	0
11	4
12	0
11	6
2	0
2	0
1	0
1	0
1	0
1	0
1	0
1	0
3	1
8	0
12	0
12	0
12	0
12	8
2	0
2	0
2	0
2	0
13	0
12	0
1	1
8	0
8	0
8	0
8	0
8	8
17	0
17	0
17	0
17	0
17	16
17	0
17	2
17	0
12	6
1	0
1	0
1	1
8	0
8	0
8	0
8	0
8	8
17	2
17	0
12	6
12	0
12	0
12	0
8	12
4	0
17	0
17	0
16	0
1	0
16	1
17	0
17	16
17	0
17	4
13	13
13	0
1	0
1	0
1	0
1	0
1	0
1	0
1	0
17	0
17	0
17	0
17	0
17	0
17	0
17	0
17	0
17	0
1	0
13	0
1	13
1	0
1	0
1	16
1	13
8	0
8	0
8	8
16	17
12	12
12	0
12	0
12	0
12	0
12	0
12	12
13	13
12	0
12	0
12	0
12	12
12	0
12	0
12	0
12	0
12	12
13	13
13	0
12	0
16	0
16	0
12	0
12	0
12	0
8	0
16	0
16	0
16	0
8	0
12	0
12	0
16	0
8	0
12	0
12	0
12	0
1	0
1	0
1	0
1	0
1	0
1	0
8	0
16	0
16	0
16	0
12	0
12	0
12	0
13	0
1	0
8	0
8	0
8	0
13	0
6	0
1	0
17	0
12	0
13	0
12	0
1	0
12	12
13	13
13	0
8	0
8	0
8	0
16	0
1	0
1	0
1	0
8	0
8	0
8	0
1	0
1	0
1	0
1	0
8	0
8	0
8	0
8	0
8	0
8	0
8	0
8	0
8	0
16	0
1	0
1	0
1	0
1	0
8	0
1	0
1	0
1	0
1	0
8	0
8	0
8	0
1	0
1	0
1	0
8	0
8	0
8	0
8	0
8	0
12	0
2	2
2	0
6	6
8	0
8	0
8	0
8	0
8	0
8	8
3	0
2	2
8	0
8	0
12	0
16	0
8	8
13	13
13	0
8	0
8	0
8	0
8	0
8	0
8	0
8	0
1	0
1	0
1	0
1	0
8	0
16	0
8	0
8	0
8	0
8	0
8	0
8	0
8	0
8	0
8	0
1	0
8	0
8	0
8	0
8	0
8	0
8	0
8	0
1	0
1	0
1	0
1	0
1	0
8	0
8	0
16	0
1	0
8	0
8	0
13	0
8	0
12	0
12	0
12	12
8	0
8	8
5	17
8	0
8	8
13	13
9	0
9	0
9	9
8	0
8	0
8	12
13	13
9	0
13	9
11	0
12	0
12	17
9	0
9	0
9	0
9	0
9	0
9	0
9	0
9	0
9	9
8	17
12	0
12	12
12	0
12	12
13	13
13	0
12	0
8	0
12	0
12	0
12	0
12	0
12	0
12	0
12	0
12	0
12	0
12	0
8	0
12	0
8	0
8	0
8	0
8	0
17	0
8	0
8	0
13	0
13	13
8	0
8	0
8	8
13	13
13	0
1	0
1	0
8	0
8	0
8	0
8	0
1	0
1	0
8	0
8	0
8	0
8	0
8	0
1	0
1	0
1	0
8	0
8	0
8	0
8	0
1	0
1	0
8	0
8	0
8	0
8	0
1	0
1	0
1	0
8	0
8	0
8	0
8	0
1	0
1	0
1	0
1	0
8	0
8	0
1	0
1	0
1	0
8	0
8	0
8	0
8	0
1	0
1	0
8	0
8	0
8	0
1	0
1	0
12	0
13	0
14	14
12	12
2	0
11	0
11	6
8	0
8	8
1	0
16	0
16	0
16	16
13	13
13	0
1	0
16	0
16	0
16	0
16	0
1	0
8	0
8	0
16	0
2	0
3	0
2	0
3	0
8	0
8	0
1	0
1	0
16	0
16	0
16	0
16	0
16	0
16	0
16	0
16	0
8	0
8	0
8	0
8	0
16	0
16	0
16	0
16	0
16	0
3	0
16	0
16	0
8	0
8	0
8	0
1	0
1	0
16	0
16	0
16	0
13	0
13	13
8	0
8	12
13	13
8	0
8	0
8	0
8	8
12	0
1	2
8	0
8	0
8	0
8	8
13	13
16	0
2	2
9	0
1	1
8	8
9	9
13	13
8	0
12	0
12	8
9	9
13	13
13	0
8	0
1	0
1	0
1	0
8	0
8	0
8	0
16	0
16	0
8	0
8	0
1	0
8	0
16	0
16	0
16	0
8	0
8	0
8	0
8	0
8	0
8	0
1	0
8	0
8	0
8	0
1	0
1	0
1	0
8	0
8	0
12	0
1	13
17	0
1	0
1	16
1	13
1	0
1	1
8	0
8	0
8	0
8	8
1	17
8	0
12	0
12	0
8	12
8	8
12	8
5	5
12	0
12	0
12	0
8	0
13	0
6	0
3	0
1	0
1	0
13	0
16	0
16	0
16	12
1	17
12	0
12	0
12	8
12	0
12	6
8	8
2	0
16	0
16	16
17	0
11	2
11	0
1	6
1	0
1	0
1	0
1	1
8	0
8	0
8	0
8	0
8	0
8	8
2	0
2	2
13	0
12	0
1	6
8	0
8	8
8	0
2	2
6	6
8	0
8	0
8	8
16	0
2	5
8	0
8	0
8	8
4	0
11	4
12	12
12	10
8	0
8	8
13	13
13	0
1	0
1	0
1	0
1	0
1	0
16	0
16	0
16	0
16	0
16	0
1	0
16	0
16	0
16	0
1	0
1	0
1	0
1	0
1	0
16	0
1	0
16	0
1	0
1	0
1	0
16	0
8	0
16	0
16	0
1	0
16	0
16	0
16	0
16	0
16	0
1	0
16	0
13	0
12	12
13	13
8	0
8	0
8	0
8	8
13	13
16	0
11	2
2	0
6	6
1	0
1	0
1	0
1	1
8	0
8	0
12	12
13	13
11	0
6	6
1	0
1	0
1	0
1	1
8	0
8	0
8	0
8	0
8	0
13	0
1	0
12	0
17	0
17	0
17	0
17	8
12	0
17	16
4	0
10	0
2	2
13	13
13	0
1	0
1	0
16	0
16	0
1	0
1	0
8	0
16	0
16	0
16	0
16	0
16	0
1	0
1	0
1	0
13	0
8	0
8	0
8	8
13	13
1	0
1	16
1	1
8	0
8	0
8	0
8	0
8	0
8	0
8	8
13	13
13	0
1	0
1	0
1	0
1	0
8	0
8	0
1	0
1	0
1	0
1	0
1	0
1	0
1	0
8	0
8	0
8	0
8	0
8	0
8	0
8	0
8	0
8	0
8	0
1	0
1	0
8	0
8	0
1	0
1	0
1	0
1	0
8	0
8	0
1	0
1	0
1	0
1	0
1	0
8	0
8	0
8	0
8	0
8	0
12	0
3	6
1	0
1	0
1	0
1	0
16	1
8	0
8	8
2	0
4	0
2	4
13	13
13	0
8	0
8	0
8	0
8	0
8	0
8	0
1	0
8	0
8	0
16	0
1	0
16	0
16	0
16	0
1	0
8	0
16	0
16	0
2	0
8	0
8	0
8	0
1	0
16	0
8	0
1	0
1	0
8	0
8	0
8	0
16	0
16	0
1	0
1	0
1	0
1	0
1	0
1	0
1	0
8	0
8	0
2	0
16	0
3	0
8	0
1	0
13	0
12	13
8	0
8	0
8	0
8	8
12	0
12	12
13	13
12	0
12	0
12	12
13	13
13	13
8	0
8	0
8	0
8	0
8	8
13	13
13	0
1	0
1	0
8	0
8	0
8	0
8	0
1	0
1	0
8	0
12	0
12	0
12	0
16	0
1	0
1	0
8	0
8	0
8	0
8	0
1	0
1	0
1	0
1	0
8	0
8	0
8	0
1	0
1	0
8	0
8	0
1	0
1	0
16	0
8	0
12	0
12	0
12	0
16	0
1	0
12	0
12	0
12	0
12	0
8	0
8	0
8	0
1	8
12	0
8	12
4	0
11	4
3	0
2	6
8	0
8	0
8	0
8	8
2	0
2	2
12	0
8	0
8	8
2	0
2	2
8	8
12	0
12	0
12	12
13	13
13	0
1	0
1	0
1	0
1	0
1	0
1	0
1	0
16	0
1	0
1	0
8	0
1	0
8	0
1	0
1	0
1	0
1	0
16	0
1	0
1	0
8	0
1	0
1	0
8	0
16	0
16	0
16	0
1	0
1	0
13	0
8	0
8	8
4	0
11	4
8	0
8	12
13	13
6	6
3	0
1	0
1	0
1	0
1	1
8	0
8	8
4	0
11	4
8	0
8	0
8	12
13	13
13	0
1	0
1	0
1	0
1	0
1	0
1	0
1	0
1	0
1	0
1	0
1	0
1	0
1	0
8	0
16	0
1	0
1	0
1	0
1	0
1	0
1	0
1	0
1	0
1	0
1	0
16	0
16	0
1	0
1	0
8	0
8	0
1	0
1	0
1	0
1	0
1	0
1	0
17	0
12	6
8	0
8	0
8	0
8	8
2	4
9	9
8	0
8	0
8	0
8	0
8	0
8	0
8	0
8	0
8	0
8	8
13	13
11	0
11	4
9	0
9	0
1	0
9	9
8	8
17	0
17	1
16	5
17	4
9	0
9	0
8	0
9	0
9	9
8	0
8	0
8	0
8	0
8	0
8	8
13	13
8	0
8	8
9	9
13	13
13	13
13	0
1	0
16	0
8	0
8	0
17	0
1	0
8	0
8	0
8	0
1	0
8	0
1	0
12	0
3	13
1	0
1	0
1	16
1	13
12	0
8	0
8	0
8	0
8	0
8	0
8	0
8	0
8	0
1	8
8	0
8	0
8	0
8	8
12	0
12	12
12	0
12	0
8	0
8	8
2	0
2	2
8	0
8	0
8	0
8	8
12	0
12	12
12	0
8	8
8	0
8	8
2	2
2	6
8	0
8	0
8	0
12	8
12	0
12	0
12	0
12	0
8	0
8	8
13	13
9	0
1	1
8	0
8	8
13	13
13	0
1	0
1	0
8	0
13	0
9	9
13	13
8	0
8	0
12	8
2	2
12	8
12	0
8	12
9	0
17	0
9	0
9	9
9	0
1	0
9	9
8	13
1	0
1	0
1	16
1	13
8	0
8	0
8	0
8	8
13	13
17	0
17	0
17	17
13	13
13	13
13	0
8	0
8	0
1	0
17	0
12	0
8	0
1	0
1	0
1	0
1	0
8	0
8	0
1	0
1	0
1	0
1	0
16	0
8	0
8	0
1	0
1	0
12	0
8	0
17	0
17	0
17	0
17	0
12	0
8	0
8	0
8	0
8	8
12	0
8	12
16	0
1	0
1	1
8	0
8	0
8	0
8	0
8	0
8	0
8	8
2	0
2	2
8	8
8	0
8	0
8	0
8	8
2	0
2	2
8	8
12	0
12	0
12	12
8	0
8	0
8	0
8	8
2	0
2	2
8	8
12	0
12	0
12	12
12	12
12	12
16	0
11	2
2	0
6	6
1	0
1	0
1	0
1	1
8	0
8	0
12	12
13	13
11	0
11	6
1	0
1	0
1	0
13	0
13	0
8	0
8	0
8	8
13	13
1	0
1	16
1	1
8	0
8	0
8	0
8	0
8	0
8	0
8	8
13	13
13	0
1	0
1	0
1	0
1	0
8	0
8	0
1	0
1	0
1	0
1	0
1	0
1	0
1	0
8	0
8	0
8	0
8	0
8	0
8	0
8	0
8	0
8	0
8	0
1	0
1	0
8	0
8	0
1	0
1	0
1	0
1	0
8	0
8	0
1	0
1	0
1	0
1	0
1	0
8	0
8	0
8	0
8	0
8	0
12	0
3	6
1	0
1	0
1	0
1	0
16	1
8	0
8	8
2	0
4	0
2	4
13	13
13	0
8	0
8	0
8	0
8	0
8	0
8	0
1	0
8	0
8	0
16	0
1	0
16	0
16	0
16	0
1	0
8	0
16	0
16	0
2	0
8	0
8	0
8	0
1	0
16	0
8	0
1	0
1	0
8	0
8	0
8	0
16	0
16	0
1	0
1	0
1	0
1	0
1	0
1	0
1	0
8	0
8	0
2	0
16	0
3	0
8	0
1	0
13	0
12	13
1	0
1	12
8	12
13	13
8	0
8	8
8	0
8	0
8	0
8	8
12	8
13	13
13	0
1	0
1	0
16	0
8	0
16	0
16	0
16	0
16	0
1	0
16	0
16	0
16	0
16	0
16	0
16	0
1	0
16	0
12	0
12	0
8	0
1	0
1	0
16	0
16	0
8	0
8	0
16	0
1	0
16	0
8	0
16	0
16	0
1	0
1	0
1	0
1	0
16	0
16	0
16	0
8	0
1	0
16	0
16	0
8	0
8	0
13	0
12	0
12	0
12	12
8	0
12	0
8	0
8	8
13	13
13	0
8	0
1	0
1	0
8	0
8	0
1	0
1	0
1	0
12	0
12	0
8	0
8	0
8	0
1	0
1	0
12	0
8	0
8	0
8	0
8	0
8	0
8	0
8	0
8	0
8	0
8	0
1	0
1	0
12	0
8	0
8	0
8	0
8	0
8	0
1	0
1	0
1	0
1	0
12	0
1	0
1	0
1	0
8	0
8	0
8	0
8	0
1	0
1	0
1	0
1	0
13	0
1	0
1	12
8	0
8	0
8	8
13	13
13	0
1	0
8	0
8	0
8	0
1	0
1	0
1	0
1	0
8	0
8	0
8	0
8	0
1	0
1	0
1	0
8	0
8	0
8	0
8	0
8	0
8	0
1	0
8	0
8	0
8	0
1	0
1	0
1	0
8	0
8	0
8	0
8	0
8	0
1	0
1	0
1	0
8	0
8	0
1	0
1	0
1	0
8	0
8	0
8	0
8	0
1	0
1	0
1	0
8	0
8	0
1	0
1	0
13	0
9	0
9	9
8	0
8	0
8	0
8	8
8	0
8	8
13	13
13	0
8	0
8	0
8	0
8	0
8	0
8	0
1	0
8	0
8	0
8	0
8	0
8	0
8	0
8	0
8	0
8	0
8	0
8	0
8	0
8	0
8	0
1	0
8	0
8	0
8	0
8	0
8	0
8	0
1	0
8	0
8	0
8	0
8	0
8	0
8	0
8	0
1	0
1	0
8	0
8	0
1	0
8	0
8	0
8	0
8	0
8	0
8	0
8	0
8	0
13	0
9	0
9	9
8	0
8	0
8	8
13	13
13	0
1	0
1	0
8	0
8	0
8	0
8	0
1	0
1	0
1	0
8	0
8	0
8	0
8	0
8	0
1	0
1	0
8	0
8	0
8	0
8	0
8	0
1	0
1	0
8	0
8	0
8	0
8	0
1	0
1	0
8	0
8	0
8	0
8	0
8	0
1	0
1	0
1	0
8	0
8	0
8	0
1	0
1	0
8	0
8	0
8	0
8	0
1	0
1	0
8	0
8	0
16	0
8	0
13	0
9	0
1	0
9	9
8	8
8	0
12	0
8	0
8	0
8	8
13	13
13	0
1	0
9	0
8	0
8	0
8	0
8	0
1	0
8	0
8	0
8	0
8	0
8	0
8	0
1	0
1	0
8	0
8	0
8	0
8	0
8	0
8	0
8	0
8	0
17	0
8	0
8	0
1	0
1	0
8	0
8	0
8	0
8	0
8	0
8	0
8	0
17	0
17	0
8	0
8	0
1	0
8	0
8	0
8	0
8	0
8	0
8	0
8	0
8	0
13	0
9	0
1	0
9	0
9	9
13	13
9	0
1	1
8	0
8	0
8	0
8	8
9	9
13	13
8	17
13	13
13	0
1	0
8	0
1	0
8	0
8	0
8	0
8	0
8	0
1	0
8	0
1	0
8	0
1	0
8	0
8	0
8	0
1	0
8	0
16	0
12	0
8	0
1	0
8	0
1	0
8	0
8	0
8	0
8	0
8	0
8	0
9	0
17	0
8	0
8	0
8	0
1	0
8	0
8	0
8	0
8	0
8	0
8	0
8	0
13	0
8	0
12	0
12	0
12	0
12	0
12	0
17	0
12	0
12	12
12	0
12	8
12	0
12	0
12	0
12	0
12	8
13	13
13	0
12	0
12	0
12	0
12	0
12	0
12	0
12	0
12	0
12	0
12	0
12	0
12	0
12	0
12	0
16	0
12	0
12	0
12	0
12	0
12	0
8	0
12	0
12	0
12	0
12	0
12	0
8	0
12	0
12	0
12	0
12	0
12	0
12	0
12	0
12	0
12	0
12	0
12	0
12	0
16	0
12	0
12	0
12	0
12	0
12	0
8	0
8	0
8	0
1	8
12	0
8	12
4	0
11	4
1	6
8	0
8	0
8	0
8	8
2	0
2	2
8	8
12	0
12	0
12	12
13	13
13	0
1	0
1	0
1	0
1	0
1	0
8	0
1	0
1	0
1	0
1	0
8	0
1	0
1	0
1	0
1	0
1	0
12	0
12	0
12	0
1	0
1	0
1	0
1	0
12	0
1	0
1	0
8	0
1	0
1	0
1	0
16	0
1	0
1	0
1	0
1	0
12	0
3	6
4	0
11	4
6	6
8	0
8	0
8	0
8	8
2	0
2	2
8	0
8	0
8	0
8	8
8	0
8	12
2	2
12	6
12	0
12	0
12	0
12	12
13	13
13	0
1	0
1	0
1	0
1	0
16	0
1	0
1	0
1	0
1	0
1	0
1	0
1	0
1	0
16	0
1	0
1	0
12	0
12	0
1	0
1	0
1	0
1	0
3	0
16	0
1	0
1	0
1	0
8	0
1	0
1	0
1	0
1	0
1	0
8	0
1	0
17	0
12	6
12	0
12	0
8	0
12	8
16	4
16	0
12	6
16	0
1	6
3	0
3	3
5	5
9	0
1	0
9	9
8	0
8	0
8	0
8	0
8	8
5	5
11	0
11	4
3	0
3	0
3	3
12	6
12	0
8	0
8	0
8	8
2	2
6	6
1	0
1	0
1	0
1	0
1	0
1	3
8	0
8	0
8	0
8	0
8	8
2	0
2	2
8	8
13	13
3	0
2	2
8	0
8	0
8	12
13	13
2	0
5	5
2	0
13	0
12	0
12	6
8	0
8	8
4	0
11	4
12	0
3	3
1	2
12	6
12	0
8	0
8	0
8	0
8	8
16	0
2	0
2	2
1	0
1	6
8	0
8	0
8	0
8	0
8	8
1	0
1	0
1	0
1	1
5	5
3	0
3	0
16	0
16	0
14	2
6	6
8	0
8	0
8	8
2	2
2	6
1	0
1	1
8	0
8	0
8	0
8	0
8	8
8	0
8	0
8	0
8	0
8	0
8	8
12	0
12	0
12	4
13	13
13	0
1	0
12	0
8	0
9	0
2	2
9	9
8	0
16	0
16	0
16	16
2	3
8	0
8	0
8	0
8	0
8	12
3	0
2	2
8	0
8	0
8	0
8	8
17	0
17	12
13	13
13	0
1	0
8	0
8	0
8	0
8	0
1	0
1	0
8	0
8	0
8	0
1	0
1	0
1	0
1	0
8	0
8	0
1	0
1	0
1	0
8	0
1	0
8	0
8	0
8	0
8	0
8	0
8	0
8	0
8	0
1	0
1	0
1	0
8	0
8	0
3	0
12	0
8	0
8	0
8	0
8	0
8	0
8	0
8	0
8	0
8	8
17	17
9	9
8	0
8	0
8	0
8	8
17	17
9	9
8	0
8	8
17	17
9	9
8	0
8	0
8	0
8	0
8	0
8	0
8	0
8	0
8	0
8	8
17	17
9	9
12	0
12	0
12	0
12	8
17	17
9	9
8	0
8	0
8	8
17	17
9	9
8	0
8	0
8	0
8	0
8	8
17	17
9	9
8	0
8	0
8	8
1	13
17	0
3	0
1	16
13	0
12	0
12	6
12	0
12	0
12	8
8	0
12	0
12	0
12	0
8	12
4	0
4	0
4	4
2	2
8	0
8	0
8	0
8	0
8	12
13	13
12	0
12	0
12	0
12	12
5	5
8	0
8	12
1	0
3	0
2	0
1	0
16	0
16	16
13	13
13	0
1	0
1	0
1	0
8	0
1	0
1	0
1	0
8	0
12	0
8	0
1	0
1	0
1	0
1	0
1	0
16	0
1	0
16	0
8	0
8	0
3	0
16	0
3	0
3	0
3	0
12	0
12	6
12	0
12	8
12	0
12	0
12	12
16	4
1	6
12	0
12	0
12	0
9	1
8	0
8	0
8	8
2	2
12	8
5	5
12	0
12	0
12	8
2	0
2	2
8	0
8	0
8	0
8	8
2	0
2	2
12	0
1	8
8	0
8	0
8	0
8	8
13	13
13	0
8	0
16	0
1	0
12	0
16	0
16	0
1	0
8	0
16	0
16	0
16	0
16	0
16	0
16	0
8	0
16	0
1	0
12	0
1	0
1	0
1	0
1	0
12	0
3	13
1	0
1	0
1	16
1	13
8	0
8	8
12	6
12	0
12	0
12	0
12	0
12	0
8	8
2	2
12	0
1	12
8	0
8	8
2	0
2	2
12	0
12	0
8	0
12	12
17	0
2	2
8	0
8	12
16	0
3	3
2	2
6	6
8	0
8	0
8	0
8	0
8	8
17	4
12	13
12	11
12	2
12	0
8	12
1	6
8	0
12	0
12	0
8	8
12	0
12	0
12	16
13	13
13	0
1	0
16	0
16	0
16	0
16	0
12	0
12	0
12	8
12	0
3	4
2	0
2	2
12	6
8	0
8	0
8	0
8	0
8	0
8	8
2	0
2	2
8	0
8	0
8	0
8	12
8	0
8	0
12	8
16	0
16	0
16	0
16	16
17	0
2	5
8	0
8	3
17	0
2	2
8	0
12	0
8	8
9	9
8	0
17	2
8	8
11	0
11	4
1	0
1	0
1	1
2	0
2	2
12	0
8	0
8	0
8	8
17	0
2	2
12	6
8	0
8	0
8	8
17	6
8	0
13	0
12	0
2	2
2	0
6	0
6	6
8	0
8	0
8	8
4	4
3	0
1	0
1	1
8	0
8	0
8	0
8	0
8	0
8	0
8	8
3	0
3	0
3	0
1	16
13	13
14	0
6	0
9	6
17	2
8	0
12	12
12	0
12	12
13	13
8	0
8	0
8	0
8	12
13	13
2	0
2	2
12	0
12	0
12	0
12	12
13	13
12	0
12	0
8	0
12	12
13	13
1	0
2	5
3	0
1	3
8	0
2	2
12	0
12	0
8	12
13	0
12	0
2	2
6	6
1	0
9	0
1	1
8	0
8	0
8	0
8	0
8	0
8	8
2	0
2	2
9	0
1	1
8	0
8	0
8	0
8	0
8	0
8	8
17	4
12	13
17	11
17	0
1	0
1	0
1	1
8	0
8	0
8	0
8	0
8	8
2	2
2	6
12	0
12	0
12	0
12	0
12	8
16	0
12	0
12	16
5	5
16	0
11	2
2	0
2	6
9	0
1	1
8	0
8	0
8	0
8	0
8	0
8	8
16	0
16	16
13	0
3	0
3	3
2	0
2	2
2	0
2	6
8	0
8	0
8	8
9	9
4	0
11	4
12	6
12	8
8	8
16	0
9	2
5	6
8	0
8	0
8	0
8	0
8	0
8	0
8	8
3	0
1	0
16	0
16	16
4	0
16	4
13	13
13	0
1	0
1	0
1	0
1	0
1	0
1	0
1	0
1	0
1	0
1	0
8	0
1	0
8	0
1	0
1	0
1	0
8	0
8	0
2	0
1	0
8	0
8	0
16	0
16	0
1	0
1	0
1	0
11	0
12	0
11	11
11	0
11	4
1	6
1	0
1	0
1	0
1	0
1	1
1	0
1	0
1	1
8	0
8	0
8	8
2	0
2	2
6	6
8	0
8	12
2	2
2	6
12	0
8	12
13	13
13	0
3	0
1	0
1	0
1	0
1	0
1	0
1	0
1	0
1	0
1	0
1	0
1	0
1	0
8	0
8	0
1	0
1	0
8	0
1	0
16	0
3	0
16	0
1	0
1	0
1	0
1	0
1	0
1	0
1	0
1	0
1	0
1	0
12	0
12	6
17	0
16	0
16	0
2	1
12	0
8	0
12	0
12	8
8	0
8	0
8	0
8	0
8	8
2	2
6	6
8	0
8	0
8	0
8	0
8	8
12	0
12	12
4	0
4	4
17	0
11	2
2	0
2	6
8	0
12	0
8	8
9	0
9	9
13	13
13	0
3	0
16	0
16	0
16	0
16	0
1	0
1	0
3	0
16	0
16	0
16	0
1	0
2	0
1	0
1	0
1	0
17	0
1	0
1	0
1	0
1	0
1	0
1	0
12	0
2	6
17	0
17	0
17	0
1	8
6	4
2	0
2	2
9	0
1	1
8	0
8	0
8	0
8	0
8	0
8	8
1	6
8	0
8	0
8	0
8	0
8	0
8	0
8	8
16	0
2	0
3	16
5	5
3	0
2	2
8	0
8	0
8	8
9	0
9	9
4	0
4	0
4	4
3	6
13	13
8	0
8	0
8	0
8	12
13	13
2	0
16	0
16	0
16	0
16	0
16	16
13	13
13	0
3	0
1	0
8	0
1	0
1	0
1	0
12	0
17	0
11	11
4	0
11	4
1	0
1	0
1	3
1	6
8	0
8	0
8	0
8	0
8	0
8	0
8	8
4	0
17	4
5	5
17	4
17	6
12	0
8	8
17	0
2	2
12	6
12	0
12	12
1	0
12	0
1	0
1	0
16	0
16	16
13	13
13	0
1	0
1	0
1	0
16	0
16	0
1	0
12	0
8	0
1	0
1	0
1	0
8	0
3	0
16	0
1	0
16	0
16	0
1	0
1	0
1	0
1	0
1	0
1	0
1	0
12	0
9	9
4	0
11	4
2	6
12	0
8	12
2	0
2	2
8	0
8	0
8	8
8	0
8	0
8	16
4	0
16	4
13	13
13	0
1	0
1	0
1	0
16	0
16	0
16	0
1	0
1	0
3	0
1	0
1	0
1	0
1	0
1	0
1	0
16	0
16	0
16	0
16	0
1	0
1	0
1	0
16	0
1	0
16	0
16	0
1	0
3	0
3	0
16	0
3	0
1	0
1	0
1	0
1	0
1	0
1	0
1	0
1	0
1	0
16	0
12	0
2	2
9	9
12	0
12	10
4	0
4	4
11	11
8	0
8	0
8	0
8	8
2	0
2	2
9	6
1	0
1	0
9	0
1	0
1	0
1	1
8	0
8	0
8	0
8	0
8	0
8	0
8	0
8	8
2	2
12	12
12	0
12	0
12	4
5	5
2	0
2	2
8	8
12	0
12	0
12	0
12	0
12	0
12	0
8	12
13	13
13	0
1	0
1	0
12	0
12	0
12	0
12	0
1	0
1	0
1	0
12	0
16	0
1	0
1	0
12	0
9	9
4	0
4	4
11	11
8	0
8	0
8	0
8	0
8	0
8	0
8	0
8	0
8	8
2	0
2	2
12	0
12	12
4	0
16	4
13	13
3	14
3	6
12	0
12	0
8	0
8	8
2	0
2	0
2	2
1	0
1	0
1	0
1	0
1	0
1	0
1	1
8	0
8	0
8	0
8	0
8	0
8	0
8	0
8	0
8	0
8	0
8	8
3	0
3	0
1	0
16	0
16	16
11	4
13	13
5	5
9	9
8	0
8	0
13	0
12	0
17	0
17	0
17	0
1	2
2	0
2	6
1	0
1	1
8	0
8	0
8	0
8	0
8	0
8	0
8	8
16	4
11	11
6	6
1	0
1	0
1	0
1	0
1	0
1	0
1	1
8	0
8	0
8	0
8	0
8	8
2	0
2	2
8	0
8	0
8	0
8	12
3	0
1	0
1	0
16	0
16	16
13	13
13	0
3	0
1	0
1	0
1	0
17	0
17	0
1	0
1	0
1	0
1	0
1	0
1	0
1	0
1	0
3	0
3	0
14	0
9	9
11	4
5	11
9	6
12	0
8	0
8	8
3	0
2	2
8	0
8	0
8	0
8	12
8	0
2	0
2	2
6	6
1	0
12	0
1	0
1	1
8	0
8	0
8	0
8	8
2	2
8	0
8	0
8	0
8	12
2	0
16	0
16	0
16	0
16	16
13	13
13	0
3	0
1	0
1	0
1	0
1	0
8	0
16	0
1	0
1	0
16	0
16	0
16	0
1	0
1	0
8	0
16	0
1	0
1	0
1	0
8	0
8	0
8	0
12	0
3	14
12	6
17	0
8	12
12	0
12	0
12	1
12	0
8	0
8	8
4	4
4	0
11	4
13	13
11	4
11	11
8	0
17	0
2	2
3	0
12	11
12	6
12	0
12	0
8	8
10	0
2	0
1	0
16	2
2	0
2	6
8	0
8	0
8	0
8	12
5	5
6	6
8	0
8	0
8	8
12	0
12	0
12	12
13	13
9	9
13	13
5	5
12	0
8	0
8	12
13	13
9	9
13	13
1	0
2	0
2	0
2	0
1	16
13	0
12	0
14	0
2	2
9	0
1	1
8	0
8	0
8	0
8	8
9	9
17	4
5	11
9	6
8	0
8	0
8	8
3	0
2	2
8	0
8	0
8	8
17	0
2	2
9	6
17	0
12	0
12	0
12	0
12	0
8	8
17	0
17	0
17	17
12	12
12	17
12	12
16	0
16	0
16	0
16	0
16	16
13	13
13	0
3	0
1	0
8	0
8	0
16	0
16	0
8	0
8	0
1	0
16	0
16	0
16	0
16	0
16	0
16	0
1	0
8	0
11	0
14	0
14	2
12	0
12	8
3	0
3	0
2	3
4	0
4	4
11	11
8	0
8	0
8	0
8	0
8	0
8	0
8	0
8	0
8	0
8	0
8	8
13	13
8	0
8	0
8	0
8	0
8	8
5	5
8	0
8	0
8	0
8	0
8	0
8	0
8	8
2	0
2	2
12	0
8	12
4	0
16	4
13	13
13	0
1	0
1	0
1	0
1	0
16	0
1	0
1	0
1	0
16	0
16	0
4	0
16	0
16	0
1	0
1	0
8	0
8	0
9	9
17	4
9	6
12	0
12	12
1	6
8	0
8	0
8	0
8	8
2	2
8	0
8	0
8	12
5	0
3	0
2	0
16	0
16	0
16	16
13	13
9	9
3	0
6	11
2	2
9	6
8	0
8	0
8	8
8	12
5	5
1	6
8	0
8	0
8	0
8	0
8	0
8	0
8	8
2	2
9	6
1	0
1	0
1	0
1	0
1	0
1	0
1	1
8	0
8	8
2	2
12	0
12	0
12	0
12	12
13	13
13	0
1	0
1	0
12	0
2	2
12	0
12	0
14	11
11	4
16	0
11	11
9	6
8	0
8	0
8	0
8	12
2	0
2	2
1	0
1	1
8	0
8	0
8	0
8	0
8	0
8	0
8	0
8	8
1	0
2	0
1	0
16	0
16	0
16	16
13	13
13	0
3	0
1	0
1	0
1	0
8	0
1	0
16	0
1	0
16	0
1	0
1	0
8	0
8	0
8	0
8	0
12	0
12	0
16	0
16	0
16	0
1	0
1	0
1	0
1	0
8	0
3	0
1	0
12	0
2	2
6	6
1	0
1	0
1	1
9	0
1	1
8	0
8	8
4	0
11	4
2	6
12	0
12	12
1	0
2	0
9	0
1	1
1	0
1	0
1	0
1	1
1	0
17	0
1	1
17	0
17	0
12	4
13	13
13	0
3	0
3	0
16	0
1	0
1	0
1	0
1	0
1	0
1	0
1	0
1	0
1	0
1	0
1	0
1	0
1	0
17	0
8	0
1	0
1	0
1	0
1	0
8	0
8	0
16	0
16	0
16	0
1	0
1	0
16	0
3	3
11	4
11	11
1	0
2	2
8	0
8	0
8	0
8	8
2	2
2	6
1	0
1	0
1	0
1	0
8	0
1	0
1	0
1	0
1	1
12	0
8	8
2	2
2	0
6	6
8	0
8	8
2	2
12	0
12	0
12	12
13	13
9	9
13	13
1	0
2	0
1	0
16	16
5	5
3	0
2	2
1	0
1	0
1	1
8	0
8	0
8	0
8	0
8	0
8	0
8	8
13	13
13	0
3	0
16	0
1	0
1	0
1	0
1	0
11	0
2	6
12	0
12	12
4	0
11	4
2	0
2	2
9	0
1	1
8	0
8	0
8	0
8	8
9	9
2	0
2	2
8	0
8	0
8	8
2	0
2	2
8	0
8	0
8	8
16	0
16	0
16	16
5	5
2	0
2	2
9	0
1	1
8	0
8	8
2	0
2	2
2	6
8	0
8	8
2	0
2	2
12	0
12	0
8	12
16	0
1	0
16	16
4	0
16	4
13	13
13	0
3	0
3	0
8	0
8	0
8	0
8	0
8	0
3	0
12	0
14	0
14	2
12	0
12	12
12	0
12	0
12	0
17	1
12	4
11	11
16	0
11	11
1	0
1	0
1	1
1	0
3	0
1	0
1	0
1	1
16	0
16	0
16	16
13	13
13	0
16	0
16	0
16	0
16	0
16	0
16	0
16	0
16	0
16	0
16	0
16	0
16	0
16	0
1	0
16	0
1	0
16	0
16	0
16	0
16	0
16	0
16	0
16	0
16	0
12	0
12	0
12	0
16	0
16	0
16	0
16	0
16	0
16	0
1	0
12	0
3	3
11	4
11	11
12	6
12	0
12	0
12	8
2	2
2	6
8	0
8	0
8	0
8	0
12	0
8	0
8	12
12	0
2	2
8	6
3	0
12	0
1	0
1	1
8	0
8	8
2	0
2	2
9	0
1	1
8	0
8	8
9	9
17	0
12	0
12	10
1	0
16	0
16	0
16	0
16	0
16	16
13	13
13	0
3	0
16	0
3	0
16	0
16	0
16	0
1	0
1	0
17	0
1	0
1	0
1	0
1	0
1	0
1	0
1	0
12	0
3	3
3	14
16	0
11	11
12	6
12	8
1	0
1	0
1	0
1	2
8	0
8	0
8	0
8	12
5	5
12	0
8	12
3	0
2	0
2	0
3	0
16	0
16	0
16	0
16	16
11	4
13	13
11	4
11	11
3	0
1	3
8	0
8	0
8	0
8	8
8	0
16	16
5	5
9	6
8	0
8	0
8	0
8	8
16	0
11	2
5	6
3	13
1	0
1	0
17	0
1	0
1	0
1	0
1	0
1	1
8	0
8	0
8	0
13	0
12	0
2	2
2	6
8	0
8	0
8	0
8	0
8	8
12	0
12	12
12	0
12	0
12	12
16	4
11	11
3	0
3	3
3	6
12	0
8	0
12	0
8	0
8	0
8	8
2	2
6	11
8	0
8	8
16	0
16	0
16	16
13	13
5	0
5	5
2	6
8	0
8	8
2	2
6	6
1	0
1	1
8	0
8	8
3	0
3	0
3	3
3	0
3	0
1	0
16	0
16	0
16	0
16	16
13	13
16	0
11	14
16	6
12	0
12	0
13	0
12	0
1	0
3	0
3	0
3	0
1	0
16	1
11	4
11	11
8	0
12	0
13	0
1	0
1	0
1	0
8	12
1	0
1	0
16	0
16	0
16	16
13	13
16	14
11	11
2	0
2	2
8	0
8	0
8	8
2	0
2	2
1	0
1	0
1	0
1	1
8	8
16	0
16	0
16	0
16	0
16	16
11	4
13	13
13	0
1	0
1	0
1	0
1	0
1	0
1	0
3	0
16	0
1	0
1	0
1	0
1	0
1	0
1	0
1	0
1	0
12	0
12	6
12	0
12	8
16	0
16	0
16	0
3	3
16	0
12	0
12	4
17	0
2	2
8	0
8	0
8	8
1	6
8	0
8	0
8	8
8	0
12	0
17	0
12	16
13	13
13	0
12	0
1	0
16	0
16	0
16	0
12	0
16	0
1	0
16	0
16	0
16	0
16	0
16	0
16	0
16	0
8	0
16	0
16	0
16	0
16	0
8	0
16	0
16	0
16	0
16	0
16	0
16	0
16	0
16	0
12	0
12	0
12	0
1	0
1	0
3	0
3	14
6	6
8	0
8	0
8	0
8	8
12	6
12	0
12	0
12	8
16	0
16	0
16	0
16	0
16	16
12	0
12	0
12	4
13	13
11	4
2	6
8	0
8	12
2	0
2	2
9	0
1	1
8	8
9	9
3	0
12	6
8	0
8	0
8	8
2	2
2	0
6	0
1	6
8	0
8	0
8	8
8	0
8	0
8	0
8	0
8	0
8	0
8	0
8	0
8	0
8	8
16	0
16	0
16	0
16	16
13	13
5	5
3	14
13	0
12	0
17	0
12	3
16	0
12	0
2	4
6	6
1	0
1	0
1	0
1	0
1	1
8	0
8	0
8	0
8	8
12	6
12	0
12	8
13	13
3	11
6	6
1	0
1	0
1	0
1	0
1	1
8	0
8	8
2	6
12	0
12	0
12	0
12	0
12	0
12	12
1	0
1	0
16	0
16	16
16	0
12	0
12	4
13	13
1	0
16	0
12	10
1	0
1	0
1	0
1	0
16	0
16	16
13	13
13	0
1	0
1	0
1	0
8	0
8	0
12	0
12	6
8	0
8	0
8	8
2	0
2	2
8	0
8	0
8	0
8	12
4	0
11	4
1	0
12	0
12	4
13	13
14	0
14	0
14	14
12	6
12	0
12	0
12	0
12	0
12	0
12	12
16	0
16	0
16	0
16	16
4	0
4	0
4	4
13	13
2	0
5	5
8	0
8	0
8	0
8	0
8	0
8	0
8	0
8	8
17	0
17	0
3	3
1	0
1	0
16	0
16	16
4	0
4	0
4	4
13	13
16	0
11	0
14	14
13	0
12	0
2	6
8	0
8	0
8	0
8	12
4	0
11	4
1	0
3	3
1	0
1	0
1	1
17	0
2	2
12	6
12	0
8	0
8	0
8	0
8	0
8	0
8	0
8	8
12	0
12	0
16	0
16	0
16	1
12	0
12	0
12	4
13	13
13	0
1	0
12	0
1	0
12	0
1	0
1	0
1	0
1	0
8	0
8	0
8	0
1	0
1	0
1	0
8	0
8	0
12	0
12	0
1	0
1	0
1	0
1	0
1	0
1	0
1	0
8	0
12	0
2	2
2	6
8	0
8	0
8	0
8	0
8	0
8	0
8	8
2	0
2	2
8	0
8	8
9	9
17	4
2	6
8	0
8	12
9	0
1	0
3	3
16	0
16	0
16	0
16	0
16	16
16	0
11	0
11	14
11	11
16	0
11	11
4	0
4	0
4	4
8	0
8	8
16	0
16	16
13	13
14	14
6	0
6	0
2	0
3	0
1	0
1	0
1	0
3	9
1	0
12	2
1	0
1	0
1	0
3	1
8	0
8	0
8	0
13	0
12	0
14	0
14	0
14	14
11	11
3	0
17	0
12	10
3	0
1	0
1	0
1	0
1	1
17	0
12	0
12	4
4	0
4	4
5	5
12	6
8	0
8	0
8	8
17	0
11	2
8	0
8	8
5	5
12	6
12	0
12	8
17	0
12	2
8	0
8	0
8	0
8	8
16	0
2	0
16	0
16	0
16	16
11	4
13	13
11	0
11	4
2	0
2	11
1	0
1	0
1	3
3	0
2	2
8	0
8	0
8	0
8	8
1	0
16	16
13	0
11	0
9	9
6	4
1	6
8	0
8	12
1	6
8	0
8	0
8	0
8	12
3	0
2	2
12	12
1	0
16	0
16	0
16	16
13	13
14	0
3	14
2	2
11	0
11	11
3	0
3	2
1	6
8	0
8	0
8	8
2	2
2	6
8	0
8	0
8	8
16	0
16	16
13	13
13	0
1	0
3	0
8	0
8	0
8	0
8	0
8	0
8	0
16	0
16	0
1	0
1	0
8	0
1	0
8	0
1	0
8	0
8	0
1	0
1	0
1	0
12	0
3	0
4	11
11	4
3	0
3	5
1	0
11	0
11	10
3	0
17	0
1	16
17	0
17	0
17	0
17	16
13	13
5	5
3	3
11	0
11	4
16	0
1	0
16	11
11	0
11	2
6	0
6	0
6	11
8	0
8	0
8	8
12	0
12	16
13	13
13	0
1	0
1	0
16	0
1	0
16	0
3	0
1	0
16	0
16	0
16	0
16	0
16	0
16	0
16	0
16	0
1	0
1	0
1	0
1	0
1	0
1	0
1	0
1	0
1	0
12	0
3	14
17	0
2	2
8	8
9	9
12	6
8	0
8	0
8	0
8	8
2	2
2	6
8	0
8	0
8	8
2	2
12	12
12	0
16	0
16	0
16	16
11	4
13	13
11	4
17	6
12	0
12	12
12	6
17	0
17	6
17	0
12	0
12	10
2	0
2	0
2	3
3	0
1	0
1	0
1	1
8	0
8	0
8	8
16	0
16	16
13	13
16	0
12	11
1	0
1	0
2	0
1	0
16	16
13	13
13	0
1	0
3	0
1	0
1	0
17	0
12	6
12	0
12	8
4	0
11	4
1	3
2	0
2	2
9	0
1	1
8	8
1	0
1	0
16	0
16	0
16	16
4	0
4	4
13	13
5	0
5	5
12	6
12	0
12	0
8	8
13	13
3	11
3	0
3	3
1	0
1	0
16	0
16	0
16	16
4	0
4	4
16	0
11	4
13	13
14	0
12	4
17	0
2	2
12	12
1	0
16	0
16	0
16	16
5	5
3	0
4	0
4	3
3	0
3	0
3	3
1	0
1	11
11	0
13	0
12	0
3	6
4	0
16	6
8	0
12	0
12	0
12	8
3	2
6	6
8	0
8	0
8	0
8	0
8	8
13	4
2	6
12	0
8	12
1	0
1	0
1	0
1	1
1	0
1	0
16	0
16	16
13	13
6	6
8	0
8	0
8	8
2	2
3	0
3	0
6	3
12	0
12	12
12	0
8	0
8	0
12	0
8	0
8	0
8	8
16	0
16	0
2	0
16	0
16	16
13	13
13	0
3	0
16	0
16	0
1	0
1	0
3	0
16	0
16	0
12	0
2	2
12	12
8	0
2	0
4	0
2	3
12	4
12	6
12	0
8	0
8	8
2	2
3	0
2	2
8	0
8	0
8	0
8	8
2	0
2	2
9	0
1	1
8	8
9	9
3	0
4	0
1	3
9	0
9	9
8	0
8	0
8	8
2	2
3	3
17	0
11	5
9	9
8	0
8	0
8	0
8	0
8	8
16	0
16	0
16	16
13	13
13	0
3	0
16	0
16	0
16	0
16	0
8	0
1	0
1	0
12	0
16	0
16	0
1	0
4	0
11	11
11	4
3	3
2	2
17	0
17	0
1	6
8	0
8	0
8	8
3	2
9	6
8	0
8	12
16	0
16	0
16	0
16	16
5	5
8	0
8	0
8	8
13	13
3	11
3	0
17	0
17	0
17	16
17	0
17	4
17	0
17	4
13	13
14	0
11	4
11	0
3	3
1	0
1	0
1	0
1	16
4	0
16	4
13	13
13	0
16	0
16	0
16	0
1	0
8	0
1	0
1	0
8	0
8	0
8	0
1	0
1	0
1	0
8	0
12	0
2	2
2	6
12	0
12	0
8	0
12	12
13	13
3	11
2	6
8	0
8	0
8	8
12	12
12	0
12	0
12	12
12	0
12	0
12	0
12	0
12	0
12	8
12	0
12	0
12	4
17	0
11	4
13	13
11	4
2	6
8	0
8	0
8	8
2	0
2	2
8	0
8	0
8	0
8	8
2	2
9	9
1	0
1	0
1	1
8	0
8	0
8	0
8	0
8	0
8	0
8	0
8	8
16	0
16	0
16	16
13	13
13	0
1	0
1	0
12	0
4	14
12	6
12	0
12	0
8	0
12	12
12	6
12	0
12	0
12	0
12	8
2	2
12	0
8	12
17	0
17	0
12	10
1	0
2	0
1	0
16	0
16	0
16	16
17	4
13	13
6	4
8	0
8	0
8	0
8	12
2	0
6	6
8	0
8	0
8	0
8	8
2	0
2	2
8	0
8	0
8	8
2	0
16	0
16	0
16	16
5	5
11	11
11	4
3	3
1	0
1	0
12	6
12	0
12	0
8	0
12	0
8	8
1	0
13	0
12	0
12	6
12	0
12	0
12	0
12	8
12	0
12	0
12	0
12	0
12	12
16	0
1	0
1	16
2	0
2	2
12	0
8	0
8	12
2	0
2	2
8	0
8	0
8	0
8	8
2	0
2	2
8	0
8	0
8	0
8	0
8	0
8	12
5	5
3	0
16	0
16	0
16	16
3	0
2	2
8	0
8	0
8	0
8	8
8	0
8	12
2	0
2	2
8	8
12	0
12	0
12	12
13	13
13	0
1	0
1	0
16	0
16	0
16	0
1	0
12	0
8	0
8	0
8	0
8	0
8	0
8	0
8	8
4	4
4	0
2	2
12	8
12	0
12	0
12	12
12	0
12	0
12	0
12	12
2	2
12	6
12	0
8	12
2	0
2	5
8	0
8	0
8	0
8	12
13	13
14	0
14	2
12	8
12	0
12	0
12	12
8	0
8	0
8	0
8	0
8	0
8	0
8	0
8	12
13	13
12	0
12	0
12	0
12	0
12	12
13	13
12	0
12	0
12	0
8	12
16	0
2	5
8	0
12	0
13	0
17	0
12	6
12	0
12	0
8	0
8	8
16	4
16	6
8	0
8	0
12	8
2	2
9	0
9	9
8	0
8	8
5	5
16	0
1	0
1	16
9	0
9	9
8	0
8	8
2	0
2	2
2	0
2	6
8	0
8	0
8	0
8	8
13	13
13	0
1	0
8	0
8	0
16	0
8	0
3	0
1	0
1	0
1	0
8	0
8	0
16	0
8	0
8	0
12	0
8	0
8	0
16	0
1	0
16	0
8	0
16	0
16	0
16	0
1	0
1	0
12	0
8	0
12	0
12	0
12	0
12	12
4	0
11	4
9	0
9	9
8	6
2	0
1	0
1	0
2	1
8	8
1	0
1	0
16	0
16	0
16	0
16	16
4	0
4	4
13	13
13	0
1	0
1	0
3	0
3	0
1	0
8	0
1	0
1	0
1	0
1	0
8	0
1	0
1	0
16	0
3	0
1	0
8	0
1	0
16	0
1	0
1	0
1	0
1	0
16	0
16	0
3	0
3	0
3	0
1	0
8	0
8	0
8	0
1	0
1	0
12	0
1	0
5	0
3	0
3	3
1	1
4	0
11	4
11	0
11	11
3	0
3	3
1	0
11	6
1	0
1	0
1	0
1	0
1	1
8	0
8	0
12	8
12	0
12	0
12	4
13	13
2	2
3	2
6	6
9	0
1	1
8	0
8	0
8	8
17	6
8	0
13	0
12	8
12	0
12	16
4	0
11	4
13	13
13	0
1	0
1	0
1	0
1	0
1	0
1	0
1	0
1	0
16	0
16	0
16	0
8	0
3	0
1	0
1	0
1	0
12	0
3	0
2	0
3	3
4	0
6	4
1	6
8	0
8	8
1	0
1	0
1	1
1	0
3	0
1	0
1	0
1	16
5	5
16	0
16	0
16	16
9	0
1	0
9	0
9	9
8	0
8	0
8	0
8	0
8	8
13	13
2	0
2	2
9	0
1	0
9	0
1	0
8	9
13	13
13	13
13	0
1	0
8	0
17	0
8	0
8	0
1	0
1	0
16	0
3	0
16	0
8	0
1	0
8	0
1	0
1	0
1	0
1	0
1	0
1	0
13	0
3	0
16	0
16	3
6	6
1	0
1	0
1	1
8	0
8	0
8	0
8	0
8	0
8	0
8	0
8	0
8	8
13	13
17	0
8	0
12	12
12	12
13	13
12	0
12	0
12	12
13	13
13	0
13	0
13	13
13	13
12	0
17	0
17	16
2	2
12	0
12	0
12	0
8	0
8	12
3	3
9	9
8	0
8	8
2	2
2	0
3	0
2	0
9	0
9	0
1	0
1	3
9	0
1	0
9	9
8	0
8	0
8	0
8	0
13	0
12	0
3	0
2	2
6	6
1	0
1	0
1	0
1	0
1	1
1	0
12	0
8	0
1	0
1	16
8	0
8	0
8	12
12	0
12	8
17	0
8	8
13	13
12	0
12	12
13	13
12	0
5	0
12	0
12	0
12	12
5	5
12	0
12	12
13	13
3	11
16	0
11	11
2	0
2	2
1	0
1	0
1	1
8	0
8	0
8	8
12	2
12	0
12	0
12	8
2	0
2	2
12	0
8	12
1	0
16	0
16	0
16	16
13	13
13	0
1	0
12	0
1	0
1	0
1	0
1	6
8	0
8	0
8	0
8	8
4	0
11	4
6	6
1	1
1	0
1	0
1	0
1	0
1	0
1	1
8	0
8	8
2	0
2	2
8	0
8	0
12	12
13	13
3	11
8	8
9	9
2	0
2	0
16	0
16	0
16	16
4	0
4	4
16	0
11	0
12	16
13	13
13	0
1	0
1	0
3	0
1	0
1	0
1	0
1	0
1	0
1	0
1	0
1	0
8	0
3	0
16	0
3	0
1	0
1	0
1	0
12	0
12	0
12	6
8	0
8	0
8	0
8	8
4	0
4	0
4	0
4	16
4	0
4	0
4	10
13	13
14	0
11	0
14	14
11	0
11	11
2	2
12	0
12	0
12	0
8	0
12	12
2	3
17	3
5	6
6	0
1	0
1	1
8	0
8	0
8	0
8	8
16	0
16	16
13	13
13	0
1	0
1	0
8	0
16	0
16	0
8	0
8	0
1	0
1	0
1	0
16	0
16	0
16	0
16	0
16	0
16	0
1	0
16	0
16	0
16	0
12	0
1	0
3	3
3	0
16	0
16	0
16	16
11	0
11	11
2	0
3	0
9	6
1	0
1	0
1	1
3	0
9	9
8	0
8	0
8	8
13	13
6	6
1	0
1	1
5	5
6	6
8	0
12	0
12	0
9	1
1	0
1	0
1	0
1	1
8	0
8	0
8	0
8	0
8	8
13	13
13	0
1	0
1	0
1	0
8	0
1	0
1	0
1	0
3	0
3	0
16	0
16	0
1	0
16	0
2	0
3	0
1	0
1	0
1	0
1	0
13	0
17	0
17	3
16	2
17	6
12	0
12	0
12	8
17	0
17	0
17	16
17	0
11	6
8	0
8	0
8	8
13	13
3	11
3	0
3	5
3	0
3	3
1	0
2	0
1	0
1	3
1	0
1	0
1	0
16	16
4	0
11	4
5	5
3	0
1	3
3	0
3	3
6	6
8	0
8	0
8	0
8	8
2	0
2	2
8	0
8	8
2	2
8	0
8	0
8	0
8	0
8	0
8	0
8	8
1	0
1	0
2	0
2	1
4	0
13	0
12	0
11	0
11	11
2	0
2	0
2	2
11	0
11	11
1	6
8	8
2	2
8	0
12	0
12	0
8	0
12	12
16	0
16	0
16	0
16	16
13	13
16	0
11	0
14	16
2	3
17	3
1	6
8	0
8	8
2	0
2	2
6	6
8	0
8	0
8	0
8	0
8	0
8	12
5	0
1	0
16	0
16	0
16	16
13	13
13	0
3	0
1	0
1	0
16	0
16	0
2	0
8	0
8	0
1	0
8	0
1	0
1	0
1	0
1	0
8	0
12	0
2	2
6	0
2	3
11	4
3	0
6	11
1	6
3	0
1	0
1	0
1	0
1	0
1	1
8	0
8	0
8	8
2	0
2	0
2	2
1	0
1	0
1	1
8	0
8	0
8	12
5	5
16	0
16	16
16	0
11	11
5	0
1	0
3	0
1	0
1	0
3	3
2	3
2	0
2	0
6	2
8	0
12	0
12	0
12	0
8	8
1	0
1	0
16	16
13	13
13	0
3	0
16	0
1	0
1	0
1	0
1	0
1	0
1	0
1	0
12	0
12	0
12	0
12	0
12	12
13	13
13	0
17	0
2	0
2	16
13	13
12	0
12	0
12	12
13	13
13	13
4	0
6	4
1	6
8	0
8	0
8	0
8	8
2	0
2	2
8	0
8	0
8	0
8	8
8	0
8	0
8	0
8	0
8	12
2	0
2	2
8	8
12	0
12	0
12	12
13	13
12	0
12	0
12	12
13	13
13	13
13	0
1	0
8	0
1	0
1	0
1	0
8	0
1	0
1	0
1	0
1	0
1	0
12	0
8	0
12	0
16	0
12	0
11	11
4	0
11	4
6	6
1	0
1	0
1	0
1	0
1	0
1	0
1	0
1	1
8	0
8	0
8	0
8	8
2	0
2	2
8	0
8	0
8	12
5	5
11	4
3	3
9	0
1	0
9	9
8	0
8	0
8	0
8	0
8	8
13	13
13	0
1	0
16	0
16	0
1	0
1	0
1	0
1	0
1	0
16	0
16	0
16	0
16	0
16	0
16	0
1	0
8	0
1	0
1	0
1	0
1	0
1	0
1	0
1	0
12	0
12	0
12	0
12	0
12	12
16	0
16	0
16	0
16	16
3	0
2	2
8	0
12	0
8	0
8	8
2	0
2	2
8	0
8	8
12	12
13	13
13	0
12	0
1	0
1	0
1	0
1	0
8	0
8	0
8	0
3	0
1	0
1	0
8	0
3	0
3	0
1	0
1	0
1	0
1	0
12	0
8	0
8	0
1	0
1	0
1	0
1	0
3	0
12	0
12	0
8	0
8	0
16	0
3	0
3	0
3	0
1	0
1	0
8	0
3	0
12	0
1	0
8	3
9	9
8	0
8	8
16	0
11	0
16	0
1	1
2	0
2	2
8	0
8	8
12	12
13	13
16	0
16	0
16	0
16	16
3	0
3	0
1	0
1	2
8	12
5	5
12	0
12	12
13	13
12	0
12	0
12	16
12	0
12	0
12	0
12	12
13	13
13	0
1	0
8	0
16	0
16	0
12	0
16	0
16	0
8	0
16	0
8	0
16	0
1	0
1	0
16	0
16	0
16	0
16	0
16	0
16	0
16	0
16	0
16	0
17	0
17	6
12	0
17	0
17	0
12	8
17	0
17	0
16	16
17	0
2	2
1	0
1	0
1	0
1	0
1	0
1	1
8	8
2	0
2	2
1	0
1	0
1	0
1	0
1	1
8	0
8	0
8	0
8	0
8	0
8	8
2	0
2	2
8	0
8	0
8	8
2	0
2	2
8	0
8	0
8	0
8	0
8	12
17	0
2	2
2	0
3	3
9	9
8	0
8	8
2	0
2	2
8	8
13	13
13	0
17	0
16	0
1	0
1	0
1	0
11	0
3	0
6	6
9	0
1	0
9	9
8	8
1	0
1	0
1	1
8	0
8	0
8	0
8	0
8	0
8	8
3	0
16	0
16	0
16	16
11	0
11	11
2	0
2	2
12	12
13	13
9	9
8	0
8	8
17	0
12	2
12	0
8	8
13	13
2	2
2	0
2	2
12	0
8	0
8	0
8	0
8	0
8	0
8	12
13	13
9	0
9	9
8	0
8	8
17	0
12	2
12	0
12	8
13	13
13	13
5	5
16	0
16	0
16	0
13	0
1	0
3	0
1	0
1	0
1	0
1	0
1	3
4	0
6	4
12	0
12	0
12	0
12	12
6	6
1	0
1	0
1	0
1	0
1	0
1	0
1	0
1	1
1	0
1	0
1	0
1	0
1	1
8	0
8	0
8	0
8	8
13	13
13	0
1	0
1	0
1	0
1	0
1	0
1	0
1	0
1	0
1	0
1	0
1	0
1	0
1	0
1	0
1	0
1	0
1	0
1	0
1	0
1	0
1	0
1	0
1	0
16	0
16	0
16	0
1	0
12	0
2	6
8	0
8	8
4	0
11	4
1	0
2	0
1	0
1	0
1	0
1	1
1	0
1	0
1	1
13	13
8	0
12	3
9	9
8	0
8	8
13	13
5	5
4	0
11	0
4	4
2	0
2	2
12	0
8	0
12	0
8	0
8	12
1	0
2	0
2	0
2	0
1	0
16	0
16	16
13	13
13	0
8	0
3	0
1	0
16	0
1	0
1	0
8	0
3	0
3	0
1	0
1	0
1	0
1	0
1	0
1	0
1	0
1	0
1	0
12	0
12	0
16	0
16	1
2	0
2	0
2	2
1	0
1	0
1	0
1	0
1	0
1	0
1	1
8	0
8	0
8	0
8	8
2	0
2	0
1	0
16	16
2	0
2	2
8	0
8	0
8	8
2	0
2	2
12	0
12	0
12	0
12	12
3	6
16	0
2	0
3	0
3	3
1	0
1	1
8	0
8	8
13	13
13	0
1	0
1	0
3	0
3	0
16	0
3	0
3	0
3	0
8	0
1	0
1	0
1	0
1	0
1	0
1	0
1	0
12	0
17	6
8	0
8	8
12	0
12	0
12	0
12	0
13	0
12	0
12	12
4	0
11	4
6	6
3	0
1	0
1	0
1	0
1	0
1	1
8	0
8	8
3	0
3	0
1	0
1	1
2	0
2	2
12	0
12	0
8	12
5	5
11	4
2	2
3	0
2	2
9	9
8	0
8	0
8	0
8	8
3	0
3	0
3	3
3	10
3	0
3	0
1	0
1	0
1	16
5	5
1	6
8	0
8	0
8	0
8	8
13	13
13	0
1	0
1	0
12	0
1	0
1	0
1	0
1	0
1	1
16	0
16	0
16	16
12	6
12	0
12	0
8	0
8	8
12	0
12	0
12	0
12	12
6	6
1	0
1	0
1	0
1	0
1	1
8	0
8	0
8	0
8	0
8	8
2	0
2	2
8	8
13	13
13	0
1	0
1	0
1	0
1	0
1	0
1	0
1	0
1	0
1	0
1	0
1	0
1	0
1	0
1	0
1	0
1	0
1	0
8	0
16	0
16	0
16	0
1	0
12	0
12	0
16	0
12	0
12	0
2	0
2	2
9	0
1	1
8	0
8	0
8	8
9	9
6	4
6	6
12	0
12	0
8	0
8	8
12	0
12	0
12	0
12	12
2	2
9	0
13	0
9	9
17	8
8	8
1	6
1	0
1	1
1	0
1	0
1	1
8	0
8	0
8	0
8	0
8	8
5	5
1	0
1	0
1	0
1	0
1	3
6	6
1	0
1	0
1	0
1	0
1	0
1	1
8	0
8	0
8	0
8	8
1	0
3	0
1	0
1	1
2	0
2	2
13	0
12	0
1	6
17	0
17	0
17	0
17	1
8	0
8	0
8	0
8	0
8	0
8	8
4	0
11	4
2	6
1	0
2	0
1	0
1	0
1	0
1	0
16	0
12	1
12	0
12	0
12	0
12	0
13	0
12	0
12	8
13	13
13	0
1	0
1	0
1	0
1	0
1	0
1	0
1	0
16	0
1	0
1	0
8	0
1	0
1	0
12	0
17	0
1	0
1	0
1	0
1	0
1	0
1	0
1	0
1	0
1	0
16	0
16	0
16	0
1	0
12	0
1	6
12	8
13	13
3	11
17	0
17	0
17	0
12	3
17	0
2	2
12	8
9	6
8	0
8	0
8	8
2	0
2	0
2	2
12	0
12	0
8	0
12	12
16	0
16	0
16	0
16	16
13	13
13	0
17	0
1	0
1	0
1	0
1	0
8	0
1	0
1	0
16	0
1	0
1	0
1	0
8	0
8	0
1	0
1	0
1	0
1	0
1	0
16	0
16	0
16	0
17	0
17	0
1	0
17	0
1	0
8	0
1	0
1	0
1	0
13	0
3	0
6	6
1	0
16	0
1	1
13	13
3	0
2	0
1	0
1	2
1	1
8	0
8	0
8	0
8	8
1	0
1	0
1	1
3	0
3	0
1	1
8	0
8	0
8	0
8	8
16	0
16	16
5	2
13	13
8	0
8	0
8	0
8	0
8	8
2	0
2	2
8	0
8	0
8	12
13	13
13	13
13	0
3	0
1	0
8	0
1	0
1	0
1	0
1	0
1	0
1	0
1	0
1	0
1	0
1	0
1	0
1	0
1	0
8	0
12	0
2	0
2	2
8	0
12	0
8	8
9	0
9	9
4	0
4	0
4	4
12	0
12	0
12	0
12	12
5	2
12	0
12	12
1	0
1	0
1	0
1	0
1	3
3	0
2	0
3	0
1	0
1	1
1	0
1	0
1	0
16	0
16	0
16	16
13	13
3	0
3	14
9	6
8	0
8	8
2	0
2	2
12	0
8	8
8	0
17	0
2	2
12	0
11	0
17	16
12	0
12	16
13	13
13	0
3	0
3	0
8	0
1	0
1	0
1	0
12	0
17	0
12	0
12	6
8	0
8	8
4	0
11	4
2	0
2	2
3	0
3	0
3	3
1	0
1	0
1	0
1	1
12	8
2	0
2	0
16	0
16	0
16	16
13	13
13	0
1	0
12	0
17	0
17	0
3	0
3	0
1	0
1	0
1	0
1	0
17	0
1	0
1	0
1	0
1	0
17	0
1	0
1	0
16	0
1	0
1	0
17	0
17	0
12	0
1	0
1	0
16	0
3	0
3	0
3	0
3	0
3	0
1	0
1	0
1	0
12	0
12	0
12	12
12	0
16	0
16	0
16	16
3	0
1	3
5	5
13	13
1	0
1	0
1	0
1	0
1	0
1	1
8	0
8	0
8	8
13	13
13	13
13	0
1	0
1	0
16	0
1	0
16	0
16	0
1	0
1	0
1	0
1	0
1	0
1	0
16	0
1	0
1	0
1	0
8	0
1	0
16	0
16	0
1	0
1	0
1	0
8	0
16	0
16	0
16	0
16	0
16	0
1	0
1	0
1	0
1	0
1	0
1	0
1	0
1	0
13	0
3	0
2	2
2	0
6	0
6	6
8	0
8	0
8	8
13	0
6	4
1	0
2	0
1	0
1	2
8	0
8	0
8	0
8	0
8	0
8	8
2	2
12	0
12	0
12	0
12	12
3	0
6	0
6	6
1	0
12	0
12	0
12	1
12	0
8	8
16	0
2	16
13	13
3	11
1	0
1	0
1	3
3	0
1	0
3	0
1	0
3	0
1	0
3	0
3	16
4	0
4	4
5	5
1	6
1	0
1	0
1	0
1	1
8	0
13	0
12	0
2	2
2	6
12	0
12	0
12	0
12	0
8	8
16	4
16	0
11	11
3	0
1	0
1	0
1	0
1	0
1	0
1	1
2	2
12	0
12	0
12	0
12	12
13	13
14	0
14	2
12	0
12	0
12	8
8	0
8	0
8	0
8	0
8	0
8	0
8	0
8	0
8	12
2	0
2	2
12	0
8	0
8	12
13	13
1	6
8	0
8	0
8	0
8	8
2	0
1	0
16	0
16	16
13	13
13	0
16	0
16	0
1	0
1	0
1	0
12	0
12	0
12	0
17	2
2	6
8	0
8	0
8	8
4	0
11	4
1	6
1	0
1	0
1	1
8	0
8	8
2	2
3	0
9	2
3	0
9	9
8	0
8	8
1	0
2	0
1	0
16	0
16	0
16	16
13	13
13	0
1	0
1	0
1	0
8	0
1	0
1	0
1	0
1	0
1	0
1	0
1	0
8	0
8	0
1	0
1	0
3	0
1	0
8	0
16	0
1	0
1	0
3	0
16	0
3	0
1	0
1	0
1	0
1	0
1	0
12	0
13	0
6	0
5	3
4	0
11	4
2	6
8	0
8	0
8	0
8	0
8	0
8	8
2	2
8	0
8	0
8	0
8	0
8	0
8	0
8	0
8	0
8	12
1	0
3	0
16	0
1	3
2	0
2	2
8	0
8	0
8	0
8	0
8	12
1	0
16	16
13	13
5	5
11	0
6	0
5	3
1	0
1	0
1	3
2	2
12	0
12	0
12	0
12	12
1	0
1	2
8	0
8	8
2	2
8	0
8	0
8	0
8	12
1	0
13	0
12	0
12	3
1	0
1	0
12	3
12	0
16	0
16	16
16	0
11	11
2	0
2	2
8	8
8	0
8	0
8	0
8	0
8	0
8	0
12	8
3	0
1	0
1	0
1	2
8	0
8	0
8	0
8	12
5	5
2	0
2	6
1	0
6	0
1	0
1	1
8	0
8	0
8	0
8	0
8	0
8	0
8	0
8	0
8	12
13	13
13	0
1	0
1	0
1	0
1	0
1	0
3	0
3	0
16	0
16	0
2	0
2	0
2	0
1	0
1	0
12	0
12	0
11	6
1	6
2	2
2	0
11	0
11	0
11	11
16	0
16	16
2	2
9	0
9	9
5	5
16	0
16	0
16	16
11	0
11	11
2	0
2	2
8	0
8	0
8	8
12	0
12	0
12	12
13	13
13	0
1	0
16	0
8	0
8	0
1	0
1	0
16	0
16	0
8	0
16	0
3	0
3	0
1	0
1	0
1	0
1	0
3	0
1	0
1	0
8	0
8	0
1	0
1	0
8	0
8	0
1	0
3	0
8	0
8	0
8	0
12	0
8	8
12	0
12	0
12	12
12	6
12	0
12	0
1	0
1	1
12	0
12	0
8	0
8	0
8	8
2	0
2	2
8	8
12	0
12	0
12	12
12	0
16	0
16	0
16	16
2	0
2	6
8	0
8	0
1	0
8	0
1	8
8	10
13	13
13	0
1	0
1	0
8	0
1	0
8	0
12	0
3	0
3	0
12	0
1	0
3	0
2	0
1	0
12	0
12	0
12	0
8	0
8	0
12	0
1	0
1	0
1	0
1	0
1	0
1	0
13	0
3	0
2	2
12	0
8	0
8	8
16	4
6	6
8	8
2	0
3	5
3	6
17	0
12	0
2	1
8	0
8	8
13	13
13	0
1	0
1	0
1	0
8	0
16	0
8	0
16	0
16	0
16	0
16	0
1	0
8	0
16	0
1	0
1	0
1	0
1	0
1	0
8	0
16	0
16	0
16	0
8	0
1	0
8	0
16	0
1	0
1	0
1	0
16	0
16	0
16	0
16	0
16	0
16	0
16	0
3	0
16	0
1	0
1	0
1	0
12	0
12	0
12	0
4	2
2	2
2	0
1	0
1	6
8	8
8	0
12	0
12	0
12	16
17	0
12	11
1	0
1	0
17	0
17	0
1	3
3	0
3	2
3	0
1	0
16	0
13	17
13	13
8	0
8	0
8	0
8	8
13	13
3	0
3	0
1	0
1	0
1	0
1	0
1	0
1	1
8	0
8	0
8	8
17	0
17	2
8	8
13	13
13	13
2	0
3	0
1	0
2	0
2	2
17	0
17	3
17	0
17	0
3	3
3	0
13	0
12	0
2	0
2	2
1	0
1	0
1	0
1	0
1	1
8	0
8	8
16	0
16	16
1	0
12	11
2	3
1	0
1	0
1	0
1	0
1	0
1	0
1	0
1	1
5	5
1	0
1	0
1	0
1	0
1	0
1	0
1	0
1	0
1	0
1	0
3	1
17	0
17	5
17	0
1	0
1	0
1	0
1	0
1	0
17	1
8	0
8	0
8	8
1	0
1	0
1	1
13	13
13	0
1	0
1	0
8	0
8	0
16	0
1	0
1	0
1	0
13	0
1	0
2	2
8	0
8	0
8	12
13	13
3	11
11	2
12	13
12	12
5	5
8	0
12	0
12	0
12	0
12	12
3	0
1	0
1	0
1	0
1	0
1	0
8	3
5	6
16	0
16	0
1	0
3	1
1	0
17	0
1	0
1	1
1	0
8	0
8	0
8	8
16	0
16	0
16	0
16	16
11	4
13	13
3	0
2	2
9	0
1	1
8	0
8	0
8	0
8	8
5	5
9	0
1	1
8	0
8	0
8	0
8	8
12	0
13	0
12	0
11	0
14	14
6	6
8	8
12	0
12	0
12	12
2	0
16	0
16	3
2	0
2	2
8	0
12	8
9	0
9	9
8	0
12	2
1	0
1	0
1	1
1	1
8	0
8	0
8	0
8	8
1	0
1	0
16	16
4	0
16	4
4	0
4	4
13	13
3	0
16	0
16	0
16	16
1	0
2	11
3	0
2	2
6	6
1	0
1	0
1	0
1	0
1	1
8	0
8	8
13	13
13	0
3	0
3	0
3	0
2	0
2	0
2	0
8	0
12	0
1	0
17	0
1	0
1	1
1	0
1	0
16	16
4	0
11	4
11	0
6	6
1	0
1	0
1	0
1	1
12	0
1	0
1	0
1	0
1	1
12	0
12	0
12	12
2	2
6	6
1	0
1	0
1	0
1	1
8	0
8	0
8	0
8	8
12	0
12	0
12	12
13	13
8	0
8	12
13	13
8	0
8	12
13	13
12	0
12	0
12	0
12	0
12	12
5	5
12	0
8	0
8	12
13	13
13	0
1	0
1	0
1	0
1	0
1	0
12	0
3	0
1	0
1	1
1	0
1	1
4	0
4	4
3	6
1	0
6	0
1	0
1	1
1	0
17	0
1	0
1	1
8	0
8	0
8	8
13	13
2	0
16	0
16	0
16	0
3	1
8	0
8	0
8	0
8	0
8	8
2	2
3	0
6	0
6	6
8	0
8	8
13	13
2	2
6	6
1	0
1	0
1	0
1	1
8	0
8	0
8	0
8	8
12	0
12	12
13	13
12	0
12	0
12	0
12	0
12	12
13	13
12	0
12	12
13	0
12	0
2	0
2	2
1	0
1	0
1	0
1	0
1	0
1	0
1	1
8	0
8	0
8	0
8	8
4	0
11	4
2	3
3	6
1	0
1	0
1	0
1	0
8	17
8	0
5	5
1	0
12	0
12	0
12	0
12	0
12	1
12	0
8	8
1	0
1	0
1	1
1	0
1	0
1	0
16	0
16	16
13	13
13	0
8	0
1	0
1	0
1	0
1	0
1	0
1	0
1	0
1	0
1	0
1	0
1	0
1	0
1	0
8	0
8	0
16	0
12	0
6	6
1	0
1	0
1	0
1	0
1	1
8	0
8	0
8	0
8	0
8	0
8	8
16	0
16	0
16	16
2	0
2	2
9	9
13	13
2	2
17	0
17	0
1	0
12	1
8	8
13	13
13	13
13	0
1	0
1	0
8	0
8	0
8	0
8	0
1	0
8	0
3	0
8	0
8	0
8	0
8	0
8	0
17	0
12	0
1	0
8	0
8	0
1	0
17	0
17	0
1	0
1	0
1	0
1	0
1	0
8	0
8	0
16	0
16	0
12	0
1	0
12	0
2	0
16	0
1	0
1	0
3	0
1	0
1	1
8	0
12	0
8	0
8	8
4	0
11	4
6	6
1	0
17	0
1	1
8	0
8	8
13	13
3	11
1	0
6	0
1	0
3	0
3	3
9	9
13	13
9	0
14	2
8	8
8	0
8	0
2	2
5	6
1	0
17	0
16	0
16	0
2	1
8	0
8	0
8	0
8	8
2	2
9	9
8	0
8	8
13	13
14	0
14	2
8	0
8	0
8	0
8	0
8	0
13	0
12	0
3	0
1	0
2	3
11	0
11	0
11	3
4	0
11	4
1	6
8	8
1	0
1	0
1	0
1	0
1	1
2	2
17	6
8	0
8	0
8	0
8	0
8	0
8	0
8	0
8	0
8	8
1	0
2	0
1	0
16	0
16	16
13	13
13	0
1	0
1	0
1	0
16	0
1	0
16	0
16	0
1	0
16	0
1	0
1	0
1	0
1	0
1	0
1	0
16	0
16	0
16	0
16	0
16	0
1	0
1	0
1	0
1	0
1	0
1	0
14	0
8	0
1	0
8	0
8	0
8	0
8	0
8	0
8	8
5	5
8	0
8	0
8	0
8	0
8	8
13	13
3	11
2	0
2	2
1	0
1	0
1	1
8	0
8	8
17	0
2	0
11	10
2	2
1	0
1	1
8	0
8	0
8	0
8	0
8	8
1	0
1	16
4	0
16	4
4	0
4	4
13	13
5	0
3	0
3	0
3	0
1	16
2	0
1	0
1	0
1	1
1	0
6	0
1	6
8	0
8	0
8	0
8	0
8	8
13	0
12	0
1	0
9	1
8	0
8	0
8	0
8	0
8	8
16	0
2	0
2	0
1	16
2	0
2	2
8	0
8	0
8	8
2	2
9	0
1	0
9	9
8	0
8	0
8	0
8	0
8	0
8	8
2	0
6	2
8	0
8	0
8	0
8	0
8	8
13	13
8	0
8	0
8	0
8	0
8	0
8	8
13	13
13	13
13	0
1	0
1	0
8	0
1	0
1	0
8	0
8	0
8	0
16	0
16	0
16	0
16	0
16	0
2	0
16	0
8	0
12	0
9	0
1	0
9	9
8	0
8	0
8	0
8	0
8	0
8	0
8	8
16	0
16	0
4	0
4	0
4	16
2	0
2	0
3	0
3	3
3	6
1	0
1	0
1	0
3	0
8	17
8	0
5	5
8	0
8	0
8	0
8	0
8	0
8	0
8	0
8	0
8	8
16	0
5	5
11	0
11	6
8	0
8	0
8	0
8	0
8	8
3	0
3	0
3	0
3	0
3	3
2	0
2	0
2	0
16	16
13	13
8	0
8	0
8	0
13	0
12	0
12	6
12	13
12	0
8	0
8	0
8	0
8	0
8	0
8	0
8	8
2	0
2	2
8	8
17	0
16	0
16	16
3	0
1	11
2	2
2	0
6	6
1	0
1	0
1	0
1	1
13	13
13	0
12	0
1	0
8	0
8	0
8	0
1	0
8	0
1	0
8	0
8	0
8	0
8	0
8	0
1	0
1	0
1	0
1	0
1	0
8	0
12	0
1	0
12	0
1	0
1	0
1	0
1	0
8	0
16	0
16	0
1	0
1	0
8	0
12	0
6	6
1	0
1	0
1	1
8	0
8	0
8	0
8	0
8	8
2	2
2	0
3	0
9	9
2	2
2	6
9	9
8	0
8	0
8	0
8	0
8	0
8	0
8	0
8	0
8	8
13	13
2	6
8	0
8	0
8	12
13	13
2	6
8	0
8	0
8	12
5	5
2	6
8	0
8	0
8	12
17	0
17	0
2	0
2	4
12	6
12	13
12	0
8	8
17	2
12	6
8	8
13	13
13	0
16	0
16	0
16	0
16	0
9	0
8	0
12	0
12	6
12	12
4	0
11	4
2	0
2	2
8	0
8	0
8	0
8	8
2	0
2	2
8	0
8	8
2	0
2	2
1	0
1	0
1	1
8	0
8	0
8	0
8	8
16	0
2	0
12	10
1	0
1	0
1	0
16	0
1	16
5	5
11	0
11	4
3	0
3	3
5	6
8	0
8	0
8	0
8	0
8	0
8	8
13	13
13	0
12	0
12	0
12	0
16	0
16	0
1	0
1	0
1	0
8	0
1	0
16	0
1	0
1	0
1	0
12	0
12	6
1	0
1	0
1	0
1	0
1	0
1	1
8	0
8	0
8	0
8	0
8	0
8	8
4	0
4	4
3	0
3	0
3	0
1	0
1	1
1	0
1	0
1	1
5	5
17	0
12	6
1	0
1	0
1	0
1	1
8	0
8	0
8	0
8	0
8	0
8	8
13	13
13	0
1	0
1	0
1	0
1	0
1	0
1	0
1	0
1	0
1	0
1	0
1	0
1	0
1	0
1	0
1	0
1	0
1	0
8	0
8	0
8	0
8	0
12	0
12	6
12	13
12	0
12	0
12	0
1	0
2	1
8	0
8	0
8	0
8	8
4	0
11	4
9	9
8	0
8	8
5	5
16	0
16	0
16	16
2	2
8	0
2	6
8	0
8	0
8	0
8	8
8	2
12	6
12	13
12	0
12	0
8	0
8	0
8	8
2	0
2	2
8	0
8	8
2	2
2	0
12	3
9	9
8	0
8	8
16	10
13	13
13	0
1	0
12	0
12	0
16	0
16	0
1	0
1	0
16	0
16	0
16	0
1	0
12	0
12	6
8	0
8	0
8	0
8	8
2	0
2	2
8	0
8	0
8	0
8	8
4	0
11	4
17	0
17	0
12	10
1	0
1	0
1	0
1	1
13	13
13	0
1	0
1	0
1	0
1	0
1	0
1	0
1	0
1	0
3	0
1	0
1	0
1	0
1	0
1	0
1	0
1	0
1	0
1	0
1	0
1	0
1	0
1	0
1	0
1	0
1	0
1	0
8	0
8	0
1	0
1	0
1	0
1	0
1	0
3	0
16	0
16	0
1	0
12	0
17	0
17	2
12	0
12	0
8	0
8	8
16	0
16	0
16	16
3	11
17	0
2	0
2	0
5	5
17	2
17	6
17	0
17	0
17	0
17	1
17	0
17	0
17	0
2	1
8	0
8	0
8	8
17	0
5	5
17	2
17	6
12	13
12	0
12	0
12	0
12	0
12	0
12	0
8	0
8	8
13	13
3	11
3	0
3	0
3	0
9	9
8	0
8	0
8	8
1	0
1	0
16	16
13	13
13	0
1	0
1	0
1	0
1	0
17	0
12	0
12	6
6	13
12	0
12	0
8	0
8	0
8	8
16	0
2	0
16	0
16	0
16	16
3	2
17	6
8	0
8	8
9	9
8	0
8	8
13	13
9	0
1	1
2	2
9	0
1	1
8	0
8	0
8	8
13	13
13	13
13	0
3	0
3	0
3	0
3	0
12	0
8	0
1	0
8	0
8	0
1	0
8	0
8	0
8	0
8	0
1	0
8	0
12	0
12	0
1	0
1	0
3	0
3	0
3	0
3	0
3	0
3	0
3	0
3	0
12	0
3	0
8	0
1	0
2	3
8	0
8	0
16	0
16	16
6	6
8	0
8	0
8	0
8	8
2	2
1	6
1	0
8	17
13	13
1	0
1	0
1	0
1	0
8	17
12	0
5	5
8	0
8	0
8	0
8	0
8	0
8	8
13	13
13	0
1	0
8	0
1	0
1	0
1	0
1	0
1	0
1	0
1	0
1	0
8	0
8	0
1	0
1	0
8	0
1	0
1	0
8	0
8	0
16	0
16	0
8	0
8	0
8	0
8	0
1	0
12	0
6	11
1	0
16	0
16	16
1	0
1	0
1	0
1	3
9	9
8	0
8	8
13	13
9	0
1	1
2	2
9	0
1	1
8	0
8	0
8	8
13	13
13	13
5	5
11	0
11	0
5	3
11	0
11	4
3	6
6	13
12	0
8	0
8	0
8	0
8	8
1	0
1	0
1	1
13	13
3	0
3	14
3	6
6	13
12	0
8	8
16	0
9	2
5	6
1	0
3	0
1	0
1	0
1	0
1	0
3	1
8	0
8	0
8	0
13	0
13	0
5	0
8	0
17	0
14	0
14	8
2	0
3	0
1	0
1	0
2	2
2	2
2	0
6	0
6	6
6	0
1	9
8	0
8	0
8	8
12	0
17	0
17	16
16	0
2	2
8	0
8	0
8	0
8	0
8	0
8	0
8	0
8	0
8	8
13	13
1	0
1	0
1	0
1	0
1	3
1	0
1	0
16	0
16	0
16	16
2	3
3	6
12	13
12	0
8	0
8	0
8	8
2	0
2	2
8	0
8	8
13	13
3	0
12	0
13	0
1	0
2	2
6	0
11	6
1	0
1	0
1	0
1	0
1	0
1	0
1	0
1	1
8	0
8	0
8	0
8	0
8	0
8	0
8	8
16	0
16	0
16	0
16	16
3	11
3	3
3	3
2	0
6	2
8	0
8	0
8	0
8	0
8	0
8	8
13	13
13	0
1	0
1	0
8	0
1	0
1	0
16	0
16	0
16	0
16	0
16	0
16	0
16	0
1	0
1	0
1	0
1	0
1	0
1	0
1	0
1	0
1	0
1	0
8	0
8	0
12	0
12	0
12	0
3	3
3	0
16	0
16	16
17	6
12	13
12	0
12	0
12	0
8	8
17	0
17	0
2	2
17	6
12	0
12	1
12	0
12	0
8	0
8	8
13	13
17	6
13	13
1	0
1	0
1	0
1	0
1	1
13	13
8	0
8	8
17	0
17	0
2	2
17	6
12	0
12	1
13	13
13	0
17	0
17	0
12	0
1	0
1	0
1	0
12	0
3	0
3	0
1	0
8	0
1	0
12	0
12	0
12	0
8	0
3	0
17	0
12	0
3	0
2	0
2	2
2	6
12	0
12	8
9	0
8	0
9	9
4	0
11	4
1	6
12	2
8	0
8	0
8	0
8	12
2	0
2	0
2	2
17	0
6	6
8	0
8	0
8	0
8	0
8	8
12	0
12	16
13	13
13	0
1	0
1	0
1	0
1	0
1	0
16	0
8	0
16	0
1	0
1	0
1	0
1	0
1	0
1	0
1	0
1	0
1	0
8	0
8	0
1	0
8	0
8	0
9	0
16	0
1	0
1	0
1	0
1	0
17	0
2	6
8	0
12	0
9	1
8	8
8	0
12	0
12	0
2	0
12	0
12	12
12	0
12	0
8	0
12	12
3	0
2	4
2	6
8	12
17	0
1	0
1	11
1	0
1	0
1	0
1	0
16	0
1	0
16	16
17	0
2	0
2	5
3	0
12	0
12	11
16	0
2	4
11	0
11	11
6	0
3	3
2	2
9	9
8	0
8	0
8	0
8	8
1	0
1	0
16	0
16	0
16	16
13	13
3	11
16	0
17	11
3	0
3	0
13	0
12	0
17	0
17	0
3	3
1	0
1	0
1	0
1	0
1	0
1	1
4	0
11	4
1	0
1	2
2	0
2	6
12	12
12	0
12	0
12	0
12	12
13	13
17	0
14	6
12	0
12	12
12	0
12	0
12	0
12	12
17	0
2	0
2	5
17	0
17	0
17	11
17	3
17	0
17	6
12	0
12	0
8	8
17	0
2	2
12	0
12	0
12	8
12	0
12	0
9	0
12	4
13	13
13	0
17	0
17	0
3	0
3	0
1	0
1	0
1	0
12	0
16	0
12	9
8	0
12	0
8	8
8	0
8	3
13	13
2	2
2	6
12	0
12	8
9	0
8	0
9	9
13	13
4	0
4	4
11	11
1	0
8	0
8	0
8	0
8	0
8	0
8	0
8	0
8	8
2	2
2	6
17	0
12	0
12	8
9	9
4	0
16	4
13	13
13	0
1	0
1	0
1	0
1	0
16	0
16	0
1	0
1	0
3	0
1	0
1	0
12	0
12	0
12	0
8	0
1	0
8	0
8	0
8	0
9	0
9	0
12	0
12	0
12	0
12	12
12	12
2	6
12	12
12	12
4	0
11	4
3	0
2	0
2	2
2	6
12	0
12	8
9	0
8	0
9	9
16	0
2	2
1	0
2	6
8	0
8	0
8	0
8	8
2	2
2	0
3	3
9	0
13	0
9	9
8	0
8	8
8	8
2	0
2	0
2	2
8	0
1	0
1	0
1	0
1	0
8	0
1	0
8	0
8	8
12	0
12	0
12	12
12	12
1	0
12	0
1	0
12	0
1	16
13	13
3	11
13	0
12	0
12	0
17	3
2	2
17	0
17	0
12	6
12	0
11	0
16	0
16	0
16	1
12	0
12	8
3	0
2	4
2	6
8	12
2	2
9	9
8	0
8	8
1	6
1	0
1	0
1	0
1	1
8	0
8	0
8	8
2	0
2	2
8	0
8	0
8	0
8	0
8	0
8	0
8	8
2	0
2	2
8	0
8	0
8	12
12	0
12	0
12	4
13	13
13	0
1	0
12	0
12	0
1	0
12	0
3	0
16	0
1	0
1	0
16	0
3	0
17	0
12	0
12	0
12	2
11	0
1	6
8	0
8	0
8	0
8	0
8	0
8	8
17	0
2	2
8	8
9	9
17	0
2	0
2	5
3	0
3	0
9	9
8	0
8	0
8	0
8	0
8	0
8	0
8	8
2	0
2	2
8	0
8	0
17	0
12	8
9	9
16	0
16	4
11	11
2	2
1	0
12	0
17	0
12	3
9	9
17	0
12	10
17	0
1	2
9	6
8	0
8	0
8	12
17	0
5	5
3	6
1	0
1	0
1	1
13	0
12	0
17	0
17	0
12	6
17	0
17	0
1	0
1	0
1	1
8	0
8	0
8	0
8	0
8	8
17	3
17	0
17	0
17	6
17	0
8	8
3	0
2	4
9	6
8	12
2	0
2	2
8	0
8	0
8	0
8	0
8	0
8	0
8	0
1	0
2	0
1	0
8	0
16	8
3	0
17	0
2	2
2	6
8	0
8	0
8	12
12	12
5	0
3	0
3	4
13	13
14	0
14	2
8	0
8	0
8	0
8	0
8	8
16	0
2	2
13	0
13	0
12	0
12	2
1	0
1	0
8	0
8	0
8	0
8	0
8	8
13	13
17	0
17	0
17	0
17	1
17	17
17	0
17	0
17	17
13	13
17	0
4	0
4	0
12	16
12	2
17	0
12	6
12	0
8	0
8	0
8	8
3	0
3	3
9	6
8	0
8	8
5	5
3	6
1	0
1	0
9	1
8	0
8	0
8	8
16	0
2	0
16	16
4	0
4	0
4	0
4	4
13	13
13	0
16	0
8	0
1	0
1	0
2	0
17	0
17	0
12	0
12	0
12	6
8	0
8	0
8	0
8	0
8	8
13	13
3	5
2	3
3	0
1	6
3	0
1	0
1	3
8	0
8	0
8	0
8	0
8	0
8	8
8	0
8	8
5	5
1	0
1	1
8	0
8	0
8	0
8	0
8	8
16	0
11	0
17	16
3	3
2	0
2	2
8	0
1	0
1	8
1	0
1	2
8	0
8	0
8	0
8	0
8	0
8	8
13	13
2	6
8	0
8	0
8	8
16	0
3	0
3	0
16	16
5	0
13	0
12	0
17	0
12	0
12	6
8	8
2	0
2	2
8	0
8	0
8	0
8	0
8	0
8	8
4	0
4	0
4	4
3	0
3	3
17	0
17	2
8	8
2	0
2	2
9	0
1	1
8	0
8	0
8	0
8	0
8	8
2	2
2	6
1	0
1	0
1	0
1	0
1	1
12	0
8	0
8	12
16	0
2	0
2	0
16	0
16	16
13	13
13	0
1	0
12	0
1	0
1	0
1	0
1	0
1	0
8	0
8	0
8	0
8	0
8	0
3	0
12	0
3	2
3	0
4	0
4	3
11	0
11	2
11	0
11	0
11	4
8	0
8	0
8	0
8	0
8	0
8	0
8	8
2	0
2	2
8	0
8	0
8	0
8	0
8	0
8	8
12	12
12	0
12	0
12	0
12	0
12	12
2	0
2	2
12	0
8	0
12	12
12	13
17	0
1	0
16	16
13	13
4	0
17	4
13	13
13	0
1	0
1	0
3	0
3	0
16	0
16	0
1	0
16	0
16	0
1	0
1	0
1	0
8	0
8	0
8	0
12	0
2	2
12	12
4	0
11	4
12	0
12	6
12	0
1	0
8	0
8	0
8	0
1	0
8	8
3	0
1	0
1	0
9	2
2	2
2	6
1	0
1	0
1	0
1	0
1	1
12	0
12	0
12	12
2	0
2	2
1	0
1	1
1	1
8	0
8	0
8	0
8	0
8	0
8	8
13	13
3	11
3	0
6	0
3	3
3	0
17	3
1	6
8	8
16	0
16	0
16	0
16	0
16	16
11	4
13	13
1	0
2	0
16	0
1	0
13	0
12	0
3	11
4	0
11	4
1	0
1	0
1	0
2	0
1	0
1	0
3	3
17	0
1	6
1	0
1	0
1	0
1	0
1	0
1	1
8	8
2	0
2	2
8	0
8	0
8	0
8	0
8	0
8	8
2	0
2	2
6	0
8	0
8	0
8	0
8	0
8	0
8	8
8	0
9	4
17	0
6	0
6	0
6	6
8	0
8	0
8	8
3	10
2	0
2	0
2	0
2	0
1	0
3	16
12	0
12	6
8	0
8	0
8	0
8	0
13	0
13	0
8	0
8	0
8	0
8	0
8	0
8	0
8	8
17	0
9	4
1	0
1	0
1	0
3	3
2	2
3	0
1	0
1	0
1	0
1	1
1	0
17	0
16	0
16	1
12	0
12	0
1	0
1	1
1	0
2	0
1	0
1	1
8	0
8	0
8	0
8	0
8	0
8	0
8	0
8	8
2	0
2	0
2	0
1	0
1	0
16	0
16	16
13	13
3	0
3	14
3	13
6	6
8	0
8	0
8	8
3	2
1	0
1	0
1	6
13	0
13	0
1	0
8	0
8	8
16	0
11	2
2	0
6	6
1	0
1	0
1	0
1	1
8	0
8	0
12	12
13	13
11	0
6	6
1	0
1	0
1	0
1	1
8	0
8	0
8	0
8	0
8	0
13	0
17	0
12	0
17	0
17	0
17	0
17	8
12	0
17	16
4	0
10	0
2	2
13	13
13	0
1	0
1	0
1	0
1	0
8	0
1	0
1	0
1	0
16	0
16	0
16	0
17	0
1	0
1	0
1	0
1	0
1	0
1	0
8	0
13	0
8	0
8	0
8	8
13	13
1	0
1	16
1	1
8	0
8	0
8	0
8	0
8	0
8	0
8	8
13	13
13	0
1	0
1	0
1	0
1	0
8	0
8	0
1	0
1	0
1	0
1	0
1	0
1	0
1	0
8	0
8	0
8	0
8	0
8	0
8	0
8	0
8	0
8	0
8	0
1	0
1	0
8	0
8	0
1	0
1	0
1	0
1	0
8	0
8	0
1	0
1	0
1	0
1	0
1	0
8	0
8	0
8	0
8	0
8	0
12	0
3	6
1	0
1	0
1	0
1	0
16	1
8	0
8	8
2	0
4	0
2	4
13	13
13	0
8	0
8	0
8	0
8	0
8	0
8	0
1	0
8	0
8	0
16	0
1	0
16	0
16	0
16	0
1	0
8	0
16	0
16	0
2	0
8	0
8	0
8	0
1	0
16	0
8	0
1	0
1	0
8	0
8	0
8	0
16	0
16	0
1	0
1	0
1	0
1	0
1	0
1	0
1	0
8	0
8	0
2	0
16	0
3	0
8	0
1	0
13	0
12	13
8	8
13	13
8	0
8	0
8	0
8	0
8	8
13	13
13	0
1	0
1	0
1	0
8	0
8	0
8	0
1	0
8	0
16	0
1	0
8	0
8	0
8	0
1	0
1	0
8	0
1	0
1	0
8	0
8	0
8	0
8	0
8	0
1	0
8	0
8	0
8	0
1	0
8	0
8	0
8	0
8	0
8	0
8	0
8	0
8	0
8	0
8	0
1	0
1	0
8	0
8	0
8	0
8	0
8	0
1	0
8	0
8	0
1	0
12	0
1	0
1	0
1	0
8	0
8	0
8	0
8	0
8	8
2	6
8	8
4	0
11	4
1	6
8	0
8	0
8	0
8	8
3	0
3	11
3	0
1	2
8	0
8	0
8	0
8	0
8	0
8	8
5	5
3	0
1	2
12	0
8	0
8	8
3	0
1	3
16	0
16	0
16	16
13	13
13	0
1	0
1	0
1	0
1	0
1	0
1	0
1	0
1	0
1	0
1	0
1	0
1	0
1	0
1	0
1	0
1	0
3	0
1	0
1	0
12	0
2	6
8	0
8	8
8	0
12	0
12	16
16	0
16	0
3	3
3	0
3	0
1	0
1	3
17	0
12	3
13	13
14	0
11	0
14	14
3	3
1	0
1	0
1	3
8	0
8	8
13	13
9	9
13	13
16	0
2	0
16	0
16	0
16	0
16	16
13	13
13	0
16	0
16	0
16	0
16	0
8	0
16	0
16	0
8	0
8	0
16	0
16	0
8	0
16	0
8	0
16	0
16	0
16	0
1	0
1	0
1	0
1	0
1	0
1	0
12	0
8	0
8	0
8	0
8	0
8	0
8	0
8	0
8	0
8	8
2	17
9	9
8	0
8	0
8	8
17	17
9	0
1	0
9	9
1	0
1	0
1	0
1	1
8	8
12	17
9	0
17	0
9	9
1	0
1	0
1	1
8	8
12	17
9	0
1	0
9	9
8	0
8	0
8	0
8	0
8	8
17	17
9	0
1	0
9	0
1	0
9	9
1	0
1	0
16	0
16	1
2	17
17	0
1	0
9	0
1	0
17	9
1	0
1	1
13	0
12	0
3	11
16	0
16	0
16	0
16	16
13	13
14	0
11	14
3	0
2	0
11	11
1	6
8	0
8	8
17	0
17	0
17	10
17	0
2	2
12	6
12	0
12	8
16	0
2	0
16	0
16	16
5	5
3	0
11	0
14	0
3	14
16	0
16	0
16	16
13	13
16	0
5	5
2	3
3	0
6	0
3	14
8	0
12	0
11	10
2	0
2	0
2	2
8	0
8	0
8	0
8	0
8	8
16	0
11	0
11	3
2	0
2	0
3	0
13	0
12	0
3	0
12	2
12	0
8	0
8	8
16	0
16	0
16	0
16	16
5	5
8	0
8	0
8	0
8	0
8	0
8	8
13	13
13	0
3	0
1	0
1	0
8	0
8	0
8	0
1	0
3	0
8	0
16	0
8	0
8	0
8	0
1	0
8	0
8	0
8	0
8	0
8	0
1	0
3	0
8	0
1	0
8	0
8	0
8	0
1	0
1	0
1	0
1	0
1	0
1	0
8	0
8	0
3	0
8	0
8	0
1	0
1	0
8	0
8	0
12	0
11	0
16	14
5	0
3	3
1	6
8	0
8	8
1	2
8	8
16	0
17	0
12	0
16	16
13	13
13	0
6	3
8	0
12	0
8	16
4	2
17	0
2	0
3	8
1	6
8	8
16	0
16	16
13	13
14	0
11	0
14	14
1	6
8	0
8	8
12	0
17	0
12	10
4	0
3	3
11	0
2	0
2	2
1	8
1	0
1	0
1	0
1	16
1	0
12	16
13	13
13	0
1	0
1	0
1	0
16	0
16	0
16	0
16	0
16	0
11	0
3	0
11	11
16	0
16	0
16	16
3	0
2	2
8	0
8	0
8	8
3	0
2	14
12	6
12	0
8	8
13	13
1	6
8	0
8	8
2	0
2	2
12	0
8	0
8	8
2	0
2	2
8	0
8	8
13	13
1	0
2	2
1	0
3	0
1	0
1	0
1	6
8	0
8	8
1	0
2	0
3	0
16	16
13	13
13	0
1	0
1	0
16	0
3	0
3	0
8	0
1	0
1	0
1	0
1	0
1	0
8	0
1	0
1	0
1	0
12	0
1	13
1	0
1	0
1	16
1	13
1	0
1	0
1	1
8	8
2	6
1	0
1	1
8	8
16	0
16	0
16	16
3	0
2	14
3	0
9	9
8	0
8	0
8	0
8	0
8	0
8	8
3	10
1	0
1	16
13	13
13	0
1	0
8	0
3	0
8	0
8	0
1	0
3	0
1	0
1	0
1	0
1	0
8	0
8	0
8	0
1	0
1	0
1	0
1	0
1	0
1	0
8	0
1	0
8	0
1	0
1	0
1	0
1	0
1	0
12	0
12	0
12	11
16	0
16	16
5	5
6	6
1	0
1	0
1	0
1	1
8	0
8	0
8	8
2	2
9	6
8	0
8	0
8	0
8	8
13	13
3	0
1	0
1	3
3	3
2	2
3	0
9	9
8	0
8	0
8	0
8	0
8	0
8	8
13	13
13	0
8	0
1	0
8	0
1	0
8	0
1	0
1	0
1	0
1	0
8	0
8	0
1	0
12	0
8	0
1	0
8	0
1	0
1	0
1	0
1	0
1	0
1	0
1	0
3	0
12	0
1	6
1	0
11	0
1	0
1	0
1	1
8	0
8	0
8	0
8	0
8	8
4	0
11	4
3	0
3	5
2	6
1	0
1	0
1	1
8	0
8	0
8	0
12	8
13	13
13	0
1	0
1	0
1	0
1	0
1	0
8	0
16	0
16	0
16	0
1	0
1	0
1	0
1	0
1	0
1	0
1	0
8	0
1	0
1	0
1	0
1	0
1	0
1	0
1	0
1	0
1	0
1	0
1	0
1	0
1	0
8	0
16	0
16	0
16	0
12	0
3	13
1	0
1	0
1	16
1	13
8	0
8	0
8	0
8	0
8	8
12	6
8	0
8	0
12	0
8	0
8	8
12	0
12	0
12	16
17	0
2	0
2	2
17	0
1	3
1	0
1	0
1	0
1	0
1	1
8	0
8	8
16	0
16	0
16	16
13	13
13	0
14	14
3	6
12	0
1	1
12	0
12	0
8	0
8	8
16	0
2	2
1	8
8	0
5	5
3	0
3	0
3	3
1	0
6	2
8	0
8	8
16	0
16	16
13	0
12	0
11	0
6	2
8	0
8	0
8	0
8	0
8	0
8	8
16	0
16	0
16	0
16	16
3	0
2	14
11	0
11	11
2	0
2	0
2	0
6	2
8	0
8	0
8	0
8	8
2	0
2	0
6	2
8	0
8	8
3	10
16	0
16	16
13	13
13	0
1	0
1	0
1	0
1	0
2	0
1	0
1	0
16	0
1	0
16	0
1	0
1	0
1	0
1	0
1	0
1	0
1	0
1	0
8	0
8	0
16	0
16	0
16	0
16	0
16	0
12	0
17	3
17	0
12	3
16	0
16	0
16	16
6	6
1	0
1	0
1	0
1	0
1	1
8	0
8	0
8	8
13	13
17	0
12	11
12	0
12	16
12	0
12	11
12	0
12	0
11	0
16	0
16	0
3	16
8	0
8	8
17	0
1	2
8	0
8	0
8	0
8	0
8	0
8	8
17	0
17	0
12	10
1	0
1	0
1	3
1	0
1	0
1	1
13	13
5	0
5	0
5	5
1	0
12	11
16	16
1	0
1	0
1	0
1	3
13	0
12	0
2	6
1	0
1	1
8	0
8	0
8	0
8	0
8	0
8	0
8	0
8	8
2	0
2	0
2	0
16	2
1	0
1	0
1	1
8	0
8	0
8	8
4	0
4	0
2	4
2	6
1	0
1	0
1	0
1	0
1	1
12	0
8	12
13	13
13	0
1	0
1	0
1	0
1	0
1	0
1	0
8	0
8	0
16	0
16	0
16	0
1	0
1	0
1	0
1	0
1	0
1	0
1	0
1	0
8	0
16	0
8	0
16	0
2	0
2	0
12	0
1	13
1	0
1	0
1	16
8	13
1	0
17	0
16	0
16	1
3	17
2	6
1	0
17	0
1	0
1	1
8	8
8	17
12	6
8	0
8	0
12	0
12	0
12	8
4	0
11	0
4	4
3	0
3	0
3	0
3	0
16	0
1	0
16	16
3	17
6	6
1	0
1	0
1	1
8	0
8	0
8	0
8	0
8	8
2	17
8	8
9	9
12	13
1	0
1	0
1	16
1	13
17	0
1	1
1	17
1	6
8	0
8	8
4	0
13	0
13	0
8	0
8	0
8	8
13	13
1	0
1	16
8	0
8	8
8	0
8	0
8	0
8	8
12	8
13	13
13	0
8	0
8	0
16	0
8	0
16	0
8	0
16	0
8	0
1	0
1	0
1	0
1	0
1	0
1	0
16	0
8	0
16	0
16	0
16	0
16	0
8	0
8	0
16	0
16	0
8	0
16	0
8	0
8	0
8	0
1	0
1	0
1	0
8	0
8	0
8	0
1	0
1	0
1	0
13	0
16	0
8	0
16	0
16	0
16	0
13	0
8	0
8	12
8	0
12	0
8	0
8	8
13	13
13	0
8	0
1	0
1	0
1	0
1	0
1	0
1	0
1	0
1	0
8	0
8	0
8	0
8	0
1	0
1	0
8	0
8	0
8	0
8	0
8	0
8	0
8	0
8	0
8	0
1	0
8	0
1	0
1	0
8	0
8	0
8	0
8	0
8	0
8	0
1	0
1	0
1	0
1	0
8	0
1	0
1	0
8	0
8	0
8	0
8	0
8	0
1	0
1	0
1	0
1	0
8	0
13	0
12	0
12	0
1	12
8	0
8	0
8	8
13	13
13	0
1	0
1	0
8	0
1	0
1	0
1	0
1	0
1	0
1	0
8	0
8	0
8	0
1	0
1	0
1	0
1	0
8	0
8	0
8	0
8	0
8	0
8	0
8	0
8	0
8	0
1	0
1	0
1	0
1	0
8	0
8	0
8	0
8	0
1	0
1	0
1	0
1	0
8	0
1	0
1	0
1	0
1	0
8	0
8	0
8	0
1	0
1	0
1	0
1	0
8	0
1	0
13	0
9	0
9	9
8	0
8	0
8	0
8	8
8	0
8	8
13	13
13	0
8	0
8	0
8	0
8	0
8	0
8	0
8	0
8	0
16	0
1	0
8	0
8	0
8	0
8	0
8	0
8	0
16	0
1	0
8	0
8	0
8	0
8	0
8	0
8	0
8	0
8	0
8	0
8	0
1	0
8	0
8	0
8	0
8	0
8	0
8	0
8	0
8	0
8	0
8	0
8	0
1	0
8	0
8	0
8	0
8	0
8	0
8	0
8	0
8	0
13	0
9	0
9	9
8	0
8	0
8	8
13	13
13	0
1	0
1	0
8	0
8	0
16	0
8	0
1	0
1	0
1	0
8	0
8	0
8	0
8	0
1	0
1	0
1	0
8	0
8	0
8	0
8	0
8	0
1	0
1	0
8	0
8	0
8	0
8	0
1	0
1	0
8	0
8	0
8	0
8	0
8	0
1	0
1	0
1	0
8	0
16	0
8	0
1	0
1	0
8	0
8	0
8	0
8	0
1	0
1	0
1	0
8	0
16	0
8	0
13	0
9	0
1	0
9	9
1	8
8	0
12	0
8	0
8	0
8	8
13	13
13	0
1	0
9	0
8	0
8	0
8	0
8	0
1	0
1	0
8	0
8	0
8	0
8	0
8	0
1	0
1	0
8	0
8	0
8	0
8	0
8	0
8	0
8	0
8	0
17	0
8	0
8	0
1	0
1	0
8	0
8	0
8	0
8	0
8	0
16	0
8	0
9	0
17	0
8	0
8	0
1	0
8	0
8	0
8	0
8	0
8	0
8	0
8	0
8	0
13	0
9	0
1	0
9	0
9	9
13	13
9	0
1	1
8	0
8	0
8	0
8	8
9	9
13	13
8	0
8	8
13	13
13	0
8	0
1	0
8	0
8	0
8	0
8	0
8	0
8	0
8	0
8	0
8	0
8	0
8	0
8	0
8	0
1	0
8	0
8	0
8	0
8	0
8	0
8	0
8	0
8	0
8	0
8	0
8	0
8	0
8	0
8	0
17	0
8	0
8	0
8	0
1	0
8	0
8	0
8	0
8	0
8	0
8	0
8	0
12	0
12	0
12	0
2	0
8	0
12	0
12	0
12	0
17	0
12	0
12	12
12	0
8	8
1	1
8	0
8	0
8	0
8	0
8	0
8	0
8	8
13	13
13	0
1	0
8	0
8	0
8	0
12	0
12	0
12	0
12	0
12	0
12	0
16	0
1	0
1	0
8	0
8	0
8	0
8	0
8	0
8	0
8	0
8	0
8	0
8	0
8	0
2	0
2	0
8	0
12	0
12	0
12	0
12	0
12	0
12	0
12	0
12	0
16	0
1	0
12	0
3	6
1	0
1	0
1	0
1	0
16	1
8	0
8	8
2	0
4	0
2	4
13	13
13	0
8	0
8	0
8	0
8	0
8	0
8	0
1	0
8	0
8	0
16	0
1	0
16	0
16	0
16	0
1	0
8	0
16	0
16	0
2	0
8	0
8	0
8	0
1	0
16	0
8	0
1	0
1	0
8	0
8	0
8	0
16	0
16	0
1	0
1	0
1	0
1	0
1	0
1	0
1	0
8	0
8	0
2	0
16	0
3	0
8	0
1	0
13	0
12	13
12	12
13	13
8	0
8	0
8	0
8	0
8	8
13	13
13	0
1	0
8	0
1	0
8	0
8	0
1	0
1	0
8	0
1	0
8	0
16	0
8	0
16	0
1	0
1	0
8	0
1	0
8	0
8	0
8	0
8	0
8	0
1	0
1	0
12	0
1	0
1	0
1	0
8	0
8	0
8	0
8	0
8	0
8	0
8	0
8	0
12	0
12	0
12	0
1	0
8	0
8	0
8	0
8	0
8	0
1	0
8	0
1	0
8	0
12	0
12	0
12	0
12	0
12	8
12	12
13	13
8	0
8	0
8	0
12	0
8	8
12	0
12	12
13	13
4	0
6	4
1	6
1	0
1	0
1	1
8	0
8	0
8	0
8	8
2	0
2	2
17	0
8	0
8	0
17	8
17	0
17	0
8	12
2	0
2	2
8	8
12	0
13	0
12	0
8	12
2	2
12	6
12	0
12	0
12	0
12	12
13	13
13	0
12	0
12	0
12	0
8	0
1	0
1	0
1	0
1	0
1	0
1	0
16	0
8	0
8	0
8	0
8	0
8	0
8	0
8	0
8	0
8	0
8	8
17	17
9	9
8	8
17	17
9	9
8	0
8	8
17	17
9	9
8	0
8	8
17	17
9	9
8	8
17	17
9	0
1	0
9	9
1	0
1	0
1	0
1	1
8	8
2	17
9	0
2	0
9	9
8	0
8	0
8	0
8	8
17	17
9	9
8	0
8	0
8	0
8	0
8	0
8	0
8	0
8	0
8	0
8	0
8	8
17	17
9	9
8	0
8	0
8	0
13	0
12	0
12	6
8	0
8	8
16	0
16	0
16	0
16	0
16	16
3	0
2	2
12	0
12	0
8	12
13	13
12	0
8	0
8	0
8	12
13	13
8	0
12	0
8	0
8	12
13	13
8	0
12	0
8	0
8	0
8	12
13	13
12	0
8	0
8	12
5	5
12	6
12	13
12	0
1	0
1	0
1	0
1	1
8	0
8	0
8	12
13	13
13	0
1	0
8	0
8	0
8	0
8	0
16	0
8	0
3	0
1	0
1	0
1	0
8	0
8	0
12	0
1	13
1	0
1	0
1	16
1	13
8	0
8	8
16	6
12	13
12	12
12	0
8	8
13	13
3	11
17	0
17	0
17	2
9	9
1	0
1	0
1	0
1	1
4	0
4	4
13	13
16	0
16	0
16	16
3	0
11	2
1	0
1	0
1	0
1	1
8	0
8	0
8	8
5	6
1	0
1	0
1	1
8	8
2	0
11	2
12	0
8	0
8	8
5	5
16	0
16	0
16	0
11	3
14	0
11	3
3	0
3	3
5	6
1	0
13	0
13	0
12	0
11	11
16	0
16	16
16	0
11	11
3	0
3	0
3	0
3	3
2	0
2	0
11	2
8	0
8	8
2	0
2	2
1	0
3	0
3	0
3	0
1	0
1	0
1	1
1	0
1	1
8	0
8	0
8	0
8	0
8	0
8	0
8	8
12	0
12	0
12	12
13	13
3	11
2	0
2	2
9	0
1	1
8	0
8	0
8	0
8	0
8	8
6	6
8	0
2	0
2	1
8	12
13	13
8	0
8	0
8	8
12	0
12	0
13	0
13	0
1	13
1	0
1	0
1	16
1	13
8	0
8	8
16	6
1	0
1	0
1	0
1	0
1	0
1	0
1	0
1	0
1	1
8	0
8	0
8	0
8	8
13	13
3	11
1	0
1	0
1	0
1	0
1	0
1	1
8	0
8	0
8	0
8	0
8	0
8	8
2	2
9	9
8	0
8	8
17	0
17	0
17	0
17	3
17	0
12	0
12	4
4	4
13	13
3	0
17	0
14	0
16	16
14	0
11	2
1	6
1	0
1	0
1	0
13	0
12	0
2	0
2	2
1	0
1	0
1	0
1	1
8	0
8	0
8	0
8	8
4	0
6	4
9	6
8	0
8	8
1	0
1	0
1	1
12	0
1	0
16	0
1	1
12	0
12	0
12	4
13	13
5	5
1	0
12	0
12	0
12	1
8	0
8	0
8	0
8	0
8	0
8	8
2	0
2	2
12	0
12	0
8	0
8	0
8	0
8	12
13	13
9	0
1	0
8	0
9	0
1	17
8	0
17	0
8	0
8	8
13	13
5	5
3	0
13	0
12	0
2	0
2	2
8	0
8	0
8	0
8	0
8	12
16	0
16	4
3	11
2	3
8	0
8	8
2	0
6	0
6	2
8	0
8	0
8	8
2	0
11	0
11	2
1	0
1	0
1	0
1	0
1	1
8	0
8	0
8	8
1	0
12	0
16	0
16	16
13	13
13	0
1	0
1	0
1	0
8	0
16	0
8	0
1	0
1	0
1	0
16	0
16	0
1	0
1	0
1	0
16	0
16	0
16	0
16	0
16	0
1	0
1	0
8	0
2	0
12	0
2	2
2	0
6	2
9	0
1	1
8	0
8	0
8	0
8	0
8	8
4	0
11	4
2	6
3	0
1	0
1	3
17	0
1	1
17	0
8	0
8	8
2	0
17	2
8	0
8	0
8	0
8	12
17	0
17	0
12	10
3	0
1	0
16	1
16	0
11	0
12	4
13	13
4	0
4	14
12	6
8	0
12	0
8	0
8	12
3	0
2	2
12	0
8	0
8	12
2	2
12	13
8	0
8	0
8	12
16	0
2	0
12	10
2	10
13	0
12	0
5	0
3	3
4	0
11	4
9	6
8	0
8	0
8	8
8	0
12	2
13	13
1	0
1	1
13	13
8	0
8	0
8	0
8	12
16	0
2	2
9	6
8	0
8	0
8	12
16	0
16	16
13	13
3	11
3	3
3	0
3	3
3	6
12	0
12	8
16	0
16	16
1	0
12	0
2	4
13	13
13	0
1	0
8	0
1	0
8	0
16	0
1	0
3	0
16	0
1	0
1	0
1	0
8	0
8	0
8	0
1	0
1	0
1	0
1	0
13	0
8	2
3	0
4	0
14	6
8	0
8	0
8	8
13	13
2	2
2	6
1	12
8	0
8	12
13	13
13	0
16	0
14	4
8	0
8	0
8	0
8	0
8	8
13	13
1	12
13	13
13	13
2	6
17	0
2	0
1	0
1	0
1	0
3	1
8	0
8	0
8	0
8	0
8	0
8	0
8	0
8	0
8	0
8	0
8	8
13	13
2	0
3	0
9	9
12	0
12	8
13	13
12	0
12	0
12	0
12	0
12	12
13	13
12	0
13	0
12	0
1	6
8	0
8	0
8	0
8	0
8	8
4	0
11	4
2	0
2	2
9	0
1	1
8	0
8	0
8	0
8	0
8	8
1	0
2	0
1	0
16	0
16	0
16	16
5	5
1	0
11	6
8	0
8	8
4	4
5	2
8	0
8	8
3	0
2	2
8	0
8	0
8	8
2	2
12	12
1	16
13	13
13	0
1	0
1	0
16	0
16	0
1	0
1	0
8	0
8	0
8	0
1	0
8	0
2	0
3	0
2	0
1	0
1	0
8	0
12	0
12	0
12	2
17	0
17	0
17	1
8	8
2	2
12	12
9	0
9	9
4	4
12	6
12	0
8	8
1	0
1	0
1	0
1	0
16	16
5	5
16	16
4	0
16	4
13	13
13	0
1	0
1	0
8	0
1	0
8	0
8	0
1	0
1	0
1	0
1	0
1	0
1	0
1	0
1	0
1	0
8	0
1	0
1	0
1	0
1	0
1	0
3	0
12	0
1	0
1	0
8	0
8	0
8	0
12	0
8	0
17	0
17	0
1	0
1	0
12	0
3	0
1	0
1	0
1	2
2	0
2	6
1	0
1	0
1	0
1	0
1	0
1	0
1	0
1	1
8	0
8	0
8	8
4	0
4	4
2	6
8	0
8	8
9	0
9	9
3	2
1	0
1	0
1	1
8	0
8	8
1	0
1	0
16	0
16	0
16	16
4	0
16	4
13	13
13	0
3	0
1	0
8	0
3	0
1	0
8	0
1	0
1	0
1	0
1	0
1	0
1	0
1	0
1	0
1	0
1	0
1	0
1	0
1	0
1	0
13	0
9	0
9	9
4	0
11	0
11	4
8	0
8	0
8	0
8	0
8	0
8	0
8	0
8	8
12	12
1	0
1	0
1	0
1	0
16	16
5	5
5	5
1	0
1	0
1	0
1	0
1	1
8	0
8	0
8	8
1	0
2	0
1	0
1	0
16	0
16	16
4	0
4	4
13	13
13	0
1	0
1	0
1	0
1	0
1	0
1	0
16	0
16	0
8	0
16	0
16	0
4	0
1	0
8	0
8	0
8	0
8	0
8	0
16	0
16	0
11	0
11	11
11	0
3	4
9	0
9	9
5	5
17	0
17	0
17	17
17	17
17	0
17	0
13	0
17	0
17	0
17	0
1	17
12	0
12	0
8	12
1	0
1	0
1	0
16	0
16	16
4	0
4	4
13	13
3	3
14	0
11	0
14	14
11	6
6	13
12	12
1	0
1	0
1	1
8	0
8	0
8	8
8	0
12	0
8	0
8	8
16	0
12	0
12	4
4	4
13	13
13	0
16	0
1	0
12	0
1	0
17	0
17	0
17	0
17	0
12	0
9	0
9	9
13	13
3	2
1	0
2	6
5	0
3	0
3	1
8	0
8	0
8	0
8	0
8	8
13	13
4	0
11	4
1	6
8	0
8	8
3	0
1	0
1	1
2	0
2	2
1	0
1	0
1	1
8	0
8	0
8	0
8	0
8	8
16	16
13	13
13	0
1	0
1	0
1	0
1	0
1	0
1	0
1	0
1	0
1	0
1	0
1	0
8	0
8	0
1	0
1	0
8	0
8	0
1	0
1	0
1	0
8	0
8	0
8	0
12	0
8	0
1	0
12	8
12	0
1	1
12	0
8	8
1	13
17	0
1	0
1	16
1	13
8	8
1	13
2	0
1	0
1	16
1	13
1	0
1	0
1	0
1	1
8	8
12	12
16	0
16	0
16	16
3	0
2	2
9	6
8	0
8	12
12	12
13	13
12	0
12	0
12	0
12	0
8	0
8	12
13	13
12	0
8	12
13	13
13	0
1	0
1	0
1	0
1	0
1	0
1	0
1	0
1	0
17	0
1	0
1	0
1	0
1	0
1	0
12	0
17	0
2	2
8	0
8	8
13	13
3	11
3	0
2	2
1	0
1	1
8	0
8	0
8	0
8	12
5	5
3	0
3	0
3	0
3	3
2	0
2	2
8	0
8	0
8	0
8	8
1	0
1	0
17	16
4	0
4	4
13	13
16	0
16	16
1	3
1	0
1	1
8	0
8	0
8	8
17	6
8	0
13	0
12	0
13	0
12	0
12	0
12	8
12	0
12	0
12	8
9	9
13	13
8	0
8	0
8	0
8	0
8	0
8	0
13	0
12	0
2	2
8	0
8	0
8	0
8	0
8	0
8	0
8	8
16	0
16	0
16	0
16	16
12	6
12	0
12	0
12	0
12	0
8	8
9	9
2	2
9	6
8	0
8	12
13	13
3	11
3	2
12	12
4	0
4	0
16	16
5	5
1	12
5	5
8	8
4	0
16	4
13	13
13	0
1	0
1	0
8	0
1	0
1	0
16	0
1	0
3	0
8	0
1	0
1	0
8	0
8	0
8	0
8	0
16	0
16	0
16	0
16	0
1	0
12	0
12	0
12	6
12	0
12	0
12	0
8	8
9	9
16	0
16	0
16	0
16	0
16	16
2	0
2	2
8	0
8	8
2	2
12	0
12	0
8	12
16	0
2	2
8	12
3	2
12	0
8	0
8	0
8	12
13	13
13	0
1	0
3	0
1	0
1	0
1	0
1	0
3	0
1	0
1	0
8	0
3	0
1	0
1	0
8	0
1	0
1	0
1	0
1	0
12	0
8	0
12	0
16	0
8	0
16	0
16	0
16	0
3	0
3	0
1	0
1	0
12	0
1	13
1	0
1	0
1	16
1	13
8	0
8	0
8	0
8	8
17	6
12	0
17	0
17	0
12	0
12	0
12	0
8	8
12	0
12	17
16	0
16	0
16	0
16	0
16	16
2	2
12	12
13	13
8	0
8	0
8	0
8	8
12	0
17	17
13	13
2	2
3	2
8	12
5	5
16	0
16	16
2	0
2	2
8	0
8	0
8	0
8	8
3	0
6	2
8	0
8	0
8	8
8	0
8	0
12	0
8	12
1	0
2	10
13	13
13	0
12	0
12	6
12	0
8	0
8	0
8	8
2	2
12	12
2	0
2	0
2	2
8	0
8	0
8	0
8	12
16	0
16	0
16	0
16	0
16	16
11	0
2	2
8	12
13	13
13	0
8	0
8	0
1	0
8	0
8	0
1	0
1	0
1	0
8	0
8	0
1	0
8	0
1	0
8	0
8	0
8	0
3	0
1	0
8	0
8	0
8	0
1	0
1	0
1	0
8	0
8	0
8	0
8	0
8	0
1	0
1	0
1	0
1	0
8	0
8	0
12	0
1	13
1	0
1	0
1	16
1	13
8	0
8	0
8	0
8	0
8	0
8	0
8	0
8	0
8	0
8	0
8	8
16	17
8	0
8	0
8	8
12	12
13	13
9	0
9	9
16	0
16	0
16	16
13	13
16	0
16	0
4	3
2	0
2	2
8	0
8	0
8	0
8	0
8	0
8	0
8	0
1	8
1	0
1	0
1	0
1	16
8	17
12	0
1	1
12	0
8	8
13	13
9	0
9	9
11	0
16	0
16	16
13	13
2	2
13	0
13	0
1	17
8	0
8	0
12	8
8	0
12	0
12	0
8	12
13	13
17	0
2	2
17	0
1	0
1	1
8	0
8	8
13	13
16	17
12	0
12	0
12	8
12	0
12	0
12	0
12	0
12	12
13	13
12	0
12	0
8	0
12	12
13	13
12	0
12	0
12	12
5	5
12	0
12	0
12	12
13	13
12	0
12	0
12	0
12	0
12	12
13	13
13	13
1	0
1	11
17	0
1	2
1	0
1	0
1	0
1	0
1	1
8	0
8	8
13	0
13	0
1	13
16	0
1	0
1	16
1	13
8	0
8	0
8	0
8	8
1	0
1	0
17	0
17	0
17	12
13	13
17	0
17	0
17	17
13	13
13	13
13	0
1	0
1	0
1	0
1	0
1	0
16	0
1	0
16	0
16	0
16	0
1	0
1	0
1	0
1	0
17	0
17	0
1	0
1	0
17	0
1	0
1	0
1	0
16	0
17	0
17	0
16	0
1	0
1	0
1	0
1	0
1	0
16	0
16	0
16	0
16	0
1	0
17	0
1	0
12	0
12	0
12	12
16	0
1	0
2	1
12	0
8	0
17	0
8	0
8	0
8	0
8	8
17	0
2	2
8	8
12	17
1	0
1	0
1	0
1	1
17	0
8	8
16	17
8	0
12	8
2	0
2	2
12	8
16	17
8	8
8	0
12	12
13	13
8	12
13	13
17	0
2	2
1	1
8	0
8	0
8	8
2	2
2	6
12	0
9	0
9	0
1	12
8	0
8	0
12	0
8	8
1	0
1	0
2	1
8	0
8	0
8	0
8	8
13	0
12	0
1	6
8	0
8	8
8	0
2	2
17	6
8	0
8	0
8	8
2	0
2	5
8	0
8	0
8	8
17	0
11	4
3	3
3	10
1	0
1	16
13	13
13	0
1	0
1	0
1	0
1	0
1	0
1	0
16	0
16	0
16	0
1	0
1	0
3	0
16	0
1	0
1	0
1	0
1	0
1	0
1	0
1	0
1	0
1	0
1	0
1	0
1	0
1	0
8	0
8	0
8	0
1	0
16	0
16	0
16	0
16	0
1	0
1	0
8	0
13	0
1	0
3	0
8	0
8	0
8	0
8	8
16	0
11	2
2	0
6	6
1	0
1	0
1	0
1	1
8	0
8	0
12	12
13	13
11	0
6	6
1	0
1	0
1	0
1	1
8	0
8	0
8	0
8	0
8	0
13	0
17	0
12	0
17	0
17	0
17	0
12	8
12	0
17	16
10	0
10	0
2	2
13	13
13	0
8	0
1	0
8	0
1	0
1	0
1	0
1	0
16	0
16	0
16	0
16	0
1	0
1	0
1	0
1	0
1	0
13	0
8	0
8	0
8	8
13	13
1	0
1	16
1	1
8	0
8	0
8	0
8	0
8	0
8	0
8	8
13	13
13	0
1	0
1	0
1	0
1	0
8	0
8	0
1	0
1	0
1	0
1	0
1	0
1	0
1	0
8	0
8	0
8	0
8	0
8	0
8	0
8	0
8	0
8	0
8	0
1	0
1	0
8	0
8	0
1	0
1	0
1	0
1	0
8	0
8	0
1	0
1	0
1	0
1	0
1	0
8	0
8	0
8	0
8	0
8	0
12	0
3	6
1	0
1	0
1	0
1	0
16	1
8	0
8	8
2	0
4	0
2	4
13	13
13	0
8	0
8	0
8	0
8	0
8	0
8	0
1	0
8	0
8	0
16	0
1	0
16	0
16	0
16	0
1	0
8	0
16	0
16	0
2	0
8	0
8	0
8	0
1	0
16	0
8	0
1	0
1	0
8	0
8	0
8	0
16	0
16	0
1	0
1	0
1	0
1	0
1	0
1	0
1	0
8	0
8	0
2	0
16	0
3	0
8	0
1	0
13	0
13	13
1	0
8	0
8	0
8	0
1	0
8	12
13	13
12	0
8	0
8	0
8	0
8	8
13	13
13	0
1	0
1	0
1	0
8	0
16	0
16	0
1	0
1	0
1	0
1	0
1	0
1	0
16	0
16	0
1	0
8	0
1	0
8	0
8	0
8	0
1	0
1	0
8	0
1	0
16	0
16	0
16	0
1	0
1	0
1	0
1	0
1	0
1	0
1	0
1	0
1	0
8	0
16	0
16	0
1	0
1	0
1	0
8	0
8	0
12	0
1	0
1	0
1	0
1	0
1	0
1	0
8	0
1	8
8	8
2	0
2	2
8	0
12	0
8	0
8	0
8	0
8	12
2	6
12	12
12	0
12	0
12	0
12	0
12	0
8	12
4	0
11	4
2	6
1	0
1	0
1	0
1	0
12	1
5	5
2	6
1	0
1	0
1	0
1	0
1	0
1	0
12	1
8	0
12	0
8	8
2	2
3	0
12	6
12	0
12	0
12	12
13	13
13	0
1	0
8	0
1	0
1	0
1	0
1	0
12	0
3	11
4	0
11	4
9	0
13	0
9	9
8	0
8	8
1	1
5	5
11	11
6	4
9	9
1	6
8	0
8	0
8	8
2	2
9	0
13	0
9	9
8	8
1	0
12	4
13	13
13	0
3	0
8	0
1	0
8	0
1	0
16	0
1	0
1	0
1	0
1	0
16	0
1	0
8	0
8	0
17	0
8	0
8	0
1	0
16	0
1	0
3	0
1	0
3	0
3	0
9	0
8	0
8	0
8	0
1	0
16	0
16	0
1	0
1	0
12	0
12	0
12	6
8	0
8	0
8	0
8	0
8	8
16	0
16	0
16	0
16	16
11	0
2	2
12	6
12	13
12	12
2	2
12	6
12	13
12	0
12	12
13	13
13	0
8	0
8	0
12	0
16	0
12	0
16	0
16	0
16	0
8	0
8	0
12	0
12	0
12	0
12	0
8	0
12	0
12	0
12	0
8	0
8	0
8	0
12	0
12	0
12	0
16	0
1	0
1	0
8	0
16	0
16	0
16	0
16	0
8	0
8	0
8	0
8	0
12	0
1	0
1	0
1	0
1	3
12	0
12	4
2	3
17	3
9	6
17	0
13	17
5	5
11	0
6	6
8	0
8	0
8	0
8	0
8	0
8	0
8	0
8	12
3	0
2	2
1	0
1	0
1	1
8	0
8	0
8	0
8	0
8	0
8	12
16	0
16	0
16	16
4	0
4	0
17	14
6	0
6	0
3	3
17	3
2	0
3	0
3	3
1	0
1	0
1	16
17	0
12	0
12	4
12	0
12	4
13	13
13	0
1	0
3	0
1	0
12	0
8	0
8	0
8	0
8	0
8	0
8	0
8	0
8	0
8	8
16	17
9	9
8	0
8	0
8	0
8	12
2	0
2	2
8	0
8	0
8	0
8	0
8	0
8	12
17	17
9	9
8	0
8	0
8	8
17	17
9	9
8	0
8	0
8	0
8	0
8	0
8	0
8	8
17	17
9	9
8	0
8	0
8	8
3	13
17	0
3	0
1	16
1	13
8	0
8	0
8	0
8	12
2	0
2	2
8	0
8	0
8	0
8	0
8	0
13	0
13	0
11	0
4	0
4	3
1	0
1	0
1	0
1	16
3	0
3	0
9	9
17	0
1	0
1	0
1	1
8	0
8	0
8	8
10	0
16	0
16	10
13	13
13	0
8	0
8	0
8	0
16	0
1	0
8	0
1	0
8	0
8	0
1	0
1	0
1	0
1	0
8	0
8	0
8	0
16	0
16	0
16	0
8	0
1	0
8	0
16	0
16	0
8	0
3	0
3	0
1	0
1	0
8	0
8	0
8	0
8	0
8	0
1	0
1	0
1	0
12	0
3	17
12	2
8	0
1	0
1	8
8	0
8	0
8	0
8	16
17	6
17	0
17	1
8	0
12	0
8	0
8	0
8	12
13	13
13	0
1	0
8	0
8	0
8	0
8	0
8	0
16	0
1	0
1	0
8	0
16	0
16	0
1	0
1	0
1	0
8	0
8	0
8	0
8	0
1	0
1	0
1	0
8	0
8	0
8	0
8	0
8	0
16	0
1	0
1	0
1	0
8	0
8	0
8	0
16	0
16	0
17	0
17	0
1	0
1	0
12	0
16	11
12	4
16	6
12	0
12	0
12	0
12	0
12	8
2	2
17	0
1	3
9	9
8	0
8	8
5	5
11	0
11	4
1	0
1	3
9	0
13	0
9	9
8	0
8	8
1	0
1	0
1	1
13	13
13	0
3	0
16	0
16	0
1	0
1	0
8	0
16	0
16	0
1	0
1	0
1	0
8	0
1	0
1	0
16	0
1	0
1	0
8	0
8	0
1	0
1	0
12	0
12	0
16	0
16	0
16	0
16	0
17	0
1	0
1	0
11	0
11	11
4	0
11	4
2	0
2	0
2	2
9	0
9	0
9	9
8	8
8	0
1	0
1	1
8	0
8	0
8	0
8	0
8	0
8	8
2	2
2	6
8	0
8	0
8	0
8	0
8	0
8	12
2	2
2	0
2	6
8	0
8	0
8	0
8	12
16	0
16	0
16	16
13	13
13	0
1	0
1	0
1	0
1	0
8	0
8	0
3	0
3	0
16	0
3	0
3	0
8	0
8	0
8	0
8	0
8	0
8	0
8	0
1	0
1	0
12	0
12	0
12	11
16	0
16	0
16	0
16	16
8	0
1	8
8	0
8	0
8	0
8	0
8	12
13	13
13	0
12	0
8	0
8	0
8	0
8	0
8	0
8	0
8	0
8	0
16	0
16	0
3	0
16	0
1	0
1	0
8	0
8	0
8	0
8	0
8	0
8	0
1	0
16	0
16	0
1	0
8	0
8	0
8	0
8	0
8	0
8	0
12	0
12	0
16	0
16	0
16	0
1	0
1	0
1	0
8	0
8	0
8	0
8	0
8	0
12	0
3	17
12	2
8	0
8	0
8	0
8	8
8	0
16	0
16	16
2	6
12	0
8	0
8	0
8	0
8	12
13	13
13	0
1	0
1	0
8	0
1	0
8	0
8	0
1	0
8	0
1	0
8	0
8	0
8	0
16	0
8	0
1	0
12	0
8	0
8	0
8	0
8	0
1	0
8	0
8	0
8	0
8	0
8	0
8	0
1	0
3	0
16	0
1	0
1	0
1	0
8	0
8	0
8	0
8	0
16	0
8	0
1	0
1	0
8	0
12	0
3	11
4	0
11	4
1	0
3	3
9	9
8	0
8	8
1	1
5	5
9	9
8	2
9	9
8	0
8	8
1	0
1	0
1	1
13	13
13	0
3	0
1	0
1	0
1	0
1	0
1	0
3	0
8	0
8	0
8	0
8	0
1	0
1	0
8	0
8	0
1	0
1	0
1	0
1	0
1	0
1	0
1	0
8	0
1	0
1	0
1	0
3	0
16	0
1	0
3	0
1	0
8	0
8	0
8	0
1	0
8	0
1	0
1	0
8	0
12	0
1	17
12	2
12	0
12	8
12	0
12	0
16	16
12	13
12	6
12	0
12	1
12	0
12	0
12	0
8	0
12	8
13	13
13	0
1	0
1	0
16	0
16	0
16	0
8	0
1	0
1	0
16	0
16	0
16	0
12	0
12	0
12	0
1	0
12	0
16	0
12	0
16	0
1	0
1	0
1	0
16	0
16	0
16	0
16	0
1	0
1	0
16	0
1	0
1	0
8	0
12	0
12	0
16	0
12	0
12	0
12	0
12	0
1	0
12	0
12	0
3	11
4	0
11	4
16	0
1	3
9	9
8	0
8	8
1	1
5	5
16	0
16	3
9	0
13	0
9	9
8	0
8	8
1	0
1	0
1	1
13	13
13	0
1	0
16	0
3	0
16	0
1	0
8	0
1	0
8	0
16	0
16	0
16	0
1	0
1	0
1	0
8	0
1	0
16	0
1	0
1	0
1	0
1	0
1	0
16	0
1	0
3	0
16	0
16	0
3	0
16	0
8	0
8	0
8	0
1	0
16	0
16	0
16	0
17	0
12	0
1	0
1	2
12	0
12	8
4	0
11	4
2	0
2	0
6	2
8	0
8	8
2	0
2	2
2	0
2	0
2	0
1	1
8	0
8	0
8	0
8	0
8	12
13	13
9	0
9	9
8	8
8	2
13	13
13	0
1	0
8	0
8	0
8	0
8	0
8	0
1	0
8	0
8	0
8	0
8	0
8	0
8	0
8	0
8	0
8	0
8	0
8	0
1	0
1	0
8	0
8	0
8	0
1	0
1	0
1	0
8	0
8	0
8	0
8	0
13	0
12	8
8	13
2	2
2	0
2	6
8	0
8	0
8	0
8	0
8	0
8	8
2	0
2	2
8	0
2	0
2	0
11	1
8	0
8	0
8	0
8	0
8	0
8	12
16	0
16	0
16	16
13	13
13	0
8	0
8	0
8	0
16	0
16	0
8	0
8	0
8	0
8	0
1	0
8	0
1	0
8	0
8	0
8	0
8	0
8	0
8	0
8	0
8	0
8	0
8	0
8	0
1	0
1	0
8	0
8	0
8	0
16	0
1	0
8	0
13	0
1	0
2	0
12	2
16	0
16	1
8	0
8	0
8	0
8	0
8	12
13	13
9	0
9	9
8	8
8	2
13	13
13	0
8	0
8	0
8	0
8	0
8	0
8	0
8	0
1	0
1	0
8	0
8	0
8	0
8	0
8	0
8	0
8	0
8	0
8	0
8	0
13	0
8	0
8	0
8	0
8	0
8	0
8	0
8	0
8	0
1	0
16	0
16	0
3	0
16	0
1	0
8	0
8	0
8	0
8	0
8	0
8	0
8	0
8	0
13	0
12	0
12	8
8	13
4	0
11	4
2	2
8	0
2	6
12	0
8	0
8	0
8	0
8	12
1	0
16	0
16	16
13	13
13	0
8	0
8	0
8	0
8	0
8	0
8	0
8	0
8	0
8	0
8	0
8	0
8	0
8	0
8	0
1	0
1	0
8	0
1	0
16	0
8	0
8	0
8	0
8	0
8	0
8	0
8	0
8	0
8	0
12	0
12	0
8	0
8	0
1	0
8	0
1	0
8	0
8	0
8	0
8	0
8	0
1	0
12	0
12	17
12	2
8	0
8	8
8	0
8	0
8	0
16	16
9	6
8	0
8	0
8	0
8	0
8	0
8	0
8	0
8	12
13	13
13	0
12	0
12	0
8	0
8	0
8	0
8	0
8	0
12	0
16	0
16	0
16	0
1	0
1	0
8	0
8	0
1	0
1	0
8	0
8	0
8	0
8	0
8	0
8	0
16	0
8	0
8	0
8	0
12	0
1	0
1	0
1	0
8	0
16	0
16	0
16	0
1	0
1	0
8	0
8	0
8	0
13	0
3	11
4	0
11	4
9	9
8	0
8	8
1	1
5	5
16	0
3	3
9	9
8	8
1	0
1	0
1	1
5	5
4	0
11	4
2	0
2	2
12	0
8	0
8	8
2	0
2	0
6	2
8	0
8	0
8	0
8	0
8	8
2	2
2	6
8	0
8	0
8	0
12	0
8	0
8	0
8	12
13	13
9	0
9	9
8	8
8	2
13	13
13	0
16	0
3	0
8	0
8	0
1	0
8	0
16	0
3	0
3	0
8	0
8	0
1	0
13	0
12	0
12	8
8	13
2	2
2	0
2	6
8	0
8	0
8	0
8	0
8	0
8	12
16	0
16	0
16	16
13	13
13	0
8	0
8	0
1	0
8	0
8	0
8	0
8	0
8	0
8	0
8	0
1	0
1	0
1	0
8	0
8	0
1	0
1	0
16	0
8	0
8	0
8	0
1	0
8	0
1	0
16	0
8	0
8	0
8	0
8	0
12	0
12	0
8	0
8	0
8	0
1	0
1	0
1	0
1	0
8	0
8	0
1	0
1	0
13	0
1	13
1	0
1	0
1	16
1	13
8	0
8	0
8	8
2	0
2	2
8	0
8	0
8	0
8	0
8	0
8	12
16	0
11	2
16	0
16	0
16	0
16	16
12	0
12	6
12	0
12	8
13	13
3	11
3	0
1	3
9	0
13	0
9	9
8	0
8	8
1	0
1	0
1	1
4	0
4	4
13	13
2	2
2	0
2	0
1	6
8	0
8	0
8	0
8	0
8	0
8	0
8	0
8	8
2	2
2	2
3	0
2	2
9	9
13	0
12	0
11	11
16	8
6	0
6	3
8	6
12	0
2	0
9	1
8	0
8	0
8	0
8	0
8	0
8	8
5	5
16	0
16	0
16	0
16	16
3	3
3	0
3	0
3	3
1	0
2	2
8	0
8	0
8	0
8	0
8	0
8	8
2	10
13	13
13	0
1	0
8	0
1	0
1	0
8	0
8	0
8	0
1	0
1	0
8	0
1	0
1	0
1	0
16	0
3	0
8	0
8	0
3	0
1	0
1	0
8	0
8	0
1	0
1	0
1	0
12	0
2	6
5	0
3	0
3	0
9	1
8	0
8	8
2	0
2	2
8	0
8	0
8	8
4	0
11	4
16	0
1	0
16	16
2	2
8	0
8	0
8	0
8	0
8	0
8	8
13	13
13	0
1	0
1	0
8	0
1	0
8	0
8	0
1	0
1	0
1	0
1	0
8	0
1	0
1	0
1	0
1	0
1	0
1	0
8	0
8	0
8	0
1	0
1	0
2	0
1	0
1	0
1	0
8	0
1	0
1	0
8	0
8	0
16	0
1	0
12	0
12	6
12	13
12	0
8	0
8	0
8	0
8	0
8	8
4	0
11	4
2	0
2	2
8	0
8	0
8	0
8	0
8	8
2	0
2	2
1	0
1	3
9	0
9	9
8	0
8	8
12	0
12	8
8	8
13	13
5	0
3	3
17	3
17	0
2	0
2	2
2	6
12	0
8	0
8	0
8	0
8	0
8	8
13	13
13	0
1	0
8	0
1	0
1	0
12	0
1	0
8	0
17	0
1	0
1	0
16	0
3	0
1	0
2	0
1	0
12	0
3	2
3	0
12	0
4	3
8	0
12	0
12	0
12	16
2	6
12	8
8	12
3	11
17	0
2	0
2	2
8	0
8	0
8	12
1	0
1	2
8	0
8	0
8	0
8	0
8	0
8	0
8	0
8	0
8	0
8	8
17	0
1	16
5	5
1	0
1	0
1	3
2	0
2	2
8	0
8	12
1	0
1	0
3	0
16	16
13	13
13	0
3	0
3	0
3	0
1	0
1	0
3	0
8	0
8	0
1	0
1	0
1	0
3	0
16	0
12	0
1	13
1	0
1	0
1	16
1	13
8	0
8	0
8	0
8	0
8	0
8	0
8	8
2	2
12	0
12	0
12	6
8	0
8	0
8	0
8	8
4	0
4	0
16	0
16	2
2	6
1	0
1	0
1	0
1	0
1	1
8	0
8	0
8	8
13	13
8	0
8	3
2	2
2	6
8	0
8	0
8	8
2	0
2	2
9	0
1	1
8	0
8	0
8	0
8	0
8	0
8	8
13	13
11	0
3	4
2	6
1	0
17	1
12	0
13	0
12	0
12	0
12	0
12	2
2	6
1	0
1	0
1	0
1	0
1	1
8	0
8	0
8	0
8	0
8	8
17	0
2	0
2	2
8	0
12	3
9	0
9	9
4	0
6	4
1	0
3	0
1	0
1	2
5	0
3	0
1	0
2	2
2	0
2	2
8	0
8	0
8	0
8	0
8	0
8	12
1	0
1	0
12	0
8	0
1	1
4	0
16	4
5	5
11	4
1	0
17	0
9	1
8	0
8	0
8	0
8	8
2	0
2	2
8	0
13	0
12	0
2	6
1	0
2	0
3	0
1	0
3	0
1	0
1	1
13	13
2	2
6	0
6	6
1	0
1	0
8	8
13	13
1	0
12	0
1	0
1	1
8	0
8	0
8	0
8	8
12	0
12	0
12	16
17	3
17	0
17	0
17	1
17	0
2	2
17	6
17	3
1	0
1	0
1	3
1	0
1	0
1	0
1	0
1	0
1	0
1	0
1	1
8	0
8	0
8	0
8	0
8	0
8	8
2	0
1	0
1	0
1	0
1	0
1	16
13	0
12	0
16	0
17	0
17	2
9	9
17	4
3	6
12	0
12	0
12	1
2	0
2	2
8	0
8	0
8	8
2	0
2	2
8	0
8	8
2	0
2	2
9	9
8	8
2	0
16	16
13	13
13	0
1	0
8	0
1	0
8	0
1	0
1	0
1	0
8	0
16	0
1	0
1	0
16	0
8	0
16	0
8	0
1	0
8	0
8	0
16	0
16	0
16	0
16	0
8	0
16	0
16	0
16	0
12	0
12	0
1	0
1	0
1	0
1	0
8	0
12	0
1	0
1	0
16	0
1	3
17	0
17	4
3	0
3	3
17	6
12	0
12	0
12	8
2	0
2	2
8	0
8	0
8	0
8	0
8	0
8	0
8	12
5	5
2	0
2	2
8	0
8	0
8	0
8	0
8	0
8	0
8	0
8	12
16	0
3	0
1	0
1	0
16	3
2	2
8	0
2	6
1	0
1	0
1	1
8	0
8	0
8	0
8	0
8	0
8	12
1	0
1	0
1	16
12	0
12	0
12	4
13	13
13	0
1	0
1	0
12	0
1	0
1	0
1	0
1	0
1	0
1	0
1	1
8	0
8	0
8	0
8	0
8	0
8	8
12	0
12	4
17	0
2	6
8	0
8	0
8	8
17	0
12	0
12	2
4	0
2	6
1	0
17	0
1	1
8	0
8	8
17	0
17	0
17	10
17	0
17	3
17	0
17	0
17	0
16	16
13	13
13	0
1	0
1	0
1	0
1	0
1	0
1	0
1	0
1	0
17	0
17	0
1	0
1	0
1	0
1	0
17	0
8	0
16	0
8	0
13	0
3	0
14	0
1	0
14	0
14	14
3	0
4	0
2	6
3	0
6	0
14	14
17	0
1	11
1	0
9	1
8	0
8	0
8	8
17	0
2	2
17	0
17	0
3	8
2	2
3	0
12	6
9	0
1	1
2	2
3	0
17	0
3	0
3	3
9	0
1	1
8	0
8	8
1	0
1	0
1	1
4	0
16	4
16	0
2	4
13	13
11	4
16	0
11	11
2	6
1	0
1	0
1	0
8	0
8	0
8	8
16	0
16	0
16	3
13	0
12	0
3	0
3	0
1	0
1	0
3	3
3	2
9	6
8	0
8	0
8	0
8	0
8	0
8	8
16	0
2	0
2	2
9	9
11	4
11	11
3	0
1	0
1	3
1	0
12	0
12	10
16	0
16	0
16	16
13	13
13	0
1	0
1	0
16	0
16	0
16	0
1	0
16	0
16	0
16	0
16	0
16	0
16	0
16	0
1	0
1	0
1	0
1	0
1	0
16	0
1	0
16	0
16	0
1	0
1	0
1	0
8	0
8	0
8	0
16	0
11	0
11	0
16	0
16	3
2	2
6	6
1	0
1	0
1	1
8	0
8	8
3	0
3	11
3	0
6	0
3	3
1	0
17	3
17	0
17	0
3	0
3	3
12	0
12	0
12	1
12	0
12	0
12	4
11	0
11	4
11	4
11	11
16	0
11	11
3	0
3	0
3	3
3	0
3	5
3	3
1	0
1	0
1	1
1	0
2	16
1	0
3	0
1	0
16	0
1	16
13	13
3	5
2	3
17	0
17	3
1	0
1	1
8	0
8	0
13	0
12	0
1	13
17	0
1	0
1	16
1	13
8	0
8	0
8	8
1	0
17	0
17	0
17	0
17	12
13	13
17	0
17	0
17	17
13	13
13	13
13	0
1	0
1	0
17	0
8	0
17	0
8	0
1	0
16	0
16	0
1	0
17	0
17	0
17	0
17	0
17	0
17	0
17	0
17	0
17	0
1	0
17	0
1	0
17	0
17	0
17	0
16	0
1	0
1	0
1	0
1	0
1	0
1	0
16	0
16	0
17	0
17	0
17	0
17	0
17	0
13	0
1	0
17	17
13	13
13	0
17	0
17	0
17	0
12	0
12	0
12	0
17	0
17	0
17	0
12	0
12	0
12	0
1	0
17	0
17	0
17	0
12	0
12	0
12	0
1	0
1	0
17	0
17	0
12	0
12	0
1	0
1	0
17	0
17	0
17	0
12	0
12	0
1	0
1	0
1	0
1	0
12	0
12	0
12	0
12	0
1	0
17	0
17	0
12	0
12	0
1	0
17	0
17	0
17	0
12	0
16	0
1	0
1	0
17	0
17	0
12	0
3	0
3	0
8	0
1	0
1	0
1	12
16	0
1	0
1	1
12	0
8	0
17	0
8	0
8	0
8	0
8	8
17	0
2	2
8	8
5	17
8	8
12	0
12	0
12	0
12	0
8	0
8	12
2	0
2	2
1	1
8	0
8	0
8	8
2	2
2	6
12	0
12	0
12	0
12	12
8	0
12	0
12	0
8	8
12	12
12	12
16	0
11	2
2	0
6	6
1	0
1	0
1	0
1	1
8	0
12	0
12	12
13	13
11	0
13	0
12	0
8	0
8	0
8	8
13	13
12	0
1	16
12	12
12	12
8	0
8	0
8	0
8	0
8	0
8	8
8	0
8	0
8	0
8	0
8	8
9	0
1	1
8	0
8	8
9	9
17	0
2	2
12	6
8	0
8	0
8	0
8	8
12	0
12	16
2	2
8	0
12	12
13	13
12	0
12	0
12	12
12	0
12	0
12	8
9	0
9	9
8	0
8	8
8	0
8	0
8	8
8	0
8	0
8	0
8	8
8	0
8	0
8	8
2	2
13	0
13	0
8	8
13	13
13	0
1	0
1	0
1	0
8	0
8	0
8	0
1	0
1	0
1	0
8	0
8	0
8	0
8	0
1	0
1	0
1	0
8	0
8	0
8	0
8	0
1	0
1	0
1	0
8	0
8	0
8	0
8	0
1	0
1	0
1	0
8	0
8	0
8	0
1	0
1	0
1	0
1	0
1	0
8	0
8	0
8	0
1	0
1	0
8	0
8	0
8	0
1	0
1	0
1	0
8	0
8	0
1	0
1	0
1	0
1	0
8	0
13	0
9	0
1	1
8	0
8	0
8	0
8	8
9	9
8	8
13	13
13	0
8	0
1	0
1	0
8	0
8	0
8	0
8	0
8	0
8	0
8	0
1	0
8	0
8	0
8	0
8	0
8	0
1	0
1	0
1	0
8	0
8	0
8	0
1	0
8	0
1	0
8	0
8	0
8	0
8	0
1	0
8	0
1	0
8	0
8	0
1	0
8	0
1	0
8	0
8	0
8	0
8	0
1	0
1	0
1	0
8	0
8	0
1	0
8	0
1	0
13	0
9	0
1	1
8	8
9	9
8	0
8	0
8	0
8	0
8	8
13	13
13	0
1	0
8	0
1	0
8	0
16	0
16	0
1	0
8	0
8	0
8	0
8	0
8	0
16	0
16	0
1	0
8	0
8	0
8	0
16	0
16	0
8	0
8	0
8	0
1	0
8	0
16	0
1	0
1	0
8	0
8	0
8	0
8	0
8	0
16	0
8	0
8	0
8	0
8	0
8	0
1	0
8	0
8	0
8	0
8	0
8	0
1	0
1	0
8	0
12	0
8	0
12	0
12	0
1	8
2	6
12	12
12	12
13	13
2	17
9	0
1	1
8	8
9	9
2	2
8	0
12	12
13	13
4	0
6	4
1	6
1	0
1	0
1	1
8	0
8	0
8	0
8	0
8	0
8	0
8	8
13	13
13	0
1	0
1	0
1	0
1	0
8	0
1	0
1	0
1	0
1	0
1	0
1	0
1	0
1	0
1	0
1	0
8	0
8	0
8	0
8	0
8	0
1	0
1	0
16	0
1	0
8	0
8	0
1	0
12	0
8	0
8	0
8	0
8	0
8	0
8	0
8	0
8	0
8	8
8	17
9	9
8	0
8	0
8	8
16	17
9	0
1	0
9	9
8	0
8	0
8	8
2	2
2	6
12	0
12	0
12	12
17	17
9	0
1	0
9	9
8	0
8	12
12	0
12	0
12	0
12	12
17	17
9	0
1	0
9	9
12	0
12	0
12	12
12	12
17	17
9	0
1	0
9	9
8	0
8	8
8	0
8	12
17	17
9	9
8	0
8	0
8	8
12	17
13	0
12	0
9	9
4	0
11	4
11	11
3	0
2	0
2	2
8	0
12	8
8	0
8	12
2	2
2	6
3	0
1	0
1	0
1	0
1	0
1	1
8	0
8	0
8	8
1	0
12	0
1	0
12	0
16	16
13	13
2	0
5	5
3	0
3	3
17	0
2	9
8	0
12	8
16	0
1	1
4	0
4	4
11	11
17	0
17	0
12	6
8	8
12	12
12	0
12	12
2	0
2	0
2	2
8	0
12	8
8	0
8	0
8	12
16	0
9	0
13	0
12	0
3	0
2	2
9	6
8	0
8	8
2	0
2	2
12	0
12	0
12	12
16	12
4	0
4	4
11	11
6	0
6	0
3	3
1	0
1	6
1	0
1	0
1	0
1	0
1	1
8	0
8	8
1	0
16	0
16	16
13	13
13	0
3	0
3	0
16	0
8	0
8	0
8	0
3	0
3	0
1	0
1	0
1	0
1	0
1	0
1	0
1	0
1	0
8	0
1	0
1	0
8	0
1	0
1	0
12	0
8	0
16	0
16	0
4	0
1	0
11	0
9	0
2	2
9	9
2	2
9	9
3	0
6	4
9	6
8	12
1	0
1	0
1	0
1	0
1	1
17	0
1	2
17	0
8	12
8	0
12	12
8	0
8	0
16	0
16	16
13	13
13	0
3	0
1	0
1	0
1	0
8	0
1	0
1	0
1	0
1	0
1	0
8	0
1	0
1	0
16	0
8	0
8	0
1	0
16	0
8	0
8	0
8	0
8	0
8	0
16	0
8	0
8	0
1	0
1	0
1	0
1	0
1	0
1	0
1	0
12	0
3	13
1	0
1	0
1	16
1	13
8	0
8	12
12	0
12	0
8	0
12	12
2	2
2	6
12	0
12	0
8	0
8	8
2	2
2	6
12	0
12	8
9	0
8	0
9	9
4	0
4	4
11	11
3	0
1	2
1	0
1	0
1	0
1	1
8	8
8	0
8	12
12	0
12	0
8	0
12	12
1	0
2	0
2	0
16	0
16	0
16	0
16	16
13	13
13	0
1	0
1	0
1	0
1	0
1	0
8	0
8	0
16	0
1	0
8	0
3	0
2	2
2	6
8	0
8	8
12	0
6	0
12	0
12	3
4	0
11	4
2	6
8	12
1	3
3	3
3	0
2	2
8	0
8	0
8	0
8	0
8	8
1	0
1	16
13	13
13	0
1	0
1	0
1	0
1	0
1	0
1	0
8	0
1	0
1	0
1	0
1	0
1	0
1	0
1	0
1	0
1	0
1	0
1	0
1	0
1	0
8	0
1	0
1	0
1	0
8	0
12	0
12	0
12	0
16	0
1	0
1	0
1	0
8	0
1	0
12	0
3	11
11	0
17	4
8	0
17	0
12	3
17	0
17	9
12	0
12	8
2	0
16	0
16	0
16	16
5	5
3	0
3	4
12	9
12	0
12	0
12	0
12	8
16	0
16	16
13	13
13	0
3	0
8	0
8	0
8	0
8	0
16	0
3	0
16	0
16	0
1	0
3	0
1	0
1	0
12	0
12	0
12	0
8	0
1	0
16	0
1	0
3	0
16	0
1	0
8	0
8	0
17	0
12	0
12	0
8	0
8	0
16	0
16	0
16	0
12	0
12	12
2	2
12	12
2	6
12	12
2	2
12	12
13	13
9	0
9	9
9	2
9	0
9	9
17	0
2	2
17	6
8	0
8	0
8	0
8	8
12	16
13	13
16	0
16	0
2	16
9	0
9	9
13	13
4	0
11	4
3	0
6	11
2	2
3	6
1	0
1	0
1	1
8	0
8	0
8	8
12	0
12	0
12	4
13	13
3	11
3	0
2	2
8	8
2	0
2	2
9	0
1	1
5	5
3	0
2	2
12	0
8	0
8	8
13	0
13	0
2	6
12	12
2	2
12	12
4	0
4	4
8	0
11	2
12	0
12	0
8	8
2	0
2	2
1	0
1	6
1	0
1	0
1	0
1	0
1	1
8	0
8	0
8	0
8	8
5	5
2	0
11	0
6	0
6	6
8	0
8	0
8	0
8	0
8	0
8	0
8	8
13	13
17	0
6	0
1	6
8	0
8	0
8	0
8	0
8	8
13	13
14	0
14	2
3	0
3	6
9	0
1	1
8	8
1	0
3	0
1	0
1	0
1	2
13	0
12	0
2	6
8	0
8	8
8	0
8	0
8	12
11	4
11	11
3	0
16	0
16	3
1	0
1	0
1	0
1	1
1	0
1	0
3	0
3	16
13	13
13	0
1	0
1	0
1	0
3	0
3	0
16	0
16	0
16	0
16	0
3	0
3	0
1	0
1	0
1	0
1	0
1	0
1	0
3	0
1	0
1	0
1	0
1	0
1	0
1	0
3	0
1	0
1	0
1	0
16	0
8	0
16	0
16	0
16	0
3	0
1	0
3	0
3	0
1	0
3	0
9	0
9	9
4	0
4	4
11	11
8	0
8	0
8	0
8	8
4	0
16	4
13	13
2	2
9	0
9	9
2	2
9	0
9	9
11	4
11	11
3	2
12	0
12	12
1	0
16	0
1	0
16	0
16	0
16	16
5	5
2	2
9	0
9	9
2	2
9	0
9	9
2	2
12	0
12	12
16	0
16	0
16	0
16	16
13	13
5	5
16	0
2	0
2	0
2	0
1	0
1	1
8	0
8	0
8	8
2	3
2	2
12	12
5	5
13	0
3	0
2	2
9	0
9	9
2	2
9	0
9	9
11	4
11	11
2	2
12	12
8	0
16	0
16	0
16	16
5	5
3	0
11	0
6	0
6	6
8	0
8	0
8	0
8	8
2	0
2	2
12	12
12	0
12	12
3	16
1	0
1	0
16	16
13	13
13	0
3	0
16	0
16	0
16	0
1	0
1	0
8	0
8	0
8	0
16	0
16	0
1	0
8	0
8	0
8	0
8	0
8	0
1	0
8	0
8	0
1	0
1	0
16	0
16	0
16	0
12	0
3	14
12	12
9	0
9	9
1	0
1	0
16	16
4	4
4	0
11	4
13	13
4	0
11	4
11	11
1	0
2	2
12	0
12	0
12	12
2	0
2	2
12	0
12	0
12	0
12	12
1	16
13	13
4	0
11	4
2	0
3	5
9	0
9	9
8	0
2	2
12	12
3	0
3	0
16	0
16	16
5	5
3	0
16	0
16	3
2	0
2	2
9	0
1	1
8	8
9	0
9	9
3	2
2	0
2	0
9	0
6	6
8	0
8	0
13	0
12	0
11	11
4	0
11	4
3	0
2	2
1	0
1	1
8	0
8	0
8	0
8	0
8	8
16	0
16	0
16	16
13	13
13	0
1	0
1	0
1	0
8	0
8	0
8	0
1	0
1	0
1	0
1	0
1	0
8	0
8	0
8	0
1	0
1	0
1	0
1	0
8	0
8	0
1	0
1	0
1	0
8	0
8	0
8	0
8	0
1	0
3	0
3	0
16	0
3	0
3	0
1	0
1	0
1	0
8	0
8	0
8	0
8	0
1	0
1	0
4	0
12	6
12	12
16	4
16	0
11	11
1	1
2	2
2	6
12	0
8	8
1	0
2	0
2	0
2	0
1	0
3	0
16	0
16	0
16	0
16	16
13	13
13	0
3	0
16	0
16	0
16	0
16	0
16	0
16	0
1	0
8	0
1	0
1	0
1	0
16	0
16	0
16	0
16	0
16	0
16	0
16	0
16	0
1	0
16	0
16	0
16	0
16	0
16	0
16	0
16	0
16	0
16	0
1	0
8	0
8	0
8	0
1	0
1	0
1	0
16	0
11	11
6	4
1	6
1	0
1	0
1	1
1	0
1	1
8	0
8	0
8	0
8	0
8	0
8	8
17	0
2	0
2	0
9	0
3	16
2	2
6	0
6	0
1	6
8	0
8	0
8	0
8	0
8	0
8	8
17	0
2	2
8	0
8	0
8	8
5	5
8	0
8	0
8	8
13	13
5	5
3	3
6	6
1	0
1	1
8	0
8	0
8	0
8	0
8	8
2	0
2	0
1	0
16	0
16	0
16	0
16	16
13	13
13	0
16	0
12	0
3	0
14	0
1	0
14	0
14	14
2	0
11	0
11	6
1	0
1	0
1	1
8	0
8	0
8	8
6	4
11	11
17	6
8	0
8	0
8	0
8	0
8	0
8	8
2	2
2	6
1	0
1	0
1	0
1	1
8	0
8	0
8	8
16	0
16	0
16	0
16	0
16	16
13	13
11	4
2	0
3	5
16	0
11	0
11	10
3	0
11	0
3	16
16	0
11	11
2	2
6	6
1	0
1	1
8	0
8	0
8	0
8	0
8	0
13	0
12	0
3	0
11	11
12	0
16	0
16	0
16	16
3	0
3	5
16	0
2	0
11	10
13	13
14	0
11	0
14	14
2	6
12	12
1	1
1	1
8	0
8	0
8	0
8	8
1	0
2	0
2	0
2	2
12	0
12	0
12	4
12	0
4	0
2	4
13	13
13	0
12	0
16	0
1	0
1	0
1	0
8	0
16	0
16	0
16	0
1	0
1	0
16	0
16	0
16	0
16	0
16	0
16	0
12	0
16	0
16	0
16	0
16	0
16	0
16	0
12	0
5	5
1	0
1	1
8	0
8	0
8	8
13	13
5	0
3	2
16	0
11	0
11	0
2	11
2	6
12	12
12	0
12	0
12	12
13	13
11	0
4	4
11	11
3	0
2	0
3	0
3	3
3	0
2	0
11	10
1	0
1	0
1	1
2	2
8	0
8	0
8	0
8	0
8	0
8	8
12	0
12	0
12	4
13	13
3	3
11	4
11	11
2	2
13	13
8	0
8	0
8	0
8	0
8	8
13	13
16	0
16	0
16	0
16	16
13	0
12	0
8	0
8	0
8	8
1	6
8	0
8	0
8	0
8	0
8	0
8	0
8	8
4	0
4	4
11	0
11	6
8	8
17	0
12	2
12	0
12	0
12	0
12	0
8	8
17	0
5	5
8	0
8	0
8	0
8	0
8	8
3	11
16	0
2	2
2	0
6	0
6	0
6	6
8	0
8	0
8	8
13	13
3	2
8	0
8	0
8	0
8	0
8	0
8	0
8	0
8	0
8	0
8	0
8	8
16	0
2	2
11	11
13	13
2	2
13	0
12	0
3	0
6	11
1	0
12	16
1	6
8	0
8	0
8	0
8	0
8	0
8	0
8	8
16	0
11	0
11	4
3	11
3	0
3	3
1	0
1	0
1	0
1	0
1	0
16	16
13	0
11	0
14	14
3	0
12	11
9	6
8	0
8	0
8	0
8	0
8	0
8	0
8	8
17	0
2	2
1	6
8	0
8	8
1	0
1	16
3	11
1	0
1	0
1	0
1	0
1	0
1	16
4	0
11	0
1	16
4	0
4	0
4	0
4	4
13	0
12	0
16	0
11	11
16	0
16	16
8	0
8	0
8	0
8	0
8	0
8	0
8	8
3	11
2	2
8	0
8	0
8	8
1	0
1	0
1	0
16	16
17	0
12	4
13	13
3	3
14	0
6	0
14	14
16	0
12	11
9	6
8	0
8	0
8	0
8	0
8	8
3	2
3	0
5	0
3	0
3	3
1	0
1	1
13	13
2	6
1	0
12	0
12	0
12	8
3	2
2	0
3	5
2	0
2	2
8	0
1	0
8	0
1	0
1	8
13	0
12	0
4	14
12	0
12	11
1	0
1	0
1	0
1	1
5	5
1	0
1	0
1	0
1	1
3	10
16	0
1	0
1	0
16	16
17	0
12	4
5	5
8	0
8	0
8	8
2	0
4	0
4	0
4	4
8	0
8	0
8	0
8	0
8	0
8	0
8	8
12	0
12	0
12	3
16	0
5	5
8	0
2	2
8	0
8	0
12	8
16	0
16	0
16	16
1	2
3	0
2	14
8	0
8	8
3	0
2	0
16	0
16	3
3	10
1	0
13	0
12	0
12	0
12	8
16	0
16	0
16	0
16	16
2	0
2	6
8	8
12	0
12	0
12	0
12	0
8	0
8	0
8	0
8	0
8	0
8	0
8	0
8	8
3	0
3	14
1	0
1	16
13	13
14	0
11	0
14	14
8	0
8	8
1	0
1	0
1	0
16	16
4	0
4	0
4	0
4	4
3	11
3	11
3	0
17	0
11	10
16	0
2	0
17	16
1	0
17	16
13	13
13	0
1	0
1	0
1	0
1	0
1	0
1	0
1	0
1	0
12	0
1	0
1	6
8	0
8	0
8	0
8	0
8	0
8	0
8	8
4	4
3	3
1	0
1	16
13	13
14	0
11	0
14	14
16	0
12	11
12	0
12	11
1	0
1	1
17	0
12	16
1	0
1	0
1	0
16	0
1	0
16	0
16	16
5	5
16	0
11	0
14	14
16	0
2	11
3	0
6	0
6	6
8	0
8	0
8	8
2	2
8	0
8	0
8	8
16	0
16	0
16	16
13	13
13	0
16	0
3	0
8	0
1	0
1	0
1	0
12	0
12	6
12	0
12	0
12	0
12	0
12	8
16	0
16	0
16	0
16	16
8	0
8	0
8	0
8	8
16	0
11	2
8	0
8	0
1	8
13	13
14	0
14	0
14	14
3	0
6	0
6	6
8	0
8	0
8	0
8	0
8	0
8	0
8	0
8	8
16	0
16	0
4	0
4	0
4	16
3	0
1	0
1	0
1	16
3	0
1	0
1	2
8	0
8	0
8	0
8	0
8	0
8	0
8	0
8	8
16	0
5	5
3	0
6	0
13	0
12	0
3	0
12	2
8	0
8	0
8	0
8	8
4	0
4	0
4	0
4	4
2	0
2	0
1	0
1	0
1	0
1	0
1	0
1	0
1	0
1	0
1	1
12	0
8	0
8	0
8	0
8	0
8	0
8	0
8	8
16	0
16	0
16	16
13	13
13	0
1	0
1	0
1	0
1	0
1	0
1	0
1	0
1	0
1	0
1	0
1	0
1	0
1	0
1	0
1	0
8	0
8	0
8	0
3	0
3	0
3	0
3	0
1	0
2	0
1	0
17	0
12	6
8	0
8	0
8	0
8	0
8	0
1	8
2	2
1	0
1	0
1	0
1	6
8	0
8	0
8	0
8	0
8	0
8	0
8	0
8	0
8	0
8	8
4	0
11	4
1	0
1	0
1	1
13	13
14	14
1	6
8	8
1	0
1	0
2	0
1	0
1	3
2	0
12	2
8	0
8	0
8	8
1	0
16	16
4	0
11	4
13	13
16	0
5	5
2	0
3	5
1	1
1	0
8	0
8	0
8	0
8	0
8	0
8	0
13	0
12	0
8	0
8	0
8	0
8	8
12	6
12	0
12	0
12	0
12	8
4	0
3	4
3	0
6	0
9	6
2	2
2	0
6	6
1	0
1	0
1	0
1	1
5	5
1	0
1	0
1	0
1	0
1	0
1	1
8	0
8	8
2	2
2	6
8	0
8	0
8	0
8	8
13	13
13	0
1	0
1	0
1	0
8	0
8	0
1	0
1	0
1	0
1	0
1	0
1	0
16	0
1	0
1	0
1	0
1	0
16	0
16	0
16	0
3	0
8	0
12	0
2	2
12	6
17	0
16	6
12	0
8	8
2	2
2	6
12	0
12	0
12	0
12	12
12	0
17	16
16	6
17	0
12	0
12	11
5	2
12	0
12	1
17	0
5	5
5	2
17	0
17	0
1	1
8	0
8	0
8	0
8	0
8	8
13	13
2	0
5	5
2	2
6	6
1	0
1	0
1	6
8	0
8	8
4	0
11	4
1	0
12	11
2	0
1	0
1	0
16	0
16	16
4	0
4	4
13	13
13	0
1	0
1	0
16	0
12	0
12	0
2	2
1	0
1	0
12	0
1	0
1	0
1	1
8	0
8	0
8	0
8	8
4	0
4	0
4	0
4	4
8	0
8	0
8	0
8	0
8	0
8	0
8	0
8	8
3	3
5	5
8	0
8	0
8	0
8	0
8	0
8	8
2	0
16	0
16	0
16	16
13	13
13	0
1	0
1	0
1	0
8	0
16	0
1	0
16	0
16	0
1	0
1	0
1	0
1	0
1	0
1	0
1	0
1	0
8	0
8	0
8	0
8	0
8	0
16	0
12	0
8	0
8	0
8	0
8	8
3	11
1	6
1	0
8	0
8	0
8	0
8	0
8	8
4	0
2	4
1	0
1	0
1	0
1	0
16	16
16	0
11	11
3	0
2	2
2	0
6	0
1	6
1	0
1	0
1	0
1	0
1	1
8	8
5	0
6	2
1	0
1	0
1	1
8	0
8	8
5	5
3	0
4	0
4	16
1	0
1	0
1	0
1	1
2	0
1	0
1	0
1	16
2	0
2	2
12	6
12	0
8	0
8	0
8	0
13	0
12	0
14	0
6	11
17	0
12	16
12	6
12	0
12	0
8	8
2	2
6	0
6	6
8	0
8	8
17	0
12	4
5	5
3	0
2	2
8	0
8	0
8	0
8	12
8	0
8	0
8	0
8	0
8	12
13	13
8	0
8	0
8	0
8	0
8	8
8	0
5	5
1	6
8	0
8	0
8	0
8	8
13	13
13	0
1	0
1	0
1	0
1	0
16	0
8	0
17	0
17	0
8	0
8	0
16	0
8	0
1	0
1	0
1	0
1	0
16	0
3	0
3	0
11	11
8	0
12	16
12	0
12	6
8	0
8	8
8	0
16	0
8	16
5	5
8	0
8	0
8	8
16	0
16	16
13	13
13	0
1	0
8	0
8	0
8	0
16	0
16	0
8	0
8	0
1	0
8	0
8	0
8	0
8	0
8	0
8	0
8	0
16	0
16	0
16	0
16	0
1	0
1	0
8	0
8	0
16	0
16	0
1	0
3	0
8	0
8	0
8	0
12	0
12	0
8	0
8	0
16	0
16	0
8	0
1	0
1	0
12	0
3	0
1	0
16	0
16	0
16	0
16	16
4	0
4	0
4	4
2	2
9	6
8	8
13	13
3	0
14	6
12	0
8	0
8	0
8	0
8	8
16	0
5	5
8	0
2	6
8	0
8	0
8	0
8	0
8	0
8	0
8	0
8	0
8	0
8	0
8	8
13	13
13	0
1	0
16	0
16	0
16	0
16	0
16	0
1	0
1	0
16	0
1	0
16	0
1	0
8	0
8	0
16	0
16	0
16	0
3	0
1	0
1	0
1	0
16	0
12	0
6	6
1	1
1	0
1	0
1	1
8	0
8	0
8	0
8	0
8	0
8	8
16	0
9	4
2	2
9	6
8	8
3	0
3	0
11	0
1	1
3	0
2	2
1	0
1	0
1	0
1	1
8	8
13	13
16	0
16	0
16	0
16	16
3	0
3	5
3	0
11	0
11	10
2	2
2	0
6	0
6	6
1	0
1	0
1	0
1	0
1	0
1	1
8	0
8	0
8	0
8	0
8	8
2	10
13	13
5	0
5	0
5	5
2	2
13	0
8	0
2	2
6	6
8	0
8	8
8	0
12	12
5	5
12	0
12	0
12	12
8	0
9	4
17	0
9	11
9	0
9	9
2	0
2	0
1	0
16	0
16	16
4	0
4	4
13	13
14	0
14	2
8	8
12	0
12	12
9	9
13	13
2	2
12	0
12	0
12	0
12	12
9	9
13	13
1	6
8	0
12	0
8	8
3	0
3	0
9	3
2	0
2	2
8	0
8	0
8	0
8	12
8	0
12	0
12	0
8	12
5	5
9	9
2	2
13	0
12	0
6	6
12	0
12	1
8	0
8	0
8	0
8	0
8	0
8	8
16	0
16	16
16	11
3	0
3	3
17	3
2	2
8	0
8	0
8	0
8	12
8	0
8	0
8	0
8	0
8	12
5	5
2	0
2	2
8	8
8	0
8	12
13	13
13	0
1	0
1	0
1	0
16	0
8	0
1	0
1	0
1	0
8	0
1	0
8	0
1	0
1	0
16	0
17	0
1	0
1	0
1	0
1	0
16	0
16	0
16	0
16	0
16	0
16	0
3	0
13	0
12	12
12	0
12	0
12	12
2	6
12	12
12	0
12	0
12	12
13	13
2	17
9	0
1	1
8	0
8	0
8	0
8	8
9	9
3	10
12	0
17	12
2	2
2	6
12	0
12	0
12	0
12	12
13	13
4	0
11	4
1	6
1	0
1	0
1	1
8	0
8	8
13	13
8	0
8	0
8	0
8	0
8	8
5	5
8	0
8	0
8	0
8	8
4	0
2	6
8	0
8	0
8	0
8	8
4	4
3	0
2	0
1	0
2	0
13	0
12	0
3	11
16	0
16	0
16	16
3	0
2	0
2	2
6	6
1	0
1	0
1	0
1	0
1	0
1	1
5	5
1	0
1	0
1	0
1	0
1	0
1	1
1	0
1	0
1	1
8	0
8	0
8	0
8	8
2	0
2	2
8	0
8	0
8	0
8	8
13	13
13	0
1	0
3	0
1	0
1	0
1	0
8	0
1	0
1	0
1	0
8	0
8	0
16	0
16	0
3	0
3	0
3	0
8	0
8	0
1	0
1	0
1	0
1	0
1	0
12	0
2	6
8	0
8	0
8	12
4	0
11	4
11	2
12	13
12	0
8	12
1	0
1	0
1	0
1	0
1	0
1	16
5	5
13	0
2	4
3	6
12	13
12	0
12	8
3	2
12	13
12	0
12	0
12	12
2	2
3	0
2	2
8	0
8	8
9	9
3	0
1	0
1	0
16	16
13	13
13	0
1	0
1	0
12	0
8	0
1	0
16	0
1	0
1	0
8	0
1	0
8	0
12	0
1	0
1	0
1	0
1	0
1	0
1	0
1	0
12	0
3	0
12	0
1	0
1	3
16	0
16	4
11	11
12	2
12	13
12	0
12	0
12	12
8	0
8	0
8	0
8	8
5	5
8	0
8	0
8	0
8	8
1	0
1	0
1	0
1	16
1	0
1	0
16	16
13	13
13	0
1	0
12	0
1	0
8	0
1	0
1	0
1	0
1	0
1	0
8	0
8	0
1	0
1	0
1	0
1	0
1	0
1	0
1	0
1	0
8	0
16	0
16	0
3	0
3	0
12	0
12	0
12	0
1	0
1	0
17	0
17	3
17	0
17	14
17	0
2	2
8	0
8	0
8	8
12	0
12	0
12	4
17	0
11	4
13	13
13	0
14	4
11	11
9	9
1	0
12	6
1	0
1	0
1	1
8	0
8	0
8	8
12	0
12	0
12	0
12	12
1	0
1	0
1	0
16	0
16	0
16	0
16	16
13	13
13	0
1	0
1	0
1	0
16	0
1	0
1	0
1	0
1	0
17	0
17	0
17	0
1	0
17	0
12	0
12	0
12	0
12	0
12	0
1	0
1	0
11	0
2	6
1	0
9	1
8	0
8	0
8	0
8	8
4	0
16	4
4	0
11	0
11	11
3	0
3	0
3	0
3	3
1	0
16	0
16	16
13	13
17	0
12	6
8	0
8	8
2	0
2	0
16	0
16	0
16	16
5	5
14	0
11	11
3	0
3	0
3	3
6	6
8	0
8	0
8	0
8	0
8	8
4	2
4	13
11	0
4	0
16	16
13	13
13	0
1	0
1	0
16	0
16	0
16	0
16	0
16	0
16	0
16	0
1	0
1	0
8	0
12	0
12	6
1	0
1	0
1	0
1	0
1	0
1	1
8	0
8	0
8	0
8	8
12	0
12	0
16	0
16	0
16	0
16	16
8	0
12	0
12	0
8	8
13	13
8	0
8	0
8	0
8	8
13	13
8	0
8	17
5	5
8	0
8	0
8	0
8	0
8	0
8	0
8	0
13	0
1	0
12	0
12	0
12	0
8	0
8	8
13	13
8	0
8	0
8	0
8	0
8	8
13	13
12	0
12	0
8	8
5	5
8	0
8	8
13	0
13	0
3	11
4	0
4	4
3	3
4	0
4	0
11	3
2	2
1	1
8	0
8	0
8	0
8	8
2	0
2	0
2	10
8	0
8	0
16	0
16	16
13	13
3	0
14	2
9	6
8	0
12	0
12	0
8	0
8	8
5	5
3	0
2	2
8	0
8	0
8	0
8	0
8	0
8	0
8	8
2	0
6	2
8	0
8	0
8	0
8	8
2	2
2	0
2	6
8	0
8	0
8	0
8	8
12	12
12	0
12	0
12	0
12	12
13	13
13	0
12	0
3	11
16	0
4	4
3	3
5	2
8	0
8	8
5	5
8	0
8	0
8	0
8	0
8	8
2	0
2	0
2	2
9	6
8	0
8	12
8	0
12	0
8	0
8	16
13	13
13	0
3	0
3	0
1	0
8	0
1	0
1	0
8	0
8	0
8	0
8	0
1	0
1	0
1	0
8	0
8	0
8	0
1	0
1	0
16	0
1	0
8	0
8	0
16	0
3	0
3	0
1	0
8	0
1	0
1	0
8	0
8	0
8	0
8	0
1	0
12	0
1	0
1	0
1	0
1	0
1	1
8	0
2	0
2	2
12	6
12	13
12	0
12	0
8	0
8	8
2	0
2	2
8	0
8	0
8	12
4	0
4	4
9	6
12	0
12	0
12	0
8	8
2	0
3	0
6	2
1	0
1	0
1	1
8	0
8	0
8	0
8	0
8	8
13	13
2	0
2	6
8	0
8	0
8	8
8	0
2	0
2	4
6	0
6	0
5	3
5	0
3	3
1	0
1	1
8	0
8	0
8	0
8	8
2	0
13	0
12	0
1	0
12	0
12	10
16	0
16	0
16	0
16	3
16	16
11	11
3	2
8	0
8	0
8	0
8	0
8	0
8	8
16	0
11	0
11	10
13	13
3	11
3	0
3	0
1	0
1	3
1	1
4	0
4	0
4	0
4	4
13	13
13	0
1	0
1	0
16	0
16	0
1	0
16	0
16	0
16	0
16	0
1	0
1	0
1	0
16	0
8	0
16	0
16	0
3	0
3	0
16	0
3	0
16	0
3	0
3	0
1	0
1	0
1	0
1	0
12	0
3	4
4	0
4	6
8	0
8	0
8	0
8	0
8	8
5	2
8	0
8	0
8	0
8	8
16	0
16	4
11	11
1	0
1	0
1	3
17	0
12	6
12	0
12	8
1	0
2	10
13	13
13	0
1	0
1	0
1	0
1	0
1	0
1	0
3	0
16	0
16	0
1	0
1	0
1	0
1	0
1	0
1	0
1	0
1	0
1	0
1	0
1	0
1	0
1	0
1	0
1	0
8	0
1	0
1	0
1	0
1	0
8	0
1	0
16	0
12	0
8	0
8	0
8	0
8	0
1	8
1	6
8	0
12	0
12	0
8	8
4	0
11	4
1	0
2	6
1	0
1	1
8	0
8	0
8	8
3	11
16	0
16	0
16	16
4	0
11	0
4	4
2	0
2	14
12	6
12	8
3	0
2	2
9	6
8	0
8	0
8	0
8	8
3	10
2	0
16	0
1	0
16	0
16	16
13	13
13	0
1	0
1	0
1	0
1	0
1	0
1	0
1	0
8	0
1	0
8	0
16	0
1	0
1	0
1	0
12	0
12	0
12	6
8	0
8	0
8	0
8	8
4	0
11	4
2	2
12	0
2	2
17	0
17	0
17	0
17	0
12	1
8	0
12	0
8	0
8	8
1	0
2	0
16	0
16	16
5	5
16	0
16	0
16	16
1	0
2	1
8	0
8	0
8	8
17	0
12	2
12	6
12	8
13	13
13	0
8	0
8	0
8	0
1	0
1	0
12	0
8	0
12	0
1	0
1	0
8	0
8	0
8	0
17	0
1	0
12	0
1	0
12	0
1	0
17	0
13	0
6	6
8	0
8	0
8	8
4	0
4	0
4	4
1	1
1	0
1	0
1	0
1	0
1	0
1	0
16	0
16	16
13	13
11	0
14	0
14	14
11	0
11	0
11	11
2	0
2	2
8	0
8	0
8	0
8	8
2	2
8	0
8	0
8	0
8	0
8	0
8	0
8	0
8	8
3	0
2	0
1	0
16	0
16	16
4	0
4	0
4	4
13	13
13	0
16	0
16	0
16	0
3	0
1	0
1	0
1	0
1	0
1	0
1	0
16	0
12	0
12	11
17	0
12	16
12	6
12	0
12	0
12	0
12	0
1	8
2	2
2	6
8	0
8	0
8	8
2	0
16	0
16	0
16	0
16	16
13	0
11	0
14	14
12	6
12	8
3	10
3	0
2	0
1	0
1	3
1	1
4	0
16	4
13	13
5	0
5	5
3	0
1	10
1	0
1	0
16	1
1	0
12	0
12	4
13	13
13	0
1	0
17	0
17	0
17	0
1	0
1	0
16	0
1	0
1	0
16	0
1	0
1	0
1	0
8	0
12	0
3	10
12	0
12	0
9	1
8	0
8	8
16	0
16	16
6	6
8	8
13	13
13	0
1	0
1	0
1	0
8	0
8	0
1	0
1	0
8	0
16	0
3	0
1	0
1	0
1	0
8	0
8	0
8	0
16	0
3	0
1	0
8	0
8	0
8	0
1	0
1	0
8	0
8	0
1	0
8	0
8	0
16	0
3	0
1	0
8	0
8	0
1	0
12	0
12	0
1	0
8	0
8	0
8	0
3	0
8	0
1	0
8	0
8	0
1	0
13	0
2	6
8	0
8	8
8	0
8	0
8	0
8	8
2	0
2	0
2	2
9	6
8	0
8	0
8	8
16	0
16	0
16	0
16	16
2	0
2	2
1	1
8	0
8	0
8	0
8	8
12	8
13	13
13	0
8	0
8	0
8	0
8	0
16	0
1	0
1	0
16	0
16	0
16	0
16	0
16	0
16	0
1	0
1	0
16	0
16	0
1	0
16	0
1	0
1	0
1	0
8	0
16	0
8	0
2	0
2	0
8	0
8	0
1	0
16	0
12	0
1	0
1	0
12	3
16	0
16	16
6	0
6	6
8	0
8	12
11	0
3	0
3	3
2	6
12	0
12	0
12	0
8	0
8	8
13	13
8	0
12	8
13	13
13	13
13	0
1	0
1	0
1	0
8	0
8	0
8	0
8	0
1	0
1	0
1	0
1	0
8	0
1	0
1	0
1	0
1	0
1	0
8	0
8	0
8	0
1	0
1	0
1	0
1	0
3	0
3	0
11	0
1	0
8	0
1	0
3	0
1	0
1	0
1	0
1	0
12	0
1	6
8	0
8	8
16	0
12	16
13	13
5	5
2	3
1	0
1	1
1	0
1	1
8	0
8	0
8	0
8	0
8	0
8	8
13	13
2	2
8	0
8	0
8	8
2	2
8	0
8	0
8	8
3	0
2	0
1	0
1	0
1	0
1	0
1	1
2	2
3	0
6	0
1	0
1	0
1	1
8	0
8	0
8	0
8	0
8	0
8	8
16	0
3	0
16	0
16	16
13	13
13	0
1	0
1	0
1	0
1	0
1	0
1	0
1	0
12	0
8	0
12	0
8	0
8	0
13	0
8	8
17	6
12	13
12	0
12	0
8	0
12	0
13	0
8	8
12	0
12	0
16	0
16	0
16	16
3	6
3	0
6	0
6	6
8	0
8	8
12	6
12	0
12	0
8	8
2	0
2	2
8	0
8	0
8	0
8	0
13	0
1	0
1	0
1	0
1	8
5	5
13	0
2	0
2	0
12	0
2	8
12	0
12	0
8	8
13	13
13	0
1	0
1	0
12	0
12	0
1	0
1	0
1	0
1	0
12	0
1	0
1	0
1	0
3	0
3	3
3	0
16	0
16	0
16	16
3	11
17	0
11	11
17	0
11	0
2	2
6	6
3	0
3	0
1	1
8	0
8	0
8	8
1	0
2	0
1	0
1	0
1	0
1	0
1	0
1	1
8	0
8	0
8	0
8	0
8	0
8	0
8	8
1	0
1	0
1	0
16	16
12	10
12	13
12	0
1	0
1	16
13	13
13	0
1	0
1	0
1	0
1	0
8	0
1	0
16	0
16	0
17	0
17	0
8	0
13	0
1	0
2	2
12	6
12	13
12	0
12	0
12	0
12	0
12	8
2	0
2	0
6	0
11	2
8	0
8	0
8	0
8	0
8	0
8	0
8	0
8	8
5	5
8	0
8	0
8	0
8	0
8	0
8	0
8	0
8	0
8	8
16	16
16	6
8	8
6	6
1	0
1	0
1	0
1	0
1	0
1	0
1	1
8	0
8	0
8	8
1	0
1	0
1	0
1	0
1	0
1	0
1	1
1	0
1	0
1	0
1	0
1	16
13	13
13	0
13	0
8	0
8	0
8	0
8	8
13	13
1	0
1	0
1	0
1	0
3	3
4	0
4	0
4	4
3	0
6	0
6	6
8	0
8	8
13	13
1	0
1	0
1	1
2	0
2	2
2	6
8	0
8	0
8	8
13	13
14	6
12	0
12	0
12	0
12	8
2	2
13	13
8	0
8	0
8	0
8	0
8	0
8	0
8	0
8	12
13	13
16	0
16	0
16	16
13	13
3	11
1	0
1	6
8	0
8	0
8	8
2	2
11	0
11	0
13	0
12	0
2	0
2	2
2	6
8	0
8	0
8	8
4	0
11	4
12	6
12	13
8	8
1	0
1	0
1	0
1	0
1	0
1	1
17	0
17	0
17	2
17	6
12	13
17	0
8	0
8	8
5	5
8	0
8	0
8	0
8	0
8	0
8	8
2	0
2	2
8	0
8	0
8	0
13	0
8	0
1	0
8	0
8	0
8	8
13	13
12	0
12	0
12	12
13	13
5	5
6	0
6	4
8	0
8	0
8	8
3	0
16	2
1	0
2	0
13	0
12	0
17	0
17	2
2	6
8	0
8	0
8	8
16	0
16	0
16	16
11	0
6	0
3	3
6	6
1	0
1	0
1	0
1	1
8	0
8	0
8	8
2	0
2	0
2	10
13	13
1	6
8	0
8	0
8	0
8	0
8	0
8	0
8	0
1	8
3	11
2	2
3	0
1	0
1	0
1	0
1	0
1	1
8	0
8	0
8	0
13	0
1	0
12	0
12	0
17	0
1	0
8	8
17	0
17	0
12	0
12	2
8	0
8	0
13	0
13	0
12	0
17	0
17	0
12	2
1	1
2	0
2	0
1	0
3	0
1	0
1	1
8	0
8	0
13	0
3	0
1	0
1	0
1	8
5	5
3	0
3	0
1	0
1	0
3	1
1	0
1	0
1	0
1	0
1	0
1	0
1	0
1	1
8	0
8	0
8	0
8	0
8	0
8	0
8	0
8	8
16	0
16	0
16	0
16	16
3	11
8	0
8	0
8	0
8	0
8	0
8	0
8	0
8	0
8	8
12	0
12	10
13	13
13	0
17	0
17	0
12	0
1	0
12	0
12	0
12	0
12	0
1	0
12	3
16	0
16	0
16	0
3	16
3	3
3	0
2	0
2	2
6	6
8	0
8	0
12	0
8	0
8	8
2	0
2	2
8	8
17	6
12	13
12	0
12	0
12	0
8	8
2	0
2	0
2	2
6	6
1	0
1	0
1	0
1	0
1	1
8	0
8	0
8	0
8	0
8	0
8	0
8	8
5	5
8	0
8	0
8	0
8	0
8	0
8	8
16	0
11	0
11	2
1	0
1	0
13	0
12	0
3	0
1	3
4	0
11	4
3	11
6	0
3	0
3	3
2	0
2	2
8	0
8	0
8	0
8	8
2	2
6	6
8	0
8	8
2	2
2	6
8	0
8	0
8	0
8	0
8	0
8	8
13	13
12	0
12	8
12	0
12	8
13	13
8	0
12	8
12	0
12	8
13	13
12	0
12	8
12	0
8	8
13	13
12	0
12	8
1	0
16	0
16	0
13	17
5	5
12	0
8	0
8	0
8	0
8	0
8	8
13	13
12	0
12	8
13	0
12	0
12	6
12	13
8	8
16	0
16	0
16	0
16	0
16	16
3	6
2	0
6	0
6	1
8	0
8	0
8	0
8	0
8	0
8	0
8	8
5	5
3	0
16	0
16	0
16	16
1	0
1	1
8	0
8	8
2	0
2	6
8	0
8	0
8	0
8	8
2	0
2	2
1	0
1	0
1	1
8	0
8	0
8	0
8	0
8	8
13	13
17	0
13	0
17	0
17	0
12	0
12	8
13	13
13	13
13	0
2	0
2	0
1	0
1	0
8	0
12	0
17	0
17	0
12	10
17	0
1	6
8	0
8	8
5	5
8	0
8	0
8	0
8	0
13	0
1	0
1	0
1	0
8	8
16	0
16	0
16	0
16	4
16	0
11	11
2	0
2	0
2	0
1	0
6	2
8	0
8	0
8	0
8	0
8	0
8	8
3	0
2	0
1	0
1	0
1	0
1	0
1	0
16	16
13	13
13	0
3	0
16	0
16	0
16	0
16	0
16	0
8	0
1	0
1	0
16	0
8	0
1	0
1	0
1	0
1	0
12	0
1	6
3	0
1	0
1	1
8	0
8	0
8	0
8	8
2	2
2	6
1	0
1	1
8	0
8	0
8	8
4	0
4	4
13	13
2	6
8	0
8	0
8	0
8	0
8	0
8	8
2	6
12	8
2	0
2	2
12	6
12	13
12	0
12	0
12	0
8	8
4	10
12	13
11	0
1	16
5	5
14	0
14	2
11	11
3	0
2	0
1	0
3	0
3	0
1	1
2	10
3	13
12	0
1	16
11	11
17	0
17	0
12	10
1	0
13	0
13	0
12	0
12	3
16	0
2	0
2	0
2	4
2	0
6	0
6	0
6	6
8	0
8	0
8	8
12	0
8	0
12	8
16	0
11	11
11	0
1	6
8	0
8	0
8	8
1	0
2	0
2	0
2	0
3	0
1	0
3	16
3	11
1	0
1	0
1	0
16	16
13	13
3	0
3	0
1	0
1	0
1	0
16	16
5	5
3	0
1	0
1	0
1	0
16	16
13	13
13	0
3	0
3	0
16	0
1	0
1	0
1	0
1	0
1	0
16	0
13	0
1	0
12	11
4	0
4	4
2	2
2	0
2	6
8	0
8	0
8	0
8	0
8	0
8	8
16	0
2	0
12	10
3	0
12	0
1	0
1	0
1	0
1	1
5	5
3	0
2	0
2	0
2	4
11	0
11	0
3	1
8	0
8	8
3	0
1	0
16	16
13	13
12	0
12	2
12	0
12	8
13	13
13	0
13	0
8	0
3	0
12	0
12	0
8	0
8	0
1	0
8	0
1	0
1	0
1	0
1	0
1	0
1	0
1	0
1	0
12	0
8	0
8	0
12	12
13	13
6	6
1	0
1	0
1	0
1	0
1	0
1	1
8	0
8	0
8	8
16	0
16	0
16	16
1	6
17	0
8	8
8	0
17	0
8	8
2	0
3	5
2	3
8	0
8	0
8	8
5	5
8	0
8	0
8	0
8	0
8	8
2	2
16	0
11	11
3	11
3	3
5	5
6	0
6	0
16	3
1	0
2	2
8	0
8	0
8	8
1	0
1	0
1	0
1	16
13	13
13	0
1	0
1	0
1	0
1	0
12	0
3	3
4	0
4	0
4	0
4	4
11	0
6	2
8	0
8	0
8	0
8	8
12	0
12	0
12	8
12	0
8	0
8	8
5	5
13	0
3	0
3	0
9	0
17	8
1	0
1	0
1	0
1	1
1	0
17	0
1	1
2	0
2	0
1	0
1	0
1	0
1	0
16	16
5	5
1	0
3	0
16	16
13	13
13	0
1	0
1	0
3	0
3	0
3	0
16	0
16	0
3	0
3	0
1	0
8	0
8	0
1	0
1	0
1	0
1	0
2	0
2	6
1	0
1	0
1	1
8	0
8	0
8	0
8	0
8	8
3	11
6	0
3	0
3	3
8	0
11	0
11	2
1	1
8	0
8	0
8	0
8	0
8	8
3	0
2	0
16	0
16	16
4	0
11	4
6	6
1	0
1	0
1	0
1	0
1	0
1	0
1	0
1	1
8	0
8	0
8	0
8	0
8	8
13	13
3	11
3	0
1	0
1	2
1	0
1	0
1	0
1	1
8	0
8	0
8	0
8	8
2	6
8	0
8	0
13	0
16	0
12	0
12	0
8	8
16	0
16	0
2	4
2	0
2	0
2	2
11	0
11	11
8	6
12	13
12	0
12	8
2	0
2	2
8	0
8	0
8	8
5	5
12	6
12	13
12	0
12	0
8	0
8	0
8	0
8	0
8	8
3	0
1	0
3	3
13	13
13	0
1	0
8	0
16	0
8	0
8	0
8	0
16	0
16	0
16	0
12	0
8	0
16	0
16	0
16	0
16	0
16	0
16	0
8	0
8	0
8	0
16	0
8	0
16	0
12	0
12	0
12	12
12	0
12	0
12	12
13	13
12	0
12	0
12	12
12	0
12	0
12	17
13	13
4	0
6	4
1	6
8	0
8	0
8	8
2	2
12	0
12	0
12	0
12	0
12	12
5	5
12	6
1	0
1	0
12	0
1	0
16	0
16	1
2	2
6	6
1	0
1	1
8	0
8	0
8	0
8	8
13	13
13	0
1	0
1	0
8	0
12	0
1	0
12	0
12	0
12	0
12	0
1	0
12	0
12	0
12	0
12	0
12	0
12	0
1	0
16	0
14	0
14	2
8	0
8	0
8	8
6	4
1	11
1	6
8	0
8	0
8	0
8	8
2	2
12	0
12	0
12	12
5	5
3	0
2	2
12	0
8	0
8	8
2	2
12	0
12	0
12	12
13	13
13	0
1	0
8	0
8	0
8	0
16	0
12	0
1	0
1	0
12	0
16	0
3	0
1	0
8	0
12	0
16	0
16	0
12	0
1	0
16	0
16	0
16	0
16	0
16	0
1	0
1	0
1	0
8	0
8	0
8	0
16	0
12	0
12	0
1	0
2	2
8	0
8	8
5	5
8	0
8	0
8	8
4	0
11	4
1	6
12	0
8	0
12	0
8	0
8	12
13	13
13	0
1	0
1	0
1	0
1	0
1	0
1	0
1	0
1	0
1	0
8	0
16	0
16	0
1	0
1	0
1	0
1	0
1	0
1	0
1	0
1	0
1	0
1	0
8	0
1	0
1	0
1	0
1	0
1	0
1	0
1	0
8	0
8	0
8	0
8	0
8	0
16	0
16	0
1	0
1	0
1	0
1	0
13	0
11	0
12	0
12	12
16	4
1	0
17	0
17	0
9	1
8	0
8	0
8	0
8	8
2	0
2	2
12	0
12	12
13	13
13	0
1	0
16	0
12	0
1	0
16	0
16	0
16	0
8	0
8	0
1	0
1	0
1	0
1	0
8	0
8	0
1	0
2	0
8	0
16	0
16	0
1	0
8	0
1	0
12	0
16	0
16	0
8	0
16	0
16	0
16	0
16	0
16	0
8	0
17	0
1	0
1	0
1	0
1	0
1	0
8	0
2	0
12	0
1	0
9	0
8	2
2	0
2	6
9	0
1	1
8	8
9	9
4	0
6	4
12	0
8	0
12	12
8	0
8	0
8	0
8	8
2	2
2	6
1	0
1	0
1	0
1	1
8	8
13	13
13	0
1	0
1	0
16	0
16	0
16	0
1	0
1	0
1	0
16	0
16	0
1	0
16	0
1	0
1	0
1	0
1	0
1	0
1	0
1	0
1	0
8	0
8	0
8	0
2	0
1	0
8	0
8	0
16	0
16	0
16	0
1	0
1	0
12	0
1	6
8	8
4	0
11	4
2	6
12	0
12	8
3	2
1	6
12	0
12	0
12	1
1	0
1	0
1	1
17	0
12	2
12	6
12	0
12	0
12	0
12	12
13	13
13	0
1	0
1	0
1	0
1	0
1	0
1	0
1	0
12	0
1	0
1	0
1	0
16	0
17	0
16	0
1	0
12	0
12	0
12	0
12	0
1	0
17	0
1	0
1	0
8	0
16	0
16	0
1	0
1	0
1	0
1	0
12	0
17	0
17	0
17	0
1	0
12	0
3	6
1	0
4	0
4	0
16	0
16	1
12	8
13	13
14	6
12	0
12	12
12	0
12	0
12	0
12	0
12	12
3	11
9	0
9	9
8	0
8	8
1	0
1	1
4	0
4	4
13	13
3	0
1	0
1	16
1	0
2	2
8	0
8	0
8	8
2	0
2	2
8	8
13	13
13	0
1	0
8	0
8	0
16	0
1	0
8	0
1	0
8	0
1	0
1	0
1	0
1	0
8	0
16	0
1	0
1	0
1	0
1	0
2	0
12	0
12	0
2	6
1	0
1	0
1	0
1	1
8	8
4	0
11	4
2	6
8	0
12	0
12	0
12	12
8	0
12	0
8	0
12	12
13	13
13	0
1	0
1	0
1	0
1	0
8	0
8	0
1	0
1	0
16	0
1	0
1	0
8	0
8	0
12	0
1	0
16	0
12	0
8	0
8	0
12	0
1	0
1	0
1	0
1	0
8	0
8	0
1	0
1	0
1	0
1	0
1	0
1	0
16	0
3	0
1	0
1	0
1	0
8	0
1	0
1	0
12	0
3	0
2	2
2	0
2	6
8	0
8	0
8	0
8	0
8	0
8	8
6	4
8	11
9	0
9	9
8	0
8	0
8	0
8	8
13	13
6	6
1	0
1	0
1	0
1	0
1	1
17	0
17	3
4	0
11	4
12	0
12	0
12	12
13	13
13	0
1	0
16	0
1	0
1	0
1	0
16	0
1	0
8	0
1	0
16	0
1	0
1	0
16	0
16	0
8	0
1	0
1	0
16	0
8	0
16	0
16	0
16	0
8	0
8	0
17	0
13	0
9	9
9	8
2	0
2	2
8	8
4	0
11	4
1	0
1	0
16	0
16	1
13	13
13	0
1	0
8	0
1	0
1	0
1	0
3	0
1	0
1	0
1	0
1	0
1	0
1	0
1	0
1	0
1	0
1	0
1	0
1	0
1	0
1	0
1	0
8	0
8	0
1	0
1	0
1	0
1	0
1	0
1	0
1	0
1	0
1	0
8	0
8	0
9	0
8	0
1	0
1	0
1	0
1	0
1	0
1	0
1	0
1	0
1	0
1	0
12	0
2	6
1	0
1	0
1	0
1	0
1	0
1	1
8	0
12	0
12	0
8	8
4	0
11	4
12	6
12	0
12	0
8	12
13	13
13	0
1	0
1	0
1	0
1	0
1	0
1	0
1	0
1	0
1	0
1	0
8	0
1	0
8	0
16	0
1	0
1	0
1	0
1	0
1	0
1	0
1	0
1	0
1	0
1	0
1	0
1	0
1	0
1	0
1	0
1	0
1	0
1	0
1	0
1	0
1	0
8	0
8	0
16	0
1	0
1	0
12	0
12	0
12	11
4	0
11	4
11	0
11	6
1	0
1	1
8	0
8	8
5	5
8	0
8	0
8	0
8	16
3	0
1	3
2	2
8	0
8	8
5	5
2	2
1	6
8	0
8	0
8	8
2	0
2	10
13	13
13	0
3	0
1	0
1	0
8	0
8	0
3	0
1	0
1	0
1	0
8	0
8	0
8	0
8	0
1	0
1	0
8	0
1	0
3	0
16	0
16	0
16	0
16	0
1	0
1	0
8	0
8	0
8	0
1	0
8	0
12	0
2	2
12	0
12	0
12	12
16	0
16	0
16	16
12	8
13	13
8	0
12	8
5	5
8	0
12	0
8	0
8	8
13	13
3	6
17	0
17	6
17	0
3	0
2	9
8	0
8	8
13	13
12	0
12	8
13	13
12	0
12	8
13	13
8	0
8	0
8	0
8	0
12	0
8	0
8	8
3	11
3	0
17	0
1	0
3	3
3	0
12	0
16	0
16	1
12	0
12	4
13	13
3	0
3	3
9	9
8	0
8	0
8	0
8	8
13	0
12	0
1	0
2	2
1	0
1	0
1	1
8	0
8	0
8	8
16	0
16	0
16	16
3	0
12	11
2	6
8	0
8	0
8	0
8	0
8	0
8	8
13	13
3	0
3	3
9	9
13	13
13	13
2	6
12	0
12	0
12	8
13	13
3	0
3	3
9	9
13	13
5	5
2	6
12	8
13	13
3	0
3	3
9	9
13	13
13	13
13	0
1	0
8	0
8	0
1	0
1	0
1	0
3	0
3	0
8	0
8	0
3	0
3	0
12	0
12	0
12	0
12	6
12	0
8	0
8	8
13	13
8	0
8	0
8	0
8	8
5	5
8	0
8	0
8	0
8	8
3	0
4	0
4	0
4	16
1	0
3	0
1	0
1	16
4	0
4	0
4	0
4	4
13	13
2	6
12	0
12	0
12	0
8	0
12	8
4	0
4	0
4	4
5	5
1	0
1	1
13	13
8	8
13	13
16	0
3	0
3	0
3	0
3	16
13	13
13	0
16	0
8	0
1	0
8	0
16	0
8	0
1	0
8	0
8	0
8	0
13	0
2	6
12	0
8	0
8	0
8	8
4	0
2	0
2	2
2	6
12	12
17	4
2	3
12	0
12	0
8	0
8	0
8	0
8	0
8	0
8	8
16	0
16	0
16	16
13	13
3	11
3	2
12	12
1	0
1	0
1	6
1	0
16	0
1	0
16	0
16	16
4	0
4	4
4	4
13	13
13	0
1	0
16	0
16	0
1	0
1	0
1	0
1	0
1	0
1	0
16	0
16	0
1	0
16	0
1	0
1	0
1	0
1	0
1	0
1	0
17	0
12	6
12	0
8	0
1	0
1	8
16	0
16	0
16	0
16	0
16	16
2	0
2	2
9	0
13	0
9	9
1	8
8	0
8	0
8	8
13	13
9	0
1	0
9	9
8	8
12	0
12	0
12	8
5	5
12	0
12	0
12	0
12	0
9	1
8	0
8	0
8	8
2	2
8	0
8	0
8	0
8	8
13	13
9	0
13	0
9	9
9	8
13	13
13	13
8	0
8	0
8	0
8	0
8	0
8	8
13	13
9	0
13	0
9	9
13	0
13	0
1	0
1	3
9	9
8	8
2	2
6	6
8	0
8	0
8	0
8	0
8	0
8	8
2	2
12	0
12	0
12	12
17	0
9	4
17	0
9	0
9	10
8	0
8	0
8	8
13	13
13	0
3	0
1	0
1	0
8	0
8	0
16	0
16	0
1	0
1	0
16	0
16	0
16	0
8	0
8	0
17	0
1	0
8	0
8	0
8	0
17	0
17	0
16	0
16	0
8	0
8	0
1	0
8	0
8	0
8	0
8	0
16	0
16	0
16	0
12	0
2	6
1	0
1	0
1	1
8	0
8	0
8	0
8	0
8	0
8	0
8	0
8	8
4	0
11	4
2	0
2	2
9	0
1	1
8	0
8	0
8	0
8	0
8	0
8	8
1	0
1	0
1	1
1	0
1	0
3	0
1	0
3	0
3	16
13	13
13	0
1	0
1	0
8	0
1	0
8	0
1	0
1	0
1	0
1	0
8	0
8	0
8	0
1	0
1	0
1	0
1	0
1	0
1	0
8	0
8	0
8	0
8	0
16	0
3	0
12	0
2	2
3	0
2	2
6	0
9	0
1	1
8	0
8	0
8	0
8	0
8	0
8	0
8	8
17	0
17	4
12	11
12	6
12	0
12	0
12	0
12	6
3	0
3	0
3	1
17	0
17	2
9	9
17	8
12	0
17	0
17	4
13	13
2	2
9	9
17	0
17	4
12	0
12	11
17	0
9	2
1	0
1	0
1	3
9	9
8	8
1	0
1	0
3	0
3	0
3	0
3	16
13	13
13	0
16	0
1	0
1	0
8	0
16	0
16	0
12	0
3	0
2	2
6	6
8	0
8	0
8	0
8	0
8	0
8	0
8	0
8	0
8	0
8	8
4	0
6	4
8	0
8	0
8	8
2	2
2	6
12	0
12	0
12	8
3	0
3	3
1	6
12	0
17	11
3	0
3	0
1	0
16	16
13	13
13	0
1	0
1	0
1	0
1	0
1	0
1	0
1	0
1	0
1	0
1	0
1	0
1	0
1	0
1	0
1	0
1	0
1	0
1	0
8	0
1	0
8	0
8	0
8	0
3	0
16	0
12	0
2	2
12	6
12	0
12	0
12	8
3	11
17	0
16	0
16	0
16	16
11	0
2	4
13	13
16	0
16	0
16	0
16	16
1	6
8	0
8	8
16	0
11	11
3	10
2	0
2	0
1	0
1	0
1	0
1	16
5	5
16	0
16	0
16	0
16	16
8	0
8	0
8	0
8	8
5	5
16	0
16	0
16	16
2	3
3	0
1	6
8	0
8	8
2	2
1	0
6	0
1	0
1	0
1	0
1	1
8	0
8	0
8	0
8	0
13	0
12	0
12	0
12	0
11	8
3	11
3	0
3	0
9	10
8	0
8	0
8	0
8	8
1	0
16	0
16	0
4	0
4	16
4	0
2	4
1	0
1	0
1	0
1	0
1	3
8	0
8	0
8	8
1	0
1	0
1	0
1	0
1	0
1	0
1	0
1	1
8	0
8	0
8	0
8	0
8	0
8	0
8	0
8	8
3	10
16	0
16	16
5	5
3	0
2	2
8	0
8	0
8	0
8	0
8	8
16	0
16	16
11	0
8	0
8	8
13	0
12	0
6	6
1	0
1	0
1	6
1	0
8	0
8	8
16	0
12	4
1	0
1	0
1	0
1	0
1	0
1	1
13	13
13	0
1	0
1	0
16	0
16	0
1	0
1	0
1	0
1	0
1	0
16	0
16	0
16	0
16	0
1	0
1	0
1	0
1	0
1	0
1	0
1	0
1	0
1	0
16	0
16	0
16	0
1	0
1	0
1	0
3	0
8	0
8	0
16	0
1	0
1	0
16	0
16	0
16	0
1	0
1	0
1	0
1	0
1	0
12	0
3	6
17	0
17	0
12	6
17	0
17	11
17	0
11	2
1	6
8	0
8	8
8	0
12	0
16	0
16	16
11	0
1	6
12	0
8	0
8	8
12	10
13	13
9	0
13	0
9	9
8	8
17	0
17	4
1	0
1	0
1	0
1	1
5	5
9	0
13	0
9	9
8	8
1	1
13	13
13	0
1	0
1	0
1	0
8	0
8	0
1	0
17	0
17	0
17	0
17	0
17	0
17	0
12	0
1	0
1	0
1	0
16	0
16	0
16	0
12	0
1	6
1	0
1	0
1	0
1	1
1	0
8	0
8	12
3	0
2	0
16	0
16	0
16	16
11	0
11	2
2	6
1	0
1	0
1	0
1	1
1	0
8	0
8	0
8	0
8	0
1	0
8	0
8	8
12	0
12	0
12	12
13	13
3	11
2	2
9	0
9	9
2	2
9	9
1	6
8	0
8	8
2	0
2	2
1	0
1	0
1	1
8	0
8	8
12	0
12	0
12	4
4	0
4	4
13	13
5	5
3	0
2	6
1	0
13	0
12	0
2	0
2	2
1	0
8	0
8	8
4	0
11	4
2	6
3	0
1	0
1	1
8	8
2	0
6	2
8	8
12	0
12	16
5	5
12	6
12	0
8	8
4	0
4	4
9	0
9	9
3	0
3	2
1	0
1	0
1	0
1	1
8	6
1	0
2	0
2	0
1	0
1	0
1	0
17	0
1	0
1	1
8	0
8	8
16	0
16	0
16	0
16	16
13	13
3	11
2	0
2	2
3	0
1	0
1	0
1	1
8	0
8	0
8	0
13	0
13	0
12	12
12	0
12	12
16	0
11	2
2	0
6	6
1	0
1	0
1	0
1	1
8	0
8	0
12	12
13	13
11	0
6	6
1	0
1	0
1	0
1	1
8	0
8	0
8	0
8	0
8	0
13	0
17	0
17	0
17	0
17	0
17	0
17	8
12	0
17	16
4	0
10	0
2	2
13	13
13	0
1	0
1	0
8	0
1	0
8	0
1	0
1	0
16	0
16	0
16	0
16	0
1	0
1	0
1	0
1	0
1	0
1	0
8	0
8	0
13	0
8	0
8	0
8	8
13	13
1	0
1	16
8	0
8	0
8	0
8	0
8	8
13	13
13	0
1	0
8	0
8	0
8	0
1	0
1	0
1	0
1	0
1	0
8	0
8	0
1	0
1	0
1	0
1	0
1	0
8	0
8	0
8	0
8	0
1	0
1	0
8	0
8	0
8	0
1	0
1	0
1	0
1	0
1	0
8	0
8	0
1	0
1	0
8	0
8	0
8	0
1	0
1	0
1	0
8	0
8	0
8	0
8	0
8	0
1	0
12	0
8	0
8	0
8	0
8	0
8	0
8	0
8	8
2	6
12	12
12	0
12	12
13	13
2	17
9	0
1	1
8	8
9	9
2	0
6	2
8	0
8	0
8	0
8	12
13	13
4	0
11	4
1	6
1	0
1	0
1	1
8	0
8	0
8	0
8	8
5	5
8	0
8	8
13	13
13	0
1	0
8	0
8	0
8	0
8	0
1	0
1	0
1	0
1	0
1	0
8	0
1	0
8	0
8	0
1	0
12	0
12	0
1	0
16	0
16	0
12	0
3	11
4	0
6	4
1	6
8	0
8	0
8	0
8	0
8	8
2	0
2	2
8	0
8	0
8	0
8	0
8	0
8	8
3	5
12	0
16	0
1	0
1	16
17	0
6	0
3	3
3	2
1	0
1	0
1	1
8	0
8	0
8	0
8	8
3	0
2	2
1	0
3	0
1	0
1	0
13	0
1	0
1	0
1	0
1	0
1	1
8	0
8	0
8	0
8	0
8	0
8	0
8	8
13	13
13	0
1	0
1	0
1	0
1	0
1	0
12	0
12	0
12	6
1	1
8	0
8	0
8	8
12	0
12	4
12	0
16	0
16	0
16	16
2	2
1	0
1	0
1	0
1	0
1	0
1	0
1	0
1	1
8	0
8	0
8	0
8	0
8	8
13	13
13	0
12	0
12	0
16	0
12	0
16	0
1	0
1	0
1	0
1	0
8	0
1	0
1	0
1	0
1	0
1	0
8	0
8	0
8	0
12	0
1	0
1	0
1	0
8	0
12	0
12	0
12	0
12	0
16	0
16	0
3	0
1	0
12	0
1	0
3	0
3	0
3	0
3	0
1	0
1	1
3	0
3	0
16	0
16	0
16	16
11	0
11	11
2	6
8	0
8	12
2	2
1	0
1	0
1	0
1	1
5	5
3	0
3	0
3	0
3	0
3	0
1	0
1	1
8	0
8	8
2	0
2	2
12	6
12	0
12	0
12	0
12	12
13	13
8	0
8	0
8	0
8	3
3	0
3	5
3	0
3	3
2	2
9	6
8	0
8	8
5	5
8	0
2	6
8	8
8	0
12	0
13	0
12	0
2	6
12	0
12	12
4	0
11	0
4	4
2	2
2	0
4	6
12	0
8	0
8	8
2	0
2	2
1	0
1	0
1	0
1	0
1	1
8	0
8	0
8	0
8	0
8	0
8	0
8	0
8	8
16	0
2	0
1	0
1	3
1	0
1	0
1	0
1	0
1	0
1	16
8	5
17	0
6	0
5	3
1	0
12	5
17	0
17	0
1	0
1	1
2	0
1	0
1	0
16	0
16	16
13	13
13	0
1	0
1	0
8	0
1	0
1	0
12	0
3	0
2	6
8	0
8	8
2	0
2	2
8	0
8	8
2	2
2	6
12	0
8	0
8	0
8	8
2	0
2	2
8	0
8	0
8	0
8	0
8	0
8	8
4	0
11	4
3	0
3	0
1	0
1	0
3	3
1	0
3	0
1	0
1	0
1	1
13	13
13	0
1	0
1	0
1	0
1	0
1	0
8	0
8	0
1	0
1	0
1	0
1	0
1	0
1	0
1	0
2	0
1	0
1	0
8	0
1	0
1	0
1	0
8	0
8	0
12	0
3	0
5	5
1	0
2	11
1	0
1	0
16	16
11	0
4	0
4	3
3	0
3	3
3	3
3	6
3	0
1	6
3	0
3	3
8	0
8	8
5	5
8	0
8	0
8	0
8	8
13	13
13	0
1	0
1	0
11	0
8	0
11	0
3	0
3	0
3	0
1	0
1	0
16	0
1	0
1	0
8	0
1	0
1	0
8	0
1	0
8	0
1	0
1	0
1	0
1	0
8	0
8	0
3	0
3	0
11	0
11	0
3	0
3	0
3	0
12	0
8	0
8	0
8	0
8	0
8	0
8	0
8	0
8	0
8	8
13	13
9	9
8	0
8	0
8	8
13	13
9	9
8	0
8	0
8	8
16	17
9	0
1	0
9	9
1	0
8	0
8	0
8	0
8	0
8	0
8	1
16	5
12	0
3	0
3	0
3	0
1	0
1	0
1	1
17	0
8	0
8	8
2	0
2	2
1	1
1	0
1	0
1	1
8	0
8	0
8	0
8	0
8	0
8	8
13	13
9	9
8	0
8	0
8	8
13	0
12	0
3	11
11	0
11	4
3	0
4	0
16	3
5	2
8	0
8	0
8	8
2	0
2	2
12	12
12	0
12	12
13	13
3	0
6	0
1	6
8	0
8	0
8	0
8	0
8	8
13	13
1	5
17	6
12	0
13	0
12	0
12	0
12	12
13	13
16	0
2	1
12	12
13	13
16	0
2	2
12	6
12	0
8	0
8	0
8	8
12	0
12	16
13	13
13	0
1	0
1	0
12	0
1	0
1	0
1	0
8	0
8	0
1	0
8	0
12	0
12	0
2	0
6	2
8	0
8	0
8	0
8	12
4	0
11	4
2	0
2	11
2	2
9	9
2	2
9	9
17	2
12	6
12	0
8	0
8	0
8	8
3	5
1	0
1	0
1	0
1	0
1	1
2	2
9	9
17	2
12	6
12	0
12	0
8	0
8	0
8	8
16	0
16	16
13	13
13	0
1	0
3	0
8	0
1	0
1	0
1	0
8	0
1	0
1	0
8	0
12	0
12	0
12	0
16	0
1	0
3	0
8	0
8	0
8	0
17	0
12	0
2	0
2	2
1	0
8	17
8	0
5	5
8	0
8	0
8	0
8	0
8	0
8	8
4	0
6	4
8	2
1	0
1	6
8	0
8	0
8	8
1	0
17	0
1	0
1	1
13	13
3	0
1	11
2	2
11	0
11	0
11	6
8	0
5	5
3	0
6	0
6	0
6	6
8	0
8	0
8	0
8	0
8	8
17	0
9	2
17	6
17	0
8	8
17	0
12	10
1	0
1	0
1	0
1	0
16	16
13	13
13	0
1	0
1	0
3	0
13	0
2	0
2	2
1	0
1	0
1	0
1	1
12	8
16	0
16	0
16	16
3	11
9	0
9	11
9	2
2	0
6	0
6	6
8	0
8	0
8	8
13	13
3	11
17	0
2	2
8	0
8	0
8	0
8	0
8	8
3	0
1	1
17	0
12	4
13	13
3	0
3	9
1	0
16	0
16	16
17	0
9	2
1	0
1	11
8	0
8	8
13	13
14	2
1	0
1	0
1	0
1	1
8	0
8	8
17	0
12	4
12	3
17	0
2	0
13	0
12	0
2	0
2	2
1	0
1	0
1	0
1	1
8	0
8	8
16	0
17	0
16	0
16	0
16	16
3	0
9	11
3	0
1	0
1	0
3	3
12	0
12	8
5	5
12	0
12	8
12	0
5	5
12	0
12	8
5	5
12	0
12	8
2	2
12	0
12	0
12	0
12	0
12	8
13	13
1	0
1	0
1	0
1	0
1	3
3	0
1	9
8	0
8	8
13	13
13	0
1	0
1	0
1	0
1	0
16	0
1	0
1	0
16	0
1	0
3	0
12	0
1	2
1	0
1	0
1	0
1	1
8	0
8	0
8	8
17	0
17	0
17	0
16	0
16	16
17	0
1	11
17	0
17	3
17	6
12	0
12	8
2	2
12	0
12	0
12	0
12	0
12	8
3	0
2	0
16	0
2	0
2	14
14	0
6	11
17	6
8	0
8	0
8	8
1	0
16	0
16	16
11	0
11	4
13	13
13	0
1	0
1	0
1	0
1	0
1	0
1	0
1	0
1	0
16	0
16	0
1	0
1	0
1	0
1	0
16	0
12	0
3	0
17	0
1	0
17	0
14	14
17	0
9	11
17	0
2	2
8	0
8	0
8	0
8	0
8	0
8	0
8	8
16	6
12	0
12	8
16	0
2	5
12	6
12	0
12	8
13	13
11	14
16	0
9	11
17	0
9	11
17	0
6	6
1	0
1	0
1	1
8	8
1	0
1	0
16	0
16	0
16	0
16	16
13	13
5	0
5	3
3	0
3	3
2	0
2	0
6	0
3	0
2	2
8	0
8	0
8	0
8	0
8	0
8	0
13	0
12	0
12	0
12	0
12	0
12	0
12	8
16	0
17	0
16	0
16	0
16	16
17	0
1	11
2	0
2	2
1	0
1	0
1	0
1	0
1	0
1	0
1	1
12	8
3	0
1	0
2	0
1	0
1	1
2	2
17	0
6	0
3	0
2	6
12	0
12	0
12	0
12	0
8	8
2	0
2	2
3	0
6	6
8	0
8	8
13	13
13	0
1	0
1	0
8	0
12	0
1	0
1	0
8	0
1	0
8	0
8	0
16	0
16	0
2	0
1	0
17	0
12	0
11	11
16	0
16	16
1	0
1	0
17	0
1	0
1	3
17	5
12	6
12	0
8	8
13	13
17	5
17	14
17	0
17	11
17	0
17	0
17	10
17	0
17	0
17	3
17	0
17	4
13	13
13	0
1	0
17	0
17	0
12	0
1	0
1	0
3	0
16	0
17	0
17	0
12	0
17	0
17	0
12	0
17	0
17	0
17	0
17	0
17	0
8	0
8	0
17	0
1	0
1	0
17	0
17	0
17	0
17	0
12	0
12	0
17	0
17	0
17	0
1	0
1	1
16	5
17	0
17	3
3	0
2	2
8	0
8	0
8	0
8	8
13	13
2	0
2	0
2	2
8	0
8	8
13	13
16	0
5	5
3	0
2	2
12	0
12	8
2	0
2	2
8	8
2	0
2	2
8	0
8	0
8	8
13	13
2	0
2	2
1	6
8	0
8	0
8	0
8	8
13	13
11	0
11	4
2	0
6	6
8	0
8	0
8	8
13	13
3	11
1	0
3	0
3	0
1	3
17	0
1	3
1	5
13	0
12	0
3	0
2	2
8	0
8	0
8	0
8	0
12	8
2	0
2	0
6	0
3	0
2	2
8	0
12	0
8	0
12	0
12	8
12	0
12	0
12	16
8	0
12	0
12	0
8	0
12	8
4	5
8	0
8	0
8	0
8	0
8	8
13	13
8	0
12	8
13	13
8	0
8	0
8	8
16	0
5	5
8	0
8	0
8	8
16	0
4	0
12	0
11	0
16	0
16	16
13	13
13	0
3	0
1	0
1	0
1	0
1	0
1	0
1	0
8	0
13	0
9	0
17	17
17	0
17	0
17	17
12	12
16	0
17	2
17	0
6	6
1	0
1	0
1	0
1	1
8	0
8	0
12	12
13	13
11	0
6	6
1	0
1	0
1	0
1	1
8	0
8	0
8	0
8	0
8	0
13	0
17	0
17	0
17	0
17	0
17	0
17	8
12	0
17	16
4	0
10	0
2	2
13	13
13	0
8	0
1	0
17	0
1	0
17	0
17	0
17	0
16	0
16	0
16	0
16	0
1	0
1	0
1	0
1	0
1	0
17	0
17	0
17	0
8	8
13	13
17	0
17	16
17	0
17	0
17	0
17	17
13	13
9	0
17	17
13	13
17	0
17	0
17	17
12	12
17	17
17	0
17	0
17	17
17	0
17	0
17	0
17	0
17	0
17	8
17	0
17	0
17	17
8	0
8	0
8	0
12	8
9	0
1	1
8	0
8	8
9	9
8	0
17	0
8	8
17	0
17	0
17	17
17	17
13	13
8	0
8	0
8	0
17	0
17	0
1	0
8	0
8	8
12	0
12	0
13	0
12	0
2	6
8	0
8	0
8	8
4	0
11	4
12	12
12	12
13	13
12	0
12	0
8	0
8	12
13	13
12	0
12	0
12	12
13	13
13	0
1	0
12	0
1	0
12	0
12	0
8	0
1	0
1	0
1	0
12	0
12	0
12	0
12	0
12	0
1	0
1	0
12	0
12	0
12	0
12	0
1	0
1	0
12	0
1	0
12	0
12	0
8	0
1	0
1	0
8	0
16	0
16	0
12	0
12	0
12	0
12	0
12	0
12	0
12	0
5	0
8	0
17	0
9	11
12	0
11	4
1	0
1	0
1	0
2	1
8	0
16	2
8	8
5	5
13	13
17	0
17	17
17	0
17	17
13	13
5	5
8	8
5	5
13	13
17	17
17	0
17	12
13	13
8	0
8	0
8	0
8	0
8	0
8	0
8	0
8	0
8	8
17	17
9	9
8	0
8	8
17	17
9	0
1	0
9	9
8	0
8	0
8	0
8	8
17	17
9	0
1	0
9	9
12	12
2	0
2	0
2	0
2	0
16	0
3	0
13	0
12	0
12	12
17	0
8	12
12	0
12	12
12	0
12	12
12	6
12	12
12	12
17	4
9	9
8	6
17	0
8	0
8	0
8	0
8	0
8	8
17	0
17	0
16	17
12	12
12	12
12	17
17	0
17	17
5	5
12	6
17	0
8	0
17	0
8	0
8	0
8	0
8	8
12	12
17	0
17	17
17	0
17	0
17	0
17	17
17	12
13	13
13	0
1	0
16	0
16	0
17	0
16	0
17	0
16	0
16	0
16	0
16	0
16	0
1	0
1	0
17	0
16	0
11	2
17	0
6	0
11	6
11	11
17	0
17	4
9	9
17	6
12	12
17	17
17	0
17	17
17	0
1	0
1	0
17	16
13	13
13	0
16	0
1	0
17	0
1	0
17	0
1	0
16	0
17	0
17	0
17	0
12	0
17	0
17	0
17	0
17	0
17	0
17	0
17	0
1	0
1	0
3	0
16	0
1	0
17	0
1	0
16	0
16	0
16	0
16	0
16	0
16	0
16	0
17	0
17	0
17	0
17	0
17	0
17	0
17	0
12	0
9	9
16	0
12	0
9	4
17	3
8	0
9	2
8	0
8	0
8	12
16	0
3	0
16	0
1	16
13	13
11	0
3	14
11	0
4	0
4	3
1	0
1	0
1	1
5	5
3	0
1	0
1	0
1	0
1	1
8	0
8	0
8	8
6	4
1	0
8	0
8	16
13	13
13	0
1	0
8	0
3	0
8	0
8	0
16	0
8	0
3	0
16	0
16	0
16	0
8	0
8	0
8	0
8	0
8	0
8	0
16	0
1	0
16	0
1	0
12	0
2	0
6	2
8	0
8	0
8	0
8	0
8	0
8	0
8	0
8	8
9	9
17	4
12	12
4	0
2	6
12	0
8	0
8	8
17	0
4	0
4	0
4	0
4	2
1	0
17	0
1	0
1	1
1	0
3	0
1	8
1	0
16	16
13	13
13	0
1	0
1	0
1	0
1	0
8	0
1	0
12	0
1	0
1	0
1	0
1	0
1	0
1	0
1	0
1	0
1	0
1	0
1	0
1	0
8	0
8	0
16	0
16	0
1	0
8	0
17	0
2	6
8	0
8	0
8	0
8	0
8	0
8	0
8	0
8	0
8	8
12	12
12	0
12	0
12	12
5	5
12	6
8	8
12	0
12	0
12	12
12	0
12	12
12	0
12	12
12	0
12	4
9	9
17	6
17	0
8	0
8	0
8	0
8	8
9	0
17	17
17	0
17	0
17	17
17	0
17	0
17	17
16	0
17	0
17	0
16	0
16	16
13	13
13	0
1	0
8	0
8	0
16	0
16	0
17	0
16	0
16	0
16	0
16	0
16	0
12	0
17	0
11	0
14	6
17	0
12	6
17	0
8	0
8	0
8	0
8	8
17	0
17	4
17	0
2	2
17	0
17	0
17	17
17	0
17	0
17	17
17	0
17	0
16	16
4	0
16	4
13	13
13	0
16	0
1	0
16	0
16	0
1	0
17	0
17	0
17	0
17	0
17	0
1	0
17	0
17	0
17	0
17	0
17	0
17	0
8	0
17	0
17	0
16	0
16	0
16	0
17	0
17	0
17	0
1	0
16	0
16	0
1	0
17	0
17	0
12	0
3	0
2	0
14	0
14	0
14	14
2	6
8	0
8	0
8	12
2	6
8	0
12	0
8	8
16	0
2	2
1	0
2	6
8	0
8	0
8	0
8	0
8	0
8	0
8	8
2	0
2	2
12	12
12	0
12	12
13	13
12	12
12	0
12	12
13	13
12	12
12	0
12	0
12	12
12	0
8	8
5	5
12	12
12	0
12	12
16	0
16	0
16	0
16	0
16	1
8	0
8	0
8	0
8	0
8	8
11	4
1	0
3	4
13	13
13	0
12	0
17	0
12	5
12	6
12	0
12	0
8	8
2	0
2	2
12	12
17	17
17	0
17	17
12	0
12	4
17	0
6	0
6	6
8	0
8	8
10	0
10	0
2	0
2	0
16	0
16	0
16	0
16	16
13	13
13	0
1	0
16	0
16	0
16	0
16	0
16	0
16	0
16	0
1	0
12	0
16	0
16	0
17	0
1	0
16	0
1	0
8	0
17	0
12	0
16	0
1	0
12	0
16	0
16	0
16	0
16	0
16	0
17	0
17	0
17	0
12	0
2	2
9	9
17	4
9	0
17	17
17	0
17	0
17	17
12	12
12	0
12	0
12	0
12	8
1	0
16	0
16	0
16	16
13	13
1	0
12	0
1	0
16	0
16	16
5	5
16	0
16	0
16	0
16	16
13	13
13	0
1	0
1	0
1	0
16	0
1	0
16	0
1	0
1	0
1	0
16	0
16	0
16	0
16	0
1	0
1	0
3	0
8	0
16	0
16	0
8	0
17	0
17	0
8	0
1	0
1	0
12	0
12	0
16	0
16	0
12	0
12	12
12	0
12	0
12	12
4	0
3	4
3	6
1	0
1	0
1	1
8	0
8	0
8	0
8	0
8	8
2	2
3	0
12	0
12	6
8	0
8	0
8	0
8	0
8	8
13	13
13	0
1	0
1	0
1	0
1	0
1	0
1	0
8	0
1	0
1	0
1	0
1	0
1	0
1	0
1	0
1	0
8	0
8	0
8	0
1	0
1	0
1	0
12	0
12	0
16	0
3	0
1	0
1	0
1	0
1	0
1	0
1	0
8	0
8	0
12	0
1	13
1	0
1	0
1	16
8	13
12	12
2	0
2	0
2	0
2	0
16	0
16	0
16	16
12	6
12	13
12	0
12	0
12	0
8	8
2	0
2	0
2	2
9	9
17	0
17	4
9	0
17	17
17	0
17	0
17	17
12	12
17	0
12	6
8	0
8	0
8	0
8	0
8	0
8	0
8	8
2	0
2	2
17	0
17	17
17	0
17	0
17	17
2	0
2	2
1	0
3	0
1	0
1	0
1	0
1	1
8	0
8	0
8	0
13	0
12	0
17	0
12	11
16	0
16	16
2	0
2	0
2	2
9	9
1	6
8	0
8	8
2	0
2	0
6	2
8	0
8	8
12	12
17	0
17	0
17	0
17	17
17	0
17	0
17	17
17	13
17	0
1	0
1	16
1	13
8	0
8	0
8	0
8	0
8	8
13	13
13	0
1	0
1	0
1	0
1	0
1	0
1	0
17	0
16	0
1	0
17	0
17	0
16	0
16	0
16	0
8	0
8	0
1	0
1	0
1	0
1	0
1	0
2	0
1	0
13	0
3	0
8	0
8	0
8	0
8	0
8	0
1	8
8	0
8	0
8	0
8	8
16	0
11	2
2	0
6	6
1	0
1	0
1	0
1	1
12	0
8	0
12	12
13	13
11	0
6	6
1	0
1	0
1	0
1	1
8	0
8	0
8	0
8	0
8	0
13	0
1	0
12	0
17	0
17	0
17	0
12	8
12	0
17	16
10	0
10	0
4	2
13	13
13	0
1	0
1	0
1	0
16	0
16	0
16	0
16	0
16	0
16	0
16	0
16	0
13	0
8	0
8	0
8	8
13	13
1	0
1	16
1	1
8	0
8	0
8	0
8	0
8	0
8	0
8	8
13	13
13	0
1	0
1	0
1	0
1	0
8	0
8	0
1	0
1	0
1	0
1	0
1	0
1	0
1	0
8	0
8	0
8	0
8	0
8	0
8	0
8	0
8	0
8	0
8	0
1	0
1	0
8	0
8	0
1	0
1	0
1	0
1	0
8	0
8	0
1	0
1	0
1	0
1	0
1	0
8	0
8	0
8	0
8	0
8	0
12	0
3	6
1	0
1	0
1	0
1	0
16	1
8	0
8	8
2	0
4	0
2	4
13	13
13	0
8	0
8	0
8	0
8	0
8	0
8	0
1	0
8	0
8	0
16	0
1	0
16	0
16	0
16	0
1	0
8	0
16	0
16	0
2	0
8	0
8	0
8	0
1	0
16	0
8	0
1	0
1	0
8	0
8	0
8	0
16	0
16	0
1	0
1	0
1	0
1	0
1	0
1	0
1	0
8	0
8	0
2	0
16	0
3	0
8	0
1	0
13	0
12	13
8	0
8	0
8	0
8	0
8	0
8	0
8	8
13	13
8	0
8	0
8	0
8	0
8	8
13	13
13	0
1	0
8	0
8	0
8	0
8	0
8	0
1	0
8	0
8	0
8	0
1	0
8	0
8	0
16	0
16	0
8	0
8	0
8	0
8	0
8	0
8	0
8	0
8	0
8	0
8	0
8	0
8	0
1	0
1	0
1	0
1	0
8	0
8	0
8	0
8	0
8	0
8	0
16	0
1	0
1	0
8	0
8	0
8	0
12	0
1	0
8	0
8	0
8	0
8	0
8	0
1	8
8	0
8	0
8	0
8	0
8	0
8	0
8	8
4	0
4	4
3	6
8	0
8	8
3	11
11	11
1	0
2	2
3	0
1	0
1	0
1	0
1	1
8	0
8	0
8	0
8	0
8	8
5	5
2	0
2	2
1	0
1	0
1	1
8	0
8	8
16	16
13	13
13	0
1	0
1	0
1	0
1	0
1	0
1	0
1	0
1	0
1	0
1	0
1	0
1	0
8	0
8	0
1	0
12	0
3	0
1	0
12	0
1	0
12	0
2	0
2	0
2	1
12	0
12	0
13	0
8	0
8	8
8	0
8	0
8	0
8	0
8	0
8	0
8	0
8	0
8	8
17	17
9	9
8	0
8	0
8	8
17	17
9	0
1	0
9	9
8	0
8	0
8	8
16	17
9	0
1	0
9	9
8	0
8	0
8	0
8	8
5	5
8	0
8	0
8	0
8	8
2	17
9	0
1	0
9	9
8	0
8	0
8	8
17	17
9	0
1	0
9	9
13	0
13	0
1	0
1	0
1	16
1	13
8	0
8	0
8	8
2	0
2	2
12	0
17	0
12	0
12	1
8	0
8	0
8	8
2	0
2	2
8	0
8	0
8	0
8	0
8	0
8	0
8	0
8	8
12	0
17	0
16	0
16	16
12	6
13	13
12	0
12	0
8	0
8	0
1	8
13	13
2	0
2	2
8	17
2	0
2	2
8	0
8	0
8	8
8	5
2	0
2	2
8	0
8	0
8	0
8	0
8	0
8	8
13	13
3	0
13	2
13	0
12	0
1	6
12	0
12	0
1	0
1	0
1	8
16	0
16	0
16	16
11	0
11	0
11	10
1	0
2	0
2	10
13	13
11	14
16	0
2	2
11	0
6	6
8	17
1	6
12	0
12	0
8	8
16	0
16	0
16	0
16	16
13	13
13	0
1	0
16	0
1	0
1	0
1	0
1	0
16	0
1	0
8	0
8	0
8	0
8	0
1	0
1	0
1	0
1	0
8	0
16	0
8	0
1	0
16	0
3	0
11	0
11	0
11	0
3	0
1	0
12	0
17	6
13	13
1	0
1	0
1	0
1	8
13	13
17	0
2	2
17	0
12	17
13	13
12	0
2	2
12	0
12	8
12	2
12	6
17	0
8	0
8	8
17	0
17	0
12	8
13	13
12	0
17	0
12	8
13	13
13	13
17	0
1	0
17	1
13	13
3	1
13	13
13	13
13	13
13	0
1	0
16	0
16	0
16	0
12	0
16	0
16	0
16	0
16	0
1	0
1	0
17	0
8	0
16	0
16	0
17	0
12	0
12	0
12	0
16	0
12	0
17	0
12	3
3	0
6	6
8	0
8	0
13	0
12	0
1	0
1	0
12	0
12	0
8	0
8	8
16	0
16	0
16	16
6	6
1	6
1	0
1	0
1	0
1	1
8	0
8	0
8	8
12	0
2	0
12	10
13	13
13	0
1	0
1	0
3	0
3	0
1	0
16	0
1	0
1	0
1	0
1	0
1	0
1	0
1	0
8	0
1	0
1	0
8	0
8	0
1	0
1	0
1	0
1	0
1	0
1	0
1	0
1	0
1	0
8	0
12	0
11	0
11	11
4	0
11	0
4	4
1	0
17	0
1	10
1	0
1	0
1	0
1	0
1	1
16	0
16	0
16	0
16	16
13	13
11	0
11	4
3	0
3	5
2	2
12	6
12	0
8	0
8	8
2	0
2	2
2	2
12	0
12	12
16	0
16	0
16	16
13	13
13	0
1	0
3	0
16	0
3	0
1	0
1	0
1	0
1	0
16	0
16	0
3	0
16	0
1	0
16	0
1	0
1	0
1	0
1	0
1	0
1	0
1	0
1	0
13	0
1	0
11	11
9	0
1	0
1	1
8	0
8	0
8	8
4	0
11	4
12	6
17	0
8	0
8	0
8	0
8	8
2	2
2	6
6	0
1	9
13	13
8	0
12	8
13	13
13	13
12	0
12	0
8	0
12	0
8	8
1	0
1	0
1	0
1	0
1	1
2	2
13	13
8	0
12	8
13	13
13	13
2	0
1	2
12	0
12	0
8	8
9	9
13	13
13	0
1	0
1	0
1	0
1	0
1	0
1	0
1	0
1	0
1	0
1	0
13	0
13	13
3	0
6	9
8	0
8	8
13	13
3	0
3	9
12	0
12	0
8	8
13	13
3	0
3	0
2	0
9	9
8	0
8	0
8	8
13	13
13	13
16	5
3	2
3	0
6	0
1	9
8	0
8	8
12	2
2	0
6	6
8	0
8	0
8	8
9	9
13	13
13	0
1	0
1	0
16	0
8	0
16	0
16	0
8	0
1	0
1	0
16	0
1	0
1	0
1	0
1	0
8	0
8	0
1	0
1	0
8	0
8	0
3	0
3	0
13	0
13	13
11	0
1	0
9	9
8	0
8	8
13	13
9	0
1	0
9	9
8	0
8	0
8	8
13	13
6	0
1	9
8	0
8	0
8	8
13	13
13	13
13	0
1	0
1	0
1	0
8	0
16	0
8	0
16	0
1	0
1	0
8	0
8	0
16	0
16	0
1	0
1	0
8	0
8	0
8	0
8	0
16	0
1	0
1	0
8	0
8	0
16	0
3	0
1	0
9	0
1	0
16	0
16	0
3	0
9	0
1	0
1	0
8	0
16	0
12	0
12	0
12	0
12	0
12	3
2	2
17	0
6	6
8	0
8	0
8	0
8	0
8	8
16	0
16	16
3	0
3	5
3	0
1	11
6	6
8	0
8	0
8	8
1	0
2	0
2	0
2	10
13	13
13	0
1	0
1	0
8	0
3	0
3	0
16	0
3	0
3	0
1	0
1	0
1	0
1	0
1	0
1	0
1	0
1	0
1	0
1	0
1	0
1	0
8	0
8	0
8	0
1	0
1	0
1	0
8	0
8	0
3	0
3	0
16	0
13	0
4	0
12	0
12	11
3	11
1	5
1	0
1	0
16	16
13	13
11	0
11	4
13	13
14	0
11	0
14	14
2	0
2	2
8	0
8	0
8	0
8	0
8	0
8	0
8	0
8	8
13	13
2	0
14	2
8	0
8	0
8	0
8	0
8	8
2	0
2	2
6	6
1	0
1	0
1	3
1	0
1	0
1	1
1	0
1	0
1	1
8	0
8	0
8	0
8	8
13	13
6	11
9	0
1	1
8	0
8	8
8	0
12	0
12	8
13	0
13	0
3	3
4	0
2	16
3	11
2	0
12	2
12	0
12	8
13	13
1	0
1	0
1	0
1	16
13	13
13	13
13	0
2	0
2	0
2	16
8	0
8	0
8	0
8	0
8	8
13	13
13	0
1	0
8	0
12	0
12	0
1	0
1	0
1	0
16	0
16	0
1	0
8	0
13	0
8	0
1	0
8	0
8	0
8	0
8	0
8	0
8	0
3	0
16	0
16	0
16	0
8	0
12	0
12	0
12	0
3	0
3	0
1	0
1	0
1	0
13	0
13	13
17	0
17	0
17	0
17	7
13	13
13	13
13	13
13	13
17	0
17	11
13	13
13	13
13	0
2	0
2	0
2	16
12	0
8	0
12	0
8	0
8	8
13	13
17	0
17	0
17	11
13	13
13	13
13	13
13	0
1	0
17	0
1	0
1	0
1	0
1	0
17	0
1	0
1	0
12	0
8	0
8	0
16	0
16	0
17	0
8	0
1	0
17	0
17	0
17	0
17	0
17	0
17	0
1	0
17	0
17	0
17	0
17	0
1	0
12	0
3	0
11	11
11	0
11	4
1	0
1	0
1	0
1	0
1	0
1	0
1	3
5	6
12	0
8	0
8	8
2	0
2	2
1	0
1	0
1	0
1	0
1	1
13	13
3	0
16	0
16	2
11	0
6	6
12	0
8	0
12	8
3	0
2	2
8	0
8	0
8	0
8	0
8	0
8	0
8	8
13	13
13	0
1	0
3	0
16	0
1	0
16	0
3	0
16	0
1	0
1	0
1	0
1	0
1	0
1	0
1	0
1	0
1	0
1	0
13	0
13	13
3	0
12	0
2	0
2	16
12	0
8	0
8	0
8	8
13	13
11	17
13	13
13	13
13	13
13	0
1	0
8	0
1	0
1	0
8	0
8	0
8	0
8	0
8	0
16	0
1	0
1	0
8	0
8	0
16	0
17	0
17	0
16	0
16	0
8	0
8	0
16	0
1	0
1	0
1	0
8	0
8	0
16	0
16	0
16	0
1	0
8	0
16	0
2	0
2	0
1	0
1	0
8	0
8	0
16	0
17	0
16	0
16	0
16	0
12	0
2	0
2	5
1	3
1	2
1	0
1	0
1	1
1	0
1	0
1	0
1	1
8	0
8	0
8	0
8	0
8	8
16	0
16	16
16	13
12	11
17	0
2	0
3	0
1	0
1	1
8	0
8	0
8	0
8	0
8	0
8	0
8	8
13	13
17	0
12	0
17	0
17	0
8	3
2	0
2	2
12	0
12	0
12	0
8	8
13	13
13	0
8	0
16	0
1	0
1	0
1	0
1	0
1	0
1	0
1	0
1	0
1	0
1	0
8	0
12	0
12	0
12	0
12	16
13	13
16	0
11	11
13	13
8	8
13	13
13	0
17	0
1	0
1	0
8	0
8	0
1	0
1	0
1	0
16	0
1	0
1	0
8	0
1	0
1	0
16	0
16	0
1	0
1	0
1	0
8	0
1	0
1	0
1	0
1	0
8	0
1	0
1	0
16	0
16	0
1	0
1	0
1	0
8	0
1	0
1	0
17	0
17	0
1	0
1	0
16	0
16	0
1	0
1	0
8	0
8	0
1	0
1	0
17	0
1	0
12	0
3	5
16	2
2	0
6	6
1	0
1	0
1	0
1	1
8	0
8	0
8	8
2	2
1	8
2	0
2	16
3	11
13	13
13	0
3	0
8	0
16	0
16	0
1	0
8	0
3	0
1	0
3	0
16	0
16	0
1	0
8	0
16	0
1	0
1	0
16	0
1	0
8	0
1	0
1	0
8	0
8	0
8	0
1	0
8	0
8	0
3	0
16	0
16	0
16	0
1	0
1	0
1	0
1	0
1	0
8	0
16	0
16	0
3	0
1	0
8	0
1	0
1	0
1	0
1	16
8	8
13	13
13	0
1	0
1	0
1	0
1	0
16	0
1	0
1	0
1	0
1	0
1	0
16	0
8	0
16	0
1	0
1	0
1	0
1	0
1	0
1	0
8	0
8	0
1	0
1	0
8	0
1	0
1	0
1	0
1	0
1	0
1	0
1	0
1	0
8	0
1	0
1	0
1	0
8	0
1	0
1	0
1	0
1	0
1	0
1	0
1	0
8	0
1	0
1	0
1	0
1	0
1	0
1	0
16	0
12	0
3	0
2	2
3	0
17	0
1	0
9	1
8	0
8	0
8	0
8	0
8	0
8	0
8	0
8	0
8	8
17	0
17	0
17	4
17	6
12	0
8	0
8	0
8	8
2	0
2	0
2	2
13	13
8	0
8	0
8	0
8	8
13	13
2	0
16	0
16	0
16	0
16	0
16	16
13	13
13	0
3	0
16	0
16	0
16	0
17	0
17	0
16	0
3	0
3	0
3	0
16	0
1	0
1	0
1	0
1	0
1	0
1	0
1	0
8	0
12	0
17	0
2	2
8	0
8	0
8	0
8	0
8	0
8	0
8	8
12	0
12	0
12	0
16	16
12	13
12	11
8	0
8	0
8	0
8	8
13	13
17	0
2	2
12	0
12	0
12	0
1	8
8	0
12	0
12	0
8	8
13	13
13	0
8	0
8	0
12	0
8	0
8	0
1	0
8	0
8	0
8	0
16	0
1	0
8	0
8	0
8	0
8	0
1	0
8	0
8	0
8	0
8	0
8	0
16	0
16	0
1	0
16	0
16	0
16	0
12	0
12	7
13	13
17	12
13	13
16	5
1	0
3	7
13	13
12	0
12	0
12	0
12	8
13	13
13	13
13	0
12	0
16	0
16	0
16	0
16	0
12	0
12	0
12	0
16	0
16	0
16	0
16	0
16	0
8	0
12	0
12	0
8	0
8	0
8	0
8	0
12	0
12	0
16	0
16	0
1	0
1	0
12	0
1	0
1	0
16	0
16	0
12	0
12	0
12	0
16	0
16	0
1	0
1	0
1	0
12	0
12	0
8	0
8	0
16	0
12	0
1	13
1	0
1	0
1	16
1	13
8	0
8	0
8	8
12	0
16	0
16	0
16	0
16	0
16	0
16	0
12	1
8	0
12	0
12	0
8	0
8	8
2	0
2	0
3	0
2	3
3	0
3	0
1	0
1	3
2	0
2	0
2	3
8	0
8	0
8	0
8	0
8	0
8	0
8	8
17	4
8	0
12	6
9	0
1	0
1	0
1	0
1	1
8	0
8	0
8	0
8	0
8	8
13	13
16	0
17	0
4	10
4	5
17	0
13	0
13	0
3	0
6	6
8	0
8	0
8	8
2	2
3	0
2	0
2	2
12	0
12	8
12	0
12	16
17	0
17	0
1	0
5	5
17	0
17	0
17	0
17	1
17	0
17	4
17	0
5	5
12	0
12	0
12	1
13	13
3	5
3	0
3	3
3	0
3	0
1	3
2	2
2	0
6	6
1	0
1	0
1	1
8	0
8	0
8	0
8	0
8	0
8	0
8	8
13	13
16	0
17	0
12	10
4	5
2	0
2	2
8	0
8	0
8	0
13	0
12	0
6	6
3	0
10	0
1	0
1	0
1	0
1	0
1	0
1	0
1	1
8	0
8	0
8	8
2	0
2	2
3	0
1	0
1	0
1	0
1	0
1	0
1	0
1	1
8	0
8	0
8	0
8	0
8	8
4	0
4	4
12	6
12	0
8	0
8	0
8	0
8	8
2	2
3	0
3	9
1	0
1	0
1	0
1	0
1	1
8	0
8	0
8	0
8	0
8	0
8	8
2	2
1	17
13	13
12	17
5	5
8	17
13	13
13	0
1	0
12	0
3	5
16	2
1	0
1	0
1	0
1	1
8	0
8	0
8	0
8	8
1	0
1	0
16	0
16	0
16	16
2	0
6	6
8	0
8	0
8	0
8	0
8	0
8	0
8	0
8	8
12	0
12	0
17	0
12	0
12	1
12	8
12	0
12	0
12	1
12	0
12	0
8	8
13	13
17	0
12	0
5	5
17	0
17	8
17	5
17	0
17	0
17	8
13	13
13	13
13	0
1	0
12	0
1	0
1	0
16	0
16	0
1	0
1	0
1	0
12	0
12	3
4	0
11	4
3	6
12	0
8	0
8	0
8	0
8	0
8	8
1	0
1	0
1	0
1	0
1	0
1	0
1	0
1	1
2	2
2	0
6	6
8	0
8	0
8	0
8	0
8	0
8	8
13	13
13	0
1	0
1	0
1	0
1	0
1	0
1	0
1	0
1	0
1	0
1	0
1	0
1	0
1	0
8	0
1	0
1	0
8	0
16	0
16	0
16	0
1	0
1	0
1	0
8	0
8	0
8	0
1	0
1	0
1	0
1	0
12	0
17	0
12	11
12	0
3	16
17	0
17	0
3	3
1	6
12	0
12	0
1	1
8	0
8	0
8	8
2	0
2	2
6	0
6	0
3	0
2	6
1	0
12	0
1	1
8	0
8	0
8	8
12	0
12	16
13	13
17	0
17	0
17	3
13	13
17	0
17	0
17	3
13	13
17	0
17	3
13	13
16	0
5	5
3	6
1	0
1	0
1	0
1	1
8	0
8	0
8	8
2	0
2	2
12	0
6	0
3	0
2	6
1	0
12	0
13	0
17	0
1	13
1	0
1	0
1	16
1	13
8	0
8	0
8	0
8	8
2	0
6	6
8	0
8	0
8	0
8	0
8	0
8	0
8	0
8	8
16	0
16	0
16	16
17	0
1	11
17	0
6	0
5	0
3	0
3	3
17	0
2	10
13	13
14	0
11	14
17	6
12	0
8	0
8	0
8	0
8	0
8	0
8	8
17	0
17	0
17	10
17	6
17	0
1	0
1	1
8	0
8	8
12	0
12	0
12	8
4	0
4	4
13	13
14	0
13	0
12	0
17	3
8	16
17	0
2	2
8	0
8	0
8	0
8	0
8	0
8	0
8	8
17	0
12	3
12	7
17	5
17	0
17	0
17	10
17	0
17	0
17	0
1	7
13	13
13	0
17	0
1	0
1	0
1	0
17	0
1	0
1	0
17	0
12	0
12	0
12	0
17	0
17	0
17	0
12	0
17	0
17	0
17	0
12	0
17	0
1	0
1	0
17	0
8	0
17	0
17	0
1	0
8	0
8	0
17	0
17	0
17	0
17	0
17	0
12	0
12	0
1	13
1	0
1	0
1	16
1	13
8	0
8	0
8	0
8	0
8	8
1	0
1	0
1	0
1	1
8	0
8	0
8	0
8	0
8	0
8	0
8	8
17	0
12	4
12	0
12	0
12	8
4	5
1	0
1	0
1	7
12	13
17	0
12	0
12	7
13	13
1	0
17	0
17	0
1	3
13	13
13	13
3	0
3	0
1	3
13	13
3	3
13	13
13	13
12	0
12	8
13	13
12	0
12	0
12	8
13	13
13	13
12	0
12	0
13	0
12	0
1	13
1	0
1	0
1	16
1	13
8	0
8	0
8	0
8	0
8	8
2	2
6	6
8	0
8	8
2	0
2	0
2	0
2	9
1	5
17	0
1	9
3	5
1	2
1	0
1	0
1	0
1	1
1	0
1	0
1	0
1	1
8	0
8	0
8	0
8	8
4	0
4	0
4	0
4	4
3	3
2	0
2	2
8	0
8	0
8	0
8	0
8	0
8	0
8	0
8	8
12	6
12	0
8	8
2	0
2	0
2	0
2	9
1	5
13	0
3	0
6	6
8	0
8	0
8	0
8	0
8	0
1	8
3	0
16	0
16	0
16	16
11	11
3	0
3	3
12	0
12	0
12	0
12	3
2	2
2	0
6	6
8	0
8	0
8	0
8	0
8	8
3	0
3	0
3	3
3	5
3	0
11	0
11	3
13	13
13	0
1	0
1	0
1	0
1	0
1	0
1	0
1	0
1	0
1	0
1	0
2	0
1	0
1	0
1	0
1	0
1	0
1	0
3	0
3	0
3	0
16	0
16	0
1	0
1	0
12	0
8	17
17	0
12	6
3	0
3	0
1	0
1	9
4	0
4	0
4	4
17	0
2	2
1	0
1	0
1	0
1	0
1	0
1	1
8	0
8	8
3	0
16	9
13	13
17	0
14	2
3	0
17	0
1	0
1	1
3	0
3	9
1	5
17	0
2	2
1	0
1	0
1	0
1	0
1	1
3	0
2	0
1	0
1	9
13	13
13	0
8	0
8	0
8	0
1	0
8	0
1	0
1	0
16	0
1	0
16	0
1	0
3	0
1	0
1	0
13	0
12	0
11	11
12	0
16	0
16	0
16	16
2	0
2	0
3	3
13	13
3	0
1	9
8	0
8	8
13	13
13	13
13	13
3	0
3	9
8	0
8	0
8	8
13	13
13	13
13	13
3	0
3	0
1	0
1	9
8	0
8	0
8	8
13	13
13	13
13	0
8	0
8	0
8	0
3	0
1	0
1	0
8	0
8	0
16	0
3	0
3	0
16	0
16	0
16	0
16	0
16	0
16	0
16	0
3	0
1	0
1	0
1	0
1	0
8	0
13	0
8	17
17	0
6	6
9	0
8	9
4	0
4	0
4	4
3	0
1	0
2	0
1	0
1	0
1	1
3	5
3	0
17	0
1	0
1	1
2	0
2	2
2	0
1	0
9	9
8	5
1	0
1	0
1	0
1	0
1	1
2	0
10	2
2	0
16	9
13	13
3	0
14	0
3	3
13	13
17	0
1	0
9	9
8	0
8	8
13	13
13	13
13	13
9	0
1	0
9	9
8	0
8	0
8	8
13	13
13	13
13	13
3	0
1	9
13	0
3	0
1	13
1	0
1	0
1	16
1	13
8	0
8	0
8	0
8	8
2	0
2	2
8	0
8	0
8	0
8	0
8	0
8	0
8	0
8	8
4	0
4	0
4	4
6	0
6	6
8	0
8	0
8	0
8	8
3	0
2	0
3	0
3	3
1	0
1	0
1	0
1	0
1	1
1	0
1	0
3	0
1	0
16	0
16	0
16	16
13	13
13	0
1	0
1	0
1	0
1	0
1	0
1	0
1	0
1	0
2	0
2	0
2	0
1	0
1	0
13	0
17	0
2	2
8	0
8	0
8	0
8	0
8	0
8	0
8	8
4	0
2	16
17	11
17	0
6	3
13	13
17	0
17	0
17	0
17	16
17	0
17	11
17	3
17	0
17	9
17	0
17	10
17	0
17	0
17	16
13	13
13	0
1	0
17	0
17	0
1	0
1	0
1	0
17	0
17	0
17	0
17	0
17	0
17	0
17	0
17	0
17	0
17	0
1	0
17	0
17	0
1	0
17	0
17	0
8	0
16	0
16	0
17	0
1	0
17	0
17	0
13	13
17	0
17	5
13	13
17	0
17	0
17	0
17	16
17	0
17	11
17	3
17	0
17	9
17	0
17	10
17	0
17	16
13	13
13	0
17	0
17	0
17	0
17	0
17	0
17	0
17	0
17	0
17	0
17	0
17	0
17	0
17	0
17	0
17	0
17	0
17	0
17	0
17	0
17	0
17	0
17	0
17	0
17	0
17	0
17	0
17	0
1	0
17	0
17	0
17	0
1	0
17	0
17	0
17	0
17	0
17	0
17	0
17	0
17	0
13	0
13	13
13	13
13	0
8	0
8	0
8	0
8	0
8	0
8	0
8	0
8	0
8	0
8	0
8	0
8	0
8	0
8	0
8	0
8	0
8	0
8	0
8	0
8	0
8	0
8	0
8	0
8	0
8	0
8	0
8	0
8	0
8	0
8	0
8	0
8	0
8	0
8	0
8	0
8	0
8	0
8	0
8	0
8	0
8	0
8	0
8	0
8	0
8	0
1	0
8	0
8	0
8	0
8	0
8	0
8	0
8	0
8	0
8	0
8	0
17	0
17	5
17	14
17	6
17	0
6	0
17	11
17	0
17	0
17	0
17	16
13	13
17	6
17	0
17	0
17	0
17	16
17	0
17	0
17	3
17	3
17	6
17	0
1	0
17	11
13	13
13	0
17	0
17	0
17	0
17	0
17	0
17	0
17	0
17	0
17	0
17	0
17	0
16	0
17	0
17	0
17	0
17	0
17	0
17	0
17	0
17	0
16	0
17	0
17	0
17	0
17	0
17	0
17	0
17	0
17	0
17	0
17	0
17	0
17	0
12	0
12	0
11	6
3	0
2	0
1	0
2	0
1	0
2	1
12	0
8	0
12	0
12	0
8	8
16	0
16	0
16	16
3	11
2	0
2	2
8	0
8	0
8	8
2	0
2	2
12	12
12	0
12	0
12	12
13	13
11	11
11	11
4	0
16	0
16	16
13	13
13	0
1	0
1	0
2	0
1	0
1	0
8	0
8	0
3	0
1	0
1	0
8	0
8	0
1	0
1	0
1	0
1	0
1	0
1	0
1	0
1	0
8	0
8	0
3	0
13	0
13	13
17	2
17	0
17	0
17	16
17	0
17	0
17	0
1	1
17	0
8	0
8	8
13	13
13	13
13	0
1	0
17	0
17	0
16	0
16	0
8	0
16	0
16	0
17	0
17	0
17	0
17	0
17	0
17	0
1	0
1	0
8	0
16	0
16	0
8	0
17	0
17	0
17	0
17	0
8	0
16	0
8	0
16	0
16	0
17	0
16	0
17	0
17	0
17	0
16	0
17	0
17	0
17	0
1	0
1	0
1	0
1	0
16	0
8	0
11	0
2	0
6	6
8	0
8	0
8	0
8	8
2	0
2	2
8	0
8	0
8	0
8	0
8	8
4	0
4	0
4	4
2	0
2	2
1	0
1	0
1	0
1	0
1	1
8	0
8	0
8	0
8	0
8	0
8	0
8	8
1	0
1	0
1	0
1	0
1	1
1	0
2	0
16	0
16	0
16	16
13	13
13	0
1	0
1	0
1	0
3	0
1	0
1	0
1	0
1	0
1	0
1	0
1	0
1	0
8	0
8	0
8	0
8	0
3	0
13	0
13	13
17	0
4	0
4	0
4	16
17	0
17	11
17	3
17	0
17	9
17	0
17	10
17	0
17	0
17	16
13	13
13	0
17	0
17	0
17	0
17	0
17	0
17	0
1	0
17	0
17	0
17	0
17	0
17	0
17	0
17	0
17	0
17	0
17	0
17	0
17	0
13	0
17	0
17	0
17	0
17	0
17	0
1	0
17	0
1	0
3	0
3	0
17	0
4	0
4	0
17	0
17	0
17	0
17	0
17	0
17	0
17	0
17	0
17	0
12	0
13	13
1	13
1	0
1	0
1	16
1	13
8	0
8	0
8	0
8	0
8	8
5	5
2	2
3	0
3	0
2	6
1	0
1	0
1	0
1	1
8	0
8	0
8	0
8	0
8	8
17	0
17	0
3	16
1	3
2	0
2	2
8	0
8	0
8	0
8	0
8	0
8	0
8	0
8	8
2	0
2	0
11	6
8	0
8	0
8	0
8	0
8	8
13	13
13	0
1	0
1	0
8	0
1	0
1	0
1	0
16	0
16	0
8	0
1	0
13	0
11	0
11	0
4	4
2	0
2	2
8	0
8	0
8	0
8	8
8	0
6	6
8	0
8	0
8	0
8	0
8	8
16	0
16	0
16	16
13	13
13	13
11	0
11	11
16	16
13	13
13	13
13	13
3	3
11	0
11	0
4	4
2	0
2	2
8	0
8	0
8	0
8	0
8	0
8	0
8	0
8	8
8	0
11	6
8	0
8	0
8	8
16	0
16	0
16	16
13	13
13	13
11	0
11	11
17	0
17	4
17	0
17	16
13	13
13	0
12	0
17	0
11	0
9	0
9	2
8	0
8	0
8	0
8	0
8	8
16	0
16	0
17	16
17	0
17	0
1	0
1	3
17	0
2	5
2	0
6	6
8	0
8	0
8	0
8	0
8	8
13	13
13	0
3	0
8	0
16	0
16	0
16	0
16	0
1	0
17	0
1	0
1	0
1	0
16	0
8	0
1	0
8	0
8	0
1	0
1	0
1	0
17	0
8	0
3	0
8	0
1	0
8	0
16	0
16	0
16	0
16	0
16	0
16	0
17	0
12	0
12	6
8	0
8	0
8	0
8	0
8	0
8	0
8	0
8	8
4	0
11	0
4	4
17	3
17	0
12	2
3	0
2	0
1	0
2	9
8	0
8	0
8	8
3	0
1	0
16	0
16	16
13	13
13	0
3	0
3	0
16	0
1	0
16	0
17	0
16	0
8	0
1	0
16	0
16	0
1	0
8	0
8	0
8	0
3	0
16	0
1	0
1	0
1	0
1	0
1	0
1	0
1	0
8	0
16	0
16	0
16	0
3	0
16	0
17	0
13	0
13	13
3	14
3	0
6	6
12	0
8	0
8	8
16	0
16	0
16	0
16	16
17	0
2	4
13	13
17	0
17	16
17	0
3	3
1	0
17	16
17	0
17	0
17	4
13	13
13	13
13	0
16	0
17	0
16	0
16	0
16	0
1	0
1	0
16	0
16	0
16	0
16	0
17	0
1	0
17	0
17	0
17	0
17	0
17	0
17	0
16	0
16	0
16	0
16	0
1	0
16	0
16	0
16	0
16	0
16	0
1	0
1	0
1	0
1	0
12	0
1	13
1	0
1	0
1	16
1	13
8	0
8	0
8	8
16	2
6	6
1	0
1	0
1	0
1	0
1	1
8	0
8	0
8	8
2	0
6	4
1	0
1	0
1	0
1	3
1	0
1	0
1	0
1	0
3	1
8	0
8	0
8	0
8	8
16	0
12	0
12	4
13	13
3	11
6	6
1	0
1	0
1	0
1	0
1	1
1	0
1	0
1	0
1	1
8	0
8	0
8	8
3	0
3	4
1	0
1	0
16	0
16	0
1	16
13	0
12	0
3	0
4	0
2	2
12	6
12	0
12	0
8	0
8	0
8	0
8	0
8	0
8	0
8	8
16	2
12	6
17	0
8	0
8	8
17	0
12	4
2	0
3	5
6	11
8	0
8	0
8	0
8	8
1	0
1	0
1	0
16	16
13	13
13	0
1	0
1	0
1	0
8	0
17	0
16	0
17	0
16	0
16	0
16	0
16	0
8	0
17	0
16	0
12	0
16	0
1	0
1	0
1	0
1	0
1	0
8	0
1	0
1	0
8	0
16	0
12	0
11	0
11	0
4	0
14	0
3	3
17	0
12	4
17	0
17	0
2	2
12	6
12	0
12	0
8	8
8	0
11	0
12	0
12	1
8	0
8	0
8	0
8	8
16	0
16	0
16	0
16	16
13	13
2	0
2	2
12	0
12	8
8	0
8	0
8	0
8	0
8	0
8	0
8	8
2	2
12	0
12	0
8	8
13	13
2	2
12	0
12	0
12	0
12	0
12	8
13	13
2	2
12	0
8	8
8	0
5	5
2	2
12	0
8	8
13	0
12	0
14	0
2	2
11	0
11	6
8	8
8	0
12	0
12	0
12	16
8	0
8	0
8	0
8	0
8	0
8	0
8	0
8	0
8	0
8	8
16	2
2	0
6	6
8	0
8	8
3	0
3	0
1	3
16	0
16	0
16	0
16	16
13	13
16	0
16	14
16	0
12	11
11	0
11	2
3	0
1	6
8	0
8	8
16	0
5	5
16	0
11	2
2	0
2	6
12	0
12	0
12	0
12	8
12	0
12	0
8	16
13	13
13	0
16	0
16	0
17	0
3	0
17	0
2	2
17	6
1	0
1	0
1	0
1	0
1	1
8	0
8	0
8	0
8	0
8	0
8	8
4	0
4	0
4	0
4	4
3	6
1	0
1	0
1	0
1	0
1	1
8	0
8	0
8	8
2	0
2	2
8	0
8	0
8	0
8	0
8	0
8	0
8	0
8	8
3	0
3	0
3	3
1	0
1	0
1	0
1	0
1	1
13	13
8	0
8	0
8	0
8	3
16	2
17	6
8	0
8	0
8	8
2	5
17	0
13	0
13	0
8	0
2	2
12	0
12	12
5	5
3	0
2	2
12	0
12	0
12	0
8	12
4	0
4	0
4	4
11	0
11	6
8	0
8	0
8	0
1	1
12	0
12	0
12	17
12	0
17	0
1	0
16	16
13	13
12	10
13	13
17	8
17	0
17	0
17	2
17	10
13	13
12	8
13	13
13	13
12	6
17	0
12	17
17	0
2	2
8	0
8	0
8	0
8	8
16	0
2	0
16	0
16	0
16	16
13	13
3	11
4	4
11	0
12	0
13	0
12	0
1	0
1	0
12	0
1	0
1	1
2	0
2	2
8	0
8	8
8	0
8	0
8	0
8	12
4	0
2	16
3	11
3	0
3	0
1	16
13	13
1	0
1	0
1	0
1	16
13	13
1	0
16	16
1	0
2	0
2	2
3	16
13	13
1	0
1	0
1	0
1	16
13	13
1	0
16	16
13	13
13	0
1	0
1	0
16	0
1	0
1	0
1	0
1	0
1	0
1	0
8	0
1	0
1	0
1	0
1	0
1	0
8	0
16	0
16	0
16	0
3	0
12	0
2	2
12	6
12	0
12	8
2	0
2	2
8	0
8	8
17	0
12	4
6	11
8	0
8	0
8	0
8	8
2	0
3	5
2	0
2	2
8	0
8	0
8	0
8	8
13	13
13	0
1	0
1	0
16	0
17	0
17	0
17	0
1	0
16	0
16	0
16	0
16	0
16	0
16	0
16	0
1	0
8	0
8	0
16	0
16	0
1	0
12	0
16	0
16	0
16	0
16	0
16	0
16	0
16	0
12	0
12	0
17	0
1	0
12	0
1	0
8	0
8	3
2	2
8	0
8	12
17	0
12	2
8	0
8	0
8	8
17	0
17	0
2	2
17	0
17	0
17	16
17	0
17	0
17	0
17	0
17	0
1	3
13	13
13	0
1	0
17	0
16	0
17	0
1	0
16	0
16	0
16	0
16	0
8	0
1	0
1	0
1	0
1	0
17	0
17	0
17	0
1	0
8	0
1	0
1	0
1	0
8	0
8	0
16	0
1	0
17	0
16	0
17	0
8	0
17	0
16	0
16	0
16	0
12	0
6	6
8	0
8	0
8	0
8	8
4	0
4	0
4	0
4	4
3	0
2	0
2	0
1	0
1	1
8	5
1	0
1	1
13	13
13	0
1	0
3	0
8	0
8	0
1	0
16	0
1	0
1	0
16	0
16	0
3	0
3	0
3	0
3	0
1	0
8	0
8	0
1	0
16	0
1	0
3	0
3	0
3	0
1	0
16	0
16	0
1	0
1	0
1	0
1	0
16	0
16	0
16	0
4	0
16	0
3	0
3	0
3	0
2	0
1	0
12	0
3	0
2	3
12	0
1	0
16	0
16	16
3	6
3	0
3	0
1	1
8	0
8	8
2	2
13	13
17	0
17	0
1	0
1	0
1	1
1	0
8	8
13	13
8	0
8	0
8	0
8	8
13	13
13	0
3	0
1	0
1	0
1	0
1	0
1	0
3	0
1	0
1	0
1	0
1	0
1	0
1	0
1	0
1	0
1	0
1	0
1	0
8	0
8	0
8	0
1	0
16	0
16	0
3	0
1	0
1	0
1	0
1	0
8	0
1	0
12	0
1	0
1	0
1	0
1	0
1	1
2	2
8	0
8	0
8	0
8	12
3	0
16	0
16	0
16	0
16	16
3	0
9	11
17	6
17	3
17	6
12	12
13	13
13	0
1	0
8	0
1	0
8	0
1	0
1	0
8	0
8	0
1	0
1	0
1	0
8	0
3	0
3	0
17	0
8	0
8	0
17	0
12	0
12	0
8	0
1	0
8	0
1	0
1	0
1	0
1	0
1	0
1	0
8	0
8	0
8	0
8	0
3	0
1	0
1	0
12	0
3	3
9	0
9	9
6	4
2	6
3	0
1	0
1	1
8	0
8	0
8	0
13	0
11	8
2	2
12	0
12	0
12	12
12	6
8	0
8	8
8	0
8	0
8	0
8	12
1	0
16	0
16	0
16	16
13	13
13	0
1	0
1	0
8	0
16	0
1	0
1	0
12	0
8	0
1	0
12	0
1	0
1	0
12	0
8	0
12	0
1	0
1	0
8	0
16	0
8	0
8	0
8	0
1	0
1	0
8	0
8	0
8	0
8	0
8	0
12	0
1	0
1	6
8	0
8	8
16	16
17	11
17	0
2	2
1	0
1	0
1	1
8	12
5	5
3	3
1	0
2	2
8	0
8	0
8	0
8	12
16	0
16	2
13	13
13	0
1	0
1	0
16	0
8	0
16	0
1	0
1	0
8	0
8	0
8	0
1	0
1	0
1	0
1	0
8	0
8	0
8	0
16	0
16	0
16	0
1	0
8	0
1	0
1	0
1	0
16	0
16	0
17	0
3	0
1	0
1	0
1	0
1	0
8	0
8	0
12	0
2	2
12	0
12	0
12	12
1	0
1	1
12	0
12	0
12	12
1	5
12	0
12	0
12	12
4	0
4	0
4	0
4	4
2	0
3	5
17	0
17	6
17	0
8	0
8	8
1	0
1	0
17	0
1	1
1	5
1	0
1	0
1	1
1	0
2	0
1	0
16	0
16	0
16	16
13	13
13	0
1	0
1	0
1	0
1	0
1	0
1	0
2	0
1	0
12	0
3	0
1	0
1	0
1	0
1	0
1	0
1	0
1	0
8	0
8	0
12	0
12	0
11	6
17	0
6	0
3	3
1	0
1	0
16	0
1	1
8	0
8	0
8	0
8	0
8	0
8	0
8	8
4	0
4	0
2	4
6	6
8	0
8	0
2	3
3	6
3	0
3	0
1	0
1	0
1	1
8	8
13	13
13	0
1	0
8	0
8	0
8	0
8	0
8	0
16	0
8	0
8	0
8	0
8	0
8	0
8	0
8	0
8	0
8	0
8	0
8	0
8	0
8	0
1	0
1	0
1	0
1	0
8	0
8	0
8	0
12	0
1	13
1	0
1	0
1	16
1	13
8	0
8	0
8	0
8	0
8	0
8	0
8	8
12	5
13	0
1	0
1	0
1	8
12	0
16	0
16	2
8	0
8	0
8	8
3	16
2	0
6	6
8	0
8	0
8	0
8	0
8	0
8	0
8	8
17	2
12	6
12	0
8	0
8	0
8	8
2	0
2	2
3	0
1	0
1	0
1	0
1	1
12	0
8	8
1	0
2	10
13	13
3	0
16	0
16	2
12	0
12	0
8	8
1	2
13	0
12	0
2	0
2	2
8	0
8	0
8	8
16	0
16	0
16	0
16	0
16	16
11	0
6	6
3	0
1	0
1	0
1	0
1	0
1	0
1	1
8	0
8	0
8	0
8	8
2	2
3	0
6	6
3	0
1	0
1	0
1	0
1	0
1	0
1	0
1	1
13	13
14	0
14	2
8	0
8	0
8	0
8	8
2	0
6	6
8	0
8	0
8	0
8	8
13	13
13	0
1	0
16	0
3	0
16	0
16	0
16	0
16	0
16	0
3	0
1	0
12	0
1	13
1	0
1	0
1	16
1	13
8	0
8	0
8	8
1	5
8	0
8	0
8	0
8	0
8	0
8	0
8	8
17	6
17	0
17	0
17	0
17	1
8	0
8	0
8	0
8	8
2	0
2	2
3	0
1	0
1	0
1	0
1	0
1	0
1	0
1	1
8	0
8	0
8	8
4	0
11	4
1	0
3	3
3	2
2	0
6	6
1	0
1	0
1	1
8	0
8	0
8	0
8	0
8	0
8	8
2	0
2	2
9	0
1	1
13	0
12	0
12	6
8	0
8	0
8	0
8	8
16	0
11	2
6	0
6	0
6	6
8	0
8	0
8	8
17	0
17	4
17	0
17	0
17	4
13	13
13	0
12	0
17	0
17	0
17	0
17	0
16	0
16	0
16	0
16	0
1	0
1	0
1	0
16	0
17	0
17	0
17	0
17	0
17	0
12	0
16	0
17	0
1	0
17	0
17	0
12	0
12	0
1	0
1	0
1	0
16	0
16	0
16	0
16	0
16	0
1	0
1	0
1	0
16	0
17	0
13	0
11	0
6	6
12	12
2	2
12	0
12	12
13	13
11	0
6	6
12	12
12	0
12	0
12	12
13	13
11	0
6	6
12	12
2	2
12	0
12	0
12	12
16	5
6	0
6	6
12	12
12	12
12	0
12	0
12	12
13	13
13	0
1	0
16	0
16	0
16	0
16	0
16	0
16	0
16	0
12	0
12	0
16	0
16	0
8	0
8	0
1	0
8	0
8	0
16	0
16	0
1	0
16	0
16	0
8	0
8	0
1	0
12	0
12	0
16	0
12	0
6	6
8	0
8	0
8	8
12	0
3	4
1	6
8	0
8	0
8	0
8	0
8	0
8	0
13	0
1	0
1	8
1	0
1	0
1	0
1	0
1	0
16	0
16	16
13	13
3	11
3	0
3	11
17	0
1	0
1	0
1	0
1	0
1	0
1	0
1	3
2	0
2	2
8	0
8	0
8	0
8	0
8	8
1	0
16	0
16	0
16	0
16	16
13	13
13	0
1	0
1	0
1	0
1	0
1	0
1	0
8	0
1	0
8	0
1	0
12	0
6	6
8	0
8	0
8	8
12	0
16	0
16	0
16	0
16	16
2	2
3	0
12	0
12	3
12	2
12	1
8	0
8	8
12	6
12	0
12	0
8	0
12	0
12	0
8	0
8	8
2	0
2	2
8	0
8	0
8	0
8	0
8	0
8	0
8	0
8	8
13	13
13	0
1	0
1	0
1	0
12	0
1	0
1	0
1	0
1	0
1	0
1	0
8	0
8	0
8	0
1	0
1	0
1	0
8	0
3	0
8	0
3	0
12	0
12	0
12	0
3	2
12	0
17	0
14	6
8	0
8	0
8	0
8	8
1	0
1	0
16	0
16	0
16	16
9	0
9	11
17	0
6	6
8	0
8	0
8	0
8	0
8	0
8	0
8	0
8	8
2	2
1	0
1	0
1	0
1	1
8	0
8	0
8	8
2	0
2	2
12	0
12	0
12	12
13	13
3	11
3	0
3	11
2	2
2	0
6	6
1	0
1	0
1	0
1	0
1	0
1	0
1	1
8	0
8	0
8	0
8	0
8	0
8	0
13	0
13	0
16	0
16	0
16	3
17	0
16	16
17	13
12	11
3	0
3	5
1	5
8	0
8	0
8	0
8	0
8	8
13	13
3	11
2	2
17	0
6	0
6	6
8	0
8	0
8	0
8	0
8	0
8	0
8	8
17	0
17	0
12	10
3	10
17	0
17	16
17	0
12	4
13	13
2	0
12	0
14	0
17	0
8	3
12	6
12	0
12	0
12	0
8	8
2	0
2	2
1	0
3	0
1	0
1	0
1	1
8	17
5	5
8	17
13	13
13	0
12	0
17	0
11	11
16	0
16	16
17	0
11	6
1	0
1	0
1	0
1	0
1	0
1	0
1	0
1	0
1	1
8	0
8	0
8	0
8	0
8	8
13	13
12	12
12	2
12	0
12	0
12	12
12	5
12	12
12	0
12	0
12	12
13	13
5	5
1	6
12	0
1	0
1	0
1	0
1	0
1	0
1	0
1	1
8	0
12	0
8	0
8	8
13	13
12	12
12	0
12	12
13	13
13	13
13	0
1	0
1	0
1	0
1	0
1	0
1	0
12	0
3	6
12	8
4	0
11	4
2	2
2	0
6	6
8	0
8	0
8	0
8	0
8	0
8	0
8	0
8	8
1	0
2	0
2	0
16	0
16	0
16	0
16	16
4	0
16	4
13	13
12	12
12	12
13	13
16	5
17	0
6	6
17	0
12	0
1	0
1	1
8	0
8	0
8	0
8	0
8	0
8	0
8	8
13	13
12	12
5	5
12	12
12	0
12	0
12	12
13	13
13	13
13	0
1	0
1	0
1	0
1	0
1	0
1	0
1	0
17	0
12	0
17	0
17	0
17	1
8	0
8	0
8	0
8	8
17	0
2	2
8	0
8	0
8	0
8	0
8	0
8	0
8	8
17	0
12	4
12	6
12	0
12	0
12	12
12	0
12	0
12	0
12	0
13	0
1	0
1	0
1	0
1	0
1	0
1	0
1	0
1	12
17	5
12	6
12	0
12	12
12	0
12	12
12	0
12	12
13	13
13	0
17	0
12	0
17	0
17	0
16	0
17	0
16	0
12	0
17	0
17	0
16	0
8	0
8	0
12	0
12	0
6	6
12	0
12	12
12	0
12	12
6	4
6	0
6	6
12	0
12	0
12	17
3	0
1	0
1	0
1	0
1	0
1	0
1	1
8	0
16	16
13	13
13	0
1	0
16	0
16	0
16	0
8	0
8	0
12	0
8	0
8	0
1	0
1	0
1	0
1	0
8	0
1	0
1	0
1	0
8	0
16	0
16	0
8	0
1	0
1	0
16	0
16	0
8	0
8	0
16	0
16	0
8	0
1	0
12	0
12	0
8	0
1	0
1	0
12	0
12	0
2	6
1	1
8	0
8	0
8	0
8	8
12	0
12	4
2	2
17	0
12	0
17	3
12	6
12	1
12	0
12	0
12	0
8	8
17	0
2	2
17	6
17	0
17	0
17	0
17	0
17	0
17	0
17	0
17	1
8	0
8	0
13	0
12	0
1	0
1	8
13	13
13	0
1	0
8	0
17	0
12	0
1	0
8	0
17	0
12	0
17	0
17	0
1	0
1	0
1	0
16	0
17	0
16	0
1	0
3	0
12	0
12	0
17	0
12	0
12	0
6	6
8	8
4	0
4	4
2	0
2	2
12	12
8	0
8	12
2	2
12	0
12	6
8	0
8	0
8	0
8	0
8	0
8	0
8	0
8	8
3	0
16	16
4	0
16	4
13	13
16	0
5	5
3	0
6	6
8	0
8	0
8	0
8	0
8	0
8	0
8	8
17	2
12	6
12	0
12	0
8	8
13	13
2	5
2	0
6	6
8	8
2	0
2	2
12	0
12	12
12	0
12	0
12	12
13	13
1	0
1	1
8	8
13	0
12	0
12	0
12	6
12	0
12	0
12	0
12	0
12	0
1	0
1	0
12	1
12	0
12	8
12	0
12	4
12	6
12	0
12	8
1	0
16	0
16	0
16	16
13	13
13	0
1	0
3	0
1	0
1	0
1	0
1	0
16	0
16	0
16	0
16	0
12	0
12	0
1	0
1	0
8	0
16	0
16	0
16	0
8	0
1	0
12	0
3	0
1	0
12	0
12	0
1	0
1	0
1	0
1	0
1	0
1	0
1	0
16	0
16	0
12	0
12	0
12	0
3	0
2	2
6	6
1	1
8	0
8	0
8	0
8	0
8	0
8	0
8	0
1	8
8	0
8	0
8	8
8	0
12	0
16	0
16	16
12	0
6	6
12	12
12	0
12	12
12	8
12	0
6	6
12	0
12	12
12	0
12	12
13	13
13	0
1	0
1	0
8	0
1	0
8	0
1	0
8	0
3	0
8	0
8	0
8	0
1	0
3	0
12	0
1	0
1	0
1	0
1	0
1	0
1	0
1	0
8	0
1	0
1	0
8	0
8	0
12	0
17	0
14	6
12	12
12	0
12	12
3	0
2	6
2	0
2	0
1	0
9	0
1	1
8	0
8	0
8	0
8	0
8	0
8	8
17	0
12	4
5	6
8	8
1	0
1	0
1	0
16	0
16	0
16	0
12	1
12	0
12	8
13	13
13	0
8	0
16	0
16	0
16	0
16	0
16	0
8	0
12	0
16	0
16	0
16	0
1	0
17	0
16	0
16	0
16	0
16	0
16	0
16	0
1	0
8	0
1	0
16	0
1	0
1	0
16	0
13	0
11	0
11	11
16	0
16	0
16	16
3	0
3	3
11	0
11	6
12	0
12	8
1	0
1	1
17	0
17	0
1	0
17	0
1	1
12	0
12	8
12	0
12	8
13	13
3	0
3	2
8	0
8	0
8	8
17	0
6	6
12	0
12	12
12	12
13	13
12	6
12	0
12	0
8	0
8	8
13	13
11	0
11	6
8	0
8	0
8	0
8	8
12	0
11	2
8	0
8	0
8	8
9	9
13	13
8	0
8	0
8	12
2	2
8	0
13	0
12	0
1	13
1	0
1	0
1	16
8	13
1	0
1	0
1	16
1	17
12	17
12	0
17	0
1	0
17	0
17	0
17	0
1	0
1	1
8	0
8	0
8	0
8	8
1	17
12	0
12	0
12	0
8	8
1	17
8	0
8	0
8	0
8	12
16	17
8	8
8	0
8	0
8	0
8	12
6	6
8	0
8	0
8	0
8	8
13	13
6	0
6	6
8	0
8	8
8	0
6	6
8	0
8	0
8	8
13	13
16	0
11	2
17	6
12	0
13	0
13	0
12	6
8	0
8	0
8	8
16	0
16	0
16	16
17	0
17	1
17	2
17	6
8	0
8	8
2	0
2	2
8	0
8	0
8	0
8	8
13	13
17	0
17	17
17	17
17	17
17	0
17	0
17	17
13	13
2	2
6	6
12	0
13	0
1	0
1	0
1	0
1	0
1	0
1	0
1	0
8	0
8	0
8	8
13	13
13	0
1	0
1	0
1	0
8	0
8	0
8	0
8	0
1	0
1	0
17	0
8	0
17	0
1	0
1	0
1	0
17	0
8	0
12	2
9	9
17	0
17	5
9	9
3	0
2	0
9	4
2	0
2	0
3	0
9	9
8	0
8	0
8	0
8	0
8	0
8	8
16	16
13	13
13	0
1	0
8	0
8	0
16	0
8	0
8	0
8	0
3	0
1	0
1	0
1	0
1	0
1	0
1	0
1	0
8	0
8	0
8	0
8	0
8	0
8	0
8	0
8	0
8	0
8	0
8	0
8	0
16	0
17	0
3	0
1	0
3	0
1	0
1	0
1	0
1	0
1	0
12	0
12	0
11	6
1	0
3	0
1	0
1	0
1	1
8	0
8	8
16	0
16	0
16	16
2	0
2	2
8	8
8	6
12	12
12	12
13	13
12	12
12	12
13	13
17	0
11	2
9	0
8	0
1	0
1	0
1	0
1	1
8	0
8	0
8	8
12	0
12	0
12	16
13	13
13	0
1	0
16	0
8	0
16	0
16	0
16	0
16	0
16	0
8	0
1	0
1	0
1	0
1	0
8	0
1	0
8	0
16	0
16	0
16	0
2	0
16	0
12	0
12	6
12	12
12	0
12	12
13	13
12	0
12	12
12	0
12	12
13	13
13	13
8	0
8	8
2	0
2	2
1	0
3	0
1	0
1	1
8	8
12	4
17	0
12	0
17	0
16	4
3	0
6	0
14	14
3	0
12	6
12	0
8	0
8	8
12	0
11	6
3	0
1	0
1	1
8	0
8	0
8	8
2	0
6	2
8	0
8	8
16	0
3	0
1	16
3	11
1	6
8	0
8	0
8	0
8	8
2	0
16	0
16	0
1	0
13	0
12	0
17	0
12	11
16	0
17	0
16	0
16	0
16	16
11	0
11	0
11	11
6	0
6	11
8	0
8	0
8	8
2	10
3	0
3	0
2	14
12	0
12	11
1	0
2	0
1	0
16	0
16	0
16	16
13	0
6	0
14	14
3	0
12	6
12	0
8	0
8	8
1	6
8	0
8	8
17	0
1	4
17	0
3	5
3	0
3	16
4	0
11	0
11	11
3	3
1	0
1	0
16	0
16	16
13	13
13	0
1	0
3	0
1	0
1	0
1	0
12	0
9	9
8	0
8	0
8	8
1	0
1	0
1	3
16	0
16	0
16	0
16	0
16	16
6	6
12	12
12	12
5	5
8	0
8	0
8	0
8	0
8	8
13	13
1	0
2	3
12	0
12	2
1	6
8	0
8	8
2	2
6	6
12	12
13	13
13	0
1	0
8	0
16	0
16	0
8	0
1	0
8	0
8	0
1	0
1	0
3	0
12	0
1	0
8	0
8	0
16	0
8	0
8	0
3	0
8	0
16	0
1	0
8	0
16	0
8	0
17	0
8	0
9	6
8	8
8	0
12	0
16	16
17	6
12	12
12	0
12	12
13	13
12	12
12	0
12	12
13	13
5	2
6	6
8	0
8	0
8	0
8	8
3	11
6	6
9	9
8	0
8	0
8	16
13	13
17	2
8	12
12	12
13	13
13	0
8	0
1	0
12	0
12	0
8	0
8	0
8	0
16	0
16	0
16	0
8	0
8	0
8	0
8	0
12	0
8	0
8	0
8	0
16	0
8	0
8	0
12	0
8	0
16	0
5	0
12	0
17	0
12	0
16	3
3	0
3	16
17	0
2	11
17	0
9	11
17	0
11	6
8	0
8	8
12	0
12	0
17	0
17	16
13	13
13	0
1	0
1	0
8	0
8	0
8	0
1	0
8	0
1	0
17	0
8	0
8	0
8	0
1	0
1	0
1	0
1	0
1	0
16	0
16	0
1	0
1	0
8	0
8	0
8	0
8	0
8	0
1	0
1	0
8	0
8	0
16	0
1	0
1	0
17	0
8	0
17	0
1	0
1	0
1	0
1	0
1	0
12	0
12	11
17	0
12	16
12	6
12	12
17	0
17	0
2	0
6	2
8	0
8	0
8	8
16	0
12	16
3	3
6	0
6	6
8	0
17	11
1	0
1	0
1	0
1	1
17	0
12	2
1	0
17	0
12	6
8	0
8	0
8	0
8	0
8	8
12	6
12	0
8	0
8	0
8	8
4	2
8	8
1	0
8	0
8	0
8	0
16	0
8	0
8	16
16	0
1	4
13	13
13	0
3	0
1	0
1	0
1	0
1	0
1	0
16	0
16	0
12	0
12	6
12	0
12	0
12	0
12	12
12	0
12	0
12	12
13	13
12	12
12	12
13	13
1	0
1	0
16	0
16	16
1	0
11	11
2	0
3	5
3	0
1	0
1	1
3	0
3	0
3	3
3	0
3	0
1	14
1	0
2	11
8	0
17	11
12	0
12	2
12	0
8	8
3	0
16	0
16	0
16	16
11	4
13	13
13	0
1	0
1	0
1	0
1	0
1	0
1	0
1	0
8	0
8	0
8	0
8	0
12	0
12	0
3	0
3	0
12	0
2	2
2	0
6	0
6	11
8	8
4	4
12	6
17	0
17	0
17	0
17	8
8	12
12	12
2	2
2	6
12	0
12	0
8	8
2	2
17	6
12	17
17	0
17	0
17	17
1	0
1	0
1	0
17	0
1	0
1	16
17	0
17	5
17	0
17	0
16	16
13	13
13	0
1	0
1	0
1	0
1	0
1	0
1	0
1	0
1	0
1	0
1	0
8	0
1	0
1	0
1	0
1	0
17	0
17	0
17	0
17	0
1	0
1	0
3	0
12	0
1	0
12	0
11	11
1	0
16	0
16	0
16	0
16	0
16	16
12	6
12	12
13	13
13	0
1	0
8	0
1	0
12	0
1	0
1	0
1	0
16	0
16	0
16	0
16	0
1	0
1	0
16	0
16	0
16	0
3	0
8	0
1	0
12	0
1	0
8	0
1	0
1	0
12	0
1	0
16	0
16	0
16	0
16	0
8	0
1	0
1	0
1	0
16	0
12	0
16	0
1	0
16	0
16	0
8	0
8	0
8	0
12	0
12	0
1	0
12	0
3	0
6	0
6	2
8	0
8	8
16	0
16	16
17	0
17	11
17	6
17	0
8	8
12	12
12	12
16	0
12	10
13	13
3	0
3	0
2	14
17	0
12	11
16	0
16	0
16	16
12	6
12	8
12	0
12	4
17	0
12	11
1	0
1	0
1	0
1	0
1	0
16	16
3	0
2	0
2	14
17	0
12	11
12	6
8	0
8	8
2	0
2	2
8	8
16	0
2	4
13	13
13	0
16	0
8	0
1	0
8	0
8	0
8	0
16	0
17	0
11	11
17	0
17	16
3	0
3	0
3	3
17	0
1	3
1	6
8	0
8	0
8	8
13	13
13	0
1	0
1	0
1	0
17	0
17	0
1	0
1	0
1	0
1	0
17	0
17	0
17	0
1	0
1	0
1	0
1	0
1	0
16	0
16	0
16	0
1	0
1	0
1	0
1	0
17	0
16	0
1	0
1	0
1	0
1	0
1	0
16	0
16	0
17	0
16	0
1	0
17	0
1	0
1	0
1	0
1	0
1	0
1	0
16	0
1	0
12	0
17	6
12	12
12	12
16	0
16	0
16	0
16	16
2	0
2	2
1	0
3	0
1	0
1	0
1	1
8	8
17	6
12	12
12	0
12	12
2	0
2	0
2	0
6	2
8	0
8	0
8	0
8	0
8	0
8	8
13	13
3	0
3	0
2	14
12	6
12	12
16	0
16	0
16	16
11	4
3	0
11	0
14	14
3	0
2	11
8	0
2	2
12	12
1	0
3	0
1	16
2	2
2	0
1	0
1	6
8	0
8	0
8	0
8	0
13	0
12	0
2	2
1	0
6	6
8	0
8	0
8	0
8	0
8	0
8	8
16	0
12	0
12	0
17	16
17	0
17	11
17	6
17	0
17	0
17	12
13	13
3	6
16	0
16	0
16	0
16	0
16	0
16	1
12	0
12	8
2	2
6	6
1	0
1	1
8	0
8	0
8	8
1	0
1	0
1	16
17	0
17	5
17	0
17	0
17	16
17	0
17	11
3	3
17	0
17	2
8	0
8	0
8	8
13	13
13	0
1	0
16	0
16	0
16	0
16	0
12	0
17	0
12	11
12	0
4	0
16	16
17	0
9	11
17	0
17	2
8	0
8	0
8	8
3	2
8	0
12	0
8	0
12	12
13	13
3	6
1	0
1	0
1	0
16	0
1	1
8	0
8	8
13	13
13	0
2	3
17	0
11	16
12	0
12	11
1	6
8	0
8	8
2	0
2	2
2	0
11	0
11	6
8	0
8	8
16	0
16	16
13	13
13	0
3	0
3	0
16	0
8	0
8	0
1	0
1	0
1	0
16	0
8	0
16	0
1	0
12	0
3	0
6	0
6	2
8	0
8	0
8	8
16	0
16	0
16	0
16	0
16	16
12	6
12	12
2	0
2	2
12	12
3	0
6	0
14	14
12	6
8	0
8	8
2	0
2	2
12	12
5	6
12	0
12	8
17	0
17	0
17	0
17	4
17	0
1	4
17	0
3	5
2	0
2	0
6	2
8	0
8	0
8	8
2	0
2	2
12	12
17	17
17	17
12	17
17	0
17	0
17	17
17	0
17	16
17	4
13	13
13	0
1	0
8	0
1	0
12	0
3	2
16	0
11	6
8	0
8	0
8	0
8	8
13	13
1	0
1	0
1	0
1	0
1	0
1	0
1	0
16	16
2	2
2	0
11	0
11	6
1	0
1	0
1	1
8	0
8	0
8	8
12	0
12	12
13	13
12	12
12	0
12	12
13	13
13	13
14	0
2	4
17	6
12	12
17	2
11	0
17	6
3	0
6	0
6	0
1	0
1	1
8	0
8	0
8	0
8	8
10	0
2	0
10	0
2	0
2	0
16	0
16	0
16	16
13	0
12	0
3	0
2	0
1	0
14	0
2	14
1	6
8	0
8	8
2	2
2	6
12	17
12	17
1	6
12	0
8	0
8	8
2	2
1	0
1	0
1	0
1	0
1	0
1	1
8	0
8	0
8	0
8	8
16	0
16	0
16	16
11	4
13	13
11	4
6	6
12	12
2	2
8	0
8	0
8	8
12	2
12	0
8	0
8	0
8	0
8	0
8	8
16	0
16	0
4	0
4	0
4	16
2	2
2	6
8	0
8	0
8	0
8	8
1	0
13	0
17	0
12	6
8	0
8	0
8	8
2	2
17	6
12	12
12	12
16	0
11	4
3	0
3	0
3	3
2	2
1	0
6	6
1	0
1	1
8	0
8	8
2	2
2	6
8	0
8	0
8	0
8	8
16	0
16	0
16	0
16	16
17	0
11	0
17	0
12	4
13	13
3	11
16	0
9	11
3	0
3	3
1	0
1	0
1	0
1	0
1	0
1	1
1	0
16	16
13	13
2	0
5	5
14	0
14	2
8	0
8	0
8	8
3	2
8	0
13	0
12	0
6	6
8	0
8	8
17	0
12	16
17	0
17	3
1	0
16	0
16	16
4	0
4	0
4	0
4	4
13	13
13	0
14	0
14	14
1	0
1	6
8	0
8	0
8	0
8	8
3	11
3	2
17	0
8	8
17	0
17	0
17	0
17	4
17	0
17	4
3	3
3	0
3	0
1	0
1	0
1	16
4	0
4	0
4	0
4	4
13	13
13	0
1	0
1	0
16	0
16	0
1	0
1	0
1	0
16	0
16	0
16	0
16	0
16	0
16	0
12	0
3	0
2	0
2	0
1	0
3	0
1	0
1	0
1	0
1	3
17	0
11	0
2	16
11	11
13	13
3	11
11	0
11	6
12	0
12	0
8	0
8	0
8	8
3	0
16	0
16	16
12	0
3	4
13	13
1	6
12	0
12	0
12	0
8	8
16	0
16	16
13	13
13	0
1	0
1	0
1	0
8	0
8	0
8	0
1	0
1	0
1	0
1	0
1	0
1	0
1	0
1	0
1	0
16	0
1	0
16	0
16	0
16	0
8	0
8	0
12	0
2	2
6	6
8	8
2	2
17	6
12	17
12	17
16	0
16	4
6	6
12	0
12	0
12	0
8	8
3	0
3	3
3	0
1	0
16	16
4	0
16	4
13	13
2	2
8	0
8	0
8	0
8	0
8	8
2	0
2	2
8	0
8	8
2	0
2	2
12	12
12	12
13	13
2	0
14	6
12	0
12	0
12	12
12	12
12	0
12	12
12	13
13	0
12	0
12	0
16	0
12	0
16	0
16	0
16	0
1	0
3	0
1	0
3	0
3	0
12	0
3	0
12	0
1	14
11	0
12	11
2	0
3	5
16	0
4	0
4	10
1	0
1	0
1	1
1	0
11	4
16	0
16	0
16	16
11	0
12	11
1	6
8	0
8	8
2	0
2	0
1	2
8	0
8	0
8	0
8	8
2	2
12	0
1	0
11	11
13	13
13	0
1	0
1	0
1	0
8	0
8	0
1	0
8	0
8	0
1	0
1	0
1	0
1	0
16	0
8	0
12	0
1	0
16	0
16	0
3	0
1	0
1	0
1	0
1	0
12	0
12	0
17	0
17	14
17	6
12	12
17	0
9	11
17	0
17	2
12	12
12	12
16	0
17	0
17	0
17	16
17	4
17	0
17	5
17	0
17	11
17	6
17	0
8	0
8	8
3	4
17	0
17	11
1	0
17	0
1	16
13	13
16	0
16	0
16	16
12	6
12	8
13	13
14	0
11	0
14	14
16	0
12	11
12	2
17	0
11	11
6	6
8	0
8	0
8	0
8	8
2	0
2	2
12	12
12	12
12	0
2	0
12	12
12	0
13	0
12	0
12	6
12	12
17	0
17	0
16	16
3	0
11	0
14	14
17	6
12	12
12	6
12	0
12	0
8	8
2	0
2	2
12	12
12	12
16	0
1	4
16	0
16	0
16	16
11	11
3	0
2	10
13	13
4	0
2	6
12	17
12	17
3	3
1	0
3	0
1	0
1	0
1	16
13	13
13	0
1	0
1	0
1	0
16	0
1	0
1	0
1	0
8	0
8	0
16	0
8	0
16	0
1	0
16	0
3	0
8	0
1	0
1	0
1	0
1	0
12	0
3	0
1	0
1	0
1	0
14	0
1	0
16	14
17	4
17	6
12	17
12	17
17	6
17	0
17	17
17	17
17	0
17	0
17	0
17	17
13	13
3	11
3	6
12	0
8	0
8	0
8	0
8	8
1	0
16	0
16	0
16	16
1	0
1	4
13	13
1	0
1	0
16	16
13	13
13	0
1	0
3	0
1	0
1	0
1	0
1	0
1	0
3	0
1	0
3	0
1	0
1	0
1	0
8	0
8	0
12	0
17	0
17	0
12	0
12	0
12	0
2	2
12	6
12	12
3	0
2	0
2	16
14	0
11	3
6	6
1	0
1	0
1	0
1	0
1	1
17	0
8	0
12	0
8	8
3	0
3	0
16	16
4	0
4	0
4	0
4	4
13	13
13	0
16	0
16	0
8	0
1	0
1	0
1	0
1	0
1	0
1	0
16	0
16	0
16	0
16	0
1	0
16	0
16	0
16	0
16	0
16	0
16	0
8	0
8	0
8	0
16	0
16	0
16	0
8	0
1	0
1	0
1	0
1	0
1	0
12	0
17	0
12	11
1	0
1	0
1	0
1	16
17	0
11	11
17	6
8	8
17	0
2	10
17	0
17	5
17	0
16	16
1	0
12	0
12	1
3	0
3	0
2	3
2	0
6	0
14	14
17	6
12	12
1	0
3	0
1	1
2	6
8	0
8	0
8	0
8	0
8	8
2	0
2	2
12	12
12	12
12	0
12	0
12	12
16	0
12	4
13	13
13	0
8	0
8	0
16	0
1	0
8	0
8	0
1	0
1	0
8	0
1	0
17	0
8	0
12	0
14	0
11	0
11	11
16	0
12	0
12	0
12	16
17	6
8	0
8	8
16	0
17	0
17	10
1	0
1	0
1	0
17	0
17	16
13	13
13	0
3	0
1	0
1	0
1	0
1	0
1	0
16	0
16	0
16	0
8	0
8	0
16	0
1	0
1	0
1	0
1	0
1	0
1	0
1	0
16	0
1	0
1	0
1	0
1	0
16	0
16	0
16	0
16	0
16	0
16	0
16	0
16	0
16	0
8	0
8	0
16	0
16	0
1	0
1	0
12	0
12	0
12	0
3	0
3	0
3	3
3	0
3	4
12	0
2	3
17	6
12	12
12	12
17	0
17	5
17	6
12	12
12	0
12	12
12	6
12	0
12	0
12	0
8	8
16	0
16	0
16	16
13	13
13	0
3	0
16	0
1	0
16	0
16	0
16	0
16	0
1	0
1	0
17	0
16	0
1	0
1	0
1	0
1	0
8	0
1	0
16	0
1	0
1	0
1	0
16	0
16	0
16	0
12	0
16	0
16	0
8	0
1	0
16	0
17	0
12	0
17	0
12	2
4	0
4	12
17	0
17	0
17	0
17	0
3	16
17	6
12	12
17	10
17	0
17	16
17	0
17	5
17	0
2	11
12	0
12	16
2	2
8	0
8	0
8	8
17	0
17	0
17	0
1	16
13	13
13	0
1	0
1	0
17	0
17	0
16	0
1	0
1	0
17	0
1	0
12	0
8	0
1	0
8	0
8	0
8	0
12	0
12	0
8	0
8	0
8	0
1	0
1	0
8	0
8	0
8	0
12	0
17	0
17	0
17	0
17	0
12	6
12	12
5	0
3	5
4	4
2	2
17	6
8	8
1	0
1	0
16	0
16	0
16	16
13	13
17	0
17	11
17	0
17	0
17	16
17	0
17	11
17	10
17	0
17	2
17	17
12	17
17	0
17	5
17	0
17	0
17	16
17	3
17	6
17	0
17	0
17	0
17	0
17	8
17	0
17	2
17	0
17	0
17	12
17	0
17	10
13	13
13	0
17	0
17	0
17	0
12	0
1	0
1	0
1	0
1	0
1	0
1	0
1	0
16	0
12	0
17	0
12	11
17	0
17	0
17	16
17	0
1	0
17	2
16	0
16	0
16	1
8	0
8	0
8	8
13	13
12	6
12	0
12	0
12	12
4	4
1	0
11	0
3	0
3	0
3	0
1	16
17	0
17	5
17	0
1	6
17	0
8	0
8	8
13	13
5	5
6	6
12	12
12	12
17	0
17	5
17	6
12	0
12	12
12	0
12	12
4	0
4	0
4	0
4	4
3	0
1	0
16	16
17	0
2	0
12	16
13	13
13	0
1	0
1	0
12	0
3	0
11	0
14	3
12	6
12	12
12	12
12	2
17	8
1	0
1	0
16	0
16	16
11	4
13	13
14	0
11	0
14	14
2	0
2	11
6	6
8	0
8	0
8	8
2	0
2	2
12	12
12	12
12	0
2	0
12	12
16	0
16	4
13	13
16	0
16	0
16	16
6	6
12	0
8	12
12	6
12	12
13	13
3	0
16	0
16	3
2	2
17	6
12	12
17	2
17	6
17	0
8	0
8	0
8	8
16	0
11	2
3	11
6	6
13	0
17	0
12	6
12	12
17	0
12	16
12	6
12	0
12	0
12	12
13	13
14	0
11	6
1	0
1	0
1	1
8	0
8	8
3	11
6	6
12	0
12	0
12	0
8	12
12	0
12	0
12	12
8	0
8	0
8	0
8	0
8	8
16	0
1	4
13	13
17	2
3	0
1	11
1	0
1	0
1	0
1	0
1	1
3	10
16	0
16	16
13	13
13	0
1	0
12	0
17	0
17	0
16	0
1	0
16	0
1	0
16	0
16	0
16	0
16	0
1	0
17	0
17	6
12	12
17	0
17	5
17	6
12	12
17	0
2	0
17	16
17	6
12	0
12	0
12	0
12	12
17	6
17	0
17	0
17	0
17	0
17	8
17	0
17	2
17	17
12	17
1	0
2	0
2	0
16	0
16	16
13	13
13	0
1	0
1	0
8	0
16	0
1	0
1	0
1	0
1	0
1	0
17	0
17	0
17	0
1	0
8	0
1	0
17	0
17	0
17	0
17	0
8	0
1	0
8	0
17	0
16	0
1	0
1	0
17	0
17	0
17	0
17	6
12	0
12	0
12	12
17	0
17	0
17	16
17	0
3	0
3	0
3	3
17	0
17	0
17	10
17	0
6	0
14	0
14	14
8	0
8	0
8	8
2	2
17	6
17	17
12	17
1	0
1	0
1	0
1	1
17	0
17	4
17	0
17	5
17	0
17	0
17	10
17	0
17	16
17	0
17	0
16	0
16	16
13	13
13	0
17	0
8	0
16	0
12	0
17	0
17	0
17	0
17	0
17	0
17	0
17	0
1	0
17	0
17	0
17	0
17	0
17	2
17	6
17	0
17	17
17	17
17	0
17	0
17	0
17	17
17	0
17	0
17	0
17	16
13	13
1	0
3	0
2	0
16	0
16	0
16	16
17	6
17	12
17	0
17	0
17	12
17	6
12	0
12	0
12	0
12	12
13	13
14	0
11	0
14	14
2	0
2	11
3	0
6	2
8	0
12	0
12	8
1	0
1	0
1	16
17	0
17	0
17	0
17	4
17	0
17	5
17	6
17	8
17	0
17	0
3	0
17	3
16	0
2	0
13	0
13	0
16	2
12	6
8	0
8	0
8	8
17	0
17	16
13	13
3	0
3	0
16	0
16	0
16	16
6	6
12	12
17	6
8	8
3	0
3	5
2	0
2	2
8	0
8	0
8	0
8	8
5	5
3	0
11	0
4	0
4	0
4	16
3	3
6	6
12	0
8	12
1	0
1	2
4	0
4	6
8	8
13	13
14	6
12	0
12	0
12	12
3	10
1	0
1	0
1	16
17	0
17	5
17	0
17	6
2	0
2	0
2	0
2	1
8	0
13	0
12	0
17	6
12	12
12	0
12	0
12	0
12	3
4	0
4	0
4	16
11	3
3	3
1	6
8	0
8	0
8	0
8	0
8	8
2	2
2	6
12	17
12	17
4	0
4	0
4	0
4	4
13	13
13	0
3	0
16	0
1	0
8	0
1	0
1	0
1	0
8	0
16	0
8	0
16	0
1	0
1	0
8	0
16	0
16	0
16	0
16	0
16	0
1	0
8	0
1	0
1	0
12	0
3	0
16	0
1	0
3	0
8	0
8	0
1	0
1	0
17	0
17	6
12	8
16	0
12	0
12	16
17	0
17	0
3	3
3	2
17	6
17	0
8	0
8	12
13	13
17	0
17	5
3	0
17	0
2	14
17	0
12	11
1	0
1	0
1	0
1	0
1	0
1	1
17	0
17	4
17	0
12	0
12	16
17	0
12	11
3	0
1	0
1	1
2	2
8	0
8	0
8	8
13	13
13	0
8	0
8	0
1	0
16	0
16	0
16	0
16	0
17	0
17	0
16	0
16	0
1	0
1	0
1	0
8	0
8	0
12	0
16	0
11	11
16	0
16	16
11	0
11	6
8	0
8	0
8	0
8	8
2	2
6	6
8	0
8	0
8	8
2	2
2	6
1	0
1	0
1	1
8	8
13	13
13	0
16	0
16	0
16	0
16	0
1	0
8	0
16	0
8	0
1	0
1	0
8	0
8	0
8	0
16	0
1	0
1	0
1	0
1	0
8	0
16	0
8	0
8	0
1	0
16	0
16	0
16	0
16	0
16	0
1	0
1	0
8	0
8	0
8	0
1	0
1	0
1	0
12	0
5	0
1	0
3	3
1	0
1	0
1	0
16	16
17	6
12	12
17	2
12	6
12	0
8	0
8	8
17	6
12	12
17	0
17	5
17	0
16	0
16	16
2	6
8	0
8	0
8	0
8	0
8	8
2	2
17	0
2	6
12	0
12	12
17	0
12	10
13	13
13	0
12	0
1	0
12	0
17	0
17	0
12	0
1	0
1	0
12	0
17	0
17	0
1	0
3	0
8	0
8	0
17	0
1	0
8	0
17	0
17	0
17	0
1	0
8	0
12	0
12	6
12	12
11	4
6	0
3	0
3	0
3	3
2	0
2	0
16	0
16	0
16	0
1	3
1	0
12	0
1	0
1	3
17	0
11	6
8	0
8	0
8	8
17	0
11	2
17	6
12	0
8	8
1	0
16	0
16	16
13	13
16	0
2	3
1	0
11	4
3	0
3	0
3	3
3	0
3	11
1	0
1	0
1	0
1	0
1	0
1	1
13	13
13	0
1	0
1	0
1	0
16	0
1	0
1	0
1	0
16	0
16	0
1	0
1	0
17	0
11	0
3	0
3	3
3	5
6	6
12	12
12	6
12	0
12	0
8	8
2	2
8	0
2	0
11	6
8	0
8	8
17	0
2	2
12	12
3	0
3	0
3	0
1	0
1	0
1	0
1	0
16	16
17	0
17	5
17	0
12	11
4	0
2	6
12	0
8	0
8	8
2	2
8	0
2	0
11	6
8	0
8	8
17	0
12	2
17	0
8	8
17	0
6	16
17	0
16	0
16	16
5	0
12	16
17	6
12	12
2	2
17	6
1	0
13	0
12	0
12	0
6	6
12	12
16	0
16	0
16	0
16	16
2	2
12	0
11	0
11	6
12	0
12	0
12	8
12	0
12	12
5	5
3	0
12	0
2	6
17	0
12	6
12	0
12	0
8	8
12	0
12	12
2	0
2	2
8	8
2	0
2	2
12	0
12	0
12	0
12	8
12	0
12	0
12	12
13	13
3	0
11	11
16	16
17	0
6	2
12	0
12	0
12	0
12	12
13	13
13	0
3	0
1	0
1	0
8	0
8	0
8	0
1	0
8	0
12	0
2	0
6	6
8	0
8	0
8	8
13	13
3	14
2	6
12	12
3	0
6	0
6	0
1	0
1	3
2	0
2	0
1	2
8	0
8	0
8	8
2	0
2	2
12	0
12	12
13	13
16	0
2	0
3	0
1	6
8	0
8	0
8	0
8	0
8	0
8	0
8	8
13	13
11	0
11	4
13	13
11	0
3	0
16	0
16	16
1	0
1	0
1	0
1	0
3	0
1	1
2	0
2	0
6	0
3	0
1	2
8	0
8	0
8	8
13	0
12	0
3	0
1	0
16	0
1	1
13	13
11	0
11	14
2	0
2	2
8	0
8	0
8	8
2	0
2	0
2	6
8	0
8	0
8	8
3	0
1	0
1	0
1	0
16	16
4	0
4	4
13	13
3	0
2	0
11	0
16	0
16	16
9	6
12	12
12	0
12	6
12	0
8	0
8	8
2	2
8	0
12	0
2	2
8	0
8	8
13	13
3	0
1	3
1	0
1	0
1	16
3	0
12	11
3	3
17	0
17	0
17	0
1	2
8	0
13	0
17	0
5	3
3	6
12	0
12	0
8	0
8	8
16	0
2	2
8	0
8	8
17	0
12	4
17	3
3	3
3	3
17	0
17	0
17	11
17	0
17	0
17	16
13	13
13	0
1	0
1	0
1	0
16	0
16	0
16	0
16	0
16	0
16	0
16	0
17	0
1	0
1	0
17	0
1	0
17	0
17	0
17	0
16	0
16	0
1	0
1	0
17	0
16	0
1	0
16	0
1	0
1	0
16	0
16	0
16	0
16	0
16	0
16	0
17	0
17	0
12	0
1	0
11	3
2	0
2	2
8	8
3	0
16	0
16	0
16	0
16	0
16	16
11	11
11	0
11	2
3	0
12	0
2	6
8	0
8	0
8	8
1	6
1	0
1	0
1	1
8	0
8	8
13	13
13	0
1	0
1	0
8	0
1	0
8	0
8	0
8	0
1	0
1	0
1	0
1	0
8	0
1	0
1	0
1	0
1	0
1	0
1	0
1	0
8	0
2	0
1	0
1	0
3	0
3	0
3	0
16	0
16	0
3	0
8	0
8	0
12	0
17	0
17	11
17	6
12	12
2	0
2	0
16	0
16	0
16	16
13	13
1	0
16	0
16	16
4	0
2	6
8	0
8	0
8	0
8	0
8	8
1	0
1	0
1	0
1	0
1	1
3	0
3	10
3	10
16	0
2	0
16	0
1	16
13	13
16	0
11	11
17	0
11	4
17	6
12	0
12	0
12	0
12	0
12	12
12	0
12	0
12	12
13	13
17	6
17	0
17	0
17	0
17	0
1	1
8	8
13	13
3	0
6	0
3	11
13	0
8	0
8	0
2	11
1	0
6	0
17	0
16	0
1	0
1	16
12	0
12	12
13	13
13	0
8	0
8	0
8	0
8	0
8	0
8	0
8	0
8	0
8	0
8	0
8	0
1	0
1	0
1	0
1	0
1	0
1	0
8	0
8	0
8	0
8	0
8	0
8	0
1	0
8	0
8	0
8	0
1	0
8	0
8	0
8	0
8	0
8	0
8	0
8	0
8	0
1	0
1	0
1	0
1	0
8	0
8	0
12	0
8	0
8	0
8	0
8	0
3	0
1	0
1	0
1	0
1	3
8	0
9	4
8	0
8	0
8	8
3	0
3	0
2	0
1	0
1	0
1	0
1	0
1	1
2	0
2	0
2	2
8	0
8	0
8	8
5	5
8	0
8	0
8	8
12	0
12	0
12	4
13	13
14	0
5	5
6	6
8	0
8	8
16	0
12	0
11	4
1	0
1	0
1	0
1	0
1	0
1	3
16	0
16	3
13	13
13	0
1	0
8	0
16	0
16	0
1	0
16	0
16	0
1	0
1	0
1	0
12	0
3	0
2	2
8	0
12	0
9	1
8	0
8	0
8	8
16	0
16	0
16	0
16	0
3	16
17	0
17	0
3	3
9	6
12	0
12	0
12	0
12	12
13	13
16	0
16	0
16	0
1	3
8	0
8	0
8	8
13	13
3	6
3	0
3	0
1	1
8	0
8	8
2	2
12	0
12	0
12	0
12	12
13	13
13	0
3	0
16	0
1	0
8	0
8	0
8	0
8	0
1	0
1	0
1	0
1	0
16	0
16	0
16	0
16	0
16	0
12	0
3	0
12	11
4	0
11	4
3	0
3	3
1	0
2	2
8	8
12	0
12	16
13	13
3	0
3	0
3	14
3	0
2	6
1	1
8	0
8	0
8	8
16	0
2	0
16	16
11	4
13	13
13	0
1	0
16	0
12	0
12	0
12	0
16	0
16	0
16	0
16	0
12	0
16	0
1	0
8	0
8	0
16	0
16	0
16	0
16	0
16	0
1	0
12	0
16	0
1	0
8	0
1	0
1	0
1	0
12	0
12	0
12	0
16	0
16	0
12	0
2	0
6	6
8	0
8	0
8	8
16	0
16	16
17	6
12	0
12	0
12	0
12	12
13	13
17	0
17	0
1	1
8	0
8	0
8	8
2	0
2	2
12	0
8	0
8	8
13	13
3	2
12	0
12	0
12	12
16	0
9	10
5	5
16	0
16	0
1	0
1	16
8	0
8	8
2	0
1	2
8	0
8	0
8	0
8	8
13	13
13	0
1	0
1	0
8	0
8	0
3	0
16	0
1	0
1	0
12	0
12	0
12	0
12	0
17	0
12	0
17	0
12	11
12	0
12	0
4	16
17	6
12	0
12	12
13	13
17	6
12	12
5	5
9	6
12	0
12	12
12	0
12	0
12	0
12	16
2	0
2	0
6	2
8	0
8	0
8	8
17	0
6	0
2	0
3	10
13	13
13	0
1	0
12	0
12	0
8	0
12	0
1	0
12	0
16	0
8	0
16	0
8	0
1	0
8	0
12	0
8	0
16	0
12	0
12	0
12	0
16	0
12	0
12	0
12	0
8	0
8	0
12	0
12	0
12	0
12	0
2	6
12	12
16	0
16	0
16	0
16	0
16	0
16	16
12	6
12	0
12	0
12	0
12	12
3	10
12	0
12	0
17	16
5	5
1	0
12	6
8	0
8	0
8	8
3	10
3	0
1	0
2	16
13	13
13	0
8	0
12	0
12	0
12	0
12	0
12	0
1	0
1	0
1	0
1	0
8	0
1	0
8	0
12	0
8	0
8	0
1	0
1	0
8	0
3	0
3	0
1	0
16	0
16	0
8	0
8	0
12	0
12	0
12	0
12	0
12	0
9	6
12	12
13	13
1	6
8	0
8	0
8	0
8	0
8	0
8	8
13	13
16	0
16	0
16	16
3	0
3	0
1	0
1	3
2	10
13	13
13	0
1	0
1	0
1	0
1	0
1	0
8	0
1	0
1	0
8	0
8	0
16	0
16	0
16	0
1	0
1	0
1	0
1	0
1	0
8	0
8	0
1	0
1	0
1	0
1	0
16	0
1	0
8	0
8	0
1	0
1	0
8	0
8	0
8	0
8	0
8	0
16	0
16	0
16	0
12	0
1	0
2	11
17	0
6	0
16	0
16	0
16	0
16	16
1	0
1	0
1	0
1	0
17	0
3	3
17	0
1	11
2	0
2	0
6	2
12	0
8	0
8	0
8	0
8	0
8	8
5	5
3	0
2	2
8	0
8	0
8	8
13	13
13	0
1	0
1	0
1	0
1	0
8	0
1	0
8	0
8	0
8	0
8	0
8	0
8	0
8	0
1	0
8	0
8	0
8	0
16	0
1	0
1	0
8	0
1	0
1	0
1	0
1	0
1	0
12	0
3	3
17	0
16	16
16	0
11	6
2	0
3	0
1	0
1	0
1	0
1	1
8	0
8	0
8	0
8	0
8	8
17	0
2	10
13	0
12	0
13	13
17	0
2	2
1	0
3	0
1	0
1	0
1	1
8	0
8	8
3	16
2	6
12	12
2	2
2	6
12	0
12	12
13	13
14	0
14	6
12	0
12	12
5	5
12	6
12	0
12	12
2	0
2	2
12	12
8	0
8	0
8	0
8	12
13	13
14	0
14	2
8	0
8	0
13	0
12	0
12	6
12	0
12	0
12	8
16	0
16	0
16	0
16	0
16	16
13	13
6	6
8	0
8	0
1	0
8	8
2	2
12	0
12	0
12	0
12	12
16	0
16	16
2	0
2	2
3	0
6	6
8	0
8	8
13	0
17	0
13	13
2	6
12	12
4	0
11	4
12	6
12	0
12	0
12	0
8	0
8	8
2	0
2	2
8	0
8	8
13	13
13	0
1	0
12	0
8	0
8	0
8	0
16	0
16	0
1	0
1	0
1	0
1	0
1	0
12	0
1	0
2	11
11	0
11	4
9	9
8	0
8	0
8	8
2	0
2	1
13	13
5	5
16	0
16	0
16	0
16	16
2	2
11	0
11	0
11	6
12	0
12	0
12	8
12	0
12	12
5	5
8	0
11	0
11	6
12	0
12	0
12	8
12	0
12	12
2	0
2	2
8	8
2	2
12	0
12	0
12	12
13	13
14	2
3	0
9	11
8	0
12	0
12	8
12	2
8	0
8	0
8	8
2	0
2	2
8	0
8	0
8	8
1	0
13	0
12	0
1	0
2	11
3	0
3	0
3	0
3	16
16	0
16	0
11	16
5	5
3	0
2	0
11	0
16	0
16	16
2	0
2	0
6	2
8	12
5	5
12	6
12	0
12	12
17	6
12	0
12	8
2	2
2	6
8	0
8	0
8	8
16	0
2	0
2	10
13	0
17	0
13	13
12	6
12	0
12	12
4	0
11	4
1	6
8	0
8	0
8	0
8	8
5	5
3	0
2	2
12	12
4	0
2	6
8	0
8	0
8	0
8	0
8	8
13	0
12	0
12	0
12	11
17	0
11	4
17	0
2	2
12	12
3	3
1	0
1	0
12	1
1	0
1	0
16	1
5	5
3	0
4	0
4	0
4	0
4	0
4	4
3	3
2	0
2	2
8	0
12	0
12	8
12	16
13	13
13	0
1	0
1	0
1	0
16	0
16	0
1	0
1	0
1	0
16	0
16	0
1	0
1	0
1	0
1	0
1	0
1	0
12	0
8	0
16	0
1	0
1	0
1	0
1	0
3	0
1	0
1	0
1	0
1	0
1	0
12	0
12	0
12	11
4	0
11	4
8	0
8	8
2	0
2	2
8	0
12	0
12	12
13	13
13	0
12	0
8	0
1	0
8	0
1	0
1	0
8	0
12	0
1	0
12	0
16	0
1	0
1	0
1	0
8	0
8	0
1	0
8	0
8	0
8	0
12	0
12	0
12	0
8	0
8	0
1	0
1	0
16	0
12	0
1	0
12	0
12	0
12	0
12	0
12	0
12	0
1	0
1	0
1	0
1	0
12	0
12	0
8	0
8	0
8	0
12	0
12	0
2	6
8	12
4	0
11	4
2	0
2	2
8	0
8	0
8	0
8	0
8	0
8	8
17	0
12	2
12	0
12	0
12	12
12	0
12	16
13	13
13	0
1	0
1	0
8	0
12	0
12	0
1	0
1	0
1	0
8	0
8	0
8	0
8	0
1	0
1	0
12	0
12	0
12	0
12	0
8	0
1	0
8	0
1	0
12	0
12	0
12	0
16	0
8	0
16	0
3	0
8	0
1	0
1	0
8	0
8	0
8	0
8	0
8	0
1	0
12	0
1	0
2	11
11	4
12	6
12	12
1	0
12	0
16	0
16	0
16	16
13	13
16	0
1	3
17	4
6	0
17	0
17	16
17	6
12	0
12	0
12	0
17	12
1	0
1	0
16	16
5	5
11	4
3	0
3	0
3	3
16	0
16	0
16	0
16	16
13	13
3	0
2	0
3	0
3	16
13	13
13	0
1	0
8	0
1	0
1	0
17	0
1	0
1	0
8	0
8	0
1	0
1	0
1	0
1	0
16	0
1	0
16	0
16	0
17	0
12	0
17	0
2	11
1	0
1	0
1	0
1	0
16	16
2	0
2	2
12	12
2	6
12	0
8	0
8	0
8	8
8	0
8	0
12	0
17	0
17	12
5	5
16	0
17	0
16	0
16	0
16	16
3	0
1	6
17	0
2	2
12	6
12	0
12	0
8	8
5	5
6	6
12	0
8	0
8	0
8	0
8	0
8	8
13	13
13	0
1	0
1	0
1	0
8	0
8	0
1	0
1	0
8	0
17	0
8	0
16	0
16	0
16	0
1	0
1	0
12	0
2	6
12	12
16	0
16	0
16	0
16	0
16	0
16	16
2	0
2	0
3	0
1	6
8	0
8	0
8	0
8	0
8	8
2	2
12	0
12	0
12	12
13	13
3	0
11	11
11	0
11	4
1	0
11	6
2	0
17	0
1	0
1	0
1	1
8	0
8	0
8	0
8	8
2	2
1	0
1	0
1	1
8	0
8	0
8	0
8	8
5	5
1	0
1	0
1	0
1	0
1	0
1	1
8	0
8	0
8	0
8	8
13	13
13	0
1	0
16	0
8	0
12	6
8	0
8	8
17	4
8	0
8	0
8	12
5	5
4	0
2	6
12	0
8	8
12	0
12	12
1	0
8	0
8	16
13	13
13	0
8	0
1	0
1	0
1	0
8	0
8	0
8	0
16	0
8	0
8	0
8	0
3	0
1	0
8	0
16	0
1	0
1	0
1	0
8	0
8	0
8	0
16	0
1	0
1	0
1	0
16	0
16	0
16	0
16	0
16	0
16	0
8	0
8	0
8	0
3	0
3	0
3	0
1	0
8	0
3	0
1	0
1	0
1	3
11	0
11	4
8	0
2	2
8	0
8	8
9	0
9	9
8	0
1	0
8	0
12	0
12	0
12	1
8	0
8	0
8	8
13	13
3	0
3	0
3	3
2	6
12	0
12	12
13	13
16	0
4	0
4	0
16	16
13	13
13	0
16	0
8	0
16	0
1	0
1	0
1	0
16	0
8	0
1	0
1	0
8	0
1	0
1	0
1	0
16	0
16	0
8	0
8	0
8	0
1	0
1	0
1	0
1	0
1	0
8	0
12	0
1	0
2	11
11	0
11	4
1	0
1	0
1	0
1	3
8	0
12	3
1	6
8	0
8	0
8	0
8	0
8	8
12	0
12	0
12	4
5	5
6	4
6	0
1	6
12	0
8	0
8	12
12	0
12	0
12	0
16	16
12	0
11	6
8	0
8	0
8	0
8	8
12	0
12	0
16	0
16	0
16	0
16	10
3	0
11	11
2	0
2	2
12	0
12	12
13	13
13	0
1	0
1	0
1	0
8	0
1	0
1	0
1	0
1	0
1	0
12	0
2	6
12	0
12	0
12	0
12	12
4	0
11	4
3	6
3	0
3	0
1	1
8	0
8	8
2	2
12	0
12	0
12	0
12	12
13	13
13	0
1	0
1	0
1	0
8	0
12	0
16	0
1	0
16	0
3	0
1	0
1	0
1	0
1	0
1	0
1	0
12	0
12	0
12	0
16	0
1	0
1	0
1	0
1	0
12	0
16	0
1	0
1	0
12	0
12	0
16	0
16	0
3	0
3	0
1	0
1	0
1	0
1	0
1	0
1	0
12	0
3	14
12	0
12	11
1	0
1	0
1	1
8	0
8	8
2	2
8	0
8	0
8	12
16	0
4	0
4	0
16	16
4	0
4	4
4	0
11	4
13	13
11	0
11	4
6	6
1	1
8	0
8	8
17	6
12	0
12	0
8	8
16	0
16	0
16	16
5	5
6	4
1	6
8	0
8	0
8	0
8	0
8	8
16	0
4	0
4	0
16	16
13	13
13	0
3	0
3	0
1	0
16	0
16	0
1	0
1	0
1	0
1	0
16	0
16	0
12	0
17	0
2	11
11	0
11	0
3	4
3	0
3	0
1	1
2	2
6	6
1	1
8	0
8	0
8	8
1	0
1	0
16	0
16	16
13	13
14	0
11	0
6	0
11	14
8	0
4	0
4	10
12	0
12	4
1	0
12	0
1	0
1	16
13	13
13	0
1	0
1	0
1	0
16	0
16	0
8	0
16	0
1	0
1	0
8	0
8	0
16	0
1	0
16	0
16	0
16	0
1	0
1	0
3	0
1	0
1	0
1	0
1	0
1	0
8	0
11	0
2	2
8	0
8	0
8	0
8	8
11	0
3	4
9	6
8	0
1	0
8	8
8	0
12	12
16	0
16	0
16	16
13	13
1	0
3	11
11	4
8	0
16	0
4	0
4	0
4	16
8	0
2	0
2	2
11	0
11	11
1	0
2	0
2	0
16	0
16	16
13	13
13	0
1	0
1	0
1	0
8	0
16	0
16	0
16	0
16	0
8	0
1	0
16	0
16	0
1	0
1	0
1	0
8	0
1	0
1	0
1	0
1	0
8	0
8	0
12	0
2	2
3	0
12	0
14	6
12	0
1	6
12	0
12	0
12	8
12	0
12	0
12	4
9	6
1	0
1	0
1	1
8	0
8	8
12	0
12	0
12	12
12	0
12	0
16	0
16	16
5	5
16	0
12	11
12	0
2	0
2	2
8	0
8	8
8	0
12	0
12	0
8	16
13	13
3	0
3	0
3	11
6	6
1	1
8	0
8	8
16	0
12	0
12	10
1	0
1	0
1	0
1	0
16	0
16	16
12	0
2	4
13	13
13	0
1	0
4	0
2	6
12	0
12	0
12	0
12	12
6	4
1	0
2	2
8	0
8	12
1	0
1	0
1	1
8	0
8	0
8	8
16	0
16	16
13	13
13	0
1	0
1	0
1	0
1	0
16	0
16	0
16	0
1	0
1	0
1	0
1	0
1	0
1	0
1	0
1	0
1	0
1	0
16	0
16	0
16	0
1	0
1	0
8	0
16	0
16	0
16	0
16	0
16	0
16	0
16	0
16	0
1	0
1	0
1	0
8	0
1	0
1	0
1	0
1	0
17	0
17	0
17	11
17	6
17	0
8	0
8	0
8	0
8	8
16	0
1	0
1	1
5	5
17	0
9	6
8	0
8	8
1	0
12	0
1	0
3	0
1	0
1	0
12	16
17	0
11	4
17	0
12	0
12	4
13	13
12	0
12	0
12	0
3	4
3	6
1	8
16	0
16	0
16	16
5	5
12	0
12	4
3	0
6	6
8	0
8	0
8	8
16	0
4	0
4	0
16	16
13	13
1	0
11	11
17	0
11	4
3	0
1	0
1	0
13	0
12	0
9	9
8	0
8	8
12	0
12	0
12	4
2	0
2	2
12	0
12	0
12	0
12	12
1	0
1	0
1	0
1	0
1	0
16	16
13	13
13	0
8	0
1	0
1	0
16	0
16	0
16	0
1	0
16	0
8	0
1	0
12	0
12	0
1	0
1	0
1	0
1	0
16	0
16	0
16	0
16	0
1	0
1	0
1	0
1	0
16	0
16	0
1	0
8	0
16	0
16	0
16	0
2	0
16	0
8	0
12	0
12	0
16	0
1	0
1	0
12	0
6	6
1	1
8	0
8	0
8	8
16	0
12	4
17	0
2	2
12	0
8	0
8	0
8	8
17	0
17	0
12	10
17	0
12	0
17	0
17	0
12	1
17	0
12	0
12	4
13	13
13	0
16	0
16	0
16	0
16	0
16	0
16	0
16	0
16	0
16	0
16	0
16	0
1	0
16	0
16	0
17	0
16	0
17	0
12	0
16	0
17	0
16	0
16	0
8	0
8	0
16	0
16	0
16	0
16	0
1	0
1	0
8	0
16	0
17	0
12	0
17	0
1	14
9	6
12	0
8	0
8	0
8	0
8	8
2	2
2	6
8	0
8	8
13	13
2	6
12	0
8	0
8	12
13	13
16	0
16	0
16	0
16	0
16	16
11	4
13	13
11	0
11	4
1	0
2	2
8	8
13	13
13	0
1	0
1	0
1	0
8	0
1	0
8	0
8	0
16	0
1	0
16	0
16	0
16	0
8	0
8	0
1	0
16	0
1	0
1	0
8	0
8	0
8	0
16	0
8	0
1	0
1	0
8	0
16	0
12	0
3	0
6	11
8	0
8	8
4	0
11	4
11	0
11	6
1	0
1	0
1	0
1	0
1	1
8	0
12	0
8	0
8	0
13	0
12	0
8	8
2	2
8	0
8	8
13	13
8	0
8	8
13	13
8	0
8	0
8	8
17	0
2	5
12	0
5	11
3	0
2	0
1	0
12	0
1	0
16	0
1	0
1	3
4	0
4	4
3	3
3	0
11	6
2	6
1	1
8	0
8	8
3	11
3	0
3	0
1	3
1	0
17	0
1	0
13	0
12	0
17	0
3	2
8	0
8	0
8	0
8	8
8	0
8	0
8	12
17	0
5	5
12	6
12	0
12	0
12	0
12	12
13	13
13	0
12	0
16	0
12	0
12	0
12	0
12	0
16	0
1	0
16	0
16	0
1	0
17	0
16	0
17	0
12	0
12	0
12	0
12	0
12	0
12	0
1	0
12	0
16	0
12	0
12	0
12	0
12	0
16	0
16	0
16	0
16	0
8	0
16	0
1	0
16	0
16	0
17	0
17	0
17	0
12	0
12	0
12	0
2	6
12	12
12	0
12	0
12	0
12	12
16	0
16	0
16	16
3	3
3	0
2	3
13	13
14	6
8	0
8	0
8	0
8	0
8	0
8	8
17	0
2	2
8	0
8	0
8	0
8	8
16	0
3	0
2	0
16	0
3	3
3	10
3	0
2	0
16	0
16	0
16	16
13	13
13	0
1	0
8	0
16	0
1	0
8	0
8	0
8	0
8	0
1	0
12	0
16	0
16	0
1	0
16	0
16	0
3	0
1	0
1	0
1	0
14	0
3	0
3	0
3	0
3	3
16	0
16	0
16	0
16	16
9	6
8	8
2	2
6	6
8	0
8	8
13	0
1	0
1	0
8	8
2	0
6	0
6	0
6	6
8	0
8	8
10	0
2	10
13	13
5	5
3	0
3	0
3	0
3	1
13	13
1	0
1	0
1	1
8	0
8	0
8	12
16	0
5	5
9	6
1	0
1	0
8	0
8	0
8	0
8	0
8	1
2	0
2	1
8	12
2	2
8	0
8	0
8	8
8	0
2	0
2	0
13	0
11	0
13	0
11	0
14	0
14	14
3	0
3	3
2	2
8	8
2	2
2	6
8	0
8	8
16	0
16	0
16	16
4	0
4	0
4	4
13	13
3	0
4	0
4	0
16	16
1	0
16	0
16	16
13	13
14	0
11	0
14	14
9	0
9	11
9	6
8	0
8	0
8	0
8	0
8	8
1	0
1	0
1	1
2	0
2	2
3	0
12	0
12	11
2	0
2	2
8	0
12	0
8	12
1	0
1	0
16	0
16	0
16	16
13	13
13	0
3	0
13	0
12	12
4	0
11	4
3	2
2	0
6	0
6	6
8	0
8	0
8	0
8	8
2	0
2	0
3	0
2	2
13	13
1	0
1	0
1	1
13	13
8	0
8	8
1	0
16	0
16	0
16	16
13	13
11	3
3	0
1	3
3	0
3	3
16	16
13	13
14	0
11	0
14	14
6	0
6	6
8	0
8	8
11	0
1	3
9	9
4	0
11	4
16	0
12	0
12	4
13	13
1	0
3	11
6	4
1	0
1	0
1	0
8	16
13	13
13	0
12	0
8	0
8	0
8	0
8	8
8	0
6	6
8	0
8	0
8	8
12	0
12	0
17	0
2	0
16	16
11	0
11	2
2	0
2	6
12	0
12	0
8	0
1	8
8	5
16	0
16	0
16	0
16	16
13	13
3	0
3	0
3	0
1	0
1	3
2	0
2	2
8	0
8	8
1	5
8	0
8	8
13	13
13	13
13	0
3	0
1	0
1	0
1	0
1	0
8	0
1	0
16	0
8	0
1	0
12	0
12	0
12	0
17	0
16	0
16	0
12	0
2	0
2	2
1	0
1	0
1	1
8	0
8	8
16	0
3	0
16	0
16	16
8	0
8	0
8	0
8	0
8	8
3	8
2	2
2	0
6	6
1	0
1	0
1	0
1	1
8	0
8	0
8	8
13	13
3	11
2	0
2	2
9	0
1	1
8	0
8	0
8	0
8	0
8	0
8	8
3	0
3	0
3	0
3	3
1	0
2	2
3	0
1	0
1	0
1	1
8	5
3	0
12	3
1	0
2	2
1	0
1	0
1	0
1	0
13	0
13	0
8	0
8	0
8	0
8	0
8	12
8	13
5	2
8	0
8	0
8	0
8	12
13	13
8	0
12	12
13	13
13	13
13	0
1	0
1	0
8	0
1	0
8	0
8	0
1	0
8	0
1	0
8	0
8	0
1	0
8	0
8	0
8	0
1	0
8	0
8	0
8	0
16	0
8	0
1	0
1	0
8	0
1	0
8	0
8	0
1	0
1	0
8	0
8	0
8	0
8	0
8	0
8	0
1	0
1	0
8	0
8	0
8	0
1	0
8	0
12	0
17	0
12	6
17	8
12	0
12	4
3	0
2	2
8	0
8	0
8	0
8	8
2	2
2	0
6	6
1	0
1	0
1	0
1	1
8	0
12	0
8	8
1	0
2	0
16	0
1	0
16	16
13	13
13	0
17	0
17	0
12	0
8	0
17	0
1	0
1	0
16	0
1	0
1	0
1	0
1	0
12	0
1	0
1	0
1	0
1	0
8	0
12	0
12	0
16	0
17	0
12	0
1	0
1	0
8	0
8	0
12	0
8	0
2	0
1	0
17	0
17	6
12	0
12	0
12	0
12	0
8	8
17	0
17	4
17	0
11	0
17	11
2	2
17	6
6	0
17	0
17	0
8	1
17	8
17	0
12	0
17	0
12	4
13	13
3	11
17	6
12	0
12	0
17	0
12	0
12	8
17	0
12	0
12	0
17	0
17	0
16	16
12	0
12	4
13	13
13	0
17	0
17	0
17	0
17	0
17	0
17	0
12	0
17	0
17	0
17	0
1	0
17	0
16	0
17	0
17	0
17	0
17	0
1	0
1	0
12	0
12	0
12	6
8	0
8	0
12	0
12	0
1	0
2	8
13	13
9	9
2	2
9	9
13	13
4	0
11	4
2	2
12	0
8	0
8	0
8	0
12	0
12	0
12	0
12	8
12	0
12	0
16	0
16	0
16	16
12	0
12	0
12	0
12	4
2	2
2	0
6	6
8	0
8	8
2	2
2	0
6	6
1	0
1	1
8	0
8	0
8	8
13	13
2	0
14	2
1	0
1	0
1	0
1	0
1	0
1	0
1	1
8	0
8	0
13	0
12	0
1	0
12	6
8	0
8	0
8	8
16	5
8	0
8	0
8	0
8	8
12	0
12	4
12	0
6	6
1	0
1	0
1	0
1	1
8	0
8	0
8	8
2	2
2	6
8	0
1	0
8	8
2	0
16	0
16	0
16	0
16	16
13	13
13	0
1	0
1	0
1	0
1	0
1	0
1	0
16	0
8	0
1	0
16	0
1	0
1	0
1	0
8	0
1	0
1	0
8	0
16	0
16	0
16	0
16	0
16	0
16	0
16	0
16	0
12	0
12	0
17	6
12	0
12	0
12	0
8	0
8	8
17	0
12	4
16	0
16	0
16	0
16	1
3	0
11	0
17	0
17	0
16	16
17	0
12	0
12	0
12	4
12	5
17	0
17	0
17	0
2	6
12	0
12	0
12	8
17	4
17	0
17	0
12	6
17	0
8	8
16	0
16	0
16	16
13	13
13	0
17	0
17	0
3	0
17	0
17	0
17	0
1	0
17	0
17	0
17	0
17	0
17	0
12	0
12	0
1	0
17	0
1	0
1	0
1	0
12	0
1	5
1	0
1	0
1	0
1	2
8	0
8	0
8	0
8	8
1	5
12	0
12	0
8	8
4	0
11	4
3	11
2	0
2	2
8	0
8	0
12	0
8	0
2	8
3	0
3	0
3	3
17	0
2	2
12	6
8	0
8	0
8	0
8	8
8	0
8	0
8	16
13	13
13	0
1	0
1	0
8	0
12	0
8	0
16	0
1	0
1	0
1	0
1	0
1	0
1	0
1	0
1	0
1	0
1	0
1	0
1	0
1	0
1	0
1	0
12	0
12	0
12	0
8	0
8	8
2	2
8	0
8	0
8	8
17	4
1	11
8	2
17	0
6	6
1	0
1	1
8	0
8	0
8	8
17	0
17	0
17	3
17	0
17	3
17	0
12	0
12	4
13	13
1	5
2	0
2	2
8	0
8	0
8	0
8	0
8	0
17	0
17	0
1	8
13	13
13	0
1	0
1	0
17	0
1	0
17	0
17	0
1	0
16	0
16	0
1	0
1	0
8	0
16	0
16	0
1	0
8	0
8	0
1	0
1	0
12	0
3	0
1	0
1	0
1	0
1	3
3	0
16	0
16	0
16	0
16	16
6	4
8	11
2	0
6	0
3	0
3	0
3	0
8	3
2	2
2	0
6	6
1	0
1	0
1	0
1	0
1	0
1	1
8	0
8	0
8	0
8	0
8	0
8	8
2	0
2	2
8	0
8	0
8	0
11	12
13	13
2	0
14	2
8	0
8	0
8	0
8	0
8	8
2	2
3	0
2	2
8	0
8	0
8	0
8	8
13	13
13	0
1	0
8	0
1	0
12	0
6	6
8	0
8	0
8	0
8	8
12	0
12	12
16	0
16	0
16	16
6	6
8	0
8	0
8	12
13	13
3	11
1	0
1	0
1	0
1	16
4	4
4	0
4	0
4	0
4	16
13	13
16	0
11	0
14	14
6	6
13	13
12	0
12	12
12	0
12	0
12	0
12	12
2	0
2	2
6	11
8	0
8	0
8	0
8	8
16	0
16	0
16	16
11	4
13	13
13	0
1	0
3	0
3	0
16	0
1	0
1	0
1	0
1	0
1	0
12	0
13	13
5	5
3	0
6	0
5	3
16	0
16	0
16	16
6	6
12	0
8	12
1	0
2	3
13	13
16	0
11	14
17	3
3	0
2	2
2	0
1	0
1	6
8	8
2	0
2	2
6	6
8	0
8	0
8	0
8	8
12	0
12	0
12	0
12	12
2	6
3	0
1	0
1	1
12	0
8	0
8	0
8	8
2	0
2	2
12	0
12	12
12	0
12	0
12	0
12	12
12	0
17	0
17	16
17	4
13	13
13	0
1	0
1	0
1	0
12	0
3	0
1	0
3	3
16	0
11	4
3	0
3	5
6	6
8	0
8	0
8	12
5	6
1	0
1	0
1	1
8	0
8	0
8	0
8	8
2	0
2	2
8	8
12	12
12	0
12	12
12	0
12	0
12	0
12	4
13	13
3	11
3	0
2	2
6	6
8	0
8	8
2	0
2	2
12	12
17	0
2	6
17	0
17	0
17	1
16	0
16	0
16	0
16	16
11	4
13	13
13	0
1	0
1	0
1	0
1	0
1	0
8	0
1	0
1	0
12	0
3	3
4	0
11	4
1	0
1	1
13	13
11	11
3	0
16	0
16	0
16	16
1	0
2	6
12	0
8	12
16	0
2	0
2	0
16	11
13	13
13	0
1	0
3	0
1	0
1	0
16	0
1	0
1	0
3	0
16	0
1	0
1	0
1	0
1	0
8	0
1	0
16	0
2	0
16	0
16	0
1	0
3	0
1	0
16	0
16	0
16	0
3	0
16	0
1	0
8	0
1	0
1	0
3	0
3	0
16	0
1	0
1	0
1	0
1	0
12	0
17	0
12	14
12	6
12	0
12	0
12	0
12	8
3	0
3	5
2	3
1	2
1	0
1	1
1	0
1	0
1	1
5	5
1	0
1	0
1	0
1	0
1	1
8	0
8	0
8	8
16	0
16	0
16	16
11	0
3	4
13	13
3	0
1	0
1	0
1	0
16	0
16	16
6	0
1	1
17	6
12	0
12	0
12	0
8	0
8	8
2	2
8	0
8	0
8	0
8	12
3	11
1	6
8	0
8	0
8	8
8	0
5	5
12	0
13	0
13	0
8	0
8	8
2	0
2	2
8	0
8	0
8	0
8	0
8	0
8	12
4	4
3	0
3	3
3	0
3	2
9	9
8	0
8	0
8	8
8	0
8	0
8	8
1	0
2	0
2	0
16	0
16	0
16	0
16	16
13	13
11	0
12	14
1	6
12	0
8	0
8	8
12	0
11	2
2	0
2	6
8	0
12	0
8	8
9	0
9	9
16	0
16	0
16	0
16	0
16	0
16	16
13	13
13	0
1	0
3	0
3	0
3	0
3	0
1	0
12	0
12	6
12	0
8	8
4	4
3	0
1	1
2	2
2	6
8	0
8	8
3	3
2	0
2	2
6	6
8	0
8	0
8	0
8	0
8	12
1	0
2	0
1	0
16	0
16	16
5	5
2	2
3	0
1	0
1	0
1	6
1	0
12	0
12	0
1	0
1	1
5	5
1	0
1	0
1	0
1	1
8	0
8	0
8	0
8	0
8	0
8	8
2	0
2	2
8	0
8	0
8	8
1	0
2	0
16	0
16	0
16	0
16	16
13	13
13	0
12	0
2	0
2	2
8	0
8	8
4	0
11	4
2	0
2	2
6	6
12	0
8	0
8	12
3	11
3	6
1	0
6	0
9	1
8	0
8	0
8	0
8	0
8	0
8	0
8	8
16	0
12	0
9	4
13	13
14	6
12	0
8	8
3	0
1	1
3	10
16	0
16	16
13	13
13	0
1	0
1	0
1	0
16	0
8	0
16	0
8	0
16	0
1	0
1	0
1	0
16	0
3	0
1	0
1	0
1	0
1	0
1	0
1	0
3	0
3	0
12	0
12	6
8	8
4	0
6	4
2	6
1	0
1	0
1	0
1	0
1	0
1	1
8	0
8	8
3	11
9	9
8	0
8	8
1	0
2	0
1	0
1	1
4	0
4	4
16	0
3	16
13	13
13	0
3	0
1	0
1	0
1	0
1	0
8	0
1	0
1	0
1	0
1	0
1	0
1	0
1	0
1	0
1	0
1	0
1	0
1	0
16	0
1	0
8	0
8	0
1	0
1	0
1	0
1	0
1	0
1	0
1	0
1	0
8	0
8	0
12	0
2	6
8	0
8	8
4	0
11	4
1	0
1	0
1	1
5	5
12	0
16	0
16	0
16	16
1	0
12	0
12	0
1	1
5	5
1	0
3	0
3	0
1	0
1	1
13	13
13	0
1	0
1	0
1	0
1	0
1	0
1	0
1	0
1	0
1	0
1	0
1	0
1	0
1	0
1	0
1	0
1	0
1	0
1	0
1	0
1	0
1	0
1	0
1	0
8	0
16	0
1	0
1	0
1	0
1	0
3	0
3	0
1	0
1	0
1	0
3	0
14	2
1	0
1	1
8	0
8	0
8	8
3	0
12	0
1	16
2	0
17	3
17	0
1	0
1	1
4	0
4	4
13	13
13	0
1	0
1	0
1	0
16	0
16	0
16	0
1	0
1	0
1	0
16	0
1	0
8	0
1	0
8	0
1	0
16	0
16	0
16	0
16	0
1	0
1	0
1	0
16	0
3	0
16	0
16	0
1	0
14	0
4	0
16	0
1	0
1	0
16	0
16	0
16	0
1	0
1	0
1	0
8	0
8	0
1	0
12	0
17	0
2	6
12	0
12	0
12	1
1	0
1	0
2	0
1	0
1	1
1	0
1	0
1	1
8	0
8	0
8	8
13	13
3	11
17	0
2	2
6	6
8	0
8	8
3	0
3	0
3	0
1	1
1	0
1	0
16	0
16	0
1	16
13	13
4	0
4	4
3	3
3	0
1	0
1	16
13	13
16	0
11	14
12	6
12	0
8	0
8	8
2	0
2	2
1	0
1	1
8	0
8	0
8	8
3	0
3	3
16	0
12	0
12	0
13	0
12	0
5	0
3	0
3	0
3	3
4	0
4	4
4	0
2	6
8	0
8	0
8	0
8	0
8	8
4	0
3	0
1	1
1	0
1	0
16	0
16	16
13	13
17	11
17	2
6	6
8	0
8	0
8	0
8	0
8	0
8	8
16	16
13	13
13	0
1	0
1	0
1	0
1	0
1	0
1	0
1	0
1	0
1	0
3	0
1	0
1	0
1	0
1	0
1	0
1	0
16	0
1	0
8	0
8	0
1	0
1	0
8	0
8	0
8	0
8	0
12	0
11	11
16	16
2	0
2	2
8	8
5	5
8	8
8	0
8	0
8	0
12	8
2	2
1	0
3	0
3	0
1	0
1	1
3	0
1	1
8	0
8	0
8	0
8	8
13	13
3	11
5	6
1	0
1	0
1	0
1	1
8	0
8	0
8	8
1	0
1	4
5	5
1	3
1	0
1	6
1	0
1	1
8	0
8	0
8	0
8	0
8	0
8	8
1	0
1	0
1	0
16	0
16	0
16	16
13	13
13	0
1	0
1	0
1	0
1	0
12	0
12	0
12	0
17	0
8	8
16	0
16	0
16	0
16	16
11	0
11	0
3	3
3	3
11	0
2	2
6	6
8	8
13	13
13	0
1	0
1	0
1	0
8	0
1	0
8	0
1	0
1	0
1	0
8	0
3	0
11	0
3	0
8	0
8	0
3	0
8	0
1	0
8	0
8	0
8	0
1	0
1	0
1	0
8	0
1	0
8	0
1	0
1	0
1	0
1	0
8	0
8	0
16	0
3	0
11	0
11	0
8	0
8	0
8	0
8	0
12	0
1	6
12	0
12	0
8	8
4	0
16	0
16	16
12	0
12	8
5	5
1	0
12	4
5	6
8	0
8	0
8	0
8	8
13	13
13	0
1	0
1	0
8	0
8	0
8	0
8	0
8	0
1	0
3	0
12	0
12	0
12	0
12	0
1	0
1	0
1	0
1	0
8	0
8	0
8	0
1	0
1	0
1	0
8	0
8	0
8	0
1	0
1	0
12	0
12	0
8	0
8	0
1	0
3	0
12	0
12	0
12	0
12	0
1	0
1	0
12	0
12	0
12	11
16	0
16	0
16	16
1	0
1	1
2	2
6	6
8	0
8	0
8	8
5	5
11	0
4	0
16	4
3	0
2	2
8	0
8	8
2	0
2	2
8	0
8	8
1	0
1	0
13	0
1	0
1	0
1	1
13	13
13	0
1	0
12	0
3	0
1	0
1	0
1	0
1	0
1	0
3	0
1	0
1	0
1	0
1	0
1	0
12	0
12	0
3	0
3	0
3	0
3	0
2	0
1	0
1	0
1	0
1	0
1	0
3	0
12	0
1	0
1	0
1	8
1	6
1	0
1	0
1	1
8	0
8	0
8	0
8	0
8	0
8	8
2	0
2	2
8	8
4	0
4	4
2	6
12	0
12	0
8	8
3	11
3	0
2	0
3	0
3	3
1	0
3	0
3	0
1	1
4	0
4	4
5	5
1	6
16	8
13	13
3	11
3	2
12	6
12	0
12	8
16	0
16	16
4	4
13	13
2	0
5	5
2	3
8	2
12	6
8	0
8	0
8	8
5	5
3	2
17	6
12	0
13	0
12	0
16	2
12	6
12	0
8	0
8	8
17	4
1	6
8	8
2	0
2	0
2	0
3	3
17	3
17	0
17	2
17	0
8	0
8	0
8	0
8	8
17	0
17	2
17	6
12	0
8	8
17	0
3	16
13	13
13	0
1	0
16	0
16	0
16	0
17	0
17	0
1	0
16	0
16	0
16	0
16	0
16	0
17	0
17	0
1	0
17	0
12	0
16	0
16	0
8	0
16	0
16	0
1	0
8	0
8	0
17	0
17	0
17	0
17	0
17	0
12	0
12	6
12	0
12	0
8	8
16	0
16	0
16	16
11	11
2	3
2	0
12	2
17	0
1	0
1	0
1	0
1	1
8	0
8	8
13	13
12	0
12	11
4	0
4	0
4	4
17	0
6	0
3	0
3	3
2	0
3	5
17	0
2	3
17	0
11	2
12	0
8	0
8	0
8	0
8	8
16	0
16	16
13	13
13	0
1	0
1	0
1	0
1	0
1	0
12	0
12	0
1	0
17	0
1	0
3	0
1	0
1	0
1	0
1	0
1	0
13	0
12	0
12	0
12	0
12	12
8	0
8	2
8	0
6	6
1	0
1	0
1	0
1	1
12	0
8	0
12	12
13	13
11	0
6	6
1	0
1	0
1	0
1	1
8	0
8	0
8	0
8	0
8	0
13	0
17	0
12	0
17	0
17	0
17	0
17	8
12	0
17	16
10	0
10	0
2	2
13	13
13	0
1	0
1	0
8	0
1	0
1	0
1	0
12	0
1	0
16	0
16	0
16	0
16	0
1	0
1	0
1	0
1	0
1	0
8	0
13	0
8	0
8	0
8	8
13	13
1	0
1	16
8	0
8	0
8	0
8	0
8	8
13	13
13	0
1	0
8	0
8	0
8	0
1	0
1	0
1	0
1	0
1	0
8	0
8	0
1	0
1	0
1	0
1	0
1	0
8	0
8	0
8	0
8	0
1	0
1	0
8	0
8	0
8	0
1	0
1	0
1	0
1	0
1	0
8	0
8	0
1	0
1	0
8	0
8	0
8	0
1	0
1	0
1	0
8	0
8	0
8	0
8	0
8	0
1	0
12	0
1	8
12	6
17	0
17	0
16	0
16	1
12	0
12	8
2	2
12	0
8	0
8	12
13	13
2	0
6	0
6	2
8	0
8	8
2	0
2	2
12	0
12	0
12	8
8	0
12	0
12	0
12	12
13	13
13	0
1	0
1	0
8	0
16	0
1	0
1	0
1	0
1	0
8	0
8	0
16	0
1	0
8	0
1	0
1	0
1	0
1	0
1	0
8	0
8	0
1	0
16	0
12	0
12	0
3	0
1	0
1	0
8	0
8	0
1	0
12	0
12	6
12	0
12	0
12	0
12	12
4	0
11	4
6	6
1	0
1	0
1	0
1	1
12	0
12	0
8	8
2	0
2	2
12	0
12	12
12	0
12	0
12	0
12	4
5	5
11	0
11	4
2	2
6	6
1	0
1	0
1	1
12	0
12	0
8	8
12	12
1	0
1	0
1	0
3	0
1	0
1	0
1	0
16	16
3	0
3	0
3	4
13	13
13	0
1	0
1	0
1	0
16	0
8	0
1	0
1	0
1	0
1	0
1	0
1	0
12	0
8	0
8	0
8	0
8	0
8	0
8	0
8	0
8	0
8	8
17	17
9	9
8	0
8	8
17	17
9	9
8	0
8	0
8	8
17	17
9	9
8	0
12	0
12	0
8	8
17	17
9	9
8	0
8	0
8	8
17	17
9	9
8	0
8	0
8	0
8	8
1	13
1	0
1	0
1	16
1	13
8	0
8	8
17	6
8	0
8	8
17	0
3	4
2	2
12	6
8	0
8	0
8	8
16	0
4	0
4	10
3	3
17	6
12	0
13	0
12	0
17	6
8	0
8	8
4	0
11	4
1	0
1	0
1	1
13	13
13	0
1	0
1	0
1	0
1	0
1	0
8	0
1	0
1	0
1	0
1	0
1	0
1	0
1	0
1	0
1	0
1	0
1	0
1	0
1	0
1	0
1	0
1	0
1	0
1	0
1	0
1	0
1	0
1	0
1	0
1	0
1	0
1	0
1	0
1	0
1	0
1	0
1	0
1	0
8	0
1	0
1	0
1	0
1	0
1	0
1	0
1	0
1	0
1	0
1	0
12	0
3	6
16	0
16	0
16	0
16	1
8	0
8	0
12	0
8	0
8	0
8	0
8	8
2	2
2	0
6	6
8	0
8	8
17	4
17	6
17	0
12	12
17	6
12	0
12	12
12	0
12	12
2	0
2	0
2	0
16	0
16	0
16	16
13	13
13	0
1	0
1	0
1	0
12	0
16	0
1	0
17	0
16	0
16	0
17	0
16	0
12	0
16	0
16	0
16	0
16	0
16	0
1	0
1	0
1	0
16	0
16	0
16	0
16	0
16	0
12	0
17	0
11	0
17	3
8	0
12	16
2	0
1	0
1	0
1	0
1	1
12	0
17	0
17	0
17	0
12	0
13	0
12	0
17	0
17	0
12	0
13	0
12	0
12	0
12	0
17	0
12	0
12	0
17	17
12	0
2	0
2	0
16	0
16	16
13	13
17	0
16	0
5	1
12	0
12	17
13	13
13	13
3	11
14	0
1	3
13	13
1	0
1	0
1	0
1	0
1	1
8	0
8	0
8	8
13	13
16	0
16	0
16	0
16	16
13	0
11	0
6	6
8	0
8	0
12	0
12	0
12	0
8	8
16	0
16	0
16	16
3	0
2	2
8	0
8	0
8	8
2	2
2	6
12	0
12	0
8	8
13	13
3	11
2	3
1	2
12	0
8	0
8	8
1	0
1	0
16	0
16	0
16	16
4	4
4	0
11	4
13	13
3	0
3	0
3	1
3	0
3	5
3	0
2	2
12	0
12	12
3	0
2	0
3	3
13	13
13	0
1	0
3	0
3	0
16	0
3	0
3	0
1	0
1	0
1	0
12	0
3	13
1	0
1	0
1	16
1	13
8	0
8	0
8	8
2	0
2	2
1	6
8	0
8	0
8	8
2	2
2	6
12	0
12	0
8	8
17	0
17	0
17	16
17	0
3	11
1	0
12	0
17	10
17	0
1	11
13	13
13	0
1	0
1	0
16	0
16	0
1	0
1	0
1	0
8	0
8	0
1	0
16	0
16	0
16	0
1	0
1	0
16	0
17	0
16	0
1	0
1	0
1	0
8	0
8	0
1	0
1	0
1	0
8	0
16	0
12	0
2	2
6	6
8	0
8	0
8	8
4	0
4	4
17	0
17	0
1	0
1	0
1	3
2	0
2	2
1	0
1	0
1	1
8	0
8	8
1	0
12	0
1	1
17	0
12	0
12	0
12	4
13	13
16	0
11	14
3	11
16	2
17	6
12	0
8	0
8	8
12	0
17	16
17	0
5	5
8	0
8	0
8	8
16	0
12	0
12	0
16	16
12	4
13	13
13	0
3	0
1	0
1	0
16	0
1	0
1	0
1	0
3	0
1	0
1	0
12	0
12	0
12	3
16	0
16	0
16	0
16	16
2	0
2	2
12	12
2	0
2	2
12	0
12	12
1	6
12	0
12	0
12	8
12	0
12	0
12	0
12	12
13	13
3	11
3	0
3	0
3	0
3	3
2	2
6	6
1	0
1	0
1	1
8	0
8	0
8	0
8	0
8	0
8	0
8	8
12	12
1	0
1	0
16	16
4	4
4	0
4	4
13	13
13	0
3	0
1	0
1	0
1	0
1	0
8	0
3	0
1	0
1	0
1	0
12	0
12	0
12	6
17	0
1	0
1	8
2	2
6	6
8	0
8	0
8	8
17	0
4	0
4	0
16	16
3	0
3	0
3	3
12	0
2	10
13	13
14	0
11	14
6	6
12	0
12	0
8	8
2	2
13	13
1	0
12	0
8	17
13	13
1	0
8	8
1	0
1	0
1	16
12	0
12	0
12	0
12	4
4	0
4	4
13	13
13	0
1	0
1	0
1	0
1	0
1	0
1	0
1	0
8	0
8	0
8	0
16	0
16	0
16	0
3	0
3	0
13	0
12	6
8	0
8	8
2	2
12	0
12	0
12	0
12	12
16	0
11	0
11	0
6	2
8	0
8	8
9	0
9	9
16	0
2	0
16	0
16	0
16	16
13	13
14	0
11	14
2	2
17	0
6	6
8	0
8	8
1	6
8	8
2	2
2	6
12	0
8	0
12	0
12	12
12	0
12	0
12	0
12	4
4	0
4	4
13	13
13	0
1	0
1	0
1	0
1	0
1	0
16	0
1	0
8	0
16	0
16	0
16	0
16	0
16	0
12	0
12	0
2	2
12	0
12	0
12	0
12	0
12	0
13	0
1	0
12	0
12	0
12	0
12	12
4	0
11	4
1	6
8	0
8	0
8	0
8	8
17	0
12	0
16	0
17	16
3	0
3	0
3	4
13	13
3	11
6	6
12	0
12	0
12	12
17	0
12	0
17	0
8	12
5	2
12	6
12	0
12	0
8	8
12	0
12	0
12	0
12	12
16	0
16	0
16	0
16	16
11	4
13	13
13	0
1	0
1	0
1	0
1	0
1	0
1	0
1	0
12	0
6	6
8	0
8	0
8	0
8	8
16	0
16	0
16	16
2	6
12	0
12	0
12	0
12	12
3	0
6	0
1	2
1	0
1	0
3	0
1	0
1	0
1	0
1	1
8	8
13	13
13	0
3	0
1	0
1	0
8	0
1	0
1	0
3	0
1	0
1	0
1	0
1	0
1	0
1	0
1	0
1	0
1	0
1	0
1	0
8	0
1	0
1	0
1	0
8	0
8	0
3	0
3	0
16	0
3	0
1	0
1	0
12	0
3	0
3	0
12	0
3	0
12	0
3	3
4	0
11	4
1	6
8	0
8	8
3	0
3	0
1	0
16	0
16	0
16	16
13	13
3	11
1	0
1	3
5	6
17	0
8	8
1	0
16	0
16	16
13	13
13	0
1	0
1	0
1	0
1	0
1	0
1	0
1	0
1	0
1	0
1	0
1	0
1	0
1	0
1	0
1	0
1	0
1	0
1	0
1	0
1	0
1	0
1	0
3	0
3	0
1	0
1	0
1	0
1	0
1	0
1	0
1	0
16	0
1	0
13	0
14	6
8	0
8	0
8	8
3	11
3	2
12	0
1	1
12	12
17	2
17	6
8	0
8	8
2	2
2	6
8	0
8	12
8	0
8	0
8	0
8	16
3	0
16	4
4	0
11	4
13	13
3	0
16	0
16	16
3	0
3	0
9	9
8	0
8	0
8	0
8	0
8	0
8	8
2	0
2	0
2	3
2	0
2	0
6	2
8	8
13	13
3	0
6	0
1	6
8	8
5	5
3	0
6	0
1	6
8	8
13	13
3	0
16	0
13	0
13	0
14	0
4	14
14	6
13	13
8	0
8	0
8	0
8	0
8	0
8	8
13	13
3	0
6	0
3	3
2	3
12	0
1	0
1	0
1	0
1	1
2	2
6	6
8	0
8	0
12	0
8	12
1	2
8	0
8	0
8	8
16	0
16	0
16	16
4	0
4	4
16	0
3	16
13	13
3	11
3	0
11	11
1	0
1	0
1	0
1	0
1	3
16	0
16	16
13	13
11	0
11	4
1	0
12	0
4	10
17	0
17	3
16	0
11	0
13	0
12	0
5	3
3	0
4	0
4	0
4	4
6	6
8	0
8	8
2	0
2	0
2	2
12	0
12	0
8	8
2	0
2	2
12	0
12	12
1	0
1	0
1	1
17	0
17	0
16	16
13	13
13	0
3	0
1	0
8	0
1	0
1	0
1	0
1	0
3	0
3	0
1	0
1	0
12	0
1	0
1	0
1	0
1	0
1	0
1	0
1	0
1	0
3	0
3	0
16	0
16	0
3	0
1	0
8	0
8	0
2	0
1	0
1	0
1	0
3	0
12	0
12	0
12	11
12	0
16	0
4	0
4	0
4	16
11	0
6	0
3	3
2	0
2	6
12	0
8	8
13	13
8	0
8	8
2	0
2	2
8	0
8	8
13	13
3	0
10	0
2	0
16	0
16	0
16	16
4	0
4	4
13	13
3	5
6	6
1	0
1	0
1	0
1	1
12	12
2	3
13	13
13	0
1	0
16	0
8	0
16	0
1	0
16	0
12	0
16	0
16	0
16	0
1	0
1	0
8	0
8	0
3	0
1	0
1	0
1	0
13	0
3	13
1	0
1	0
1	16
1	13
8	0
12	0
12	0
12	8
8	0
8	0
8	8
3	11
3	6
12	0
12	0
12	8
12	0
12	0
12	0
12	12
16	0
16	0
16	16
13	13
13	0
1	0
1	0
16	0
16	0
1	0
16	0
16	0
16	0
16	0
1	0
16	0
16	0
1	0
12	0
1	0
8	0
16	0
16	0
16	0
16	0
1	0
1	0
16	0
1	0
1	0
1	0
1	0
1	0
1	0
1	0
16	0
16	0
16	0
12	0
8	0
9	0
8	8
16	17
2	0
2	2
12	0
12	8
9	9
16	4
6	6
8	0
12	12
12	12
1	6
8	0
8	8
2	0
2	0
6	2
8	0
8	8
12	0
12	0
12	0
12	12
13	13
13	0
1	0
16	0
16	0
1	0
8	0
12	0
1	0
1	0
12	0
8	0
1	0
1	0
1	0
1	0
1	0
1	0
12	0
12	0
1	0
1	0
16	0
16	0
16	0
8	0
16	0
16	0
16	0
16	0
1	0
12	0
12	0
13	0
8	0
8	8
5	5
8	0
8	8
2	0
2	2
12	0
12	12
16	0
11	0
2	0
16	0
16	16
13	13
13	0
1	0
1	0
1	0
8	0
8	0
12	0
1	0
1	0
16	0
16	0
16	0
12	0
12	0
1	0
16	0
1	0
1	0
16	0
16	0
8	0
1	0
1	0
1	0
16	0
12	0
8	0
12	0
8	0
1	0
1	0
8	0
8	0
16	0
8	0
16	0
16	0
12	0
12	0
16	0
16	0
16	0
16	0
16	0
12	0
1	17
3	2
6	6
12	0
8	0
8	8
4	0
11	4
6	6
8	0
8	8
13	13
9	0
9	9
13	13
8	0
8	0
12	0
12	12
1	0
2	0
16	0
16	0
16	16
13	13
13	0
1	0
16	0
1	0
1	0
1	0
1	0
8	0
8	0
8	0
1	0
1	0
8	0
1	0
12	0
1	0
1	0
1	0
16	0
16	0
1	0
16	0
16	0
1	0
1	0
8	0
16	0
1	0
3	0
1	0
8	0
8	0
13	0
9	0
12	0
1	17
1	2
1	0
1	0
1	0
1	1
8	0
8	8
4	0
4	4
17	6
12	0
12	0
12	0
12	12
1	6
4	0
4	0
8	17
5	5
8	0
8	0
8	0
8	0
8	0
8	0
8	0
8	0
8	8
2	0
2	2
12	0
12	12
13	13
13	0
1	0
1	0
1	0
1	0
8	0
1	0
1	0
1	0
1	0
1	0
8	0
1	0
1	0
1	0
1	0
12	0
8	0
1	0
16	0
16	0
1	0
1	0
1	0
12	0
12	0
1	17
12	0
12	0
12	0
12	12
4	0
4	0
12	0
16	16
1	6
17	0
17	0
17	0
17	0
1	0
12	1
8	0
8	0
13	0
12	0
12	0
8	0
12	8
13	13
13	0
1	0
1	0
8	0
8	0
8	0
1	0
1	0
1	0
17	0
1	0
1	0
1	0
1	0
1	0
1	0
8	0
12	0
8	0
16	0
8	0
8	0
1	0
12	0
12	0
12	0
8	0
16	0
16	0
3	0
3	0
1	0
1	0
17	0
17	0
13	0
1	13
1	0
1	0
1	16
1	13
8	0
8	0
8	0
8	8
16	17
12	12
12	0
12	12
13	13
13	0
1	0
1	0
12	0
1	0
16	0
8	0
1	0
1	0
16	0
1	0
1	0
1	0
8	0
8	0
16	0
16	0
16	0
12	0
12	0
12	0
1	0
16	0
16	0
12	0
8	0
12	0
8	0
1	0
8	0
16	0
1	0
1	0
1	0
1	0
1	0
1	0
1	0
8	0
8	0
16	0
16	0
16	0
12	0
12	0
13	0
12	0
8	0
8	8
8	0
6	6
1	0
1	0
1	0
1	1
8	0
8	0
8	8
5	5
8	0
8	8
13	13
13	0
1	0
16	0
1	0
8	0
16	0
8	0
16	0
1	0
1	0
1	0
1	0
1	0
8	0
8	0
8	0
16	0
1	0
8	0
16	0
16	0
1	0
1	0
1	0
1	0
8	0
8	0
8	0
1	0
1	0
8	0
8	0
16	0
16	0
1	0
1	0
1	0
1	0
8	0
8	0
8	0
16	0
1	0
13	0
12	0
12	0
12	12
13	13
12	12
13	13
9	9
13	13
13	13
13	0
8	0
8	0
8	0
8	0
8	0
8	0
8	0
1	0
8	0
8	0
8	0
8	0
8	0
1	0
8	0
16	0
8	0
8	0
8	0
8	0
8	0
8	0
8	0
8	0
8	0
8	0
1	0
8	0
8	0
8	0
8	0
8	0
8	0
8	0
8	0
12	0
12	0
12	0
8	0
8	0
8	0
8	0
8	0
8	0
8	0
1	0
1	0
1	0
8	0
13	0
11	0
4	0
3	17
9	0
8	0
9	0
9	0
8	0
9	0
9	0
9	0
8	0
9	9
8	17
12	12
5	5
12	12
12	0
12	12
12	0
12	0
12	0
12	0
12	12
13	13
13	0
1	0
1	0
8	0
8	0
8	0
8	0
1	0
1	0
1	0
12	0
12	0
16	0
12	0
12	0
12	0
12	0
16	0
12	0
16	0
12	0
12	0
16	0
1	0
1	0
9	0
17	0
17	0
9	0
9	0
9	0
17	0
8	0
8	0
13	0
12	0
8	0
8	8
8	0
6	6
1	0
1	0
1	0
1	1
8	0
8	0
8	8
13	13
13	0
1	0
16	0
1	0
8	0
16	0
1	0
8	0
1	0
8	0
8	0
1	0
1	0
1	0
1	0
1	0
1	0
1	0
8	0
8	0
8	0
8	0
8	0
8	0
8	0
8	0
8	0
1	0
1	0
1	0
1	0
16	0
1	0
8	0
8	0
8	0
16	0
1	0
1	0
1	0
1	0
1	0
1	0
8	0
8	0
8	0
12	0
8	0
12	0
12	0
12	12
13	13
12	0
12	0
12	12
13	13
9	9
13	13
13	13
13	0
12	0
8	0
8	0
8	0
8	0
1	0
12	0
12	0
8	0
8	0
8	0
8	0
8	0
12	0
12	0
12	0
12	0
8	0
8	0
8	0
12	0
12	0
8	0
8	0
8	0
8	0
12	0
12	0
12	0
12	0
8	0
8	0
1	0
12	0
12	0
12	0
12	0
12	0
12	0
12	0
8	0
8	0
8	0
8	0
8	0
12	0
13	0
11	0
16	0
3	17
9	0
8	0
9	0
9	0
8	0
9	0
9	0
9	0
8	0
9	9
8	0
8	0
8	0
8	0
8	8
13	13
8	0
8	0
12	8
13	13
16	0
11	2
2	0
6	6
1	0
1	0
1	0
1	1
8	0
8	0
12	12
13	13
11	0
11	6
1	0
1	0
1	0
1	1
8	0
8	0
8	0
8	0
8	0
13	0
17	0
12	0
17	0
17	0
17	0
12	8
12	0
17	16
2	0
2	0
2	2
13	0
13	0
8	0
8	0
8	8
13	13
1	0
1	16
1	1
8	0
8	0
8	0
8	0
8	0
8	0
8	8
13	13
13	0
1	0
1	0
1	0
1	0
8	0
8	0
1	0
1	0
1	0
1	0
1	0
1	0
1	0
8	0
8	0
8	0
8	0
8	0
8	0
8	0
8	0
8	0
8	0
1	0
1	0
8	0
8	0
1	0
1	0
1	0
1	0
8	0
8	0
1	0
1	0
1	0
1	0
1	0
8	0
8	0
8	0
8	0
8	0
12	0
3	6
1	0
1	0
1	0
1	0
16	1
8	0
8	8
2	0
4	0
2	4
13	13
13	0
8	0
8	0
8	0
8	0
8	0
8	0
1	0
8	0
8	0
16	0
1	0
16	0
16	0
16	0
1	0
8	0
16	0
16	0
2	0
8	0
8	0
8	0
1	0
16	0
8	0
1	0
1	0
8	0
8	0
8	0
16	0
16	0
1	0
1	0
1	0
1	0
1	0
1	0
1	0
8	0
8	0
2	0
16	0
3	0
8	0
1	0
13	0
12	13
1	6
1	0
1	0
1	0
1	1
8	0
8	0
8	8
13	13
8	0
8	0
8	0
8	0
8	8
13	13
13	0
1	0
1	0
16	0
8	0
8	0
8	0
1	0
1	0
1	0
1	0
1	0
1	0
16	0
16	0
16	0
8	0
8	0
1	0
8	0
8	0
1	0
1	0
1	0
1	0
8	0
8	0
8	0
1	0
1	0
1	0
1	0
1	0
1	0
1	0
1	0
8	0
16	0
16	0
16	0
1	0
1	0
1	0
12	0
1	8
1	6
12	0
8	0
8	0
8	8
2	0
2	0
2	0
6	2
12	0
8	0
8	8
2	2
8	0
12	0
12	0
12	12
5	0
6	2
1	0
1	0
1	0
1	0
1	1
8	0
8	0
8	8
4	0
4	4
12	6
12	0
12	0
12	0
12	8
2	2
2	6
12	0
8	0
8	0
8	8
3	10
1	0
1	16
13	13
14	0
14	14
12	0
12	11
1	0
1	0
1	0
1	0
1	0
1	0
16	16
4	0
4	4
13	0
8	0
8	0
8	0
8	0
8	0
8	0
8	0
8	0
8	0
8	8
17	17
9	9
8	0
8	0
8	8
17	17
9	9
8	0
8	0
8	0
8	0
8	0
8	0
8	8
17	17
9	9
8	0
8	0
8	0
8	0
8	0
8	0
8	8
17	17
9	9
8	0
8	0
8	0
8	0
8	8
17	17
9	9
8	0
8	8
5	5
8	0
8	0
8	0
8	8
17	17
9	9
8	0
8	8
17	17
9	9
8	0
8	0
8	0
8	8
13	0
12	0
12	6
8	0
12	12
12	12
16	0
16	0
16	0
16	0
16	16
11	0
2	2
6	6
1	0
1	0
1	0
1	1
8	8
12	12
13	13
13	0
1	0
8	0
1	0
1	0
12	0
12	0
1	0
8	0
8	0
3	0
3	0
3	0
1	0
1	0
1	0
1	0
1	0
12	0
12	0
8	0
1	0
1	0
1	0
1	0
12	0
12	0
8	0
12	0
12	0
12	0
12	0
16	0
16	0
3	0
3	0
3	0
3	0
1	0
1	0
13	0
13	13
14	0
14	2
6	6
8	0
8	8
16	0
16	0
16	16
5	5
1	1
1	0
16	16
16	0
16	4
8	0
8	0
8	0
8	0
8	0
8	0
8	8
2	0
2	2
8	0
8	8
13	13
13	0
1	0
1	0
1	0
1	0
1	0
16	0
1	0
1	0
1	0
8	0
1	0
1	0
16	0
1	0
8	0
16	0
1	0
8	0
1	0
1	0
1	0
1	0
1	0
1	0
1	0
16	0
1	0
1	0
1	0
1	0
1	0
12	0
12	0
6	0
5	3
1	6
1	6
12	0
12	0
8	0
8	8
13	13
3	11
17	0
17	3
1	0
17	0
16	0
16	16
1	0
1	4
13	13
1	0
4	4
3	0
16	0
16	0
16	16
13	13
16	0
11	14
16	0
12	11
1	0
12	0
12	0
12	1
8	0
8	0
8	0
8	0
8	0
8	8
16	0
16	16
4	0
2	0
3	4
13	13
14	0
14	14
4	6
8	0
8	8
3	10
1	0
1	0
1	0
16	16
13	13
13	0
13	0
13	13
6	6
8	0
12	0
8	0
8	8
12	0
12	0
12	12
12	0
12	0
12	12
13	13
3	11
1	0
17	0
2	0
1	0
1	0
3	1
17	0
2	2
12	6
12	0
12	0
12	0
12	8
17	0
17	0
16	0
16	16
17	4
13	13
16	0
16	0
16	16
13	13
14	0
11	14
2	0
2	2
8	0
8	0
8	8
9	0
9	9
8	6
12	0
12	0
12	0
12	8
16	3
2	0
2	2
8	0
8	8
16	0
1	16
13	0
12	0
1	13
1	0
1	0
1	16
1	13
8	0
8	0
8	0
8	0
8	0
8	0
8	8
12	6
12	0
12	0
8	0
8	0
8	8
2	2
8	0
8	0
8	0
8	0
8	0
8	12
16	0
16	0
16	16
2	6
12	0
12	0
8	0
12	8
2	0
2	0
2	2
1	0
1	0
1	0
1	0
1	1
1	1
8	0
8	8
17	6
12	0
12	0
12	0
8	12
6	4
3	0
3	5
2	0
3	3
1	3
1	0
1	6
1	0
13	0
12	0
11	11
16	0
16	0
16	0
16	16
6	6
8	0
8	0
8	0
8	8
2	2
12	0
12	12
13	13
3	11
6	6
6	0
1	0
1	6
1	0
1	0
1	0
1	1
8	0
8	0
8	0
8	8
12	0
12	0
12	12
5	5
12	0
12	0
12	12
13	13
9	0
9	0
8	0
9	9
13	13
1	0
3	0
1	1
1	0
3	0
3	0
1	0
2	16
1	0
3	4
13	13
13	0
1	0
1	0
8	0
8	0
1	0
1	0
1	0
8	0
8	0
2	2
12	6
12	0
12	0
12	0
12	8
16	0
16	0
16	16
11	11
13	13
13	0
8	0
8	0
1	0
8	0
1	0
8	0
8	0
8	0
8	0
8	0
12	0
12	0
12	0
8	0
8	0
8	0
8	0
8	0
8	0
8	0
1	0
8	0
1	0
8	0
8	0
16	0
8	0
8	0
8	0
8	0
8	0
8	0
8	0
8	0
8	0
12	0
12	0
12	0
8	0
8	0
8	0
11	0
11	0
8	0
8	0
8	0
13	0
13	13
17	0
2	11
1	0
3	4
16	6
1	6
17	0
1	0
17	0
9	1
8	0
8	0
8	8
5	5
8	0
8	0
8	0
8	8
13	13
13	0
1	0
1	0
1	0
8	0
8	0
1	0
1	0
16	0
16	0
16	0
1	0
16	0
8	0
8	0
16	0
1	0
8	0
8	0
16	0
16	0
1	0
1	0
1	0
8	0
8	0
16	0
1	0
16	0
1	0
1	0
16	0
1	0
1	0
16	0
1	0
1	0
1	0
8	0
12	0
3	11
6	6
1	0
1	0
1	0
1	0
1	1
8	0
8	8
5	5
12	6
12	0
8	0
8	8
16	0
12	0
12	0
16	16
13	13
3	3
16	0
16	0
16	0
3	16
5	5
12	6
12	0
12	8
13	13
13	0
1	0
1	0
16	0
16	0
16	0
1	0
1	0
1	0
1	0
16	0
1	0
1	0
16	0
16	0
1	0
16	0
1	0
1	0
1	0
1	0
1	0
1	0
8	0
8	0
16	0
1	0
16	0
16	0
16	0
11	0
3	0
3	5
16	0
3	0
3	0
1	0
1	2
2	0
16	2
12	0
12	0
8	8
13	13
14	3
3	0
17	0
17	4
3	0
3	0
3	3
1	0
1	1
8	0
8	0
8	0
8	8
13	13
13	0
1	0
1	0
8	0
16	0
16	0
16	0
16	0
16	0
1	0
16	0
16	0
1	0
1	0
1	0
1	0
8	0
8	0
1	0
1	0
16	0
16	0
1	0
1	0
1	0
16	0
16	0
1	0
8	0
8	0
16	0
16	0
12	0
12	0
12	11
1	0
16	0
16	0
16	16
2	0
2	0
2	0
3	3
1	0
12	0
12	0
12	1
8	0
8	0
8	8
13	13
8	0
8	11
2	0
2	2
8	0
8	0
8	0
8	8
13	13
8	0
8	0
8	8
5	5
8	0
8	0
8	8
13	13
13	0
8	0
8	0
1	0
1	0
8	0
8	0
1	0
8	0
8	0
8	0
8	0
8	0
8	0
1	0
1	0
1	0
17	0
17	0
3	0
1	0
1	0
1	0
1	0
12	0
5	5
16	2
17	0
11	0
11	6
2	0
2	0
2	0
2	0
3	16
12	8
13	13
12	0
12	8
5	5
3	0
6	0
3	6
1	0
1	1
8	0
8	8
16	0
16	0
16	16
13	13
3	3
3	0
16	0
16	0
1	3
3	3
2	0
3	0
1	0
3	1
8	0
8	8
4	0
4	4
13	13
13	0
1	0
1	0
1	0
1	0
1	0
16	0
16	0
16	0
16	0
1	0
16	0
16	0
3	0
3	0
3	0
12	0
1	0
12	0
5	5
3	11
16	0
16	0
16	0
3	16
2	0
3	0
3	0
3	14
6	0
6	0
6	6
8	0
8	8
12	6
12	0
12	0
12	0
12	8
2	0
3	0
3	0
3	0
16	16
13	13
13	0
3	0
16	0
16	0
3	0
1	0
1	0
1	0
8	0
8	0
1	0
12	0
12	0
12	0
8	0
1	0
1	0
1	0
1	0
16	0
16	0
3	0
16	0
16	0
16	0
16	0
16	0
16	0
3	0
3	0
1	0
1	0
1	0
12	0
3	0
3	5
6	6
1	0
1	1
8	0
8	0
8	0
8	0
8	8
2	0
6	2
12	0
12	8
16	0
16	4
3	0
3	3
1	6
1	0
1	0
17	0
1	0
1	1
8	0
8	0
8	0
8	0
8	0
8	8
5	5
3	0
17	0
16	0
16	16
6	11
8	0
8	0
8	0
8	8
3	0
3	0
1	16
1	0
1	0
1	0
1	16
13	13
2	0
2	2
3	0
11	0
11	11
3	2
6	6
1	0
1	0
1	0
13	0
13	0
13	13
17	0
12	0
17	14
5	0
3	3
6	11
1	0
1	0
1	0
1	0
1	0
1	1
8	0
8	8
5	5
8	0
8	8
2	2
2	0
6	6
8	0
12	0
8	0
12	8
12	6
12	0
12	8
1	0
16	16
13	13
3	3
14	0
14	0
14	0
14	16
6	6
17	3
1	0
1	0
1	0
1	0
1	1
8	0
8	0
8	0
8	8
12	6
12	0
12	8
1	0
1	0
16	0
16	16
13	13
13	0
3	0
1	0
16	0
17	0
13	13
17	0
12	6
17	0
17	0
17	0
17	1
8	0
8	0
8	0
8	0
8	8
5	5
8	0
12	0
12	0
12	8
17	0
17	2
12	8
13	13
17	0
17	6
12	0
8	0
8	8
5	5
12	0
8	0
8	8
5	5
17	11
17	0
17	3
17	3
3	0
2	2
6	6
8	0
8	0
8	0
8	0
8	0
8	8
2	2
2	6
1	0
3	0
1	1
8	0
8	0
8	0
8	8
1	0
3	0
1	1
4	0
11	4
13	0
12	0
5	5
1	0
12	14
3	11
1	0
12	0
17	10
3	0
3	3
1	0
16	0
16	0
16	0
16	16
11	4
13	13
3	0
2	10
11	0
11	0
11	11
3	0
3	4
2	3
12	6
12	0
12	0
8	8
2	0
2	0
16	0
16	16
5	5
8	0
8	0
8	0
8	0
8	8
1	0
11	0
16	0
16	0
16	0
16	16
13	13
13	0
3	0
16	0
16	0
1	0
1	0
1	0
1	0
1	0
1	0
1	0
16	0
16	0
16	0
17	0
13	13
17	6
12	0
12	0
12	0
8	12
16	0
16	0
16	16
2	3
13	13
17	0
11	14
4	2
6	6
12	0
12	0
8	0
8	8
8	0
12	8
12	0
12	0
12	4
4	0
4	4
13	13
3	11
3	0
6	0
1	3
2	0
6	0
6	2
8	0
8	8
1	0
1	16
1	0
1	4
13	13
13	0
16	0
1	0
1	0
1	0
16	0
1	0
1	0
1	0
16	0
16	0
16	0
16	0
1	0
1	0
16	0
16	0
16	0
12	0
12	6
8	12
2	2
8	0
8	12
5	5
12	6
12	0
12	0
12	12
16	0
16	0
16	0
16	16
2	0
2	2
6	6
3	0
3	0
3	0
1	0
1	1
12	8
12	0
12	0
12	12
13	13
17	0
2	2
9	9
13	13
13	13
14	0
11	14
11	11
17	3
8	0
12	0
8	12
1	0
2	0
1	0
1	0
17	16
17	0
1	4
13	13
5	0
11	14
4	0
2	6
13	13
1	0
1	0
1	0
1	0
1	1
12	0
13	0
12	0
6	6
6	0
3	0
1	1
8	0
8	8
16	0
16	0
16	16
1	0
12	0
12	0
12	1
3	8
2	2
6	6
12	0
8	0
8	0
8	0
8	0
8	8
2	0
2	2
12	0
12	12
5	5
12	0
12	0
12	12
13	13
3	11
3	3
1	0
2	2
6	6
8	8
2	0
2	2
12	0
8	8
13	13
1	6
12	0
12	0
12	8
13	13
3	0
16	0
16	0
16	16
3	0
3	4
13	13
13	0
1	0
1	0
1	0
17	0
3	0
3	0
2	0
3	0
3	3
16	0
16	0
16	0
16	16
6	6
17	0
8	8
17	0
17	0
8	12
2	0
2	2
1	0
1	0
3	0
1	1
13	13
8	0
17	0
8	0
8	8
13	13
5	5
3	11
4	0
11	4
1	1
1	0
1	2
1	0
1	0
1	0
1	1
8	0
8	0
8	0
8	8
13	13
3	5
1	0
1	0
1	0
1	1
1	0
1	17
13	13
13	13
8	0
12	8
13	13
13	13
16	0
5	5
1	0
13	0
12	0
6	6
8	0
8	8
17	0
17	0
16	16
1	0
1	0
1	1
4	2
12	0
12	8
2	0
2	2
1	0
1	0
1	0
1	1
8	0
8	0
8	0
8	8
13	13
3	0
3	3
6	6
8	0
8	0
8	0
8	0
8	8
8	0
2	0
2	0
2	1
1	0
12	0
4	10
16	0
2	0
3	0
3	0
3	3
1	1
17	0
12	0
12	4
17	0
12	4
12	0
1	0
17	0
1	16
13	13
13	0
1	0
1	0
1	0
1	0
1	0
1	6
1	1
8	0
8	0
8	0
8	8
4	0
11	4
13	13
14	0
11	14
3	0
6	6
8	0
8	0
8	0
8	8
2	0
6	0
6	2
1	0
3	0
1	0
1	0
1	1
8	0
8	8
16	0
16	0
16	1
4	0
4	4
13	13
13	0
1	0
16	0
16	0
1	0
1	0
1	0
8	0
1	0
1	0
1	0
1	0
1	0
8	0
1	0
1	0
16	0
1	0
1	0
1	0
16	0
16	0
16	0
16	0
1	0
1	0
12	0
2	3
12	0
8	0
8	0
8	8
2	0
2	0
16	16
1	0
1	3
8	0
8	0
8	0
8	0
8	8
2	0
2	2
6	6
1	0
1	0
1	0
1	0
1	0
1	1
8	0
8	0
8	8
2	2
2	6
12	0
12	0
12	0
12	0
12	8
13	13
13	0
1	0
3	0
8	0
8	0
1	0
8	0
3	0
1	0
1	0
1	0
1	0
1	0
8	0
8	0
8	0
16	0
16	0
1	0
1	0
1	0
1	0
8	0
8	0
3	0
3	3
3	0
16	0
16	0
16	16
12	6
12	0
12	8
2	0
2	2
6	0
3	0
1	1
12	0
12	12
1	6
8	0
8	0
8	8
2	0
2	2
12	8
12	0
12	12
13	13
3	11
16	2
12	6
12	0
12	0
12	8
2	2
12	0
8	0
8	12
2	0
3	0
1	0
1	16
3	0
3	4
11	0
11	4
13	13
13	0
3	0
3	0
3	0
1	0
1	0
1	0
1	0
12	0
12	0
1	0
1	0
1	0
1	0
1	0
12	0
12	6
12	0
12	8
2	0
2	2
12	0
12	12
16	0
12	0
16	0
16	16
3	0
2	6
12	0
8	0
8	0
8	0
8	8
13	13
5	3
3	0
1	0
1	0
1	1
4	0
11	4
12	6
12	0
12	0
8	8
2	0
2	2
17	0
17	0
17	0
17	0
12	17
13	13
13	13
12	0
8	0
12	8
13	13
13	13
13	13
3	11
12	0
12	0
12	0
12	8
13	13
8	17
12	0
12	8
13	13
3	0
3	0
2	3
13	0
12	0
17	6
8	0
8	8
12	0
16	0
16	0
16	0
16	16
1	0
1	0
3	1
3	0
2	2
1	0
1	0
1	1
12	0
8	0
8	0
8	8
8	0
8	0
8	0
8	0
8	0
8	12
13	13
13	0
3	0
3	0
3	0
3	0
1	0
1	0
1	0
1	0
1	0
8	0
8	0
1	0
1	0
1	0
1	0
1	0
8	0
8	0
1	0
1	0
12	0
8	0
16	0
16	0
3	0
3	0
3	0
3	0
3	0
1	0
1	0
12	0
1	13
1	0
1	0
1	16
1	13
8	0
8	0
8	0
8	0
8	0
8	0
8	8
17	0
3	14
3	3
3	6
12	8
17	0
2	2
1	0
1	0
1	0
1	1
8	0
8	0
8	0
8	8
17	0
17	0
17	10
17	0
17	0
17	3
17	0
17	0
17	0
17	1
12	0
12	0
12	0
12	4
4	0
4	4
5	5
1	0
16	0
16	3
13	13
16	0
16	4
2	6
12	0
12	0
8	8
2	3
3	2
6	6
12	0
13	0
12	0
1	6
8	0
8	0
8	8
2	2
1	0
1	0
1	0
1	1
8	0
8	0
8	0
8	0
8	0
8	0
8	8
16	0
16	0
16	16
3	11
3	0
6	0
6	2
8	0
8	8
13	13
3	11
3	2
12	12
17	0
11	4
13	13
13	0
1	0
1	0
1	0
1	0
1	0
1	0
1	0
1	0
1	0
1	0
1	0
8	0
1	0
1	0
1	0
1	0
1	0
1	0
1	0
1	0
1	0
1	0
1	0
1	0
1	0
1	0
12	0
5	6
3	0
2	0
6	0
3	3
1	0
1	0
1	0
1	1
8	0
8	0
8	8
16	0
2	0
16	0
16	16
5	6
8	0
8	0
8	0
8	0
8	8
2	2
8	0
8	0
8	0
8	8
13	13
3	11
3	0
11	11
1	0
11	2
8	0
12	0
8	0
8	8
2	0
2	2
12	0
8	0
8	0
8	8
12	0
12	12
12	0
4	0
4	16
16	0
3	16
13	13
13	0
1	0
1	0
1	0
1	0
16	0
16	0
16	0
17	0
17	0
17	17
17	0
2	0
17	0
12	17
17	0
17	17
17	0
17	0
17	17
13	13
13	0
17	0
17	0
17	0
17	0
17	0
17	0
17	0
17	0
8	0
17	0
17	0
17	0
17	0
17	0
17	0
17	0
17	0
17	0
17	0
12	0
17	0
17	0
17	0
17	0
12	0
17	0
17	0
17	0
17	0
8	0
17	0
17	0
17	0
17	0
17	0
17	0
17	0
17	0
17	0
17	0
17	0
17	0
17	0
17	0
17	0
17	0
13	0
13	13
13	13
12	8
8	0
8	0
8	0
8	8
13	13
8	0
8	0
1	0
1	0
1	0
1	0
1	8
12	13
13	0
1	0
1	0
1	17
13	13
13	13
13	13
13	0
1	0
1	0
8	0
16	0
8	0
8	0
1	0
1	0
1	0
1	0
1	0
1	0
1	0
1	0
1	0
1	0
8	0
8	0
8	0
8	0
8	0
8	0
16	0
16	0
1	0
16	0
1	0
8	0
16	0
1	0
1	0
1	0
1	0
1	0
1	0
12	0
1	13
17	0
1	0
1	16
1	13
8	0
8	0
12	0
8	0
12	8
17	6
12	0
12	0
12	0
8	8
17	0
16	4
3	3
17	3
17	0
17	10
17	0
17	0
17	1
1	0
17	0
17	0
17	0
17	0
1	0
17	16
13	13
3	5
6	6
1	0
1	1
12	0
12	0
12	0
12	8
12	0
12	0
12	0
12	0
12	16
16	0
16	4
13	13
13	0
1	0
1	0
1	0
1	0
17	0
17	0
17	0
17	0
17	0
17	0
12	0
17	0
12	11
17	0
17	0
17	16
2	2
1	0
1	1
8	0
8	0
8	8
16	0
16	10
5	5
16	0
16	0
16	16
6	0
6	3
1	0
1	0
1	0
1	1
8	0
8	8
13	13
13	0
1	0
1	0
8	0
8	0
16	0
1	0
1	0
3	0
16	0
1	0
3	0
1	0
8	0
1	0
1	0
8	0
1	0
8	0
8	0
8	0
1	0
1	0
1	0
16	0
1	0
1	0
1	0
8	0
8	0
16	0
16	0
1	0
1	0
3	3
11	4
3	6
16	0
16	1
8	0
8	0
8	0
8	0
8	8
13	13
3	11
3	2
8	0
8	0
8	0
8	0
8	12
1	0
16	0
16	16
4	4
4	0
11	4
13	13
14	2
6	6
8	0
8	0
8	0
8	8
16	0
4	0
4	10
4	0
4	0
4	16
17	0
11	3
17	0
12	0
12	4
13	13
13	0
1	0
1	0
16	0
16	0
1	0
1	0
16	0
16	0
16	0
16	0
16	0
16	0
1	0
1	0
1	0
17	0
17	0
11	11
17	0
17	0
17	11
13	13
17	0
11	11
17	0
17	0
17	11
13	13
11	4
11	11
16	0
4	0
4	10
3	3
2	0
2	6
8	0
8	0
8	0
8	0
8	8
2	2
2	2
8	0
8	8
17	16
17	16
13	13
17	0
5	0
5	5
12	0
12	6
12	8
13	13
4	6
12	0
12	0
8	0
8	8
5	5
6	6
8	0
8	0
8	8
16	0
17	4
17	0
17	3
17	0
3	3
2	2
2	2
8	0
13	0
12	0
5	6
1	0
1	0
3	0
1	1
8	0
8	0
8	0
8	8
11	4
3	0
6	11
1	2
17	6
8	0
8	0
8	0
8	12
3	2
8	0
8	0
8	0
8	0
12	0
8	0
8	12
13	13
8	0
8	0
8	8
12	0
12	0
12	0
12	12
13	13
12	0
12	0
12	12
13	13
1	0
12	0
16	0
16	16
13	13
13	0
1	0
1	0
1	0
1	0
16	0
1	0
1	0
16	0
16	0
16	0
16	0
1	0
1	0
1	0
12	0
3	0
12	0
4	3
4	0
4	4
2	0
2	2
9	0
1	1
8	0
8	0
8	0
8	0
8	8
3	0
6	0
1	2
8	0
8	0
8	0
8	0
8	8
8	0
12	0
8	0
8	0
8	8
17	0
12	2
12	6
12	0
12	8
16	0
2	0
16	0
16	16
4	0
16	4
13	13
13	0
1	0
1	0
1	0
1	0
1	0
1	0
16	0
3	0
3	0
3	0
12	0
2	0
2	0
1	0
1	0
8	0
8	0
8	0
1	0
12	0
1	0
3	0
3	0
16	0
16	3
16	0
4	4
17	6
12	0
12	0
12	0
12	8
2	0
2	2
9	0
1	1
8	0
8	0
8	0
8	0
8	0
8	8
3	0
6	0
1	6
8	0
8	0
8	0
8	8
2	0
2	2
8	0
8	8
17	0
16	2
12	0
12	8
2	0
2	0
1	0
16	16
13	13
13	0
1	0
1	0
1	0
1	0
3	0
3	0
1	0
8	0
12	0
16	0
1	0
12	0
12	0
3	0
2	0
2	0
13	0
8	0
8	0
8	0
8	0
8	8
13	13
8	0
8	8
5	5
8	8
17	4
3	0
3	11
17	0
17	0
17	3
17	2
17	0
17	0
17	11
2	2
17	0
12	0
12	8
12	0
12	0
12	12
17	0
12	0
1	0
16	0
16	16
13	13
13	0
3	0
1	0
16	0
1	0
17	0
17	0
17	0
1	0
17	0
17	0
17	0
17	0
8	0
8	0
8	0
8	0
8	0
16	0
8	0
16	0
16	0
16	0
16	0
1	0
1	0
13	0
14	13
1	0
1	0
1	16
4	13
8	0
8	8
5	5
8	0
8	0
8	0
8	8
14	6
1	6
8	0
8	0
8	0
8	8
3	11
2	0
2	2
9	0
1	1
8	0
8	0
8	0
8	0
8	8
2	2
8	0
8	8
3	0
2	0
1	0
1	0
16	16
4	0
16	4
4	0
4	4
13	13
16	0
3	0
16	0
16	0
16	16
2	0
2	2
1	0
1	1
8	0
8	0
8	0
8	8
13	13
13	0
1	0
14	0
16	0
12	0
6	6
8	0
8	0
8	0
8	0
8	8
12	0
16	0
16	0
16	0
16	16
3	0
2	0
2	2
1	0
1	0
1	0
1	1
8	0
8	0
8	0
8	0
8	8
2	0
2	2
8	0
8	0
8	0
8	0
8	8
13	13
13	0
1	0
1	0
1	0
1	0
1	0
1	0
1	0
3	0
8	0
8	0
8	0
8	0
2	0
1	0
1	0
1	0
8	0
8	0
3	0
3	0
3	0
3	0
16	0
3	0
3	0
3	0
1	0
8	0
1	6
12	0
12	8
2	2
12	0
12	0
12	12
16	0
16	0
16	16
12	6
8	0
8	8
13	13
13	0
1	0
1	0
1	0
8	0
1	0
8	0
1	0
8	0
1	0
1	0
1	0
1	0
16	0
8	0
16	0
1	0
1	0
1	0
8	0
8	0
8	0
1	0
1	0
12	0
12	0
16	0
8	0
1	0
8	0
1	0
1	0
1	0
12	0
16	0
16	0
2	0
12	0
12	0
3	0
1	0
1	0
1	0
12	0
1	0
12	0
13	13
8	17
12	0
4	0
12	17
3	0
17	0
12	0
12	0
13	0
1	17
13	13
13	13
13	0
12	0
12	0
12	0
12	0
16	0
1	0
1	0
1	0
1	0
12	0
12	0
1	0
1	0
1	0
1	0
1	0
1	0
1	0
1	0
1	0
1	0
12	0
1	0
12	0
1	0
1	0
1	0
1	0
1	0
1	0
1	0
12	0
3	0
12	0
12	0
12	0
12	0
1	0
1	0
1	0
1	0
1	0
1	0
1	0
1	0
12	0
1	6
1	6
8	0
8	0
8	8
3	0
4	0
4	16
3	3
5	6
1	0
1	0
3	0
1	0
3	1
8	0
8	0
8	8
16	0
17	0
16	0
16	16
13	13
14	0
5	5
6	6
17	0
1	0
1	1
8	0
8	0
8	8
16	0
16	0
16	16
13	13
14	0
11	14
6	6
8	0
8	8
16	0
4	0
4	10
2	6
8	0
8	8
3	2
6	6
1	0
1	1
8	0
8	8
4	0
4	4
13	13
3	0
5	0
13	0
12	0
3	0
12	0
11	11
11	0
4	0
4	0
16	16
6	11
8	0
8	8
2	0
11	2
13	13
8	0
8	0
8	8
13	13
8	0
8	0
8	8
4	0
4	4
17	6
8	0
8	0
8	12
5	5
17	6
8	0
8	0
12	0
12	0
13	0
12	0
12	12
13	13
13	13
13	0
1	0
8	0
8	0
16	0
1	0
16	0
1	0
8	0
16	0
16	0
3	0
3	0
16	0
1	0
1	0
8	0
8	0
1	0
1	0
1	0
1	0
13	0
14	6
12	0
8	8
2	2
12	0
8	0
8	12
16	0
16	0
16	16
5	6
8	0
8	8
3	11
1	0
1	1
3	10
3	0
16	16
4	0
11	4
13	13
13	0
1	0
1	0
1	0
1	0
16	0
1	0
16	0
1	0
1	0
1	0
1	0
1	0
16	0
1	0
1	0
1	0
1	0
16	0
1	0
1	0
1	0
1	0
1	0
16	0
4	0
16	0
16	0
16	0
16	0
16	0
16	0
1	0
1	0
1	0
1	0
1	0
12	0
13	13
12	0
12	0
12	17
17	0
17	0
12	17
17	0
17	0
17	0
1	17
13	13
13	0
1	0
12	0
17	0
12	0
16	0
17	0
12	0
16	0
1	0
1	0
12	0
16	0
16	0
16	0
17	0
17	0
17	0
17	0
1	0
12	0
17	0
12	0
1	0
17	0
8	0
16	0
12	0
1	0
1	0
1	0
1	0
12	0
17	0
17	0
12	0
12	0
17	0
16	0
16	0
17	0
17	0
17	0
17	0
1	0
8	0
12	0
13	0
12	0
12	3
17	17
17	0
17	0
16	16
13	13
16	0
11	14
3	0
11	11
6	6
8	0
8	8
16	0
4	0
4	10
17	0
17	16
16	0
3	16
13	13
13	13
13	0
1	0
16	0
16	0
16	0
16	0
16	0
16	0
1	0
1	0
16	0
16	0
16	0
16	0
16	0
1	0
16	0
16	0
16	0
16	0
16	0
1	0
1	0
1	0
1	0
17	0
17	0
16	0
16	0
16	0
16	0
16	0
16	0
1	0
1	0
16	0
3	0
1	0
2	2
6	6
8	0
8	8
4	0
11	4
3	0
1	11
1	0
1	0
1	0
1	16
5	5
3	0
1	0
1	0
16	16
4	0
4	4
13	13
5	0
5	5
1	0
3	0
1	1
4	0
16	4
11	0
11	4
3	0
6	11
1	0
3	0
2	0
1	0
3	3
1	0
4	0
4	10
13	13
13	0
1	0
1	0
1	0
1	0
1	0
1	0
1	0
1	0
1	0
1	0
1	0
1	0
1	0
1	0
1	0
1	0
1	0
4	0
1	6
12	0
12	0
12	0
12	0
8	0
8	8
2	2
12	0
12	0
12	12
13	13
12	0
12	0
12	0
12	12
13	13
4	0
11	4
2	0
2	0
2	2
1	0
1	0
1	1
8	0
8	0
8	0
8	0
8	0
8	8
2	2
8	0
8	0
12	0
8	8
1	0
16	0
16	16
4	0
4	4
13	13
13	0
1	0
1	0
1	0
1	0
1	0
1	0
1	0
1	0
1	0
8	0
1	0
1	0
8	0
8	0
1	0
1	0
13	0
13	13
17	0
17	0
17	17
17	0
17	17
17	0
17	0
1	0
1	0
17	0
2	17
13	13
13	0
17	0
16	0
17	0
8	0
16	0
16	0
17	0
17	0
17	0
16	0
17	0
16	0
17	0
17	0
17	0
17	0
17	0
8	0
8	0
8	0
17	0
17	0
8	0
17	0
8	0
17	0
16	0
17	0
17	0
17	0
16	0
8	0
17	0
17	0
17	0
16	0
17	0
17	0
17	0
17	0
17	0
17	0
17	0
17	0
8	0
12	0
1	0
12	0
12	0
12	17
12	0
16	0
12	17
13	13
13	0
1	0
16	0
16	0
1	0
1	0
1	0
1	0
16	0
16	0
16	0
1	0
16	0
8	0
1	0
1	0
16	0
16	0
16	0
16	0
16	0
8	0
8	0
1	0
16	0
8	0
1	0
16	0
1	0
16	0
1	0
16	0
16	0
16	0
8	0
1	0
1	0
1	0
1	0
12	0
12	0
16	0
16	0
16	0
16	0
12	0
12	0
1	0
1	0
1	0
1	0
13	0
13	13
13	13
17	6
8	0
8	12
5	5
17	6
17	0
8	0
8	0
17	0
2	12
17	0
17	4
17	6
12	0
12	8
16	0
16	0
16	0
16	16
13	13
13	0
3	0
8	0
16	0
16	0
16	0
16	0
16	0
16	0
16	0
16	0
17	0
1	0
1	0
12	0
8	0
16	0
16	0
16	0
16	0
16	0
12	0
3	0
16	0
16	0
16	0
16	0
1	0
8	0
16	0
12	0
12	0
16	0
16	0
16	0
17	0
17	0
13	0
13	13
3	11
4	0
16	16
3	0
3	5
2	3
11	0
1	1
8	0
8	0
8	0
8	8
2	2
2	0
6	0
6	6
8	0
8	8
13	13
13	0
3	0
3	0
1	0
1	0
8	0
8	0
16	0
16	0
1	0
1	0
8	0
8	0
8	0
16	0
1	0
1	0
1	0
8	0
8	0
8	0
8	0
16	0
1	0
1	0
8	0
16	0
3	0
16	0
16	0
16	0
3	0
3	0
1	0
1	0
1	0
8	0
8	0
8	0
12	0
3	0
3	0
3	0
1	0
3	3
16	0
16	0
16	16
1	6
8	0
8	0
8	0
8	0
8	8
3	0
2	0
2	2
1	0
1	0
1	0
1	1
8	0
8	0
8	0
8	8
2	0
2	2
12	0
12	12
5	5
17	6
8	12
3	3
12	10
12	0
12	0
9	4
13	13
13	0
1	0
1	0
1	0
12	0
12	0
8	0
1	0
1	0
3	0
1	0
3	0
8	0
12	0
12	0
12	0
1	0
1	0
1	0
1	0
3	0
3	0
3	0
3	0
3	3
2	0
11	0
1	1
1	6
8	0
8	0
8	0
8	0
8	8
4	0
4	4
1	6
8	0
8	0
8	0
8	8
2	2
8	0
8	0
8	12
3	2
1	12
13	13
3	11
6	6
8	0
1	0
8	8
8	0
8	12
3	0
1	0
1	0
1	0
1	0
16	16
4	4
4	0
4	4
13	13
13	0
1	0
1	0
1	0
1	0
1	0
1	0
1	0
1	0
1	0
1	0
1	0
1	0
1	0
16	0
1	0
12	0
2	3
8	0
8	0
8	0
8	8
16	0
16	0
4	16
11	0
11	0
2	0
6	2
9	0
1	1
8	0
8	0
8	0
8	0
8	8
13	13
13	0
1	0
1	0
1	0
1	0
16	0
8	0
1	0
3	0
3	0
3	0
3	0
3	0
1	0
1	0
8	0
8	0
8	0
8	0
8	0
8	0
8	0
8	0
8	0
8	0
8	0
1	0
1	0
8	0
8	0
3	0
16	0
3	0
11	0
3	0
3	0
3	0
3	0
1	0
12	0
12	0
12	11
16	0
16	0
16	16
1	0
1	3
1	6
8	8
2	0
6	0
6	2
8	0
8	0
8	8
13	13
13	0
1	0
1	0
8	0
1	0
8	0
8	0
8	0
8	0
1	0
12	0
1	0
1	0
8	0
1	0
1	0
8	0
1	0
8	0
8	0
8	0
8	0
1	0
1	0
1	0
1	0
8	0
8	0
12	0
12	0
12	0
12	0
12	0
16	0
3	0
1	0
1	0
1	0
1	0
1	0
1	0
8	0
1	0
12	0
1	9
8	0
8	0
8	0
8	8
2	0
11	0
2	0
6	2
1	0
1	0
1	0
1	1
8	0
8	8
16	0
16	0
16	16
5	6
3	0
17	0
9	1
8	8
13	13
3	11
6	6
1	0
1	0
1	1
8	0
8	0
8	8
13	13
1	0
1	0
1	0
1	0
1	0
1	0
1	1
12	0
12	0
12	8
13	13
16	0
16	0
16	0
16	16
13	13
13	0
3	0
3	0
1	0
1	0
1	0
1	0
1	0
1	0
1	0
12	0
3	0
11	0
11	11
16	0
16	0
16	16
2	2
8	0
8	0
8	0
8	12
13	13
2	0
14	2
1	11
17	0
17	0
17	16
3	11
17	0
17	0
17	10
3	3
1	0
17	0
1	1
13	13
3	11
11	11
1	0
17	0
1	0
16	16
4	4
4	0
11	4
13	13
3	0
3	0
2	0
2	3
16	0
4	0
16	3
3	2
13	13
1	0
8	0
8	0
8	0
8	0
8	0
8	0
8	12
13	13
13	13
13	0
1	0
1	0
3	0
3	0
2	0
3	0
3	3
1	0
11	0
1	1
16	0
16	0
16	16
6	11
8	0
8	8
12	0
12	0
12	8
12	0
12	0
12	12
2	0
2	10
13	13
13	0
1	0
1	0
12	0
12	0
1	0
8	0
3	0
3	0
1	0
1	0
12	0
1	0
1	0
1	0
12	0
12	0
12	0
1	0
8	0
8	0
1	0
1	0
12	0
1	0
3	0
3	0
1	0
1	0
1	0
8	0
8	0
3	0
3	0
1	0
1	0
12	0
12	0
3	3
2	2
12	0
12	0
12	0
8	12
17	4
3	0
3	11
16	9
1	0
1	0
3	0
1	0
1	1
8	0
8	0
8	0
8	8
2	2
2	0
6	0
6	6
12	0
8	0
8	8
8	0
12	0
16	0
8	16
13	13
13	0
1	0
1	0
1	0
1	0
1	0
1	0
1	0
1	0
1	0
1	0
1	0
1	0
8	0
8	0
1	0
16	0
16	0
16	0
16	0
16	0
1	0
1	0
1	0
1	0
1	0
1	0
1	0
12	0
5	5
1	6
8	0
8	0
8	0
8	8
16	0
16	0
16	16
11	0
11	0
11	0
6	2
8	0
8	0
8	8
2	2
8	0
8	12
2	0
2	2
6	6
6	0
1	0
1	0
1	1
8	0
8	0
8	0
8	8
8	0
8	0
8	0
8	12
13	13
13	0
1	0
1	0
1	0
8	0
2	0
1	0
1	0
1	0
1	0
1	0
2	0
1	0
1	0
1	0
12	0
12	0
1	0
3	0
11	0
3	0
3	0
1	0
1	0
12	0
12	6
8	0
8	0
8	8
2	2
12	0
12	0
12	0
8	12
16	0
16	0
16	16
5	6
12	0
12	8
1	2
8	0
8	0
8	0
8	0
8	0
8	0
8	8
13	13
13	0
1	0
1	0
1	0
1	0
16	0
1	0
1	0
1	0
1	0
8	0
16	0
16	0
1	0
1	0
1	0
1	0
8	0
1	0
16	0
16	0
1	0
1	0
1	0
16	0
16	0
1	0
1	0
1	0
1	0
1	0
1	0
1	0
1	0
1	0
12	0
1	6
1	6
8	0
8	0
8	8
1	0
17	4
17	0
17	3
17	0
4	0
4	16
12	6
12	12
1	0
16	0
1	16
5	5
12	6
12	0
8	8
13	13
16	0
11	2
8	8
2	0
2	2
2	0
3	0
1	1
8	0
8	0
8	8
13	13
13	0
1	0
1	0
8	0
12	0
1	0
12	0
16	0
8	0
16	0
1	0
1	0
1	0
1	0
1	0
17	0
16	0
1	0
1	0
1	0
1	0
3	0
16	0
1	0
8	0
11	0
3	11
4	0
11	4
3	0
3	5
1	0
11	0
4	10
3	0
3	0
1	1
13	13
11	0
14	14
6	6
8	0
8	0
8	8
4	0
11	4
3	0
2	0
2	3
2	0
2	0
2	2
8	0
8	0
8	0
8	8
5	5
3	0
6	0
1	6
8	0
8	0
8	0
8	8
2	0
2	0
2	2
12	8
1	0
1	0
16	0
16	16
4	0
16	4
13	13
13	0
3	0
3	0
1	0
1	0
1	0
1	0
1	0
16	0
1	0
12	0
3	3
12	0
12	0
12	11
16	0
16	0
16	16
12	0
12	8
17	0
2	0
4	10
13	13
13	0
1	0
12	0
17	0
1	0
1	0
1	0
1	0
17	0
12	0
12	0
17	0
1	0
1	0
1	0
1	0
16	0
16	0
16	0
12	0
1	0
1	0
12	0
16	0
16	0
1	0
1	0
16	0
1	0
1	0
16	0
16	0
1	0
1	0
12	0
12	0
17	0
12	0
1	0
1	0
8	0
16	0
16	0
16	0
12	0
12	0
3	0
5	0
3	3
16	0
16	0
16	16
6	6
8	0
8	0
8	8
3	0
2	0
3	0
3	3
1	0
11	0
1	1
6	6
8	0
8	0
8	12
2	0
2	10
13	13
5	0
3	0
3	3
16	0
11	11
3	0
1	3
2	0
6	2
8	8
16	0
16	0
16	16
13	13
13	0
1	0
16	0
8	0
1	0
1	0
16	0
1	0
16	0
1	0
3	0
3	0
3	0
1	0
1	0
1	0
1	0
3	0
3	0
3	0
3	0
1	0
12	0
1	13
1	0
1	0
1	16
8	13
12	0
8	8
12	6
12	0
8	0
8	8
2	2
12	0
12	0
12	0
12	12
16	0
16	0
16	16
6	6
8	8
12	0
12	0
12	12
3	0
12	0
12	0
12	0
12	1
2	0
2	0
1	0
1	0
16	1
17	0
2	0
2	2
12	6
12	0
12	0
12	0
12	8
4	0
4	4
3	0
3	0
3	0
3	3
3	3
6	6
8	0
8	0
8	12
13	13
6	6
8	0
8	8
2	0
13	0
12	0
3	0
3	5
16	0
11	0
1	1
16	0
16	4
17	6
12	0
12	0
12	0
12	8
2	3
12	6
12	0
12	0
12	12
13	13
17	0
14	6
8	0
8	0
8	12
4	0
2	6
8	8
13	13
5	5
6	6
12	0
12	0
12	12
16	0
16	0
16	0
16	0
16	16
13	13
13	0
1	0
1	0
1	0
12	0
16	0
16	0
16	0
1	0
16	0
16	0
12	0
8	0
16	0
16	0
16	0
12	0
12	0
12	0
12	0
1	0
12	0
12	6
8	0
8	8
2	0
2	2
1	0
1	0
1	0
1	1
8	0
8	0
8	8
12	0
12	12
13	13
3	11
17	0
11	2
17	0
12	0
12	1
12	0
8	0
8	8
17	0
2	2
12	0
12	0
12	12
12	0
12	16
4	0
1	4
13	13
11	4
3	0
2	3
6	6
8	0
8	0
8	0
8	0
8	8
2	0
2	2
1	0
1	0
1	0
8	0
1	0
1	0
1	0
1	1
8	8
8	0
8	12
16	0
1	0
13	0
12	0
2	0
2	0
2	0
2	0
1	0
6	1
8	0
8	8
16	0
16	16
2	3
2	0
6	0
6	2
12	0
12	0
12	8
12	0
12	0
12	12
13	13
3	11
2	2
12	0
12	0
12	0
12	12
1	0
1	0
1	0
1	0
16	16
4	0
16	4
16	0
11	0
11	4
1	0
11	0
1	16
13	13
13	0
1	0
1	0
1	0
1	0
1	0
1	0
1	0
1	0
1	0
8	0
8	0
8	0
8	0
3	0
8	0
1	0
1	0
11	0
5	3
1	0
12	0
11	0
16	0
16	16
11	0
11	11
1	0
12	10
13	13
14	0
11	14
3	6
3	0
11	0
11	11
16	0
16	0
16	16
5	5
3	0
16	16
4	0
4	4
13	13
13	0
1	0
1	0
1	0
1	0
1	0
16	0
16	0
1	0
1	0
1	0
1	0
16	0
16	0
16	0
1	0
1	0
1	0
1	0
1	0
16	0
16	0
16	0
16	0
16	0
3	0
3	0
1	0
1	0
1	0
16	0
16	0
1	0
12	0
12	0
12	0
12	0
12	12
5	5
3	12
6	6
1	0
1	0
1	0
1	1
8	0
8	0
8	0
8	0
8	8
2	2
8	0
8	0
8	8
16	0
16	0
16	16
11	0
11	2
12	0
12	0
12	0
8	12
13	13
13	0
1	0
1	0
1	0
8	0
16	0
1	0
1	0
1	0
8	0
8	0
8	0
16	0
16	0
1	0
1	0
1	0
1	0
16	0
16	0
1	0
1	0
1	0
1	0
1	0
1	0
1	0
1	0
8	0
12	0
17	0
3	3
17	0
1	0
17	3
13	13
2	0
2	2
9	9
8	0
1	2
8	0
8	12
13	13
11	0
11	4
1	6
8	0
8	8
13	13
1	0
1	0
3	0
2	1
2	0
2	0
2	0
1	0
11	2
8	0
8	8
12	0
12	0
12	0
12	12
13	13
2	2
6	6
8	0
8	0
8	8
1	0
1	0
17	0
17	16
4	0
16	4
13	13
13	0
1	0
1	0
1	0
1	0
8	0
8	0
8	0
8	0
8	0
8	0
12	0
6	6
8	0
8	8
16	0
16	0
16	16
6	11
8	0
8	8
3	2
1	0
1	1
8	0
8	8
3	0
2	0
2	2
13	13
13	0
1	0
1	0
8	0
1	0
1	0
8	0
1	0
1	0
1	0
1	0
1	0
1	0
1	0
1	0
8	0
8	0
1	0
1	0
1	0
1	0
1	0
1	0
1	0
8	0
1	0
1	0
1	0
1	0
1	0
8	0
3	0
16	0
1	0
1	0
1	0
3	0
1	0
1	0
1	0
8	0
12	0
9	9
8	0
16	0
16	0
16	0
16	16
2	0
2	2
8	0
8	0
8	0
8	0
8	0
8	8
8	0
12	0
12	12
13	13
9	9
2	0
2	2
8	0
8	0
8	0
8	0
8	8
8	0
8	12
5	5
9	9
2	0
2	2
8	0
8	0
8	0
8	0
8	0
8	8
8	0
12	12
13	13
13	0
1	0
8	0
16	0
8	0
8	0
8	0
8	0
8	0
1	0
8	0
8	0
1	0
1	0
8	0
8	0
8	0
1	0
12	0
3	3
4	0
4	4
3	2
12	0
12	0
12	0
8	12
17	0
1	6
1	0
1	1
5	5
1	0
1	0
1	1
17	0
8	8
1	0
16	0
16	0
16	0
16	16
4	0
4	4
13	13
3	3
16	0
11	5
3	0
6	11
1	0
1	0
17	3
1	3
1	0
1	0
1	1
8	0
8	0
8	0
8	8
1	0
1	0
2	3
12	0
17	0
1	16
13	13
13	0
1	0
1	0
16	0
1	0
1	0
1	0
1	0
1	0
1	0
8	0
2	2
2	0
6	0
6	6
8	0
8	0
8	8
3	0
16	0
16	0
16	0
16	16
3	0
3	0
3	0
3	3
6	6
1	0
1	1
8	0
8	8
2	0
2	2
8	0
8	0
8	0
8	0
8	8
13	13
13	0
3	0
3	0
3	0
3	0
1	0
1	0
3	0
1	0
1	0
1	0
8	0
3	0
1	0
1	0
1	0
1	0
8	0
2	0
1	0
1	0
1	0
1	0
3	0
3	0
16	0
16	0
16	0
3	0
3	0
13	0
8	0
1	0
12	0
12	8
13	13
17	0
17	0
12	1
5	5
17	0
17	0
12	0
12	0
9	1
8	0
8	0
8	0
8	8
13	13
8	0
8	0
12	0
8	8
13	13
12	0
12	8
13	13
8	8
13	13
12	0
12	17
12	13
12	0
8	0
8	8
13	13
13	13
8	0
12	0
8	0
8	8
5	5
8	0
8	0
8	0
8	8
13	13
12	0
12	0
8	0
8	8
13	13
13	13
13	0
1	0
1	0
1	0
1	0
16	0
13	0
11	0
11	0
3	3
13	13
13	0
8	0
8	0
8	0
16	0
16	0
8	0
8	0
1	0
16	0
16	0
16	0
8	0
8	0
8	0
8	0
1	0
8	0
12	0
16	0
8	0
8	0
1	0
8	0
12	0
16	0
1	0
8	0
8	0
16	0
16	0
12	0
16	0
8	0
8	0
8	0
8	0
8	0
8	0
16	0
16	0
8	0
1	0
16	0
12	0
16	0
1	0
8	0
8	0
16	0
16	0
16	0
8	0
8	0
8	0
13	0
8	0
12	0
8	0
8	0
8	0
8	8
13	13
8	0
8	8
13	13
13	13
12	0
12	0
8	8
13	13
8	0
8	0
8	0
8	8
13	13
5	5
12	0
12	0
8	8
13	13
8	0
8	8
13	13
13	13
13	0
8	0
8	0
8	0
8	0
8	0
8	0
8	0
16	0
8	0
1	0
8	0
16	0
8	0
8	0
8	0
1	0
8	0
8	0
8	0
8	0
8	0
16	0
8	0
8	0
8	0
16	0
16	0
16	0
12	0
12	0
1	0
1	0
1	0
1	1
8	0
16	0
16	0
17	16
16	0
11	10
13	13
11	0
11	14
11	0
11	0
6	6
8	0
8	8
2	0
2	0
17	2
3	0
17	0
9	1
8	12
2	0
1	2
12	0
8	8
16	0
16	0
16	0
16	0
16	16
13	13
13	0
1	0
1	0
16	0
16	0
8	0
1	0
1	0
1	0
1	0
16	0
8	0
1	0
16	0
16	0
16	0
16	0
16	0
16	0
16	0
16	0
16	0
14	0
8	0
12	0
3	0
12	3
4	0
4	4
3	6
1	6
1	0
1	1
8	0
8	8
5	5
2	3
8	0
8	8
1	0
1	0
1	0
1	1
13	13
13	0
1	0
1	0
1	0
1	0
1	0
1	0
1	0
1	0
1	0
1	0
1	0
1	0
1	0
8	0
8	0
1	0
1	0
1	0
1	0
1	0
1	0
1	0
1	0
1	0
1	0
1	0
1	0
3	0
1	0
3	0
3	0
1	0
1	0
1	0
8	0
1	0
1	0
1	0
8	0
12	0
3	0
5	5
2	2
1	0
1	0
12	3
4	0
11	4
3	0
6	11
17	3
1	0
1	0
17	10
17	2
17	6
8	8
13	13
14	11
8	0
8	0
8	8
2	3
1	0
11	0
1	1
3	10
1	0
1	0
1	0
16	0
16	0
16	0
16	0
16	16
13	13
13	0
1	0
1	0
1	0
1	0
1	0
8	0
1	0
1	0
1	0
1	0
1	0
3	0
1	0
1	0
16	0
16	0
3	0
1	0
1	0
1	0
1	0
1	0
13	0
3	0
1	0
1	0
1	0
1	0
1	1
4	0
4	4
3	0
3	3
17	0
3	3
17	0
17	0
1	0
1	0
1	17
13	13
2	17
13	13
12	0
12	0
12	0
12	0
12	8
13	13
17	0
17	1
8	0
8	0
8	8
13	13
13	13
17	0
12	0
12	17
13	13
17	17
12	0
12	12
13	13
13	13
12	0
12	0
12	12
13	13
17	0
17	0
17	0
12	17
12	0
12	12
13	13
13	13
13	0
1	0
1	0
1	0
1	0
17	0
12	6
12	8
17	0
17	4
17	6
12	0
12	0
12	0
8	8
17	0
4	0
4	10
3	2
3	0
2	0
2	0
9	9
8	0
8	0
8	0
8	0
8	0
8	0
8	0
8	8
1	0
16	0
16	0
16	0
16	16
13	13
3	0
5	0
5	5
3	2
9	9
8	0
8	8
13	13
13	0
1	0
8	0
1	0
1	0
8	0
1	0
12	0
12	0
12	0
17	0
16	0
16	0
16	0
3	0
16	0
16	0
16	0
3	0
3	0
12	0
12	6
12	0
12	0
8	8
2	2
2	0
6	0
11	6
4	0
4	4
3	0
3	3
1	0
1	0
1	0
1	1
13	13
5	0
5	5
11	11
11	0
12	11
1	0
1	0
1	0
16	16
5	5
3	0
9	6
8	0
8	8
17	0
12	11
12	0
17	0
1	1
1	0
1	0
1	0
16	16
13	13
3	0
14	0
16	0
1	16
16	0
4	0
4	10
13	13
13	0
8	0
1	0
8	0
8	0
8	0
1	0
1	0
1	0
1	0
12	0
3	11
16	0
16	0
16	16
13	13
14	0
11	14
14	6
8	0
8	0
8	8
16	0
12	0
1	1
17	0
12	0
12	0
12	4
4	0
1	4
5	5
1	0
12	2
1	0
13	0
1	0
1	0
1	1
8	0
8	8
16	0
16	16
3	0
16	4
4	0
11	4
13	13
13	0
1	0
16	0
1	0
1	0
1	0
1	0
1	0
1	0
8	0
8	0
16	0
8	0
16	0
16	0
16	0
16	0
1	0
16	0
16	0
16	0
16	0
12	0
8	0
8	0
8	8
5	5
8	0
12	8
12	6
12	0
12	0
8	8
4	0
4	4
3	0
6	0
1	2
1	0
1	0
1	0
1	1
1	0
1	0
1	0
1	1
8	0
8	0
8	0
8	8
1	0
3	0
1	0
12	0
1	16
13	13
13	0
1	0
1	0
1	0
1	0
1	0
1	0
1	0
1	0
1	0
1	0
1	0
1	0
1	0
8	0
8	0
1	0
1	0
1	0
1	0
1	0
8	0
3	0
3	0
3	0
3	0
13	0
17	6
17	0
8	12
5	5
17	6
12	0
12	0
8	12
16	0
16	0
17	0
16	16
3	3
3	0
3	3
17	0
17	3
1	6
12	0
12	8
8	0
8	8
13	13
13	0
1	0
1	0
1	0
1	0
16	0
16	0
16	0
16	0
16	0
1	0
1	0
1	0
1	0
1	0
1	0
1	0
1	0
1	0
8	0
1	0
1	0
1	0
1	0
8	0
8	0
8	0
1	0
8	0
8	0
16	0
16	0
16	0
16	0
3	0
1	0
13	0
8	0
8	0
12	0
8	8
8	0
5	5
8	0
8	8
13	13
1	0
1	1
8	0
8	0
8	0
8	8
13	13
13	13
8	0
8	0
8	0
8	12
13	13
8	0
8	0
8	12
13	13
12	0
12	12
13	13
8	0
8	8
8	0
5	5
8	0
12	12
13	13
8	0
8	0
8	12
13	13
8	0
8	0
8	0
8	0
12	0
8	0
8	8
13	13
5	5
8	0
8	12
13	13
13	0
8	0
8	0
16	0
1	0
1	0
8	0
3	0
1	0
1	0
1	3
16	0
16	4
17	6
12	0
12	0
8	8
12	6
8	0
8	8
3	0
2	0
16	0
16	16
3	2
1	0
1	0
1	1
8	0
8	0
8	0
8	0
8	8
13	13
6	6
8	0
1	0
8	8
4	0
4	4
6	6
8	0
8	0
8	12
5	5
6	6
8	0
8	0
8	12
13	13
13	0
1	0
1	0
1	0
1	0
1	0
16	0
3	0
16	0
1	0
1	0
16	0
1	0
1	0
8	0
1	0
1	0
12	0
17	6
17	0
17	0
8	8
12	0
12	0
12	0
12	0
12	12
2	2
12	0
12	12
13	13
3	11
2	0
2	2
9	0
1	1
8	0
8	0
8	0
8	0
8	0
8	8
2	0
2	2
12	12
16	0
16	0
16	0
16	16
11	4
13	13
16	0
16	0
16	16
9	9
8	0
8	0
8	8
5	5
2	2
3	0
2	2
8	0
8	0
8	0
8	0
8	0
8	12
13	13
9	0
1	1
8	0
8	0
8	8
8	0
13	2
13	0
12	0
9	9
13	13
17	0
2	0
2	2
9	9
13	13
2	4
12	3
13	13
3	0
14	14
1	6
8	0
8	0
8	8
8	8
2	0
2	2
8	0
8	0
8	0
8	8
1	2
8	0
8	0
8	12
2	0
2	2
8	0
12	0
8	0
8	0
8	0
8	12
16	0
12	0
4	10
4	0
11	2
2	0
6	0
11	0
3	0
3	0
3	0
1	0
3	1
8	8
1	0
2	0
1	0
1	0
16	0
1	0
16	16
4	0
11	4
13	0
12	0
12	6
12	0
8	0
8	0
8	0
8	8
2	0
2	2
8	0
8	0
8	8
4	0
4	4
3	0
1	0
1	0
1	0
3	1
13	13
13	0
1	0
1	0
1	0
1	0
1	0
1	0
1	0
1	0
1	0
1	0
8	0
8	0
1	0
1	0
1	0
1	0
1	0
1	0
1	0
1	0
1	0
1	0
1	0
8	0
1	0
1	0
1	0
1	0
8	0
8	0
8	0
16	0
1	0
1	0
1	0
8	0
8	0
8	0
1	0
12	0
17	6
8	0
8	8
2	0
2	2
1	0
1	1
8	0
8	0
8	0
8	8
11	4
3	2
6	6
8	0
8	0
8	8
1	0
2	0
12	0
1	17
13	13
13	13
12	0
12	0
12	0
12	8
13	13
13	13
16	0
16	0
16	16
13	13
14	2
6	6
1	0
1	1
8	0
8	8
2	0
3	5
1	0
12	0
1	0
12	17
13	13
3	0
4	1
13	13
13	0
8	0
8	0
1	0
1	0
8	0
8	0
8	0
8	0
1	0
12	0
1	17
13	13
8	0
8	0
8	0
8	0
8	8
13	13
13	13
17	6
12	0
12	0
8	8
2	2
3	0
1	0
1	9
12	0
8	8
13	13
13	13
6	6
8	0
8	8
12	0
4	0
16	0
16	16
17	0
11	0
3	3
17	0
17	0
16	0
16	1
12	0
11	0
11	4
13	13
13	0
1	0
1	0
1	0
8	0
1	0
1	0
16	0
1	0
1	0
1	0
16	0
1	0
8	0
12	0
16	0
1	0
12	0
12	0
16	0
3	0
3	3
8	0
2	0
2	2
6	6
8	0
8	8
2	0
2	2
8	0
8	0
8	0
8	12
16	0
16	0
1	0
16	0
16	0
16	16
3	0
6	11
2	0
1	0
1	0
1	0
1	0
3	1
8	0
8	8
13	13
13	0
1	0
1	0
1	0
8	0
1	0
1	0
1	0
16	0
1	0
3	0
1	0
1	0
1	0
16	0
3	0
1	0
8	0
1	0
1	0
1	0
1	0
1	0
1	0
1	0
1	0
1	0
8	0
3	0
17	0
17	6
17	0
17	0
12	0
9	1
8	0
8	0
8	0
8	8
17	4
17	6
12	0
8	12
2	2
8	0
8	0
8	12
2	0
2	2
8	0
8	0
8	0
8	8
12	0
12	0
12	0
12	16
13	13
3	0
4	0
4	0
4	0
16	14
1	0
1	1
8	0
8	0
8	8
2	0
2	2
8	0
8	8
3	0
3	3
1	0
1	0
1	0
1	3
2	2
12	0
12	0
12	0
8	12
5	5
3	2
3	12
1	0
1	0
13	0
17	0
12	0
12	8
17	6
12	0
12	8
16	0
4	4
16	0
11	11
1	0
1	0
1	1
17	0
17	0
2	2
17	6
12	0
12	0
12	0
12	0
12	8
2	0
1	0
16	0
16	1
5	5
17	0
17	4
17	6
12	0
12	0
8	12
2	0
2	2
12	0
12	0
8	0
12	0
8	0
12	12
12	2
12	0
12	8
1	0
2	0
2	0
16	0
16	0
16	0
16	16
13	13
13	0
16	0
16	0
3	0
17	0
17	0
8	0
17	0
3	0
6	6
8	0
8	8
4	0
4	4
4	0
3	0
3	3
3	0
5	3
2	2
1	0
1	8
8	0
5	5
1	6
1	0
8	0
1	8
1	0
8	0
8	0
8	0
8	0
8	0
8	16
3	0
3	0
3	4
13	13
3	0
3	0
3	3
3	0
3	11
6	6
1	0
1	0
1	1
8	0
8	0
8	0
8	0
8	8
8	0
2	0
2	2
12	6
12	0
8	8
1	0
12	0
12	0
3	0
12	3
1	0
1	0
1	0
13	0
12	0
3	3
4	0
11	4
1	0
12	16
13	13
17	0
11	14
16	0
16	0
16	3
17	0
1	6
8	0
8	0
8	0
8	8
2	0
11	0
2	0
6	2
1	0
8	8
8	0
12	0
12	0
8	16
13	13
13	0
1	0
16	0
1	0
1	0
1	0
1	0
1	0
8	0
8	0
16	0
16	0
16	0
1	0
1	0
8	0
1	0
8	0
1	0
16	0
1	0
1	0
1	0
16	0
16	0
16	0
16	0
16	0
16	0
1	0
1	0
12	0
6	6
3	0
3	0
3	3
1	0
1	0
1	0
1	0
1	1
8	0
8	8
13	13
12	6
12	0
12	0
8	0
8	8
5	5
12	6
12	0
8	8
16	0
16	4
2	0
3	3
5	6
17	0
17	0
17	0
9	1
8	0
8	0
8	8
16	0
3	0
3	4
13	13
13	0
1	0
1	0
12	0
16	0
16	0
16	0
16	0
1	0
16	0
3	0
1	0
1	0
1	0
16	0
16	0
1	0
1	0
8	0
16	0
1	0
1	0
12	0
14	0
11	0
11	11
3	0
4	4
3	0
1	0
1	6
8	0
8	8
8	0
5	5
12	0
8	0
12	8
8	0
8	8
16	0
16	0
16	16
13	13
14	0
14	14
16	0
11	11
2	2
12	6
8	0
8	0
12	0
8	8
3	0
1	0
1	0
16	16
16	0
5	5
16	0
2	14
3	10
16	0
16	0
16	16
13	13
11	0
14	0
14	0
14	14
1	0
1	10
1	0
1	0
1	16
8	0
8	0
16	16
13	13
11	0
13	0
12	0
14	0
3	0
14	0
14	14
17	6
12	0
12	8
2	3
6	6
3	0
3	0
1	0
9	9
8	0
8	0
8	0
8	0
8	0
8	0
8	0
8	8
2	0
2	2
8	0
8	0
8	8
3	0
2	0
3	0
3	16
1	0
1	4
13	13
3	3
3	0
17	0
3	4
3	0
3	0
3	3
2	2
6	6
8	0
8	8
8	8
2	0
2	2
8	0
8	0
8	0
8	0
8	8
16	0
2	0
12	0
12	16
5	5
3	6
13	0
12	0
12	6
8	8
4	4
17	0
17	0
17	3
17	3
17	2
8	0
8	8
2	2
12	12
12	0
12	0
12	12
5	5
3	0
2	2
12	12
16	0
16	16
13	13
13	0
1	0
17	0
1	0
1	0
1	0
1	0
1	0
1	0
12	0
12	0
12	0
12	0
16	0
1	0
17	0
1	0
12	0
16	0
16	0
1	0
1	0
1	0
1	0
1	0
12	0
8	0
3	0
17	0
17	0
1	0
1	0
12	0
12	0
12	0
12	0
12	0
13	0
16	2
12	6
8	8
2	0
2	2
8	0
8	0
8	0
8	12
16	0
2	0
2	0
1	0
3	16
2	0
2	0
1	0
1	0
16	0
16	0
16	0
16	16
13	13
14	0
14	2
12	0
8	0
8	0
8	12
16	0
2	0
2	0
1	0
3	16
16	0
16	16
13	13
14	0
14	2
12	0
12	12
16	0
2	0
2	0
1	0
3	16
16	0
11	0
16	0
16	0
11	16
5	5
3	3
3	0
1	3
13	13
13	0
16	0
16	0
12	0
12	0
8	8
12	6
8	0
8	0
8	8
2	2
6	6
6	0
1	0
1	9
12	8
5	5
3	0
2	6
12	0
12	0
12	8
5	0
4	0
4	10
3	0
1	11
3	0
1	0
16	0
16	1
11	0
11	4
1	0
2	2
6	6
1	0
1	1
1	0
1	0
1	0
1	1
8	0
8	0
8	8
13	13
13	0
1	0
3	0
1	0
16	0
16	0
1	0
1	0
8	0
8	0
8	0
8	0
1	0
1	0
8	0
8	0
3	0
8	0
1	0
3	2
1	1
4	0
4	0
4	0
16	16
3	0
6	11
8	0
8	0
8	0
8	8
2	0
2	2
12	12
13	13
13	0
1	0
1	0
1	0
3	0
12	0
8	0
1	0
16	0
1	0
3	0
3	0
1	0
1	0
8	0
8	0
2	0
1	0
12	0
8	0
8	0
8	0
8	0
8	0
12	0
8	0
8	0
8	0
1	0
1	0
1	0
8	0
8	0
16	0
3	0
3	0
3	0
1	0
1	0
8	0
8	0
3	0
8	0
14	0
14	2
9	0
1	1
8	0
8	0
8	0
8	0
8	8
12	4
5	6
12	0
8	0
8	0
12	0
12	12
1	0
12	0
2	0
2	0
1	12
5	6
1	0
1	0
1	1
8	0
8	0
8	0
8	0
8	0
8	8
1	0
16	0
16	0
16	16
13	13
5	5
3	0
2	0
3	2
1	0
1	0
1	1
8	0
8	0
8	8
2	0
2	2
8	0
8	8
2	3
3	0
2	0
9	1
1	0
1	0
1	0
1	1
13	0
13	0
12	0
12	0
12	12
12	0
12	0
12	12
13	13
8	0
8	0
8	8
2	0
2	2
12	0
12	12
13	13
13	13
8	0
8	0
8	0
12	0
12	12
13	13
8	0
8	0
8	8
12	0
12	12
13	13
13	13
12	0
12	0
12	0
12	12
13	13
12	8
12	0
12	12
13	13
13	13
8	0
8	0
8	0
8	0
8	0
8	12
13	13
8	0
8	0
8	0
8	8
8	0
12	0
8	0
8	8
13	13
13	13
13	13
12	0
13	0
13	0
8	0
8	0
8	0
8	8
8	13
13	13
13	0
8	0
8	0
8	0
8	0
1	0
8	0
8	0
8	0
8	0
8	0
1	0
8	0
8	0
8	0
8	0
8	0
8	0
8	0
8	0
8	0
8	0
8	0
8	0
8	0
8	0
8	0
8	0
8	0
8	0
8	0
8	0
8	0
8	0
8	0
8	0
8	0
8	0
8	0
1	0
8	0
8	0
8	0
8	0
8	0
8	0
8	0
8	0
8	0
8	0
8	0
1	0
1	0
12	0
1	0
1	1
1	0
1	0
1	1
8	0
8	0
8	8
17	0
2	4
2	0
3	5
3	0
3	0
1	0
1	3
17	0
17	3
4	2
1	0
8	0
8	0
8	0
8	0
8	8
1	0
2	0
1	0
16	0
16	0
16	0
16	16
13	13
13	0
1	0
1	0
1	0
1	0
8	0
1	0
1	0
1	0
1	0
1	0
1	0
1	0
1	0
1	0
1	0
8	0
8	0
8	0
8	0
16	0
16	0
16	0
1	0
1	0
1	0
13	0
1	2
1	0
1	0
1	0
1	0
1	0
1	0
1	1
8	0
8	8
16	0
16	0
16	16
11	11
11	0
3	0
3	3
3	0
3	3
3	0
3	3
13	13
13	0
1	0
1	0
1	0
1	0
1	0
1	0
8	0
8	0
8	0
3	0
3	0
1	0
1	0
1	0
1	0
1	0
3	0
1	0
1	0
3	0
1	0
1	0
1	0
1	0
1	0
1	0
1	0
1	0
1	0
1	0
1	0
8	0
8	0
8	0
3	0
3	0
13	0
8	0
8	0
8	0
8	0
8	12
13	13
8	0
12	0
8	0
8	8
8	0
12	0
8	0
8	8
13	13
13	13
12	0
12	0
12	12
13	13
12	0
12	0
12	0
12	12
12	0
12	12
13	13
13	13
12	0
12	0
12	0
12	0
12	0
12	0
12	12
13	13
12	0
8	0
8	0
8	0
8	0
12	0
8	0
8	8
8	0
8	0
8	0
8	12
13	13
13	13
12	0
12	0
12	12
13	13
8	0
8	0
8	0
8	0
13	0
12	0
12	0
12	0
12	0
12	8
12	6
3	0
16	0
1	1
8	0
8	8
2	0
2	2
12	12
12	0
12	0
12	12
13	13
9	0
9	9
8	2
9	0
9	9
13	13
16	0
2	0
16	0
16	16
2	0
2	2
12	0
12	8
8	0
12	12
13	13
13	0
1	0
8	0
8	0
8	0
9	0
17	0
8	0
8	0
8	0
16	0
16	0
8	0
16	0
16	0
16	0
16	0
8	0
16	0
1	0
8	0
8	0
16	0
16	0
16	0
12	0
13	13
12	0
6	6
8	8
16	0
16	0
16	16
11	0
6	3
8	0
8	8
13	13
6	6
8	0
8	0
8	0
8	0
8	8
5	5
6	11
8	0
8	0
8	0
8	0
8	8
2	2
3	0
6	6
8	0
8	8
13	13
13	13
3	11
4	0
4	4
17	0
11	0
3	3
6	6
1	0
1	1
8	0
8	0
8	0
8	8
13	13
6	6
12	0
8	12
5	5
12	6
12	0
12	0
8	0
8	12
13	13
13	0
1	0
1	0
8	0
6	6
1	0
1	0
1	0
1	0
1	1
8	0
8	0
8	8
12	12
12	0
12	12
16	0
16	0
16	16
2	0
2	2
6	6
12	0
8	0
8	0
8	0
8	12
13	13
3	0
1	1
8	0
8	0
8	0
8	8
13	13
13	13
13	0
1	0
8	0
1	0
1	0
8	0
1	0
1	0
8	0
8	0
8	0
3	0
3	0
8	0
1	0
1	0
1	0
8	0
1	0
8	0
8	0
8	0
8	0
16	0
16	0
16	0
16	0
13	0
13	13
13	0
11	0
14	14
11	11
1	0
1	0
11	10
16	0
16	0
16	16
13	13
3	3
3	0
4	0
3	16
12	0
12	12
12	12
13	13
16	0
16	0
16	16
11	11
1	0
2	0
1	3
13	13
3	3
3	0
4	0
17	16
1	0
1	0
1	0
1	3
13	13
2	13
9	0
9	9
8	13
5	5
1	0
1	3
13	13
13	0
3	0
16	0
14	0
14	0
3	0
1	0
16	0
8	0
16	0
16	0
16	0
16	0
3	0
12	0
13	13
17	0
12	0
16	16
4	0
11	4
8	6
12	0
12	0
12	0
12	1
12	0
12	8
12	0
12	12
2	0
2	2
1	0
1	0
1	0
1	1
8	0
8	0
8	0
8	8
13	13
3	11
17	0
17	0
17	3
17	3
8	0
8	0
12	8
4	0
4	0
17	0
16	16
13	13
13	0
1	0
1	0
1	0
16	0
17	0
1	0
1	0
17	0
16	0
16	0
1	0
3	0
12	0
12	0
12	0
1	0
8	0
12	0
12	0
12	0
12	6
12	0
12	0
12	0
8	12
4	0
16	0
16	16
2	3
8	0
8	0
8	0
8	0
8	8
17	0
5	5
8	0
8	0
8	0
8	0
8	8
13	13
13	0
1	0
8	0
8	0
1	0
1	0
8	0
1	0
8	0
8	0
8	0
8	0
8	0
8	0
1	0
8	0
8	0
8	0
8	0
8	0
8	0
8	0
8	0
8	0
1	0
1	0
12	0
8	0
8	0
8	0
8	0
1	0
1	0
8	0
8	0
8	0
8	0
13	0
2	0
2	2
12	0
12	8
12	0
12	12
4	0
11	4
6	6
3	0
17	0
9	1
8	0
8	8
2	0
2	2
8	0
8	0
8	0
8	8
2	0
2	2
1	6
3	0
3	0
1	1
8	0
8	0
8	8
2	0
2	2
17	0
17	0
12	0
1	1
8	0
8	8
1	0
17	0
16	16
4	0
16	4
13	13
13	0
1	0
3	0
2	0
1	0
1	0
1	0
3	0
3	0
3	0
1	0
1	0
1	0
1	0
1	0
8	0
12	0
12	6
12	0
8	0
8	0
8	0
8	0
8	0
8	8
13	13
13	0
8	0
8	0
1	0
16	0
16	0
16	0
8	0
16	0
1	0
16	0
16	0
8	0
16	0
1	0
1	0
8	0
1	0
8	0
8	0
8	0
8	0
16	0
1	0
1	0
1	0
12	0
16	0
1	0
8	0
8	0
8	0
8	0
8	0
8	0
8	0
1	0
1	0
12	0
1	0
8	0
8	0
8	0
8	0
8	0
8	0
12	0
8	0
1	0
1	0
12	0
1	1
8	0
8	0
8	0
8	8
9	9
4	4
6	6
12	12
12	0
12	12
12	12
2	0
6	0
6	2
8	0
8	8
2	2
9	9
8	0
8	0
8	8
16	0
2	0
16	0
16	0
16	0
16	16
13	13
3	0
3	3
11	11
3	0
3	0
3	11
1	6
1	0
1	0
1	0
1	0
1	0
1	0
1	0
1	1
8	0
8	0
8	0
8	0
8	8
4	0
4	16
11	4
13	13
13	0
1	0
1	0
16	0
1	0
1	0
12	0
1	6
8	0
8	0
8	0
8	0
8	0
8	8
4	0
11	4
3	6
17	0
1	1
17	0
17	0
17	0
17	0
17	1
12	0
12	0
12	8
13	13
3	11
2	0
2	0
2	2
12	6
12	13
12	0
8	0
8	0
8	8
2	0
2	2
8	0
8	0
8	0
8	0
8	0
8	0
8	8
8	0
2	0
2	2
8	0
8	8
16	0
16	0
16	16
4	0
4	0
4	4
13	13
13	0
3	0
1	0
1	0
1	0
1	0
1	0
12	0
3	0
11	0
11	11
4	0
4	0
4	0
4	4
3	3
8	0
2	0
2	2
12	6
12	13
12	0
8	0
8	0
8	8
2	0
2	2
8	0
8	0
8	0
8	0
8	8
16	0
16	0
16	16
13	13
13	0
1	0
8	0
12	0
1	0
12	0
12	0
8	0
1	0
8	0
1	0
1	0
1	0
1	0
8	0
8	0
8	0
1	0
8	0
8	0
3	0
3	0
16	0
3	0
3	0
8	0
2	0
2	0
8	0
1	0
12	0
11	0
16	0
11	11
16	0
16	16
1	0
1	0
1	1
8	0
8	0
8	0
8	0
8	0
8	0
8	0
8	8
13	13
3	11
16	0
11	11
3	0
3	0
3	3
1	0
2	0
2	0
11	0
16	0
16	16
13	13
3	0
6	0
5	3
2	0
1	0
1	0
1	3
8	0
8	0
8	0
8	0
8	0
8	0
8	0
8	0
8	8
1	0
2	4
13	13
13	0
16	0
16	0
1	0
1	0
1	0
1	0
1	0
1	0
1	0
1	0
12	0
3	0
6	6
8	0
8	0
8	0
8	0
8	0
8	8
16	0
16	4
3	6
17	0
11	0
17	0
9	1
8	0
8	0
8	8
13	13
2	3
8	0
8	0
12	8
8	0
12	0
12	0
16	0
16	16
13	13
13	0
3	0
16	0
1	0
1	0
1	0
1	0
1	0
3	0
1	0
1	0
1	0
1	0
1	0
1	0
1	0
1	0
1	0
1	0
1	0
1	0
1	0
1	0
16	0
16	0
16	0
3	0
1	0
1	0
1	0
12	0
2	6
12	0
8	8
13	13
3	11
1	0
11	0
1	0
1	0
1	0
1	0
1	0
16	0
16	16
4	0
4	0
4	4
13	13
16	0
16	0
16	0
16	16
3	11
1	0
12	0
12	0
12	0
8	8
13	13
13	0
1	0
1	0
16	0
16	0
16	0
16	0
1	0
1	0
1	0
16	0
16	0
16	0
16	0
1	0
1	0
1	0
1	0
16	0
16	0
1	0
1	0
1	0
1	0
1	0
1	0
1	0
1	0
16	0
16	0
3	0
2	0
6	0
6	2
8	0
8	0
8	0
8	0
8	0
8	8
1	0
1	0
16	0
16	0
16	16
8	0
8	0
8	0
8	8
13	13
8	0
8	0
8	8
5	5
8	0
8	0
8	0
8	0
8	0
8	0
8	0
8	0
8	0
8	0
8	0
8	0
8	8
13	13
5	5
3	0
3	2
8	0
8	0
8	8
16	0
2	17
13	13
3	11
2	2
1	3
3	0
6	6
8	0
8	0
8	0
8	0
8	0
8	8
3	0
13	0
12	0
5	2
3	0
6	0
9	11
9	0
2	2
1	6
1	0
1	0
1	1
8	0
8	0
8	0
8	0
8	0
8	0
8	0
8	8
16	0
16	16
3	6
8	0
8	8
2	0
2	0
2	2
12	6
12	13
12	0
12	0
8	8
2	0
2	2
12	0
12	0
12	0
13	0
1	0
16	8
13	13
3	11
1	6
12	12
12	0
12	0
12	12
1	2
8	0
8	8
9	0
9	9
8	13
9	9
2	0
2	0
2	2
3	6
1	1
13	0
11	0
14	0
6	6
8	0
8	0
8	8
16	0
3	4
3	0
10	2
4	0
4	0
4	6
8	0
12	0
8	8
3	0
3	3
3	0
2	2
8	8
16	0
16	0
4	0
4	0
4	16
1	0
2	0
1	0
1	0
1	0
1	0
1	0
16	0
16	16
4	0
4	4
13	13
13	0
1	0
1	0
1	0
16	0
16	0
16	0
3	0
1	0
1	0
1	0
1	0
16	0
16	0
16	0
1	0
1	0
1	0
1	0
1	0
1	0
1	0
12	0
17	6
12	0
12	0
12	12
12	12
5	5
17	6
12	12
12	0
12	0
12	12
16	0
16	4
17	2
9	0
1	9
8	0
8	8
2	6
12	0
12	0
13	0
12	0
8	0
1	8
1	0
1	0
16	0
16	16
13	13
13	0
3	0
3	0
16	0
1	0
16	0
1	0
8	0
8	0
16	0
1	0
8	0
1	0
8	0
8	0
8	0
1	0
12	0
12	0
8	0
8	0
8	0
8	0
16	0
12	0
16	0
16	0
16	0
16	0
12	0
11	0
11	11
4	0
11	4
1	0
3	3
1	0
1	0
1	0
1	3
1	0
2	0
1	0
1	0
1	16
4	0
16	4
13	13
14	0
4	0
14	14
1	6
12	0
1	0
1	1
8	0
8	0
8	0
8	0
8	0
8	8
4	0
4	4
13	13
13	0
1	0
1	0
1	0
1	0
16	0
1	0
1	0
1	0
1	0
1	0
1	0
16	0
3	0
16	0
1	0
3	0
1	0
1	0
1	0
1	0
1	0
1	0
1	0
1	0
12	0
3	0
3	3
16	0
16	4
3	11
1	1
5	0
3	3
1	0
1	3
3	0
3	3
1	0
6	0
1	0
1	1
8	0
8	0
8	0
8	0
8	0
8	8
16	0
16	0
4	0
4	0
4	16
1	0
1	0
1	0
16	16
13	13
13	0
1	0
1	0
1	0
1	0
1	0
1	0
1	0
1	0
1	0
8	0
16	0
16	0
16	0
17	0
8	0
16	0
16	0
1	0
1	0
1	0
1	0
1	0
1	0
1	0
1	0
1	0
12	0
12	6
12	13
6	0
1	0
1	8
3	11
1	0
1	0
1	0
1	0
16	0
16	16
16	0
3	4
13	13
11	0
11	4
17	6
12	13
12	0
8	8
16	0
12	4
13	13
13	0
16	0
1	0
12	0
16	0
16	0
16	0
1	0
16	0
1	0
1	0
1	0
16	0
16	0
16	0
12	0
12	0
16	0
16	0
1	0
1	0
16	0
12	0
1	0
12	0
12	0
8	0
8	0
1	0
1	0
1	0
16	0
1	0
1	0
1	0
12	0
2	2
9	6
8	0
8	0
8	0
8	8
2	0
2	2
6	6
1	0
1	0
1	1
1	1
8	0
8	0
8	0
8	0
8	0
8	8
5	5
9	6
1	0
1	0
1	0
3	0
1	1
8	0
8	0
8	8
17	0
17	2
17	0
17	0
12	0
1	0
1	1
12	0
12	0
12	8
13	13
11	0
11	4
3	6
12	13
8	0
8	0
8	0
8	8
2	0
2	2
8	0
8	0
8	0
8	0
8	0
8	0
8	0
8	8
13	0
12	0
2	6
1	0
12	12
8	0
12	0
8	12
4	0
2	4
3	3
9	9
1	6
8	0
8	0
8	0
8	0
8	0
8	8
16	0
16	0
16	0
16	16
13	13
3	11
3	0
3	0
1	3
5	2
8	0
13	0
12	0
12	0
13	0
12	0
1	0
1	0
8	8
1	0
1	0
2	0
2	1
4	0
16	4
4	0
11	4
13	13
13	0
1	0
1	0
1	0
1	0
1	0
16	0
16	0
3	0
3	0
1	0
1	0
1	0
1	0
12	0
3	2
9	0
8	0
1	1
8	0
8	8
4	0
2	4
2	6
8	0
8	0
8	12
3	0
2	0
3	0
3	3
2	0
2	6
8	0
8	0
8	0
8	0
8	0
8	8
8	0
8	0
8	0
8	0
8	12
1	0
1	0
1	0
16	0
16	0
16	0
16	16
13	13
13	0
1	0
1	0
8	0
8	0
8	0
8	0
1	0
1	0
8	0
8	0
16	0
16	0
16	0
16	0
16	0
16	0
1	0
1	0
8	0
3	0
3	0
17	0
6	6
1	0
17	0
17	0
17	0
1	0
12	1
8	0
8	0
8	0
8	8
16	0
16	0
16	16
17	0
2	2
8	0
8	8
2	2
17	0
17	0
17	3
17	3
13	13
13	0
12	0
17	0
17	0
17	0
17	0
16	0
16	0
16	0
16	0
16	0
12	0
1	0
8	0
8	0
8	0
8	0
17	0
12	0
12	0
17	0
17	0
8	0
8	0
17	0
17	0
8	0
1	0
1	0
1	0
16	0
16	0
16	0
16	0
16	0
12	0
1	0
1	0
1	0
1	2
8	0
8	12
4	0
4	4
6	6
1	0
1	2
1	0
1	0
1	0
1	0
1	1
8	0
8	0
8	8
1	0
1	0
1	0
1	0
1	1
8	0
8	0
8	8
1	0
1	0
1	1
2	0
2	0
1	0
16	0
1	0
16	0
16	16
13	13
13	0
1	0
1	0
1	0
1	0
1	0
1	0
1	0
1	0
1	0
1	0
1	0
16	0
16	0
16	0
3	0
1	0
1	0
1	0
1	0
1	0
12	0
9	9
5	5
9	9
16	0
16	4
16	0
11	11
11	0
11	6
1	0
1	1
8	0
8	0
8	0
8	8
3	0
2	0
2	0
2	0
2	2
11	0
1	6
8	0
8	0
8	0
8	0
8	8
8	6
1	13
1	0
9	1
8	0
8	0
8	8
2	0
2	0
2	2
8	0
12	0
8	0
12	0
8	8
13	13
2	0
2	0
3	0
16	0
16	16
13	13
13	0
16	0
16	0
16	0
2	0
1	0
1	0
1	0
1	0
8	0
11	0
11	11
4	0
3	4
3	2
8	0
8	0
8	0
8	8
2	0
2	2
12	0
12	12
9	9
8	0
1	0
1	0
1	0
1	0
1	0
16	16
13	13
13	0
8	0
1	0
1	0
1	0
8	0
8	0
1	0
1	0
1	0
1	0
1	0
8	0
8	0
1	0
1	0
1	0
8	0
1	0
8	0
8	0
8	0
1	0
1	0
1	0
8	0
16	0
3	0
1	0
1	0
1	0
8	0
8	0
1	0
1	0
1	0
8	0
8	0
12	0
12	11
17	0
2	4
3	0
1	6
8	0
8	0
8	0
8	8
1	0
12	0
17	0
1	16
13	13
3	3
3	0
2	2
12	0
8	0
8	8
2	6
2	0
6	0
6	0
1	1
8	0
8	0
8	8
5	5
3	6
12	13
12	0
12	0
8	0
8	0
8	0
8	0
8	8
2	0
2	2
8	0
8	0
8	0
8	0
8	0
8	0
8	0
8	0
8	0
8	8
2	0
2	2
8	0
8	0
8	0
8	0
8	8
13	13
13	0
12	0
14	0
11	2
1	0
1	0
1	0
1	1
17	0
1	0
1	3
1	0
1	1
8	0
8	0
8	0
8	8
13	0
2	4
14	0
11	11
12	0
12	12
9	9
2	2
12	0
12	12
17	0
17	0
17	10
1	0
1	0
17	0
1	0
1	16
16	0
16	0
4	0
4	0
4	16
13	13
13	0
1	0
16	0
16	0
8	0
12	0
12	0
16	0
16	0
1	0
1	0
1	0
8	0
1	0
1	0
1	0
1	0
1	0
8	0
8	0
12	0
3	0
2	0
2	0
3	0
3	3
4	0
11	4
3	0
2	2
8	8
12	0
2	2
8	0
8	0
8	0
8	0
8	0
8	0
8	0
8	8
1	2
13	13
3	1
13	13
1	0
1	0
1	0
1	1
8	0
8	0
8	8
4	0
16	4
13	13
13	0
1	0
1	0
1	0
1	0
1	0
1	0
1	0
1	0
1	0
1	0
1	0
3	0
3	0
3	0
1	0
1	0
16	0
1	0
1	0
1	0
1	0
1	0
12	0
1	0
12	0
14	0
11	0
11	11
16	0
2	4
1	0
3	0
1	0
1	2
1	0
16	0
1	1
8	0
8	0
8	0
8	0
8	8
17	0
2	2
12	6
12	13
12	0
12	0
8	0
8	8
12	0
12	12
13	13
12	12
5	5
12	0
12	12
3	0
3	16
13	13
13	0
1	0
16	0
1	0
8	0
1	0
1	0
12	0
16	0
16	0
16	0
16	0
16	0
16	0
16	0
1	0
16	0
1	0
16	0
1	0
1	0
1	0
1	0
1	0
12	0
3	2
1	0
1	0
1	1
8	0
8	8
16	0
4	4
11	0
11	11
3	6
17	0
17	0
9	1
8	0
8	0
8	0
8	8
2	0
2	2
8	0
8	0
8	0
8	0
8	0
8	0
8	0
8	8
16	0
2	0
16	0
16	16
13	13
3	0
11	11
4	14
11	0
11	11
12	6
12	13
17	0
8	0
8	0
8	8
1	0
1	1
1	0
1	0
1	0
1	0
16	16
4	0
2	4
13	13
13	0
3	0
16	0
3	0
1	0
12	0
3	0
3	0
3	3
17	0
16	4
3	11
3	0
3	3
3	0
11	0
3	16
6	6
1	0
1	1
8	0
8	0
8	8
1	0
1	0
1	0
16	0
16	0
16	16
13	13
13	0
1	0
1	0
1	0
1	0
1	0
1	0
1	0
1	0
1	0
1	0
8	0
1	0
8	0
1	0
1	0
1	0
1	0
1	0
16	0
8	0
1	0
1	0
3	0
3	0
16	0
16	0
3	0
3	0
3	0
1	0
1	0
1	0
1	0
1	0
12	0
3	3
17	0
16	4
3	11
9	9
17	0
12	12
13	13
17	0
17	0
17	0
17	0
17	17
17	0
13	0
17	0
17	0
17	0
17	17
17	0
17	0
17	0
17	17
17	0
17	0
17	17
17	17
13	13
1	0
2	0
16	0
16	16
13	13
14	0
14	14
6	6
8	0
8	0
8	0
8	8
2	6
9	0
9	0
9	8
12	2
8	0
8	0
8	0
8	0
8	0
8	8
2	10
12	13
1	0
1	0
1	0
1	0
1	16
13	0
8	0
2	3
12	6
12	13
12	0
8	0
8	0
8	0
8	0
8	8
8	12
13	13
3	11
9	9
16	0
2	0
2	2
11	0
6	6
1	1
1	0
1	0
1	0
1	0
1	1
8	0
8	0
8	0
8	0
8	8
12	0
12	12
1	0
2	0
2	0
16	0
16	16
4	0
16	4
4	0
11	4
13	13
13	0
16	4
3	0
1	6
8	0
8	0
8	0
8	0
8	8
2	2
12	0
12	12
9	9
1	13
13	0
1	0
1	0
1	0
12	0
8	12
4	0
4	4
16	0
11	11
3	0
3	0
3	3
1	0
1	0
1	0
1	2
2	2
1	0
1	0
1	0
1	0
1	1
8	0
8	0
8	0
8	0
8	0
8	0
8	0
8	0
8	8
1	0
1	0
3	0
1	0
16	0
16	0
16	16
13	13
13	0
16	0
16	0
1	0
1	0
1	0
1	0
1	0
16	0
16	0
1	0
16	0
16	0
16	0
16	0
16	0
3	0
3	0
3	0
1	0
1	0
1	0
1	0
1	0
12	0
3	3
4	0
4	4
1	0
1	0
1	0
1	0
1	1
8	0
8	8
2	0
1	0
1	2
8	0
8	0
8	0
8	0
8	8
13	13
5	5
2	6
8	0
8	8
13	13
1	0
1	6
8	0
8	0
8	0
8	0
8	8
2	2
8	12
1	0
1	0
16	0
16	0
16	16
13	13
13	0
3	0
1	0
1	0
8	0
1	0
1	0
3	0
3	0
1	0
1	0
1	0
1	0
1	0
1	0
1	0
2	0
2	0
1	0
1	0
11	0
3	0
2	2
2	0
6	0
6	6
8	0
8	0
8	8
4	0
4	4
2	3
1	0
9	1
8	0
8	0
8	0
8	8
2	0
2	0
16	0
16	16
4	0
4	4
13	13
13	0
1	0
1	0
8	0
8	0
8	0
3	0
3	0
1	0
1	0
1	0
8	0
1	0
1	0
1	0
1	0
1	0
1	0
1	0
1	0
1	0
1	0
8	0
2	0
2	0
1	0
1	0
8	0
8	0
8	0
3	0
3	0
3	0
1	0
1	0
3	0
2	0
3	0
1	0
1	2
1	0
17	0
1	1
8	0
8	0
8	8
16	0
4	4
14	3
12	6
12	13
12	0
12	0
12	0
12	0
12	0
12	0
12	0
12	1
8	0
8	0
8	0
8	8
13	13
3	11
3	0
1	0
1	0
1	0
3	1
8	0
8	8
2	2
2	0
6	0
6	0
6	6
8	0
8	0
8	0
8	8
16	0
1	0
16	0
16	0
16	16
13	13
11	0
16	0
16	16
13	13
13	0
3	0
3	0
1	0
12	0
11	0
12	0
16	0
9	1
12	0
12	0
8	0
8	0
8	8
2	0
2	2
1	0
6	0
1	0
1	0
1	0
1	0
1	1
8	0
8	0
8	0
8	0
8	0
8	8
16	0
16	4
12	0
12	12
3	0
3	16
13	13
13	0
1	0
1	0
1	0
16	0
16	0
16	0
16	0
1	0
1	0
16	0
1	0
16	0
16	0
16	0
1	0
16	0
16	0
1	0
1	0
8	0
8	0
8	0
8	0
16	0
1	0
1	0
1	0
12	0
1	0
11	11
4	0
4	0
4	4
11	0
3	0
16	0
16	0
16	0
16	16
13	13
14	0
6	0
14	14
12	6
12	13
12	0
8	0
8	0
8	8
2	0
2	2
12	0
12	12
13	13
9	6
12	0
12	0
13	0
12	0
12	12
12	12
5	5
12	6
12	0
12	12
12	0
12	12
13	13
14	0
2	0
11	0
11	2
8	0
8	0
8	0
8	0
8	8
1	0
1	0
16	0
16	16
16	0
3	4
13	13
13	0
16	0
16	0
12	0
3	3
3	0
4	0
3	4
1	0
16	0
16	16
13	13
14	0
11	0
14	0
14	14
1	0
1	6
8	0
8	8
16	0
1	16
16	0
16	4
13	13
3	3
14	0
6	0
14	0
14	14
3	0
1	0
1	0
1	2
1	0
2	0
1	0
3	0
1	0
1	0
1	1
1	0
1	0
1	1
8	0
8	0
8	8
12	0
12	16
4	0
4	4
13	13
13	0
12	0
1	0
1	0
1	0
1	0
1	0
16	0
1	0
1	0
1	0
12	0
3	3
4	0
11	4
11	6
12	13
12	0
8	0
8	8
1	0
1	0
1	0
1	16
13	13
3	0
6	0
6	6
8	0
8	8
5	2
12	0
11	6
8	0
8	0
8	0
8	8
1	0
2	0
2	0
3	0
3	0
16	0
16	16
13	13
3	11
3	6
1	0
11	0
16	0
9	1
8	0
8	0
8	8
16	0
16	4
13	13
3	11
16	0
12	6
1	0
1	0
1	1
8	0
8	0
8	8
5	5
4	0
4	6
1	0
13	0
11	0
9	9
4	0
11	4
2	6
1	0
1	0
1	1
8	0
8	0
8	8
2	0
2	0
2	2
12	0
12	12
1	0
2	0
16	0
16	16
4	0
4	4
13	13
13	0
1	0
1	0
1	0
1	0
1	0
1	0
1	0
8	0
2	0
1	0
1	0
8	0
1	0
1	0
1	0
1	0
1	0
1	0
1	0
1	0
1	0
1	0
1	0
3	0
16	0
1	0
1	0
1	0
1	0
1	0
1	0
1	0
8	0
2	0
1	0
2	0
12	0
12	6
12	13
12	0
12	0
12	0
12	0
8	0
12	0
12	0
12	1
8	0
8	0
8	0
8	8
17	0
2	4
16	0
16	0
16	1
12	0
12	0
8	0
8	0
8	8
2	0
2	2
6	6
1	0
1	0
1	1
8	0
8	0
8	0
8	0
8	8
13	13
13	0
1	0
1	0
1	0
1	0
1	0
8	0
8	0
8	0
1	0
8	0
12	0
12	0
1	0
1	0
1	0
1	0
1	0
1	0
1	0
1	0
1	0
1	0
12	0
2	2
2	0
6	0
6	6
8	0
8	0
8	8
4	0
4	4
2	3
2	0
1	0
1	0
9	1
12	0
12	0
8	0
8	0
8	8
2	0
2	2
1	0
1	0
1	1
8	0
8	0
8	0
8	0
8	0
8	0
8	0
8	8
2	0
2	0
16	0
16	16
4	0
4	4
13	13
13	0
3	0
1	0
1	0
1	0
1	0
1	0
2	0
2	0
1	0
1	0
1	0
8	0
8	0
3	0
3	0
3	0
1	0
8	0
1	0
2	0
2	2
9	0
1	1
8	0
8	0
8	8
4	0
11	4
3	0
6	6
8	0
8	0
8	0
8	0
8	0
8	0
8	0
8	8
17	0
2	2
12	13
12	6
12	0
12	0
12	12
12	0
12	0
1	0
1	0
16	1
2	0
2	2
3	6
12	13
12	0
12	0
12	0
8	8
2	0
2	2
2	0
3	2
9	9
8	0
8	0
8	0
8	0
8	0
8	0
8	0
8	8
4	0
16	4
13	13
13	0
1	0
1	0
1	0
1	0
13	0
6	6
1	0
1	0
1	6
8	0
8	0
8	0
8	8
4	0
4	4
1	0
17	0
1	10
1	0
1	0
1	0
16	1
4	0
12	4
13	13
3	3
14	0
14	0
14	14
16	0
11	11
1	6
8	0
8	0
8	0
8	0
8	8
9	9
3	0
3	0
3	0
3	3
1	0
1	0
1	0
16	0
16	16
16	0
16	4
13	13
14	0
11	11
2	0
2	0
2	2
2	6
8	0
8	0
8	0
8	8
1	10
1	13
3	0
13	0
12	0
2	0
2	3
2	0
6	0
6	6
8	0
8	0
8	0
8	0
8	8
2	0
2	0
2	2
1	6
1	0
9	1
8	0
8	0
8	0
8	0
8	0
8	8
16	0
16	4
3	11
11	0
11	11
9	9
8	0
2	0
2	2
6	6
8	0
8	0
8	0
8	0
8	8
2	0
2	2
12	12
1	0
2	0
2	0
1	16
13	13
13	0
16	0
1	0
1	0
1	0
16	0
1	0
1	0
1	0
1	0
3	0
2	0
2	0
2	0
12	0
12	12
4	0
4	4
2	0
2	0
2	2
2	6
8	0
8	0
8	0
8	8
8	0
13	0
12	0
12	12
9	0
9	9
1	0
1	0
1	0
1	0
16	16
4	0
4	4
13	13
4	0
4	14
9	9
12	6
12	13
12	0
8	0
8	0
8	0
8	8
12	12
12	0
12	0
12	12
17	0
17	2
12	13
12	6
8	8
12	0
12	16
12	0
11	4
13	13
13	0
14	0
1	0
1	0
1	0
1	0
1	0
1	0
8	0
8	0
12	0
12	6
12	13
8	0
8	0
8	0
8	0
8	0
8	0
8	0
8	8
2	0
2	2
12	6
12	0
8	0
12	12
16	0
16	4
3	0
3	3
3	0
3	0
3	0
3	0
1	3
1	0
2	0
2	0
1	16
13	13
14	0
11	0
14	14
11	0
11	6
8	0
8	0
8	0
8	0
8	8
3	0
2	0
16	0
16	0
3	3
9	9
8	8
2	2
12	12
3	0
17	0
17	0
3	16
1	0
1	0
1	0
1	16
8	0
13	0
12	0
1	0
2	0
3	0
3	0
3	0
16	0
3	0
16	16
4	0
11	4
3	6
12	13
12	0
8	0
8	8
2	0
2	2
9	6
8	0
8	2
17	12
17	12
4	0
17	4
13	13
3	11
5	6
1	0
1	0
1	0
1	1
8	0
8	0
8	0
13	0
8	0
8	0
8	8
1	0
16	0
16	0
16	16
4	0
3	4
13	13
13	0
1	0
1	0
1	0
3	0
3	0
1	0
3	0
1	0
16	0
1	0
1	0
12	0
12	0
12	0
12	6
12	13
12	0
12	0
12	0
8	8
12	0
2	2
12	13
12	6
8	0
8	0
8	0
8	0
8	0
8	0
8	0
8	8
4	0
11	4
3	0
2	2
9	9
1	0
3	0
1	0
16	0
16	16
13	13
13	0
1	0
1	0
1	0
1	0
1	0
1	0
8	0
1	0
8	0
1	0
3	0
8	0
8	0
8	0
8	0
8	0
8	0
1	0
12	0
12	0
8	0
1	0
1	0
1	0
12	0
1	0
1	0
1	0
1	0
12	0
12	6
12	13
12	0
12	0
12	0
12	0
12	0
12	0
12	0
12	1
8	0
8	0
8	0
8	8
4	0
4	4
8	2
12	13
12	6
8	0
8	0
8	8
17	0
2	2
12	13
12	6
9	0
1	1
8	0
8	8
1	0
1	0
1	0
1	0
1	1
4	0
16	4
13	13
14	0
2	0
2	0
6	0
1	0
11	2
2	3
3	0
2	2
9	6
9	0
8	0
8	0
8	0
8	8
9	0
2	2
8	12
13	13
3	11
13	0
11	0
9	9
4	0
11	4
2	0
2	2
8	0
12	0
8	0
8	12
8	0
8	0
8	0
8	12
17	6
12	13
12	0
12	0
12	8
8	12
2	0
2	0
2	0
16	0
16	0
16	16
4	0
16	4
13	13
13	0
1	0
1	0
1	0
1	0
1	0
1	0
12	0
12	0
1	0
1	0
1	0
8	0
1	0
1	0
12	0
1	0
1	0
3	0
16	0
1	0
1	0
1	0
1	0
1	0
1	0
1	0
1	0
1	0
2	0
17	0
12	0
16	0
11	0
16	2
8	12
11	0
12	4
2	3
1	0
9	1
8	0
8	0
8	0
8	8
13	13
5	5
12	12
16	0
5	5
12	0
12	12
13	13
16	0
5	5
2	3
2	2
9	9
12	12
9	9
1	6
8	0
8	0
8	8
16	0
3	16
13	13
3	0
3	3
3	11
3	0
3	0
1	0
1	0
1	0
1	0
16	1
4	0
16	4
16	0
4	0
4	0
4	0
4	16
16	0
16	0
16	0
16	16
13	13
13	0
1	0
12	0
2	2
6	13
6	6
8	8
4	0
11	4
1	6
8	0
8	0
8	8
2	0
2	2
8	0
8	0
8	0
8	0
8	0
8	0
8	8
1	0
16	0
16	0
16	16
5	5
1	0
1	0
16	0
1	0
16	16
4	0
4	4
13	13
13	0
1	0
1	0
1	0
1	0
1	0
1	0
1	0
1	0
1	0
1	0
1	0
1	0
1	0
1	0
1	0
6	0
1	0
3	0
1	0
1	0
1	0
8	0
1	0
1	0
1	0
1	0
12	0
3	3
13	0
16	4
3	11
2	2
12	0
17	0
17	17
17	0
17	17
17	0
17	0
17	17
13	13
12	0
8	0
8	0
8	12
13	13
12	6
12	13
12	0
8	0
8	8
2	0
2	2
12	13
12	0
1	0
1	6
8	0
8	8
16	0
12	0
4	0
4	0
4	16
1	0
1	0
16	0
16	16
13	13
13	0
3	0
3	0
3	0
3	0
16	0
16	0
3	0
1	0
1	0
17	0
1	0
17	0
1	0
17	0
17	0
1	0
12	0
8	0
8	0
8	0
3	12
16	0
16	16
5	2
1	6
8	0
8	0
8	0
8	0
8	0
8	0
8	0
8	8
13	13
13	0
1	0
1	0
1	0
1	0
8	0
8	0
1	0
3	0
1	0
1	0
1	0
1	0
1	0
8	0
8	0
1	0
1	0
8	0
8	0
1	0
8	0
1	0
1	0
1	0
1	0
8	0
8	0
1	0
8	0
8	0
8	0
8	0
8	0
3	0
1	0
1	0
1	0
1	0
8	0
8	0
1	0
12	0
2	2
6	6
1	0
1	1
1	0
1	0
1	1
8	0
8	0
8	0
8	0
8	8
13	0
6	4
8	6
3	0
1	0
1	1
1	0
1	1
8	0
8	0
8	0
8	8
2	0
2	0
2	2
8	0
8	0
8	0
8	0
8	0
8	0
8	0
8	8
16	0
16	16
13	13
13	0
1	0
1	0
8	0
8	0
8	0
8	0
3	0
1	0
1	0
1	0
1	0
1	0
1	0
1	0
1	0
8	0
8	0
8	0
16	0
1	0
4	0
12	12
4	0
11	4
1	0
1	3
1	0
1	0
1	1
1	0
1	0
1	0
1	1
1	0
1	0
16	0
16	16
4	0
4	4
13	13
5	5
11	0
11	4
2	0
2	2
8	0
8	0
8	0
8	0
8	8
1	0
2	0
2	0
1	0
1	0
16	0
1	0
16	16
4	0
16	4
13	13
13	0
1	0
1	0
16	0
1	0
1	0
3	0
16	0
3	0
1	0
1	0
1	0
1	0
1	0
1	0
1	0
1	0
1	0
1	0
4	0
1	0
1	1
8	0
8	0
8	0
8	0
8	0
8	8
4	0
4	4
1	0
1	1
8	0
8	0
8	8
2	0
2	0
2	0
16	0
16	16
13	13
13	0
1	0
1	0
16	0
1	0
16	0
16	0
16	0
16	0
16	0
1	0
1	0
1	0
1	0
1	0
1	0
1	0
1	0
16	0
16	0
16	0
1	0
1	0
16	0
16	0
1	0
1	0
1	0
1	0
16	0
16	0
16	0
16	0
16	0
16	0
1	0
1	0
1	0
1	0
1	0
1	1
8	0
8	0
8	0
8	8
5	5
8	0
8	8
5	5
1	0
1	1
8	0
8	0
8	0
8	0
8	0
8	0
8	0
8	8
17	0
5	5
8	0
8	0
8	0
8	8
4	0
4	4
3	0
3	3
3	0
3	0
1	0
1	0
1	0
1	0
16	16
4	0
4	4
13	13
13	0
1	0
1	0
1	0
8	0
1	0
8	0
1	0
1	0
8	0
8	0
1	0
1	0
8	0
8	0
8	0
1	0
1	0
1	0
13	0
1	0
9	1
8	0
8	0
8	0
8	0
8	0
8	0
8	0
8	8
5	5
8	0
8	0
8	0
8	0
8	0
8	0
8	0
8	8
4	0
2	4
3	0
6	6
8	0
8	0
8	0
8	8
16	0
16	0
16	16
13	13
4	0
4	14
2	3
2	0
2	0
2	0
2	0
1	0
1	2
1	0
1	0
1	1
8	0
8	0
8	8
16	0
11	11
2	0
16	0
16	0
16	16
1	0
3	4
13	13
13	0
1	0
1	0
1	0
12	0
3	0
1	0
3	0
3	8
4	0
4	4
8	0
8	0
8	0
8	8
3	11
6	6
8	0
8	8
2	0
2	0
2	2
1	6
8	8
1	0
1	0
16	0
16	0
16	16
13	13
16	0
2	3
2	0
6	0
11	2
8	0
8	0
8	0
8	8
2	2
8	0
8	8
13	13
8	0
8	0
8	0
8	0
8	8
13	13
8	0
8	8
8	0
5	5
8	0
8	0
8	0
8	0
8	0
8	0
8	8
13	13
13	0
3	0
1	0
12	0
1	6
8	0
8	0
8	0
8	8
16	16
6	0
11	3
17	0
2	2
17	0
17	0
17	8
17	0
17	2
17	0
17	2
17	0
8	0
8	0
8	0
8	8
3	17
2	0
3	0
3	3
16	16
13	13
13	0
1	0
1	0
1	0
17	0
1	0
1	0
17	0
1	0
1	0
8	0
8	0
8	0
17	0
8	0
1	0
1	0
1	0
8	0
1	0
8	0
8	0
8	0
8	0
8	0
17	0
1	0
1	0
17	0
17	0
17	0
12	0
16	0
12	11
12	0
12	0
12	0
16	16
16	2
1	0
1	0
1	6
1	0
1	0
1	0
1	1
8	0
8	0
8	0
8	8
2	0
2	10
5	5
4	0
16	0
16	0
16	16
12	0
12	0
12	0
12	0
12	0
8	8
3	2
6	6
8	0
8	0
8	0
8	8
1	0
2	0
2	10
13	13
13	0
3	0
1	0
16	0
16	0
16	0
16	0
1	0
1	0
16	0
1	0
1	0
16	0
1	0
1	0
1	0
1	0
1	0
12	0
1	6
12	0
12	0
12	0
1	0
12	1
12	0
8	0
8	8
16	0
16	2
12	0
8	0
8	12
2	2
8	8
2	2
9	0
9	9
4	0
11	4
12	6
12	0
12	8
13	13
13	0
1	0
8	0
8	0
1	0
8	0
1	0
1	0
8	0
1	0
1	0
8	0
1	0
8	0
8	0
16	0
8	0
1	0
12	0
1	0
8	0
1	0
1	0
1	0
1	0
1	0
1	0
8	0
8	0
8	0
8	0
1	0
1	0
8	0
12	0
2	0
2	2
1	0
1	0
1	1
8	0
8	0
8	0
8	0
8	0
8	0
8	0
8	8
4	0
4	0
4	4
11	0
11	0
11	11
9	0
9	9
8	2
9	0
9	9
1	0
1	6
3	0
9	0
1	0
9	1
8	0
8	0
8	0
8	8
16	0
16	0
16	16
13	13
13	0
1	0
1	0
16	0
17	0
1	0
8	0
1	0
1	0
1	0
1	0
1	0
8	0
1	0
1	0
16	0
8	0
8	0
8	0
16	0
3	0
12	0
2	6
3	0
9	0
1	0
9	1
1	0
1	0
1	0
1	0
1	0
1	0
1	0
1	1
8	0
8	0
8	0
8	0
8	0
8	0
8	8
16	0
16	0
16	0
16	16
11	0
11	11
12	0
12	8
2	0
2	2
9	0
1	1
8	0
8	0
8	0
8	0
8	0
8	8
2	0
2	0
1	0
1	0
1	2
12	0
12	0
12	12
5	5
12	0
12	0
12	12
16	0
2	10
13	13
16	0
12	11
11	0
11	0
4	4
13	0
12	0
3	0
8	0
8	0
1	0
1	0
1	8
6	11
1	0
1	0
1	1
5	5
3	0
1	0
12	0
1	0
1	0
1	1
8	0
8	0
8	0
8	0
8	0
8	0
8	0
8	8
2	0
2	2
9	0
1	1
8	0
8	0
8	0
8	0
8	0
8	8
3	0
4	0
4	0
4	16
2	0
2	2
6	6
3	0
1	0
1	0
1	1
8	0
8	8
3	0
2	0
2	0
2	0
1	0
1	0
1	1
1	0
1	0
1	0
13	0
12	0
2	0
6	0
6	0
6	6
8	0
8	0
8	0
8	0
8	0
8	0
8	0
8	0
8	8
12	0
12	0
16	0
16	0
16	0
16	0
17	16
17	0
12	11
12	2
2	0
6	0
6	6
1	0
1	0
1	1
8	0
8	0
8	0
8	8
13	13
13	0
1	0
1	0
1	0
1	0
1	0
16	0
17	0
16	0
8	0
8	0
1	0
1	0
1	0
1	0
1	0
1	0
1	0
8	0
1	0
1	0
8	0
8	0
16	0
3	0
12	0
8	13
12	6
12	0
12	0
12	0
8	0
8	8
2	2
2	6
1	0
1	0
1	0
1	1
8	0
8	0
8	8
2	0
2	2
8	0
8	0
8	8
3	11
1	0
1	0
1	0
1	0
1	0
1	1
5	5
1	0
1	0
1	0
1	1
8	0
8	0
8	0
8	0
8	0
8	0
8	8
16	0
12	0
16	0
17	0
17	0
17	0
12	16
13	13
16	0
16	0
16	16
2	2
6	6
2	2
9	0
9	9
17	0
9	0
13	0
12	0
13	13
14	6
6	6
1	0
1	0
1	1
8	0
8	0
8	0
8	8
5	5
2	3
3	6
1	0
1	0
1	0
1	0
1	0
1	0
1	0
1	0
1	1
8	0
8	0
8	0
8	8
3	0
1	0
2	0
16	0
1	16
2	0
2	2
8	0
8	8
2	0
2	2
9	0
1	1
8	0
8	0
8	0
8	0
8	0
8	8
3	0
1	0
1	0
1	2
8	0
8	0
8	0
8	8
2	2
3	0
6	0
1	0
1	1
13	0
12	0
3	6
3	0
3	0
1	1
8	0
8	0
8	0
8	8
16	0
1	0
16	0
16	0
16	16
12	6
12	0
8	0
8	8
5	5
12	0
12	11
1	0
16	0
16	0
1	0
16	16
12	6
12	0
8	0
8	8
2	0
2	2
1	0
1	1
8	0
8	0
8	8
13	13
3	0
11	11
4	0
11	0
4	4
2	0
2	2
8	0
8	0
8	8
8	0
8	0
8	0
12	0
8	0
8	8
2	2
1	0
1	1
8	0
8	0
13	0
12	0
2	6
8	0
8	8
13	13
1	0
1	0
1	0
1	0
1	0
1	0
8	0
1	0
8	1
3	0
3	3
2	3
5	2
8	0
8	0
8	0
8	8
2	0
2	0
2	2
11	0
11	6
8	0
8	0
8	8
16	0
16	0
16	16
13	13
16	0
16	0
16	0
16	16
3	0
2	2
8	0
8	0
8	0
8	8
5	5
11	0
11	4
1	0
3	0
3	3
1	6
8	0
8	0
8	0
8	0
8	0
8	8
5	0
6	2
13	0
12	0
2	6
1	0
12	0
12	8
16	0
16	0
1	0
16	0
16	16
17	0
2	2
3	6
12	0
1	0
1	1
8	0
8	0
8	0
8	0
8	8
2	0
2	2
12	0
8	8
13	13
8	0
8	0
8	8
13	13
8	0
8	0
8	0
8	8
13	13
12	0
12	0
12	8
12	13
8	0
12	0
12	8
13	13
1	0
1	0
1	1
2	0
2	2
17	6
13	13
3	0
3	3
3	0
1	0
1	0
1	0
1	1
13	13
12	0
13	0
12	0
17	0
11	11
16	0
16	16
17	0
17	0
1	0
3	3
1	0
1	0
1	0
1	1
8	0
8	8
5	5
2	3
17	0
1	0
17	11
13	13
3	11
1	2
17	0
12	0
12	8
2	0
2	0
1	0
16	0
16	16
13	13
13	0
16	0
1	0
1	0
1	0
1	0
1	0
1	0
1	0
1	0
1	0
1	0
1	0
1	0
1	0
16	0
16	0
16	0
16	0
17	0
17	0
3	0
1	0
1	0
1	0
1	0
1	0
1	0
12	0
8	0
8	8
2	0
2	2
9	0
1	1
2	2
3	0
2	2
1	0
1	0
1	1
8	0
8	0
8	0
12	0
8	0
8	8
2	0
2	2
9	0
1	1
8	0
8	0
8	0
8	0
8	0
8	8
16	0
16	0
16	4
2	6
17	0
8	8
13	13
12	0
12	8
13	13
16	0
2	0
16	16
13	13
13	0
8	0
1	0
1	0
1	0
16	0
16	0
16	0
1	0
8	0
8	0
8	0
8	0
1	0
1	0
1	0
1	0
11	0
3	0
2	2
2	0
6	0
6	6
8	0
8	0
8	8
4	0
4	4
2	2
1	0
1	0
1	1
5	5
1	0
1	0
1	0
1	0
1	0
1	0
1	0
1	0
1	1
8	0
8	8
5	0
11	2
2	0
2	6
8	0
8	8
3	0
16	0
16	0
3	3
3	0
6	0
6	6
8	0
8	0
8	8
1	0
2	0
16	0
1	3
3	0
3	0
16	16
4	0
16	4
13	13
13	0
3	0
3	0
3	0
1	0
1	0
1	0
12	0
2	6
8	0
8	8
4	0
11	4
3	0
3	3
1	0
11	6
8	0
8	0
8	0
8	0
8	0
8	8
4	0
16	4
13	13
13	0
1	0
1	0
1	0
16	0
1	0
16	0
1	0
1	0
1	0
1	0
1	0
1	0
1	0
8	0
1	0
1	0
16	0
1	0
16	0
1	0
1	0
1	0
1	0
1	0
16	0
1	0
1	0
1	0
1	0
3	0
3	0
3	0
1	0
1	0
1	0
1	0
1	0
1	0
8	0
1	0
8	0
2	0
2	2
9	0
1	1
8	0
8	0
8	0
8	0
8	0
8	8
4	0
4	4
4	0
2	2
12	8
2	2
3	0
2	2
9	9
13	13
14	0
14	2
12	8
2	2
3	0
2	2
3	0
3	0
3	0
9	9
8	0
8	0
8	8
1	0
3	0
1	0
1	0
1	0
1	3
1	0
3	0
16	16
4	0
16	4
13	13
13	0
3	0
1	0
1	0
8	0
1	0
1	0
16	0
16	0
16	0
16	0
3	0
3	0
3	0
13	0
2	6
12	0
12	0
8	0
12	8
13	13
3	0
3	3
2	2
6	0
6	6
8	0
8	8
1	0
16	0
16	16
17	0
12	0
12	0
12	4
13	13
16	0
16	0
16	4
13	13
17	17
17	0
17	17
13	13
13	13
17	0
1	0
2	1
13	13
6	6
17	0
8	0
8	0
8	0
8	0
8	8
13	13
13	13
1	0
12	0
12	16
13	13
14	6
8	0
8	0
8	0
8	8
13	13
17	17
17	0
17	0
17	0
17	0
13	0
12	0
12	6
17	0
1	0
1	0
1	0
1	0
16	0
1	1
12	0
8	8
17	0
6	4
8	8
12	0
12	0
12	0
12	4
13	13
13	0
12	0
12	0
12	0
12	0
12	0
12	0
12	0
17	0
1	0
1	0
12	0
12	0
1	0
1	0
12	0
12	0
12	0
12	0
12	0
1	0
12	0
12	0
12	0
12	0
12	0
12	0
12	0
12	0
12	0
1	0
1	0
1	0
17	0
1	0
12	0
12	0
17	0
1	0
1	0
12	0
13	0
9	0
1	1
8	0
8	0
8	0
8	0
8	0
8	8
16	0
11	2
2	0
6	6
1	0
1	0
1	0
1	1
8	0
8	0
12	12
13	13
11	0
6	6
1	0
1	0
1	0
1	1
8	0
8	0
8	0
8	0
8	0
13	0
17	0
12	0
17	0
17	0
17	0
12	8
12	0
17	16
10	0
10	0
2	2
13	13
13	0
1	0
1	0
1	0
1	0
16	0
16	0
16	0
16	0
16	0
16	0
16	0
16	0
1	0
1	0
13	0
17	0
17	0
8	8
13	13
17	0
17	16
13	13
8	0
8	0
8	0
8	0
8	8
13	13
13	0
1	0
8	0
8	0
8	0
8	0
8	0
1	0
1	0
8	0
8	0
17	0
17	0
1	0
8	0
1	0
8	0
8	0
8	0
8	0
8	0
1	0
8	0
8	0
8	0
8	0
8	0
8	0
1	0
1	0
1	0
8	0
1	0
1	0
8	0
8	0
8	0
17	0
1	0
1	0
1	0
8	0
8	0
8	0
8	0
8	0
12	0
3	0
1	0
2	0
8	0
1	8
1	6
9	0
1	1
8	0
8	0
8	0
8	0
8	0
8	8
16	0
4	0
16	4
2	0
2	2
9	0
1	1
8	0
8	8
9	0
9	9
1	0
1	0
1	0
1	16
5	5
2	0
2	2
9	0
1	1
8	0
8	8
9	9
1	0
2	0
1	0
1	0
16	0
16	0
16	16
13	13
13	0
1	0
1	0
8	0
8	0
1	0
1	0
1	0
8	0
1	0
8	0
1	0
16	0
8	0
12	0
11	0
11	11
4	0
4	0
4	4
3	0
16	0
2	3
2	6
1	0
1	0
1	0
1	1
8	0
8	0
8	0
8	8
3	0
10	0
2	0
1	0
16	0
16	16
13	13
3	11
2	0
3	2
8	0
8	0
8	0
8	8
2	2
11	0
11	2
9	0
1	1
8	0
8	0
8	0
8	0
8	0
8	8
1	0
2	0
1	0
16	0
16	0
16	0
16	16
4	0
4	0
4	4
13	13
13	0
1	0
1	0
1	0
1	0
1	0
12	0
17	6
17	0
17	0
17	0
1	1
12	0
12	0
12	0
8	8
3	0
3	0
3	3
4	0
4	0
4	4
5	5
2	0
1	0
1	0
1	1
8	0
8	0
8	8
2	2
2	6
12	0
8	0
8	0
8	8
16	0
16	0
16	16
13	13
3	11
2	2
12	2
12	6
12	0
8	0
8	0
8	8
2	0
16	0
16	0
16	16
13	13
13	0
1	0
17	0
1	0
16	0
1	0
1	0
1	0
1	0
1	0
16	0
3	0
3	0
12	0
8	0
8	0
8	0
8	0
8	0
8	0
8	0
8	0
8	8
16	17
9	9
8	0
8	0
8	0
8	0
8	8
2	0
2	0
2	0
2	2
6	0
2	0
9	0
1	0
1	0
1	0
1	0
1	1
8	0
8	0
8	0
8	0
8	0
8	0
8	0
8	8
17	17
9	9
1	0
1	0
1	1
8	0
8	0
8	0
8	8
13	13
13	0
1	0
1	0
1	0
1	0
8	0
16	0
16	0
16	0
16	0
16	0
1	0
8	0
12	0
12	12
16	17
9	0
1	0
9	9
8	0
8	0
8	0
8	0
8	0
8	0
1	0
1	8
2	2
1	0
1	1
8	0
8	0
8	0
8	0
8	0
8	0
8	0
8	0
8	8
16	17
9	0
1	0
9	9
2	6
8	0
8	0
8	0
8	8
17	0
2	2
12	6
12	0
12	0
12	0
12	12
13	13
9	0
9	9
8	2
9	0
9	9
17	17
9	0
17	0
9	9
2	6
2	0
2	0
1	0
3	0
3	0
3	0
13	0
13	0
9	0
9	9
8	2
9	0
9	9
17	17
9	0
1	0
9	9
8	0
8	0
8	0
8	0
8	0
8	8
16	17
9	9
1	0
1	0
1	1
8	0
8	0
8	0
8	8
13	13
13	0
8	0
1	0
17	0
8	0
8	0
8	0
8	0
1	0
1	0
1	0
16	0
1	0
1	0
1	0
1	0
1	0
1	0
1	0
8	0
8	0
1	0
8	0
17	0
8	0
17	0
17	0
17	0
12	0
1	0
8	0
8	0
8	0
1	0
13	0
17	0
17	0
12	0
12	1
8	0
8	0
8	0
8	0
8	8
16	17
9	0
1	0
9	9
12	0
12	0
8	0
8	0
8	0
8	12
17	17
9	0
1	0
9	9
8	0
12	12
17	17
9	0
17	0
9	9
8	0
12	0
8	12
17	17
9	0
1	0
9	0
1	0
9	9
1	0
1	0
1	0
1	1
8	0
8	8
2	17
9	0
1	0
9	0
17	0
9	9
8	0
8	12
17	17
9	0
1	0
9	0
17	0
17	9
13	0
12	0
17	0
12	0
12	0
12	0
12	0
12	1
12	0
8	0
8	8
17	17
9	9
8	0
8	0
8	0
8	0
8	8
17	17
9	9
8	0
8	0
8	0
8	0
8	0
8	8
17	17
9	9
8	0
8	0
8	0
8	0
8	0
8	0
8	8
17	17
9	9
3	3
17	17
9	9
8	0
8	0
8	0
8	8
5	5
8	0
8	0
8	0
8	0
8	8
8	13
1	0
3	0
1	16
1	13
8	0
8	0
8	0
8	0
8	8
13	0
12	0
12	12
5	5
12	6
12	0
12	0
12	0
8	12
4	0
4	0
4	4
17	0
12	0
1	3
3	0
2	0
2	0
1	0
16	0
16	0
16	16
13	13
6	6
8	0
8	0
8	8
12	0
12	0
12	3
1	0
2	0
1	0
1	0
1	0
1	0
1	0
16	16
3	10
16	16
13	13
14	11
3	0
17	4
12	6
12	0
12	0
8	0
8	0
8	0
8	0
8	8
8	0
8	0
12	8
2	0
2	2
9	0
1	1
8	0
13	0
12	0
1	6
8	0
8	0
8	8
12	0
12	8
16	0
16	0
16	4
2	0
2	2
9	0
1	1
8	0
8	0
8	0
8	0
8	0
8	8
2	6
8	0
8	0
8	0
8	8
5	0
3	0
3	4
13	13
13	0
1	0
1	0
1	0
1	0
1	0
8	0
1	0
1	0
1	0
8	0
8	0
1	0
1	0
1	0
1	0
1	0
16	0
1	0
1	0
16	0
16	0
16	0
16	0
16	0
16	0
2	0
3	0
1	0
1	0
1	0
12	0
3	6
12	0
16	0
16	0
16	0
9	1
8	0
8	0
8	0
8	0
8	8
3	0
3	0
1	0
16	0
16	2
2	6
12	0
12	0
12	12
5	5
12	12
17	0
6	0
3	3
5	5
16	0
2	6
13	13
3	3
1	0
1	0
1	1
13	13
8	0
8	0
8	0
8	0
8	8
2	3
13	13
14	0
16	0
16	4
11	0
11	11
2	0
2	2
9	0
1	1
8	0
8	0
8	0
8	0
8	0
8	8
3	3
3	0
13	0
12	0
1	6
1	0
1	0
1	0
1	1
8	0
8	0
8	0
8	0
8	0
8	8
5	5
17	6
1	0
1	1
8	0
8	0
8	0
8	0
8	0
8	0
8	0
8	8
8	0
12	0
8	0
12	8
12	0
12	0
12	0
12	0
12	1
2	6
8	0
8	0
8	0
8	0
8	8
1	0
16	0
16	0
16	0
16	0
16	16
13	13
14	0
14	2
1	0
1	0
1	0
1	1
8	0
8	0
8	0
8	0
8	0
8	8
2	10
13	0
17	0
12	6
17	0
8	0
8	8
2	0
2	2
8	0
8	0
8	0
8	8
2	2
2	6
13	13
1	0
1	0
1	1
13	13
8	0
8	0
8	8
4	0
11	4
1	0
12	0
12	0
12	0
1	1
1	0
1	0
1	0
16	0
1	1
5	5
11	0
11	4
11	0
2	2
12	6
12	13
17	0
17	0
17	17
17	0
6	17
17	0
17	0
17	0
17	0
17	17
17	0
2	17
17	0
6	17
1	0
1	17
13	13
17	0
12	8
13	0
17	0
8	2
9	6
8	0
8	8
13	13
9	6
8	0
8	8
5	5
9	6
8	0
8	0
8	0
8	0
8	8
4	0
4	4
1	0
1	1
8	0
8	8
16	0
16	0
16	0
16	16
4	0
4	4
13	13
3	11
3	0
3	0
3	3
3	0
11	0
4	10
2	2
1	1
8	0
8	0
8	0
8	0
8	0
8	8
3	0
1	0
2	0
2	0
1	16
13	13
16	0
9	11
4	0
4	4
3	0
3	0
1	0
3	0
1	3
13	0
12	0
2	2
8	0
8	0
8	8
2	0
2	2
9	0
1	1
8	0
8	0
8	0
8	0
8	0
8	8
16	0
16	0
16	0
16	16
11	0
11	11
3	2
9	6
8	0
8	8
1	6
8	0
8	0
8	8
17	0
2	10
13	13
3	0
3	11
17	0
6	0
3	0
3	3
6	6
1	0
1	0
1	0
1	0
1	1
13	13
6	6
1	0
1	0
1	0
1	0
1	1
5	5
6	6
1	13
8	0
12	0
12	0
12	1
13	13
13	0
12	0
8	2
9	6
8	0
8	0
8	0
8	0
8	8
16	0
16	0
16	0
16	16
1	0
1	0
1	0
1	0
1	1
5	5
1	0
1	0
1	0
1	0
1	1
8	0
8	0
8	0
8	8
12	6
12	0
12	0
12	0
8	8
13	13
13	0
8	0
8	0
1	0
8	0
1	0
1	0
1	0
1	0
1	0
1	0
1	0
1	0
1	0
8	0
1	0
1	0
8	0
8	0
8	0
8	0
16	0
16	0
16	0
1	0
1	0
1	0
12	0
8	2
17	6
12	0
8	8
16	0
17	0
17	16
17	0
2	2
17	0
2	6
1	1
8	0
8	0
8	0
8	0
8	0
8	0
8	8
16	0
2	0
16	2
2	0
2	6
1	0
1	0
1	0
1	0
1	1
5	5
2	0
2	6
1	0
1	0
1	0
1	0
1	1
8	0
8	8
17	6
3	0
3	0
1	0
3	0
3	0
1	0
1	1
2	2
2	0
11	0
6	0
6	6
1	0
1	0
1	0
8	17
5	5
8	0
13	0
12	0
12	0
11	11
17	0
12	0
4	16
12	6
12	12
3	2
9	6
8	0
8	0
8	0
8	0
8	8
2	2
2	6
8	0
8	0
8	8
13	13
3	11
14	0
11	11
3	2
2	6
1	0
9	0
1	1
8	0
8	0
8	0
8	0
8	0
8	8
2	0
2	2
9	0
1	1
8	0
8	0
8	0
8	0
8	0
8	8
16	0
16	0
16	0
16	16
13	13
16	0
11	0
4	10
5	5
8	0
8	0
8	0
8	0
8	0
13	0
12	0
12	6
12	0
12	0
12	0
12	8
16	0
16	0
16	16
3	0
1	0
1	1
2	0
2	2
2	0
2	6
1	0
1	0
1	0
1	1
8	0
8	0
8	0
8	8
1	0
2	0
3	0
1	3
2	0
2	10
5	5
3	0
3	0
3	0
3	0
3	0
1	16
1	0
1	0
1	0
16	0
1	0
16	0
1	1
8	0
8	0
8	0
8	0
8	8
13	13
13	0
8	0
3	0
1	0
3	0
3	0
3	0
1	0
1	0
2	0
12	0
1	0
12	0
2	0
1	0
1	0
2	1
8	0
8	0
8	8
16	0
16	0
16	0
16	16
12	0
12	8
2	0
2	2
9	0
1	1
8	0
8	0
8	0
8	0
8	0
8	8
12	12
13	13
1	0
1	0
1	0
1	0
1	0
3	1
8	0
8	0
8	0
8	0
8	8
5	5
8	0
8	0
8	0
8	0
8	0
8	8
16	0
16	0
16	0
3	16
3	0
3	0
11	0
11	11
1	0
3	0
1	10
13	13
14	2
13	0
12	0
2	2
6	6
8	0
8	0
8	0
8	0
8	0
8	8
16	0
16	0
16	0
1	0
16	16
17	0
17	3
1	6
8	0
8	0
8	0
8	8
2	2
1	0
1	0
1	0
1	0
1	1
8	0
8	0
8	0
8	8
13	13
3	11
2	2
11	0
11	0
11	17
13	13
1	0
1	17
5	0
3	3
8	0
12	8
2	0
2	2
9	0
1	1
8	0
8	0
8	0
8	0
8	0
8	8
1	0
1	0
1	0
1	0
1	0
13	0
12	0
1	6
12	0
8	8
17	0
16	0
16	0
16	16
16	0
11	11
2	0
2	2
1	0
1	0
1	1
9	0
1	1
8	0
8	0
8	0
8	0
8	0
8	8
13	13
1	0
11	0
14	0
14	0
3	16
2	0
2	2
1	0
1	0
1	0
1	1
8	0
8	8
2	2
2	6
1	0
1	0
1	0
1	0
1	1
1	0
1	0
1	17
17	0
17	0
17	0
17	17
3	11
2	2
6	6
9	0
9	0
1	8
8	0
11	11
13	0
17	0
12	6
8	8
2	0
2	2
1	0
1	0
1	1
13	13
3	11
2	2
17	6
9	0
9	0
8	8
2	0
2	2
1	0
1	0
1	0
1	0
1	0
1	0
1	1
4	0
4	0
4	4
13	13
16	0
16	16
2	0
2	2
8	0
12	8
2	2
9	0
1	1
8	0
8	0
8	0
8	0
8	0
8	8
2	0
2	10
13	13
3	11
16	0
9	11
8	2
17	6
9	0
9	0
1	8
5	5
9	0
9	0
1	8
8	0
13	0
12	0
12	0
11	11
12	0
16	0
16	0
16	16
12	0
12	0
12	0
1	0
12	1
8	0
8	0
8	0
8	0
8	8
1	2
1	0
1	0
1	0
1	0
1	0
1	1
1	1
8	0
8	0
8	0
8	8
2	0
2	2
8	0
8	0
8	0
8	0
8	8
1	0
1	0
1	0
1	0
1	1
13	13
11	0
14	0
14	14
11	0
6	11
8	0
8	0
8	0
8	8
5	5
8	8
5	0
11	2
6	6
8	0
8	0
8	0
13	0
12	0
1	13
1	0
1	0
1	16
8	13
12	0
1	0
1	1
8	0
8	0
8	0
8	8
13	13
13	0
1	0
1	0
1	0
8	0
8	0
1	0
1	0
1	0
1	0
1	0
1	0
8	0
16	0
16	0
1	0
1	0
1	0
1	0
8	0
8	0
1	0
1	0
1	0
8	0
8	0
8	0
1	0
1	0
1	0
1	0
1	0
1	0
1	0
1	0
1	0
1	0
8	0
8	0
1	0
1	0
1	0
1	0
1	0
8	0
8	0
12	0
12	12
1	13
12	0
1	0
1	16
1	13
8	0
8	0
8	0
8	0
8	0
8	0
8	0
8	8
2	2
1	0
1	1
8	0
8	0
8	0
8	0
8	0
8	0
8	0
8	0
8	8
17	6
17	0
12	0
17	0
8	8
16	0
16	0
4	4
2	0
2	2
9	0
1	1
8	0
8	0
8	0
8	0
8	0
8	8
3	6
1	0
1	0
1	0
1	0
1	0
1	1
17	13
1	0
2	0
1	0
1	0
17	0
3	1
13	0
12	0
12	6
12	12
16	0
4	0
4	4
1	0
1	0
1	0
1	3
3	0
6	0
1	0
6	1
8	0
8	8
2	0
2	0
2	2
6	6
8	0
8	0
8	8
2	2
2	6
1	0
1	8
8	0
8	0
8	0
8	0
8	8
2	0
2	0
16	16
13	13
13	0
1	0
8	0
1	0
1	0
1	0
1	0
3	0
3	0
1	0
1	0
1	0
8	0
16	0
16	0
1	0
16	0
1	0
1	0
1	0
1	0
1	0
1	0
1	0
12	0
2	0
2	0
2	2
6	0
6	0
1	0
6	1
8	0
8	0
8	8
4	0
11	4
3	0
3	3
1	0
1	0
1	3
2	0
2	2
8	0
8	0
8	0
8	0
8	0
8	8
2	0
2	2
1	0
1	8
8	0
8	0
8	8
17	6
12	0
12	0
12	8
3	0
16	0
16	16
13	13
2	2
2	0
14	6
8	0
8	0
8	0
8	0
8	0
8	8
3	0
2	0
2	0
2	2
2	0
2	6
3	0
3	0
6	0
13	0
12	0
1	6
12	0
8	0
8	0
8	8
2	0
2	2
12	0
8	8
4	0
11	4
3	0
2	2
6	0
1	0
1	0
1	0
1	0
1	0
1	0
1	1
8	0
12	8
12	6
12	0
12	8
12	0
12	0
12	0
12	4
13	13
13	0
1	0
1	0
1	0
1	0
1	0
1	0
1	0
1	0
1	0
1	0
1	0
1	0
1	0
12	0
12	0
1	0
8	0
1	0
8	0
1	0
12	0
8	0
16	0
3	0
1	0
3	0
1	0
12	0
12	6
12	1
8	0
8	0
8	8
12	0
12	0
3	3
16	0
16	0
16	4
11	0
11	11
3	0
3	0
1	0
1	0
1	0
1	0
1	1
1	2
1	0
1	0
1	0
1	1
13	13
1	0
1	0
1	0
1	1
5	5
2	0
17	0
3	0
3	0
3	0
3	0
3	1
8	0
8	8
1	0
16	0
16	0
16	16
13	13
3	11
16	0
11	11
1	0
1	0
1	0
1	0
1	16
17	0
2	0
2	0
2	4
8	0
13	0
12	0
12	0
6	0
12	0
8	17
5	5
8	0
8	0
8	0
8	0
8	0
8	0
8	12
4	0
4	4
2	2
2	0
6	6
8	0
8	0
8	0
8	8
1	0
1	1
4	0
16	4
13	13
2	6
12	0
12	0
12	0
12	12
5	5
3	6
1	0
1	0
1	0
1	1
12	0
12	0
12	0
8	12
4	0
4	4
1	0
1	0
16	16
4	0
16	4
13	13
14	6
1	0
1	1
12	0
12	0
12	0
8	12
13	13
14	6
13	0
12	0
12	12
16	0
16	0
16	4
5	0
6	0
6	0
6	2
12	12
12	0
12	0
12	0
12	12
12	6
17	0
17	0
17	0
8	8
1	0
1	0
2	0
2	0
2	0
16	0
16	0
16	16
13	13
1	6
8	0
8	8
4	0
4	4
3	3
1	0
1	0
1	0
1	1
12	0
12	0
12	0
12	4
5	5
1	0
2	2
2	0
2	6
8	0
8	0
8	0
8	0
8	8
1	6
8	8
2	2
3	0
6	0
1	0
1	1
13	0
12	0
12	12
12	0
12	0
12	0
12	12
4	0
4	4
1	6
12	0
12	0
12	0
8	8
2	2
2	0
6	0
6	11
2	2
2	0
11	0
11	11
1	0
1	0
1	0
1	0
1	0
1	0
1	1
1	0
1	0
1	0
1	0
1	1
8	0
8	8
4	0
16	4
13	13
13	0
16	0
3	0
8	0
1	0
1	0
16	0
1	0
1	0
1	0
12	0
12	0
12	0
1	0
16	0
1	0
1	0
1	0
1	0
1	0
16	0
16	0
1	0
12	0
12	0
12	0
12	12
4	0
11	4
1	0
1	1
4	0
16	4
13	13
13	0
1	0
1	0
1	0
1	0
1	0
1	0
1	0
1	0
1	0
1	0
1	0
1	0
1	0
1	0
1	0
1	0
1	0
1	0
1	0
1	0
1	0
1	0
1	0
1	0
1	0
1	0
1	0
1	0
1	0
1	0
1	0
1	0
1	0
1	0
8	0
12	0
12	0
8	0
1	0
1	0
1	0
1	0
1	0
1	0
1	0
1	0
1	0
12	0
12	0
12	12
4	0
11	4
1	0
1	1
12	13
17	0
1	0
1	16
13	13
16	0
16	0
16	4
2	0
3	5
2	0
2	2
8	0
8	0
8	8
17	0
3	3
1	2
8	0
8	8
2	0
2	2
8	0
8	0
8	8
2	0
2	2
1	6
8	0
8	0
8	8
2	2
3	0
6	0
1	0
1	1
8	0
8	8
2	2
9	6
1	0
1	1
1	0
1	1
8	0
8	0
8	8
13	13
3	5
6	6
12	0
12	0
13	0
12	0
1	6
1	0
1	0
1	0
1	1
12	0
8	0
8	12
16	0
4	0
16	4
1	0
1	1
1	0
1	1
8	0
8	0
8	8
2	0
1	0
1	1
8	0
8	0
8	8
2	0
12	0
16	0
16	0
16	0
16	16
13	13
13	0
1	0
1	0
1	0
8	0
8	0
1	0
1	0
1	0
1	0
1	0
8	0
8	0
1	0
2	0
1	0
1	0
1	0
1	0
1	0
8	0
8	0
8	0
16	0
16	0
16	0
1	0
1	0
12	0
12	6
12	0
12	0
8	0
8	0
8	8
2	2
2	6
1	0
1	0
1	0
1	1
8	0
8	0
8	8
5	0
5	2
6	6
8	0
8	0
8	0
8	0
8	8
16	0
4	0
4	4
2	0
2	2
9	0
1	1
8	0
8	0
8	0
8	0
8	0
8	8
11	0
11	6
1	0
1	1
8	0
8	0
8	0
8	0
8	8
16	0
16	0
16	16
13	13
13	0
1	0
1	0
1	0
1	0
1	0
1	0
1	0
1	0
1	0
13	0
12	6
8	0
8	0
8	0
8	8
3	0
2	0
1	0
1	0
2	2
6	6
6	0
1	0
1	0
1	0
1	0
1	1
1	0
1	0
1	0
1	0
1	1
8	0
8	0
8	8
4	0
4	4
2	2
2	6
8	0
8	8
2	2
9	0
1	1
8	0
8	0
8	0
8	0
8	0
8	8
16	0
11	2
3	0
6	0
6	6
1	0
1	0
1	0
1	16
8	0
12	0
8	0
16	16
13	13
13	0
1	0
1	0
1	0
1	0
12	0
3	0
6	0
6	6
8	0
8	0
8	8
2	2
12	12
16	0
16	0
16	4
2	0
2	2
8	0
8	8
2	0
2	2
9	0
1	1
8	0
8	0
8	0
8	0
8	0
8	8
2	0
2	2
8	6
2	0
2	2
8	0
8	0
8	8
1	0
1	0
16	0
17	1
12	0
1	0
17	0
1	0
17	0
1	1
12	0
8	0
1	8
1	0
16	0
16	0
16	0
16	16
5	5
3	0
2	2
1	0
6	0
17	0
1	0
13	0
12	0
1	0
1	0
1	0
1	0
1	0
1	0
1	1
1	0
2	0
1	0
1	0
1	0
1	0
1	0
16	1
4	0
11	4
6	0
6	6
8	0
8	8
2	2
2	6
1	0
1	0
1	0
1	0
1	0
1	1
8	0
8	0
8	8
12	0
12	0
12	0
12	4
13	13
13	0
1	0
1	0
1	0
8	0
1	0
12	0
1	0
1	0
1	0
1	0
1	0
1	0
1	0
1	0
1	0
1	0
1	0
1	0
1	0
1	0
1	0
12	0
14	0
11	0
11	11
8	0
4	0
8	0
4	4
16	0
11	11
3	0
2	2
8	0
8	8
2	2
2	0
2	0
1	1
8	0
8	0
8	8
1	0
16	0
16	0
16	0
16	16
13	13
1	0
1	1
1	0
2	0
2	0
14	0
14	4
8	0
8	0
8	0
8	8
2	0
2	2
1	0
1	0
1	1
8	0
8	0
8	8
16	0
16	0
16	16
13	13
3	11
3	3
6	11
1	6
12	0
12	0
8	0
8	0
8	0
13	0
12	0
3	0
9	0
1	0
3	3
16	0
2	0
2	0
14	4
16	0
11	11
2	0
2	2
8	0
8	0
8	0
8	0
8	8
12	6
12	0
9	0
1	2
2	0
2	6
8	0
8	0
8	0
8	8
1	0
1	0
1	1
8	0
8	0
8	0
8	8
2	0
2	0
1	0
1	0
1	2
8	0
8	0
8	8
5	5
8	0
8	0
8	0
8	0
8	0
8	0
8	8
16	0
2	0
16	0
16	16
13	13
11	0
4	0
16	0
13	0
12	0
1	0
12	0
8	12
4	0
11	4
3	3
4	2
8	0
8	0
8	0
8	8
2	2
6	6
8	0
8	0
8	0
8	0
8	0
8	0
8	0
8	0
8	8
1	0
1	16
13	13
3	11
16	0
11	11
3	0
4	0
14	0
14	3
6	6
1	0
1	0
1	0
1	0
1	0
1	0
1	0
1	0
1	1
8	0
8	0
8	0
8	8
1	0
1	0
3	0
3	0
3	0
16	0
1	16
16	0
16	0
16	4
13	13
13	0
1	0
12	0
2	6
9	0
1	0
1	1
8	0
8	0
8	0
8	0
8	0
8	0
8	8
16	0
16	0
16	4
3	2
12	6
12	0
12	0
12	0
8	12
2	2
2	0
3	6
1	0
1	0
1	0
1	1
8	0
8	0
8	0
8	8
3	0
2	0
2	0
1	0
1	2
1	0
1	0
1	1
12	0
12	0
12	0
8	12
5	5
9	6
8	0
8	0
8	8
16	0
16	16
13	13
13	0
3	0
3	0
3	0
3	0
3	0
16	0
16	0
12	0
3	11
4	0
4	4
8	0
8	0
8	0
8	12
5	5
12	0
8	0
8	12
5	2
1	0
1	1
8	0
8	0
8	0
8	8
2	0
2	2
8	0
8	0
8	0
8	0
8	8
13	13
3	0
14	0
11	0
14	0
14	14
3	6
1	0
1	0
1	0
1	1
8	0
8	0
8	0
8	12
2	6
2	0
10	0
2	0
2	0
16	0
16	0
1	1
8	8
5	2
1	0
2	0
1	0
1	0
1	1
8	0
8	0
8	0
13	0
12	0
3	13
1	0
1	0
16	16
8	13
9	6
8	0
8	0
8	0
8	8
17	0
2	2
12	6
12	0
12	0
12	0
12	12
13	13
9	0
9	9
8	2
9	0
9	9
2	0
2	2
2	6
8	0
8	0
8	0
8	0
8	0
8	0
8	0
8	0
8	0
8	0
8	0
8	0
8	0
8	0
8	8
2	2
2	6
3	0
9	0
11	0
9	9
1	0
3	0
1	0
1	0
1	1
8	0
8	0
8	8
13	13
12	0
12	0
13	0
12	0
11	11
16	0
16	0
16	16
2	2
9	6
1	0
1	1
8	0
8	0
8	0
8	0
8	0
8	0
8	0
8	0
8	0
8	0
8	8
2	2
8	0
8	0
8	0
8	12
2	0
2	2
1	0
1	0
1	0
1	0
1	0
1	0
1	1
8	0
8	8
2	0
2	2
9	0
1	1
8	8
9	0
9	9
13	13
3	11
3	0
2	0
2	2
11	6
12	0
12	0
12	0
8	12
5	5
3	0
17	0
2	2
12	6
12	0
13	0
12	0
1	13
1	0
1	0
1	16
8	13
17	6
17	0
1	0
1	0
1	0
1	0
1	0
1	0
1	0
1	1
12	0
12	0
8	0
12	8
13	13
9	0
9	9
8	2
9	0
9	9
8	0
8	0
8	0
8	0
8	0
8	0
8	0
8	0
8	8
17	0
2	2
17	6
17	0
17	0
17	0
1	0
1	0
1	1
8	0
8	0
8	8
2	2
2	6
8	0
8	0
8	0
8	8
2	0
2	2
1	1
1	0
1	0
1	1
13	0
12	0
11	11
16	0
16	0
4	4
2	2
8	0
8	0
8	0
8	0
12	12
2	0
2	0
6	0
6	2
1	0
1	0
1	0
1	0
1	1
5	5
3	0
6	0
1	0
1	0
1	0
1	0
1	1
8	0
8	0
8	0
8	0
8	8
1	0
2	0
1	0
1	0
1	0
16	0
16	16
13	13
13	0
1	0
1	0
1	0
1	0
8	0
8	0
16	0
16	0
16	0
16	0
1	0
1	0
12	0
8	0
3	0
3	0
1	0
1	0
12	0
2	6
1	0
1	0
1	0
1	0
1	0
12	0
12	0
12	0
12	1
12	0
12	8
4	0
11	4
2	2
12	0
8	0
8	0
8	0
8	0
8	0
8	8
2	2
1	0
1	0
1	0
1	1
8	0
8	8
16	0
16	0
16	16
13	13
13	0
1	0
1	0
1	0
1	0
1	0
1	0
1	0
1	0
1	0
1	0
1	0
1	0
1	0
1	0
1	0
1	0
1	0
1	0
1	0
1	0
1	0
1	0
1	0
16	0
3	0
12	0
12	0
12	0
12	12
16	0
4	0
4	4
2	0
2	2
1	0
1	0
1	0
1	0
1	0
1	0
1	0
1	0
1	1
8	0
12	0
8	0
12	8
12	6
17	0
1	0
1	0
1	0
1	1
8	8
2	0
3	0
3	0
16	0
16	0
16	0
16	16
13	13
12	0
12	0
12	12
16	0
4	0
4	4
2	0
2	2
8	0
8	0
8	8
2	0
2	2
8	0
8	0
8	0
8	8
1	0
2	1
8	0
8	0
8	8
13	0
12	0
1	0
1	0
8	0
8	0
8	0
8	0
8	8
16	0
11	2
3	0
3	0
3	3
12	12
8	0
2	0
2	0
17	4
2	0
2	2
8	0
8	0
8	8
2	2
2	6
1	0
1	0
1	0
1	0
1	1
8	0
8	0
8	0
8	0
8	8
16	0
2	0
2	0
16	0
16	0
16	16
13	13
3	11
3	0
1	0
1	0
3	1
1	0
1	1
8	8
16	0
16	16
16	0
4	0
2	0
4	4
13	13
13	0
1	0
3	0
12	0
12	6
12	0
12	0
8	0
8	0
8	0
8	0
8	0
8	0
8	0
8	8
16	0
16	0
16	4
2	0
2	2
8	0
8	0
8	8
2	0
2	0
2	0
1	0
1	0
1	0
16	0
12	1
8	0
12	0
12	0
12	8
12	0
12	0
12	0
1	16
13	13
13	0
12	0
8	0
8	0
1	0
1	0
1	0
12	0
1	0
12	0
1	0
12	0
12	0
12	0
12	0
12	0
12	0
12	0
12	0
8	0
16	0
16	0
16	0
12	0
1	0
1	0
16	0
8	0
16	8
4	0
4	4
1	0
1	16
5	5
3	13
1	0
1	0
1	0
1	0
16	16
4	0
17	4
13	13
14	6
1	0
1	0
1	1
8	0
8	0
8	8
17	0
2	0
2	0
2	4
17	0
17	0
17	16
17	0
11	2
2	0
2	6
8	0
8	0
8	8
2	0
2	0
1	0
16	0
16	0
16	16
4	0
4	4
13	13
13	0
1	0
3	0
16	0
1	0
1	0
1	0
1	0
1	0
1	0
12	0
12	0
12	0
1	0
1	1
8	0
8	0
8	0
8	0
8	0
8	0
8	8
16	0
17	0
2	0
2	4
16	0
11	11
1	0
12	0
1	16
3	0
1	0
3	3
2	0
2	0
16	0
16	16
5	5
16	0
16	0
2	0
2	4
14	0
11	11
1	0
3	0
2	0
1	0
1	1
2	2
8	0
8	0
8	0
8	8
2	2
8	0
8	0
8	8
1	0
1	2
12	6
8	0
8	0
8	0
8	0
8	8
2	3
8	0
13	0
12	0
8	0
8	0
8	0
8	0
12	0
12	12
16	0
16	0
16	4
2	0
2	2
8	0
8	0
8	8
2	2
2	0
2	0
9	0
9	0
9	9
8	0
8	8
2	2
9	0
9	9
2	2
9	0
9	9
5	6
8	0
8	0
8	0
8	0
8	0
8	0
8	0
8	0
8	8
5	5
5	6
9	0
9	0
8	0
8	8
2	2
2	6
1	0
1	0
1	0
1	0
1	0
1	0
1	0
1	1
8	0
8	0
8	0
8	0
13	0
12	0
2	6
1	0
1	0
1	0
1	0
1	0
1	0
1	1
12	0
12	8
12	0
4	0
16	4
9	0
9	9
2	6
1	0
1	0
1	0
1	0
1	1
8	0
8	0
8	0
8	0
8	0
8	0
8	0
8	0
8	8
2	2
6	0
1	6
8	0
8	0
8	0
8	8
2	2
2	6
8	0
8	0
8	0
8	0
8	0
8	8
16	0
16	16
13	13
3	11
14	0
3	0
3	0
3	3
1	0
11	9
8	0
8	0
8	0
13	0
12	0
2	6
1	0
1	0
1	0
1	0
1	1
8	0
8	0
8	0
8	8
16	0
16	0
16	0
16	16
12	6
8	8
13	13
14	0
11	0
14	14
11	0
11	0
11	11
2	0
2	2
12	6
8	0
8	0
8	8
2	0
2	2
1	0
1	1
8	8
16	0
16	0
16	0
16	16
16	0
16	0
4	0
4	0
4	16
13	13
13	0
1	0
1	0
1	0
1	0
1	0
1	0
1	0
8	0
16	0
16	0
1	0
16	0
16	0
16	0
12	0
1	13
1	0
1	0
1	16
8	13
2	6
1	0
1	0
1	1
8	0
8	0
8	0
8	0
8	0
8	0
8	8
9	0
9	9
8	2
9	0
9	9
16	6
1	0
1	1
8	0
8	0
8	0
8	0
8	0
8	0
8	8
2	2
1	0
1	0
1	0
1	0
1	0
13	0
1	0
1	0
1	0
1	0
1	1
8	0
8	0
8	8
16	0
16	0
16	16
2	2
8	0
8	0
8	0
8	0
8	0
8	12
2	2
2	6
13	0
12	0
12	6
8	8
3	2
6	6
1	0
1	1
12	0
12	12
2	0
12	0
3	0
3	0
3	3
17	0
2	2
17	0
2	6
8	0
8	0
8	8
2	2
9	6
8	0
8	0
8	8
16	0
16	0
16	16
17	0
6	3
3	0
3	3
12	13
17	0
17	0
17	0
3	1
8	0
8	0
8	0
8	0
8	0
8	8
13	13
13	0
1	0
1	0
16	0
16	0
1	0
1	0
1	0
1	0
1	0
3	0
3	0
3	0
3	0
1	0
13	0
1	0
11	11
16	0
16	0
16	0
16	0
16	0
16	16
1	6
8	0
8	8
13	13
3	0
3	0
3	0
1	0
1	0
1	1
12	0
8	0
8	0
8	0
8	0
8	0
8	8
13	13
3	0
2	0
1	0
1	0
1	2
12	0
12	0
8	0
8	8
2	0
2	2
8	8
13	13
1	0
1	0
17	17
13	13
5	5
12	0
12	0
8	0
8	8
2	0
2	2
8	0
8	0
8	0
8	8
13	13
17	0
17	0
17	0
13	0
12	0
3	0
16	6
8	0
12	0
8	0
8	8
1	0
1	0
1	0
1	16
13	13
2	2
6	6
9	0
9	0
1	8
1	0
17	0
1	0
1	0
16	16
2	2
17	6
17	0
17	17
5	5
17	0
17	0
17	0
17	17
13	13
2	2
17	2
9	0
1	1
8	0
8	0
8	0
8	0
8	0
8	8
16	0
11	6
3	0
1	1
8	0
8	0
8	0
8	8
2	2
8	0
12	0
8	0
8	8
16	0
2	2
3	0
2	0
13	0
3	0
12	6
12	0
11	0
4	11
2	10
8	0
8	0
8	0
8	0
8	8
13	13
3	11
13	13
3	0
3	0
3	0
1	1
13	13
1	6
12	0
12	0
12	0
12	0
8	0
8	8
2	0
2	0
1	0
1	0
16	0
16	0
1	16
5	5
3	3
2	2
8	0
8	8
13	13
3	11
3	0
1	0
1	0
1	1
1	0
2	0
2	2
1	6
8	0
8	0
8	0
8	0
8	0
8	8
2	2
2	6
3	0
3	0
1	0
13	0
12	0
3	6
11	11
2	2
12	0
12	0
12	0
8	8
2	0
6	0
6	2
8	0
8	0
8	0
8	0
8	0
8	8
2	2
3	0
1	0
1	0
1	0
1	0
1	1
8	8
13	13
3	11
11	0
2	0
2	2
8	0
8	0
8	0
8	8
1	0
1	0
16	0
16	0
16	0
16	16
4	0
4	4
3	0
1	0
1	16
13	13
13	0
3	0
8	0
1	0
1	0
1	0
8	0
1	0
1	0
1	0
1	0
1	0
16	0
8	0
12	0
17	0
12	11
17	0
1	0
1	0
1	0
17	0
16	16
16	0
11	11
16	2
6	6
9	0
9	0
8	8
2	0
2	2
6	0
11	11
8	0
11	2
2	0
2	6
1	0
1	0
1	0
1	1
8	8
13	13
13	0
16	0
16	0
16	0
8	0
8	0
16	0
16	0
16	0
8	0
8	0
8	0
16	0
16	0
16	0
1	0
8	0
8	0
16	0
8	0
17	0
17	0
16	0
16	0
16	0
16	0
16	0
16	0
1	0
1	0
12	0
9	0
9	9
4	0
4	0
4	4
2	0
6	0
6	2
1	0
1	0
1	0
1	0
1	0
1	1
8	0
8	0
8	8
2	0
2	2
8	0
8	0
8	0
8	8
8	6
12	12
12	0
12	12
2	0
1	0
16	0
16	0
16	16
13	13
13	0
3	0
3	0
1	0
8	0
8	0
12	0
8	0
1	0
8	0
8	0
8	0
8	0
8	0
8	0
8	0
16	0
3	0
8	0
1	0
1	0
1	0
1	0
1	0
1	0
1	0
13	0
2	0
2	0
6	6
8	0
8	0
8	8
12	12
12	0
12	0
12	12
12	0
12	0
16	0
16	16
16	0
11	11
1	2
1	0
1	0
1	0
1	0
1	1
8	0
8	0
8	8
13	13
3	0
14	0
11	0
14	0
14	14
2	2
12	12
12	6
12	0
12	0
12	0
8	0
8	8
2	0
2	2
12	12
12	0
12	0
12	12
16	0
16	0
16	16
13	13
3	11
9	0
9	9
16	0
16	0
16	16
13	13
3	11
1	0
13	0
12	0
8	6
12	12
12	0
12	0
12	12
4	0
4	0
4	4
2	0
2	2
8	0
8	8
2	2
2	6
1	13
8	0
8	0
8	0
8	8
13	13
17	2
8	8
3	0
3	0
1	0
16	16
5	5
8	8
2	0
2	0
2	0
2	2
6	0
6	0
1	6
8	0
8	0
8	0
8	8
13	13
3	11
11	11
1	0
1	0
1	3
8	8
4	0
12	0
11	0
12	0
16	0
16	16
17	0
1	0
1	16
13	13
13	0
1	0
1	0
12	0
1	13
1	0
1	0
1	16
1	13
12	0
8	0
8	12
4	0
4	0
4	4
5	0
3	2
2	0
2	6
12	12
12	0
12	0
12	0
12	12
3	0
2	2
8	0
8	8
13	13
9	0
9	9
8	2
9	0
9	9
3	6
3	0
9	0
1	1
8	0
8	0
12	0
12	0
8	0
12	8
2	0
2	2
9	0
1	1
8	0
8	0
8	0
8	0
8	0
8	8
4	0
11	4
2	0
2	2
12	0
12	0
12	0
12	0
13	0
12	0
12	0
12	0
12	12
16	0
16	0
16	16
12	6
12	0
12	0
12	0
12	12
17	0
12	10
13	13
12	0
12	11
4	0
4	4
2	0
2	2
9	6
1	1
8	0
8	0
8	8
1	2
1	6
8	0
8	0
8	0
8	0
8	0
8	0
8	0
8	8
2	2
12	12
17	0
2	2
12	6
12	0
8	0
8	0
8	8
2	0
1	0
16	0
16	16
13	13
13	0
1	0
1	0
1	0
1	0
1	0
1	0
1	0
1	0
1	0
12	0
14	0
11	11
16	0
16	0
16	16
12	0
12	0
8	12
2	0
2	2
8	0
8	0
8	8
2	2
2	6
8	0
8	0
8	0
8	0
8	0
8	0
8	0
8	0
8	8
16	0
4	0
4	10
13	13
3	6
12	0
12	0
12	0
12	12
16	0
2	0
11	0
3	0
3	0
3	0
16	16
13	13
2	3
3	6
12	0
12	0
12	0
12	0
8	8
13	13
14	0
11	0
14	14
3	0
11	11
3	0
2	6
12	12
12	0
13	0
3	0
3	13
1	0
1	0
1	16
8	13
2	6
1	0
1	0
1	0
1	1
12	0
8	0
8	0
8	8
2	0
2	2
12	0
12	12
13	13
9	0
9	9
2	2
8	0
12	0
12	0
8	8
2	2
2	6
8	0
8	0
8	0
8	0
8	0
8	8
13	13
3	11
1	0
1	0
1	0
1	0
1	0
1	1
8	0
8	8
2	0
2	2
12	0
8	0
8	8
5	5
3	0
2	6
1	0
1	0
1	0
1	1
8	0
8	0
13	0
12	0
12	6
12	0
12	0
1	8
2	2
12	0
12	12
16	0
1	0
16	0
16	0
16	16
9	0
9	9
13	13
2	0
2	0
14	0
14	3
8	0
8	8
2	2
1	0
1	0
1	0
1	0
1	1
8	0
8	0
8	0
8	0
8	0
8	8
12	0
12	12
3	0
2	2
8	0
8	8
16	0
16	0
16	0
16	0
16	16
13	13
13	0
1	0
1	0
16	0
16	0
1	0
8	0
16	0
16	0
16	0
16	0
8	0
8	0
8	0
12	0
16	0
16	0
3	3
12	12
13	13
2	0
2	2
11	0
6	6
8	0
8	0
8	0
8	0
8	0
8	0
8	0
8	0
8	8
5	0
11	2
2	0
2	6
1	0
1	1
8	0
8	0
8	0
8	0
8	0
8	8
2	0
2	0
2	2
9	0
9	9
2	2
12	0
8	0
8	8
2	2
12	0
12	12
13	13
16	0
16	0
16	0
16	2
12	0
12	0
12	12
13	13
13	13
3	0
3	0
16	0
16	16
11	0
11	11
13	0
12	0
1	13
1	0
1	0
1	16
8	13
12	6
12	0
12	0
12	8
17	0
17	0
8	8
5	5
17	6
12	12
12	0
12	0
8	8
2	0
2	2
12	0
12	0
8	12
13	13
9	0
9	9
8	2
9	0
9	9
8	6
1	0
1	0
1	0
1	0
1	0
1	1
1	0
1	1
1	0
1	0
1	1
8	0
8	0
8	0
8	8
16	0
16	0
16	16
16	0
11	11
2	2
6	6
9	0
9	0
1	8
8	0
2	10
13	13
13	0
12	0
12	12
2	0
16	0
16	16
9	0
9	9
8	6
3	0
9	0
1	0
2	1
8	0
8	0
8	8
13	13
11	0
11	6
8	0
8	0
8	0
8	0
8	8
2	0
2	2
12	12
12	0
12	0
12	12
4	0
4	0
4	4
13	13
14	14
11	11
1	6
8	0
8	0
8	0
8	0
8	0
8	0
8	0
8	8
2	2
2	6
8	0
8	8
2	2
8	0
8	0
8	0
8	0
8	8
2	0
2	0
16	0
16	0
16	0
13	0
12	0
8	0
12	0
6	6
8	0
8	0
8	0
8	0
8	8
16	0
16	0
16	0
16	16
3	0
2	2
12	0
12	12
2	0
2	2
12	0
12	0
8	12
13	13
13	0
1	0
8	0
1	0
8	0
8	0
8	0
1	0
3	0
3	0
3	0
1	0
1	0
8	0
8	0
3	0
1	0
12	0
8	0
8	0
1	0
8	0
1	0
1	0
3	0
3	0
1	0
1	0
8	0
8	0
8	0
8	0
3	0
16	0
3	0
3	0
3	0
12	0
1	6
12	0
12	0
8	0
8	8
4	0
4	0
4	4
2	0
2	6
12	12
12	0
12	0
12	0
12	12
13	13
1	0
1	0
16	0
1	0
1	0
16	0
1	16
2	2
6	0
6	6
1	0
1	0
1	1
8	0
8	8
13	13
3	0
2	0
2	0
1	0
1	0
16	0
16	16
13	13
13	0
6	6
8	0
8	8
13	13
3	11
2	2
6	6
9	0
9	0
8	8
6	6
8	0
8	0
8	0
8	8
2	2
2	6
13	0
12	0
3	14
12	0
12	0
8	12
9	0
9	9
8	6
8	0
8	0
8	12
1	0
2	0
16	0
16	16
13	13
8	0
8	0
8	16
8	6
12	12
9	0
12	1
12	0
12	0
12	0
1	0
1	3
2	0
2	0
2	2
1	6
8	0
8	0
8	0
8	0
8	0
8	8
2	2
2	6
8	0
11	0
11	11
1	0
1	0
1	0
1	0
1	0
1	1
8	0
8	0
8	0
8	8
2	2
2	6
12	0
12	0
12	0
8	12
13	0
12	0
12	6
12	0
8	0
8	0
8	0
8	8
4	0
4	4
8	0
8	0
8	0
8	0
8	0
8	0
8	0
8	0
8	0
8	8
2	2
2	6
1	0
3	0
1	0
1	0
1	0
1	0
1	0
1	0
1	3
1	0
1	0
1	1
8	0
8	0
8	8
13	13
13	0
1	0
1	0
1	0
1	0
1	0
1	0
8	0
1	0
1	0
1	0
1	0
8	0
8	0
8	0
8	0
1	0
1	0
1	0
1	0
1	0
1	0
1	0
13	0
6	11
1	0
9	0
1	0
9	9
8	0
8	0
8	8
2	2
2	6
1	0
1	0
1	1
8	0
8	8
4	0
4	4
2	0
2	2
6	6
6	0
1	0
1	0
1	1
8	0
8	0
8	0
8	0
8	0
8	8
5	5
8	0
8	8
2	0
2	0
2	0
16	0
16	16
4	0
16	4
13	13
12	0
12	0
12	8
13	13
8	8
13	13
12	12
13	13
8	0
8	12
13	13
12	12
13	13
12	12
13	13
12	0
12	0
13	0
12	0
6	6
1	0
1	0
8	8
5	5
9	6
1	0
8	0
8	0
8	0
8	8
4	0
4	4
11	0
2	2
8	0
8	0
8	8
2	2
2	6
8	0
8	8
2	2
2	6
8	0
8	0
8	8
5	5
12	0
12	8
1	0
2	0
1	0
1	16
4	0
16	4
13	13
13	0
1	0
1	0
1	0
8	0
1	0
1	0
1	0
1	0
1	0
1	0
1	0
1	0
1	0
1	0
1	0
1	0
1	0
1	0
1	0
3	0
3	0
1	0
5	5
12	6
12	0
12	8
6	6
8	0
8	0
8	8
2	0
2	2
9	0
1	1
8	0
8	0
8	0
8	0
8	0
8	8
16	0
16	0
16	16
1	0
1	0
1	0
16	16
16	0
16	0
16	0
1	4
13	13
16	0
14	0
14	0
14	4
11	0
11	0
11	11
6	11
3	0
2	2
6	6
8	0
8	0
8	8
3	2
3	6
1	0
1	0
1	0
1	0
1	1
1	0
1	0
1	0
1	1
8	0
8	8
1	0
13	0
11	0
14	0
14	2
8	0
8	8
2	2
2	6
8	0
8	0
8	0
8	0
8	0
8	8
4	0
11	4
3	0
4	0
1	0
14	3
1	0
1	0
1	0
1	3
1	0
3	0
16	16
4	0
16	4
13	13
6	6
6	0
1	0
1	0
1	0
1	1
8	0
8	0
8	8
5	0
3	3
3	0
3	0
1	3
3	10
3	0
16	0
16	0
16	16
13	13
11	11
3	0
3	3
3	0
1	2
8	0
8	0
8	0
8	8
5	5
13	0
17	0
12	6
12	0
12	0
8	0
8	0
8	8
2	2
2	6
8	0
8	0
8	0
8	0
8	8
16	0
16	0
16	16
2	0
2	2
1	0
1	0
1	0
1	1
1	0
1	0
1	1
8	0
8	0
8	8
13	13
3	11
1	0
2	2
3	0
12	0
1	0
12	1
13	13
3	0
1	0
13	0
1	0
1	0
1	1
13	13
3	0
1	0
1	0
1	1
13	13
3	0
14	0
14	0
14	3
1	0
1	0
1	0
13	0
1	0
13	0
14	0
14	0
11	6
8	0
8	0
8	0
8	8
2	0
2	2
6	0
6	6
9	9
8	0
8	0
1	1
8	0
8	0
8	8
2	0
6	0
6	6
8	0
8	0
8	8
2	0
2	2
8	8
17	0
11	4
5	6
8	0
8	0
8	0
8	0
8	8
5	5
8	0
8	0
8	0
8	0
13	0
1	0
8	0
8	8
3	0
10	0
2	0
1	0
16	0
16	16
4	0
16	4
13	13
13	0
16	0
16	0
16	0
8	0
8	0
4	0
12	0
9	6
8	0
8	8
2	0
2	2
3	6
3	0
3	0
9	0
3	3
9	0
1	1
8	0
8	0
8	8
16	0
16	16
2	0
2	6
8	8
17	6
8	0
8	8
13	13
13	0
16	0
1	0
8	0
17	0
8	0
8	0
1	0
8	0
8	0
8	0
16	0
16	0
8	0
16	0
1	0
8	0
1	0
8	0
8	0
16	0
1	0
8	0
8	0
8	0
16	0
2	0
8	0
17	0
1	0
1	0
1	0
1	0
1	0
8	0
13	0
6	0
3	2
1	0
1	0
1	1
8	0
8	0
8	0
8	0
8	0
8	0
8	8
2	0
2	2
6	0
1	0
1	1
8	0
16	0
4	4
3	0
11	11
11	0
11	11
2	0
2	0
3	3
1	6
8	0
8	0
8	8
1	0
1	0
1	0
1	0
16	0
16	16
13	13
13	0
16	0
16	0
3	0
16	0
1	0
8	0
16	0
16	0
1	0
1	0
1	0
1	0
1	0
1	0
8	0
8	0
8	0
1	0
16	0
1	0
12	0
6	6
1	0
1	0
1	1
1	0
1	0
1	1
8	0
8	0
8	0
8	0
8	0
8	8
13	13
3	0
3	0
3	0
3	0
3	3
4	0
4	0
4	4
3	3
2	3
12	0
8	0
8	8
5	5
8	8
5	2
8	0
8	8
16	0
3	0
16	0
16	16
13	13
4	0
4	0
4	4
3	2
9	6
8	0
8	0
8	0
8	0
8	8
2	0
2	0
2	0
2	0
2	0
1	0
1	1
8	0
8	0
8	0
8	0
13	0
8	0
3	0
17	0
17	12
12	12
12	12
12	0
12	0
12	8
12	12
8	0
8	12
8	8
13	13
13	0
1	0
1	0
16	0
16	0
16	0
8	0
1	0
16	0
16	0
16	0
16	0
16	0
16	0
16	0
16	0
16	0
16	0
16	0
16	0
8	0
8	0
16	0
16	0
16	0
16	0
16	0
16	0
16	0
16	0
16	0
16	0
16	0
17	0
17	0
16	0
16	0
16	0
16	0
16	0
16	0
16	0
16	0
1	0
16	0
12	0
12	0
13	13
3	0
12	0
3	8
2	2
8	8
2	2
2	6
8	0
8	0
8	8
2	0
2	0
1	2
9	0
8	0
1	0
1	0
16	12
13	13
5	5
8	0
8	0
8	0
8	0
8	8
16	0
16	0
16	16
3	0
6	11
3	4
8	0
8	0
8	12
5	5
8	0
8	0
8	0
8	0
8	0
8	0
8	8
2	2
2	6
1	0
1	0
1	1
8	0
8	0
8	8
2	0
2	0
1	2
8	8
17	0
12	10
13	13
13	0
12	0
9	6
8	0
8	0
8	0
8	8
4	0
11	4
5	0
3	3
1	0
17	0
1	0
1	0
13	0
17	0
1	0
13	12
17	17
17	0
17	0
17	17
13	13
1	17
8	0
8	0
12	8
13	13
13	13
13	0
1	0
1	0
1	0
1	0
1	0
1	0
1	0
1	0
1	0
1	0
17	0
1	0
1	0
1	0
1	0
1	0
17	0
1	0
1	0
8	0
1	0
16	0
3	0
3	0
3	0
1	0
1	0
1	0
1	0
1	0
13	0
13	13
3	6
9	0
1	1
8	0
8	0
8	8
2	0
2	2
8	8
4	0
4	0
4	4
2	2
8	0
8	0
8	12
2	0
3	0
1	0
16	0
16	16
13	13
13	0
3	0
1	0
8	0
8	0
1	0
1	0
8	0
16	0
16	0
3	0
3	0
1	0
8	0
3	0
1	0
8	0
1	0
16	0
16	0
16	0
8	0
3	0
8	0
1	0
1	0
8	0
8	0
8	0
16	0
1	0
1	0
8	0
16	0
4	0
3	0
13	0
13	13
6	11
9	0
1	1
8	0
2	2
1	0
1	0
1	0
1	0
1	0
1	0
1	0
1	1
8	8
16	17
12	12
13	13
13	0
3	0
1	0
1	0
16	0
16	0
8	0
12	0
16	0
1	0
1	0
1	0
1	0
1	0
1	0
1	0
1	0
16	0
16	0
8	0
16	0
1	0
1	0
1	0
1	0
16	0
16	0
16	0
16	0
16	0
8	0
8	0
8	0
1	0
1	0
1	0
1	0
1	0
1	0
1	0
1	0
12	0
6	6
9	0
1	8
8	0
2	2
1	0
1	0
1	0
1	0
1	0
1	0
1	0
1	1
16	17
12	12
13	13
13	0
16	0
8	0
16	0
1	0
16	0
8	0
16	0
8	0
1	0
1	0
1	0
1	0
1	0
1	0
1	0
8	0
16	0
16	0
16	0
16	0
16	0
1	0
1	0
1	0
1	0
16	0
8	0
16	0
16	0
16	0
8	0
8	0
8	0
1	0
1	0
1	0
1	0
1	0
1	0
1	0
8	0
16	0
13	0
12	3
12	13
13	0
8	0
8	0
8	0
8	0
8	0
8	0
8	0
8	0
8	0
8	0
12	0
12	0
8	0
8	0
8	0
8	0
8	0
8	0
8	0
8	0
8	0
8	0
8	0
8	0
8	0
8	0
8	0
8	0
8	0
8	0
8	0
12	0
12	0
8	0
8	0
8	0
8	0
8	0
8	0
8	0
8	0
8	0
8	0
8	0
12	0
12	0
8	0
8	0
8	0
8	0
8	0
8	0
8	0
8	0
8	0
8	0
11	0
11	0
16	0
16	16
11	0
11	11
3	0
6	0
3	0
3	3
1	0
2	2
8	0
8	0
8	0
8	0
8	0
8	0
8	8
2	2
3	0
2	2
8	0
8	8
2	2
2	6
9	0
1	1
8	0
8	0
8	8
13	13
11	0
11	4
3	0
11	11
3	2
2	6
12	0
12	0
12	8
1	0
1	0
16	0
16	16
13	13
13	0
3	0
16	0
16	0
3	0
1	0
1	0
1	0
1	0
1	0
1	0
1	0
1	0
1	0
13	0
3	6
9	9
13	13
13	0
16	0
16	0
16	0
16	0
16	0
12	0
16	0
16	0
16	0
16	0
9	0
9	0
12	0
8	0
16	0
16	0
16	0
8	0
8	0
9	0
16	0
8	0
16	0
12	0
8	0
17	0
16	0
8	0
16	0
16	0
12	0
8	0
9	0
16	0
8	0
16	0
16	0
16	0
9	0
17	0
12	0
16	0
12	0
9	0
8	0
17	0
8	0
16	0
16	0
12	0
8	0
12	0
8	0
16	0
16	0
12	0
1	0
2	0
1	8
1	0
1	0
1	2
8	8
4	0
11	4
3	0
3	5
3	6
9	0
1	1
8	0
2	2
1	0
1	0
1	0
1	0
1	1
8	8
13	13
13	0
1	0
1	0
1	0
1	0
8	0
16	0
3	0
3	0
1	0
8	0
8	0
8	0
1	0
1	0
1	0
1	0
1	0
1	0
8	0
1	0
1	0
1	0
1	0
1	0
1	0
1	0
1	0
8	0
1	0
16	0
3	0
3	0
3	0
3	0
8	0
13	0
5	0
3	3
12	0
12	0
12	0
12	16
12	0
11	11
13	13
13	0
1	0
1	0
5	0
8	0
8	0
1	0
1	0
16	0
16	0
16	0
8	0
8	0
8	0
1	0
12	0
16	0
17	0
16	0
8	0
8	0
8	0
8	0
1	0
3	0
1	0
1	0
1	0
16	0
16	0
16	0
8	0
8	0
8	0
8	0
8	0
1	0
17	0
1	0
1	0
1	0
16	0
16	0
8	0
8	0
8	0
1	0
1	0
1	0
3	0
13	0
12	0
12	0
1	8
13	13
13	0
1	0
1	0
1	0
8	0
1	0
1	0
1	0
1	0
1	0
1	0
8	0
8	0
1	0
1	0
1	0
1	0
1	0
1	0
1	0
1	0
1	0
1	0
1	0
1	0
8	0
1	0
1	0
1	0
1	0
1	0
1	0
1	0
1	0
1	0
1	0
1	0
1	0
1	0
8	0
1	0
1	0
1	0
1	0
8	0
8	0
1	0
1	0
1	0
1	0
1	0
1	0
1	0
1	0
1	0
11	0
3	0
1	0
3	0
3	3
3	0
3	3
13	13
2	2
2	6
12	0
12	0
12	8
3	0
3	0
1	0
1	0
1	1
13	13
2	2
3	0
2	2
9	0
1	1
8	0
8	8
16	0
16	16
13	13
13	0
1	0
1	0
8	0
1	0
1	0
1	0
16	0
1	0
8	0
1	0
8	0
1	0
3	0
8	0
1	0
8	0
8	0
16	0
16	0
16	0
16	0
3	0
3	0
3	0
8	0
1	0
1	0
8	0
3	0
1	0
12	0
11	0
11	11
11	0
16	0
16	16
1	6
8	8
13	13
13	0
1	0
1	0
1	0
1	0
1	0
8	0
1	0
1	0
1	0
1	0
1	0
8	0
8	0
8	0
1	0
16	0
1	0
1	0
1	0
8	0
8	0
1	0
1	0
1	0
1	0
8	0
8	0
1	0
16	0
1	0
1	0
1	0
8	0
8	0
1	0
1	0
1	0
1	0
8	0
8	0
8	0
1	0
1	0
1	0
8	0
1	0
1	0
1	0
1	0
1	0
12	0
2	6
1	0
1	0
1	0
16	0
16	0
12	1
8	8
12	0
12	0
12	0
12	16
5	0
3	3
8	0
13	0
8	0
8	8
13	13
13	0
1	0
1	0
1	0
1	0
1	0
8	0
1	0
1	0
1	0
16	0
16	0
16	0
16	0
1	0
1	0
1	0
8	0
8	0
8	0
8	0
1	0
1	0
16	0
8	0
8	0
8	0
1	0
1	0
1	0
1	0
16	0
1	0
16	0
16	0
16	0
16	0
16	0
16	0
16	0
13	0
11	0
6	11
12	0
12	0
12	16
16	0
11	11
1	6
8	0
8	0
8	0
8	8
3	0
3	3
2	2
2	6
8	0
8	0
8	8
1	0
1	0
16	0
16	16
13	13
13	0
16	0
16	0
16	0
16	0
16	0
16	0
16	0
3	0
1	0
3	0
1	0
1	0
8	0
8	0
1	0
16	0
1	0
3	0
16	0
1	0
8	0
16	0
16	0
3	0
1	0
16	0
16	0
16	0
1	0
1	0
1	0
16	0
3	0
1	0
12	0
12	0
11	11
4	0
11	4
1	0
1	0
1	0
1	0
1	0
1	0
1	0
1	0
1	16
13	13
14	0
11	0
14	14
3	0
11	11
3	3
3	0
3	2
9	0
1	1
8	0
8	8
16	0
16	0
16	0
16	16
13	13
11	0
14	0
14	14
11	0
6	11
3	0
1	2
1	0
6	0
1	0
1	1
13	13
8	0
8	0
8	0
8	0
8	8
13	13
1	0
3	0
1	0
16	0
1	16
13	13
2	2
12	0
12	0
13	0
12	0
1	0
3	0
16	0
16	0
16	0
16	0
16	16
11	0
11	11
5	0
3	3
2	0
2	2
8	8
17	0
2	10
9	9
8	0
8	8
13	13
16	0
16	0
16	16
11	0
6	11
3	0
1	2
8	12
13	13
13	0
1	0
1	0
1	0
8	0
8	0
8	0
1	0
1	0
8	0
1	0
8	0
8	0
16	0
3	0
3	0
1	0
8	0
1	0
8	0
16	0
16	0
16	0
16	0
16	0
3	0
8	0
1	0
1	0
1	0
12	0
12	6
12	12
4	0
6	4
8	0
8	8
3	0
2	2
12	6
17	0
1	0
1	0
1	1
8	0
8	0
8	8
2	0
2	2
1	0
1	1
8	8
1	17
8	0
8	12
13	13
13	0
1	0
1	0
8	0
8	0
1	0
17	0
1	0
1	0
1	0
8	0
1	0
1	0
1	0
1	0
1	0
8	0
1	0
8	0
16	0
1	0
1	0
3	0
16	0
3	0
1	0
3	0
8	0
12	0
1	0
1	0
17	0
1	0
1	0
12	0
12	0
16	0
16	0
16	16
1	0
1	0
1	0
1	0
1	1
12	0
12	17
13	13
3	0
1	0
1	0
1	0
1	1
12	0
17	0
17	17
13	13
13	13
8	0
8	0
8	8
2	2
12	0
12	8
13	13
1	0
1	0
1	0
1	1
8	0
8	0
8	0
8	0
8	0
8	0
8	0
8	8
8	13
12	0
17	0
17	0
2	16
17	0
17	0
17	0
17	1
17	0
12	0
17	0
17	0
12	17
13	13
13	13
13	0
1	0
11	0
4	0
5	3
9	9
1	0
2	0
16	0
16	0
16	16
13	13
13	0
1	0
1	0
4	0
8	0
16	0
8	0
1	0
1	0
1	0
16	0
16	0
8	0
16	0
1	0
1	0
1	0
1	0
16	0
16	0
8	0
1	0
1	0
16	0
16	0
16	0
16	0
1	0
1	0
1	0
1	0
16	0
8	0
16	0
16	0
1	0
4	0
4	0
4	0
8	0
8	0
1	0
1	0
16	0
16	0
8	0
1	0
1	0
16	0
16	0
12	0
17	0
8	12
16	13
17	0
17	0
17	0
17	17
13	13
17	0
17	0
17	0
17	0
17	17
13	13
13	0
1	0
17	0
1	0
17	0
1	0
17	0
1	0
17	0
17	0
17	0
17	0
17	0
17	0
17	0
17	0
17	0
17	0
17	0
17	0
17	0
17	0
17	0
17	0
17	0
17	0
1	0
17	0
1	0
17	0
1	0
1	0
8	0
16	0
16	0
17	0
17	0
17	0
17	0
17	0
17	0
17	0
17	0
17	0
17	0
12	0
3	6
1	0
12	1
13	13
13	0
8	0
16	0
1	0
12	0
16	0
16	0
16	0
16	0
1	0
1	0
12	0
12	0
16	0
16	0
16	0
16	0
1	0
12	0
8	0
8	0
16	0
16	0
16	0
12	0
16	0
16	0
8	0
16	0
16	0
1	0
12	0
16	0
8	0
16	0
8	0
8	0
16	0
1	0
12	0
16	0
16	0
1	0
1	0
12	0
12	0
16	0
8	0
8	0
1	0
12	0
16	0
16	0
16	0
1	0
12	0
17	0
1	8
8	0
8	0
8	0
8	8
16	0
16	0
16	16
3	0
2	2
17	6
17	0
17	0
17	1
13	13
13	0
1	0
17	0
8	0
17	0
1	0
8	0
1	0
1	0
1	0
8	0
3	0
3	0
3	0
3	0
17	0
17	0
17	0
17	0
8	0
1	0
17	0
1	0
17	0
8	0
17	0
1	0
1	0
1	0
1	0
1	0
1	0
1	0
8	0
8	0
8	0
3	0
3	0
3	0
3	0
17	0
17	0
17	0
12	0
1	0
8	0
1	0
1	8
3	0
16	0
16	10
13	13
3	11
5	5
3	0
1	2
8	0
8	0
8	0
8	8
12	13
8	0
8	0
8	8
12	0
12	0
12	0
12	0
12	0
12	8
3	2
2	0
2	0
2	0
1	0
1	0
1	0
1	1
8	0
8	0
8	8
16	0
16	0
2	4
3	0
3	0
1	16
1	0
1	0
1	0
1	0
16	16
13	13
13	0
1	0
1	0
1	0
1	0
1	0
1	0
1	0
1	0
1	0
12	0
17	6
2	0
1	0
1	1
8	0
8	0
8	0
8	8
16	0
17	0
17	0
17	0
17	0
17	0
17	0
13	17
17	0
17	16
2	0
3	5
17	3
17	6
1	0
1	0
1	0
1	0
1	0
1	0
1	0
1	0
1	3
2	0
3	0
1	0
1	1
8	0
8	0
8	0
8	8
1	0
3	0
1	0
1	0
1	0
13	17
17	0
5	5
1	13
8	8
2	0
2	2
8	0
8	12
13	13
4	0
2	10
13	13
13	0
1	0
13	0
12	12
16	13
1	0
1	0
17	1
12	0
12	17
13	13
17	0
17	0
5	1
12	0
12	0
12	0
12	17
13	13
13	0
12	0
12	0
12	0
12	0
17	0
17	0
17	0
16	0
17	0
12	0
12	0
17	0
17	0
17	0
12	0
12	0
12	0
12	0
12	0
12	0
12	0
12	0
12	0
12	0
12	0
12	0
17	0
12	0
16	0
16	0
16	0
16	0
17	0
12	0
12	0
12	0
17	0
17	0
1	0
12	0
12	0
12	0
1	0
1	0
11	0
1	1
13	13
13	0
1	0
1	0
16	0
16	0
16	0
1	0
16	0
16	0
16	0
16	0
16	0
16	0
1	0
16	0
16	0
1	0
1	0
16	0
16	0
16	0
1	0
16	0
16	0
16	0
16	0
1	0
1	0
16	0
1	0
16	0
16	0
16	0
1	0
1	0
1	0
16	0
16	0
16	0
16	0
16	0
16	0
16	0
16	0
16	0
16	0
1	0
1	0
1	0
16	0
16	0
16	0
16	0
16	0
16	0
12	0
17	0
12	17
17	0
1	0
16	0
16	16
17	0
2	6
12	12
13	13
17	3
17	0
17	1
13	13
13	0
17	0
17	0
17	0
17	0
17	0
17	0
17	0
17	0
8	0
16	0
1	0
17	0
1	0
8	0
8	0
8	0
16	0
17	0
17	0
12	0
1	0
1	0
17	0
17	0
17	0
8	0
17	0
17	0
12	0
12	0
17	0
17	0
12	0
1	0
1	0
1	0
1	0
3	0
8	0
8	0
8	0
1	0
12	0
17	0
13	0
1	0
1	0
1	0
1	8
13	13
17	0
17	0
17	0
5	1
12	0
12	0
12	17
13	13
13	0
12	0
12	0
12	0
12	0
12	0
1	0
1	0
17	0
12	0
12	0
1	0
1	0
1	0
17	0
17	0
17	0
12	0
12	0
12	0
12	0
12	0
12	0
12	0
12	0
12	0
12	0
17	0
12	0
12	0
12	0
1	0
1	0
1	0
1	0
1	0
1	0
1	0
1	0
17	0
17	0
12	0
12	0
12	0
12	0
12	0
13	0
12	12
16	13
3	0
1	0
1	17
13	13
3	0
3	0
3	0
1	17
13	13
13	0
1	0
16	0
16	0
1	0
16	0
1	0
16	0
16	0
3	0
1	0
16	0
1	0
16	0
1	0
1	0
3	0
3	0
1	0
1	0
1	0
1	0
1	0
16	0
1	0
1	0
16	0
16	0
1	0
1	0
16	0
1	0
1	0
16	0
16	0
16	0
16	0
1	0
1	0
1	0
3	0
3	0
16	0
1	0
1	0
1	0
1	0
1	0
1	0
1	0
11	0
1	1
13	13
13	0
1	0
1	0
16	0
16	0
16	0
1	0
16	0
16	0
16	0
16	0
16	0
16	0
1	0
16	0
16	0
1	0
1	0
16	0
16	0
16	0
1	0
16	0
16	0
16	0
16	0
1	0
1	0
16	0
1	0
16	0
16	0
16	0
1	0
1	0
1	0
16	0
16	0
16	0
16	0
16	0
16	0
16	0
16	0
16	0
16	0
1	0
1	0
1	0
16	0
16	0
16	0
16	0
16	0
16	0
12	0
1	0
12	0
12	12
1	0
16	0
16	0
16	16
6	6
12	12
13	13
3	0
3	3
8	0
8	0
8	8
17	0
2	0
5	5
12	0
12	0
12	17
13	13
13	0
1	0
12	0
12	0
12	0
12	0
1	0
8	0
8	0
16	0
1	0
1	0
1	0
1	0
1	0
17	0
12	0
12	0
12	0
12	0
12	0
12	0
12	0
12	0
12	0
12	0
1	0
3	0
1	0
1	0
3	0
8	0
1	0
1	0
1	0
1	0
1	0
8	0
8	0
2	2
8	0
8	0
8	12
10	0
12	0
2	16
13	13
13	0
8	0
8	0
8	0
8	0
8	0
8	0
8	0
16	0
16	0
16	0
12	0
16	0
8	0
8	0
8	0
16	0
16	0
16	0
16	0
16	0
8	0
8	0
8	0
8	0
1	0
1	0
8	0
8	0
16	0
8	0
16	0
1	0
16	0
8	0
8	0
8	0
8	0
1	0
1	0
8	0
16	0
16	0
16	0
16	0
8	0
8	0
8	0
8	0
8	0
13	0
1	0
8	0
1	8
13	13
13	0
1	0
1	0
1	0
8	0
1	0
1	0
1	0
1	0
1	0
1	0
8	0
1	0
1	0
1	0
1	0
1	0
1	0
8	0
1	0
1	0
1	0
1	0
1	0
8	0
8	0
1	0
1	0
1	0
1	0
1	0
1	0
1	0
1	0
1	0
1	0
1	0
1	0
1	0
8	0
1	0
1	0
1	0
1	0
8	0
1	0
1	0
1	0
1	0
1	0
1	0
1	0
1	0
1	0
1	0
12	0
2	0
2	2
1	0
1	0
1	0
1	1
8	0
8	0
8	0
8	8
4	0
4	4
17	6
12	0
12	0
8	8
17	0
4	0
4	10
3	3
1	0
1	0
1	0
1	0
1	3
1	0
1	0
16	16
5	5
3	2
6	6
1	0
1	1
8	0
8	0
8	8
13	13
14	6
12	0
12	8
3	2
6	6
1	0
1	0
1	1
13	13
1	0
1	0
1	0
1	0
1	1
16	0
16	0
16	0
13	17
12	0
12	0
13	5
13	0
12	0
3	6
1	0
1	0
1	0
1	1
1	0
8	0
8	0
8	0
8	8
3	0
16	0
16	0
16	0
16	16
2	0
3	3
3	2
12	0
11	6
8	0
8	0
8	0
8	8
6	6
1	0
1	1
13	13
13	0
1	0
1	0
1	0
16	0
8	0
1	0
1	0
16	0
1	0
8	0
2	0
1	0
8	0
8	0
8	0
16	0
2	0
1	0
1	0
1	0
1	0
1	0
1	0
1	0
8	0
1	0
16	0
3	0
16	0
16	0
12	0
3	3
4	0
4	4
11	0
2	2
12	0
12	8
12	0
12	0
12	17
13	13
8	0
2	0
2	2
17	0
17	0
8	8
13	13
5	5
12	12
13	13
17	0
17	0
2	2
17	0
17	0
17	0
17	17
13	13
17	0
17	0
17	17
13	13
3	13
2	0
1	0
1	0
1	1
13	13
8	0
8	0
8	0
8	8
13	13
13	0
8	0
3	0
3	0
1	0
1	0
12	0
1	0
12	0
12	0
12	0
1	0
8	0
17	0
2	0
11	0
11	0
11	11
11	0
3	0
3	3
13	13
5	5
3	0
4	0
4	0
2	11
13	13
2	0
12	2
12	0
12	8
3	0
2	2
1	0
1	0
1	1
8	8
1	0
2	0
1	0
1	0
1	0
1	0
16	16
16	0
16	0
16	4
13	13
13	0
8	0
12	0
16	0
16	0
1	0
1	0
3	0
1	0
8	0
1	0
1	0
1	0
2	0
8	0
3	0
16	0
16	0
16	0
3	0
3	0
16	0
16	0
3	0
3	0
1	0
12	0
3	13
16	0
16	0
12	3
4	0
11	4
8	0
8	0
8	0
12	8
13	13
13	13
5	0
3	0
3	16
16	0
11	0
4	10
3	0
3	0
3	3
1	0
16	0
16	0
16	16
4	0
4	4
13	13
13	0
1	0
1	0
1	0
3	0
16	0
1	0
16	0
16	0
16	0
1	0
1	0
1	0
3	0
16	0
16	0
16	0
1	0
1	0
16	0
16	0
16	0
1	0
1	0
1	0
1	0
8	0
1	0
1	0
5	0
3	0
8	0
5	6
8	0
8	0
8	8
13	13
1	0
1	0
1	0
1	0
1	0
1	1
8	0
8	0
8	8
2	2
8	0
8	0
8	0
8	8
13	13
13	0
8	0
1	0
8	0
8	0
8	0
1	0
1	0
1	0
16	0
16	0
1	0
16	0
8	0
8	0
1	0
1	0
1	0
8	0
8	0
8	0
1	0
8	0
1	0
8	0
8	0
1	0
1	0
8	0
8	0
16	0
1	0
1	0
1	0
16	0
16	0
16	0
1	0
8	0
13	0
8	0
8	8
13	13
8	0
8	0
8	0
8	8
13	13
8	0
8	0
8	8
12	0
2	0
5	5
12	0
12	0
8	0
8	8
13	13
13	0
8	0
1	0
1	0
8	0
8	0
8	0
8	0
1	0
8	0
8	0
8	0
17	0
17	0
1	0
1	0
1	0
1	0
8	0
8	0
8	0
1	0
8	0
1	0
8	0
8	0
8	0
8	0
8	0
1	0
1	0
8	0
8	0
1	0
1	0
8	0
8	0
17	0
17	0
17	0
17	0
12	0
17	17
2	2
12	0
12	0
12	0
12	8
3	0
3	0
16	0
14	5
1	6
8	0
8	8
2	0
2	2
1	0
1	0
1	0
1	0
1	1
8	0
8	8
8	0
8	0
8	0
8	0
8	0
8	8
5	5
2	3
1	0
2	2
1	0
1	1
8	0
8	8
1	0
1	17
13	13
5	0
3	3
8	0
8	0
8	8
13	13
8	8
5	5
8	0
8	0
8	0
8	0
8	8
2	0
2	2
3	0
3	0
1	0
13	0
12	0
5	5
8	0
8	0
8	8
2	0
2	2
8	0
8	8
2	2
8	0
8	0
8	0
8	0
8	0
8	8
4	0
4	0
4	4
2	3
2	0
6	6
8	0
8	8
2	2
2	6
8	0
8	0
8	0
8	8
16	0
3	0
16	0
16	16
13	13
3	11
17	0
2	0
2	2
12	6
12	0
12	0
8	8
2	2
1	8
5	5
8	0
8	0
8	8
3	2
9	6
8	0
8	0
8	0
8	8
2	0
10	0
2	0
2	0
13	0
12	0
14	2
2	0
6	6
8	0
8	8
12	0
12	0
12	16
9	6
8	0
8	0
8	8
2	3
5	5
12	6
12	0
8	0
12	0
8	0
8	0
8	8
2	2
2	6
8	0
8	0
8	0
8	0
8	8
16	0
16	0
16	0
16	16
4	0
4	0
4	4
13	13
3	11
2	2
2	0
11	0
11	6
8	0
8	0
8	0
8	0
8	0
8	8
1	6
1	0
1	0
1	0
1	0
1	1
8	0
8	0
8	8
3	10
1	0
13	0
12	0
2	6
8	0
8	0
8	8
16	0
16	0
1	0
16	0
16	16
12	0
12	2
12	0
12	8
12	0
12	2
2	0
2	6
1	0
1	0
1	0
1	0
1	1
2	2
2	6
8	0
8	8
13	13
17	17
17	0
17	17
13	13
5	5
3	0
3	0
16	0
16	16
1	0
3	0
1	0
1	0
1	0
1	0
1	0
1	0
1	3
1	0
2	0
3	0
5	5
12	6
8	8
2	2
2	6
1	0
1	1
8	0
8	0
8	0
13	0
12	0
12	6
12	12
12	12
16	0
16	0
16	0
16	16
3	2
2	0
11	0
6	0
6	0
6	6
8	0
8	0
8	0
8	0
8	8
8	0
8	0
8	8
5	5
5	6
1	0
1	1
12	0
8	0
8	0
8	0
8	0
8	0
8	0
8	8
13	13
3	11
2	0
11	0
6	6
8	0
8	0
8	0
8	0
8	0
8	0
8	8
1	0
1	0
1	0
1	0
1	1
1	6
8	0
8	8
2	2
1	0
1	0
1	1
1	0
13	0
12	0
2	6
1	0
1	0
1	0
1	1
8	0
8	0
8	0
8	0
8	8
2	0
2	2
12	12
12	0
12	0
12	12
3	0
16	0
1	1
4	0
11	4
9	6
8	0
8	0
8	8
2	0
2	0
9	0
11	6
8	0
8	0
8	8
5	5
8	0
8	0
8	0
8	0
8	8
2	0
2	2
3	6
1	0
1	0
1	0
1	0
1	0
1	1
8	0
1	0
1	8
13	13
13	13
3	11
2	0
6	0
11	2
8	0
17	0
13	0
13	0
13	13
3	2
2	6
8	8
4	0
4	0
4	4
2	6
8	0
8	0
8	8
3	0
3	0
3	0
3	3
5	5
8	0
8	8
2	2
1	0
1	0
1	6
8	0
8	0
8	0
8	0
8	0
8	0
8	0
8	8
2	0
16	0
16	0
16	0
16	16
13	13
13	0
3	0
3	0
1	0
3	0
1	0
1	0
1	0
1	0
3	0
1	0
3	0
8	0
8	0
8	0
3	0
1	0
3	0
8	0
8	0
8	0
3	0
3	0
12	0
8	0
2	2
8	0
8	0
8	8
8	0
5	5
8	0
8	0
8	0
8	0
8	8
2	2
8	0
8	0
8	8
5	5
8	0
8	0
8	0
8	8
16	0
16	0
1	16
3	2
8	0
8	0
8	8
5	5
8	0
8	0
8	0
8	8
13	13
13	0
1	0
8	0
16	0
8	0
8	0
8	0
16	0
16	0
16	0
8	0
16	0
8	0
1	0
1	0
8	0
8	0
16	0
8	0
16	0
8	0
8	0
16	0
16	0
16	0
8	0
2	2
2	0
6	6
8	0
8	8
4	0
4	4
12	6
12	0
12	8
1	0
2	0
1	2
8	0
8	0
8	0
8	8
13	13
5	5
3	6
3	0
1	0
1	0
1	0
1	1
8	0
8	0
8	8
2	3
13	13
8	0
8	0
8	0
8	8
13	13
13	13
3	0
3	0
1	0
3	3
2	3
3	0
1	0
1	0
1	0
1	0
1	0
1	1
8	0
8	0
8	0
8	0
8	0
8	0
8	0
8	0
8	0
8	8
13	0
13	0
3	0
6	0
6	0
6	6
8	0
8	0
8	8
5	5
12	0
12	0
8	0
8	12
17	0
2	2
8	0
8	0
8	0
8	12
13	13
12	0
12	0
12	12
17	0
5	5
12	12
13	13
3	11
3	0
3	3
1	0
1	6
8	0
8	8
1	0
1	0
1	2
8	0
8	0
8	8
1	0
12	0
12	0
12	0
16	0
16	0
12	16
13	13
4	0
4	4
3	0
6	0
3	0
3	3
13	13
3	0
16	0
16	3
3	0
13	0
17	0
17	0
17	0
12	6
13	13
3	0
1	0
17	0
1	0
1	1
5	5
1	0
1	0
1	0
1	0
1	0
1	0
1	0
1	0
1	1
13	13
17	0
2	0
6	0
1	0
1	0
1	1
8	0
8	0
8	0
8	8
2	0
3	0
2	0
16	0
16	0
17	16
17	6
12	12
5	5
3	0
12	6
8	0
8	0
8	8
5	5
12	6
12	0
12	0
8	0
8	0
8	0
8	0
8	0
8	0
8	8
1	0
1	0
1	0
13	0
12	0
12	14
17	0
1	0
17	2
17	0
13	0
12	0
12	0
12	8
17	6
12	12
17	0
17	0
12	0
17	3
17	0
12	0
4	10
16	0
1	0
16	1
4	0
4	4
13	13
14	0
11	11
2	2
2	0
3	0
3	0
3	0
3	0
1	0
3	1
8	0
8	0
8	0
8	0
8	8
2	2
2	0
9	0
11	11
2	2
2	0
11	0
11	0
9	0
1	6
8	0
8	0
8	8
1	0
2	0
1	0
16	16
13	13
3	0
13	0
17	0
12	6
17	0
8	0
8	8
2	2
12	0
12	12
16	0
16	16
3	0
1	0
1	0
1	0
1	1
2	0
2	2
8	0
8	0
8	0
8	8
17	0
12	10
13	13
14	0
14	0
14	14
3	0
3	0
1	0
1	1
4	0
4	4
13	13
11	0
2	2
8	0
8	0
8	8
2	0
6	0
6	2
1	0
1	0
1	0
1	0
1	0
1	0
1	1
8	0
8	0
8	0
8	8
16	0
5	5
8	0
8	0
8	0
8	0
13	0
12	0
12	6
8	0
1	0
8	0
8	8
2	0
2	2
1	0
1	1
1	0
17	0
1	0
1	1
8	0
8	0
8	0
8	8
13	13
2	0
17	0
2	0
17	0
2	0
1	0
17	3
8	0
13	0
12	0
17	0
1	8
13	13
16	0
16	0
16	0
16	16
1	6
8	0
8	0
8	0
8	8
2	2
1	0
1	0
1	6
8	0
8	0
8	8
2	0
2	10
13	13
13	0
3	0
1	0
1	0
1	0
1	0
1	0
1	0
1	0
17	0
12	6
17	0
8	0
8	0
8	8
2	2
8	0
8	0
8	8
5	5
12	0
12	0
12	12
12	12
17	0
17	0
17	0
17	12
13	13
12	0
12	12
5	5
12	0
12	0
12	12
16	0
16	0
16	0
16	16
3	0
3	3
3	6
1	0
1	1
8	0
8	0
8	0
8	0
8	0
8	0
8	0
8	8
17	0
2	0
3	0
3	3
13	13
3	0
3	0
5	3
11	0
11	4
2	6
1	0
1	0
1	0
1	0
1	1
13	0
12	0
1	0
8	0
1	0
8	8
8	0
16	0
11	0
4	0
4	16
3	0
3	0
12	3
2	0
2	2
11	0
11	11
2	0
2	2
9	9
8	0
8	8
1	0
2	0
16	0
16	0
16	16
13	13
13	0
8	0
8	0
8	0
3	0
3	0
1	0
1	0
8	0
8	0
8	0
8	0
1	0
8	0
8	0
1	0
1	0
1	0
1	0
8	0
1	0
1	0
8	0
8	0
8	0
16	0
8	0
3	0
8	0
3	0
3	0
3	0
12	0
3	3
17	0
3	0
3	16
16	0
11	2
16	0
16	6
8	0
8	0
8	8
8	17
2	0
2	2
8	0
8	0
8	0
8	8
2	0
2	0
1	2
8	0
8	8
2	2
2	0
11	0
11	11
5	6
1	0
1	1
8	0
8	0
8	8
12	17
1	0
1	0
16	0
16	0
16	16
13	13
16	0
5	5
11	0
11	11
3	0
1	0
16	0
1	0
4	16
2	0
2	2
8	0
8	0
8	0
8	0
8	8
2	0
2	0
13	0
12	0
1	0
14	0
3	0
1	0
16	0
1	0
1	1
12	0
12	0
12	16
2	3
5	6
8	0
8	0
8	8
12	17
2	2
5	6
1	0
1	0
1	0
1	0
1	1
8	0
8	0
8	8
1	17
2	0
1	0
1	0
16	0
16	16
4	0
4	0
4	4
17	0
5	5
11	0
2	2
8	0
8	8
2	2
3	0
9	9
8	0
8	0
8	0
8	8
8	17
5	5
8	17
5	6
1	0
1	1
8	0
8	0
8	8
1	17
13	0
13	0
1	0
1	1
4	0
11	4
3	0
6	0
6	6
13	13
8	0
8	8
13	13
1	0
2	0
1	0
1	0
1	1
13	13
3	0
2	0
2	0
2	2
3	2
1	0
1	0
1	0
1	0
1	1
1	0
1	0
1	0
1	0
1	1
13	13
8	0
8	8
13	13
13	13
16	0
11	11
16	0
16	0
16	0
16	16
16	0
11	11
6	0
6	0
3	3
3	0
3	0
3	0
1	1
5	5
3	0
1	2
8	0
8	0
8	0
13	0
11	0
11	0
11	0
11	11
1	0
16	0
2	0
16	16
16	0
16	0
4	16
13	13
11	0
11	4
1	0
3	3
1	0
1	0
1	0
16	16
13	13
13	0
1	0
1	0
1	0
1	0
1	0
16	0
1	0
8	0
16	0
16	0
16	0
3	0
1	0
1	0
1	0
1	0
1	0
1	0
1	0
1	0
1	0
1	0
1	0
1	0
1	0
16	0
16	0
8	0
8	0
1	0
8	0
16	0
16	0
16	0
16	0
16	0
1	0
1	0
12	0
3	2
1	0
1	0
1	0
1	0
1	0
1	1
8	0
8	8
4	0
6	4
2	0
12	2
12	0
12	8
12	0
11	11
1	0
3	0
1	0
1	0
1	1
1	0
2	0
1	0
1	1
8	0
8	8
3	0
3	3
5	0
6	2
8	0
8	0
8	0
8	0
8	0
8	0
8	8
1	0
1	0
1	2
8	0
8	0
8	0
8	8
5	5
2	2
1	0
6	6
1	0
1	0
1	0
1	0
1	1
8	0
8	0
8	8
13	0
12	0
3	6
1	0
1	0
1	0
1	0
1	0
1	1
8	0
8	0
8	0
8	8
4	0
4	4
2	0
2	2
1	0
1	1
8	0
8	0
8	8
3	0
9	0
9	2
9	6
8	0
8	0
8	0
13	0
3	0
17	0
3	0
13	0
3	0
3	0
9	0
3	8
1	0
1	0
1	0
16	16
13	13
13	0
1	0
1	0
1	0
1	0
1	0
1	0
1	0
1	0
8	0
1	0
1	0
1	0
8	0
8	0
8	0
3	0
2	0
12	0
3	0
9	0
9	2
9	6
8	0
8	0
8	0
13	0
3	0
3	0
9	0
3	8
4	0
4	4
8	0
8	0
8	0
8	8
1	0
1	0
1	0
1	0
1	16
13	13
3	11
17	3
3	2
17	6
12	0
8	0
8	12
13	13
8	0
8	12
13	13
12	0
12	0
12	0
8	12
13	13
5	5
8	0
8	12
1	0
12	0
1	1
12	0
12	0
12	0
12	4
4	0
4	4
13	13
13	0
1	0
1	0
3	0
3	0
1	0
11	0
3	0
11	11
4	0
4	4
2	0
3	0
3	0
3	0
9	1
8	0
8	0
8	0
8	0
8	0
8	8
2	0
11	2
12	0
12	0
12	12
13	13
8	0
12	0
12	0
8	0
8	12
13	13
8	0
8	12
13	13
8	0
8	0
8	12
16	0
5	5
1	1
8	0
8	0
8	8
13	13
3	11
8	0
8	8
5	5
8	0
8	0
8	8
1	0
1	0
1	0
1	0
16	16
4	0
16	4
4	0
4	4
13	13
13	0
3	0
8	0
12	6
12	0
12	0
12	8
16	0
16	0
16	0
16	16
3	0
2	0
1	0
1	0
1	2
9	0
13	0
9	9
8	0
8	8
5	5
9	9
8	0
8	8
13	13
13	0
8	0
8	0
1	0
1	0
8	0
8	0
1	0
1	0
8	0
8	0
8	0
8	0
1	0
8	0
8	0
8	0
1	0
8	0
8	0
8	0
8	0
8	0
1	0
12	0
12	0
12	0
12	0
16	0
16	0
3	0
1	0
1	0
1	0
1	0
8	0
12	0
11	0
2	0
12	2
8	0
8	0
8	0
8	8
2	0
2	2
8	0
8	0
8	0
8	8
1	2
12	6
2	0
1	0
1	1
8	0
8	8
13	13
2	0
2	2
12	0
12	8
12	8
13	13
5	0
16	0
16	0
16	0
16	0
16	16
2	6
1	0
1	0
1	0
1	0
1	1
8	0
8	0
8	0
8	0
8	0
8	8
13	13
13	0
8	0
1	0
1	0
1	0
3	0
3	0
1	0
1	0
1	0
8	0
1	0
1	0
12	0
17	0
9	0
17	2
9	6
8	0
8	0
13	0
3	0
3	0
9	0
3	8
4	0
4	0
4	4
5	0
3	3
8	0
8	0
8	0
8	0
8	8
1	0
1	0
1	1
13	13
13	0
16	0
1	0
16	0
1	0
1	0
16	0
16	0
3	0
3	0
1	0
1	0
1	0
1	0
1	0
1	0
8	0
1	0
1	0
1	0
1	0
16	0
16	0
8	0
16	0
1	0
16	0
16	0
1	0
1	0
3	0
16	0
16	0
3	0
12	0
1	0
1	0
1	6
8	0
8	0
8	0
8	0
8	0
8	0
8	8
13	13
2	2
8	8
13	13
16	0
16	0
16	16
16	0
11	11
3	0
1	3
17	2
6	6
8	0
8	0
8	8
13	13
12	0
12	0
12	0
8	8
5	5
12	0
8	8
13	13
8	0
8	0
8	0
8	8
13	13
13	13
1	0
1	0
1	0
1	3
3	3
3	2
8	0
8	0
8	8
5	5
8	0
8	8
13	13
2	2
6	0
11	0
11	11
13	0
12	0
12	0
12	8
16	0
16	16
2	0
1	0
6	4
8	0
1	0
8	8
1	0
1	0
8	0
8	0
8	0
8	0
8	0
8	0
8	8
13	13
1	0
1	0
1	0
1	3
2	3
8	0
8	0
8	0
8	0
8	0
8	8
13	13
13	0
1	0
3	0
1	0
1	0
1	0
1	0
1	0
1	0
1	0
1	0
1	0
8	0
1	0
3	0
8	0
3	0
8	0
1	0
1	0
1	0
1	0
1	0
1	0
1	0
1	0
1	0
12	0
12	0
12	0
8	0
8	8
16	0
16	0
16	16
11	0
11	11
1	2
12	0
8	0
8	12
2	0
2	0
2	2
2	0
2	6
9	0
1	1
8	0
8	0
8	0
8	0
8	0
8	8
13	13
8	0
8	0
8	0
8	0
8	0
8	8
5	0
2	0
11	2
2	0
2	6
9	0
1	1
8	0
8	0
8	0
8	0
8	0
8	8
13	13
13	0
1	0
1	0
3	0
16	0
16	0
16	0
1	0
1	0
1	0
8	0
1	0
12	0
14	0
14	2
1	0
1	0
1	0
1	1
5	5
1	0
1	1
8	0
8	0
8	0
8	8
8	0
2	0
2	0
2	4
12	8
5	5
12	0
12	8
5	5
12	0
12	0
12	0
12	0
12	0
12	8
2	0
2	2
8	8
5	5
3	6
1	0
1	1
8	0
8	0
8	0
8	0
8	0
8	0
8	0
8	8
1	0
2	0
16	0
16	16
13	13
3	11
3	6
12	0
12	0
8	0
8	8
16	0
17	0
11	2
1	0
13	0
13	0
1	0
1	8
2	2
2	0
1	0
1	0
1	0
1	1
8	0
8	0
8	0
8	8
16	0
16	0
16	16
16	0
11	11
2	0
2	0
11	2
2	0
2	6
9	0
1	1
8	0
8	0
8	0
8	0
8	0
8	8
13	13
8	0
8	0
8	0
8	0
8	0
8	0
8	0
8	8
16	0
2	0
11	2
2	0
2	6
12	0
8	0
8	8
2	0
2	2
9	0
1	1
8	0
8	0
8	0
8	0
8	0
8	8
13	13
13	0
13	0
1	0
1	0
1	0
1	3
16	0
4	0
4	4
3	0
6	11
8	0
8	0
8	0
8	0
8	8
13	13
13	13
8	0
8	12
13	13
13	13
16	0
16	0
16	16
13	13
16	0
11	2
12	8
5	5
8	0
8	8
16	2
1	0
1	0
1	0
1	1
8	8
13	13
16	0
11	2
8	0
12	8
4	2
8	0
8	0
8	0
8	8
13	13
13	13
13	0
3	0
3	0
16	0
8	0
1	0
1	0
1	0
1	0
1	0
8	0
3	0
1	0
1	0
1	0
1	3
1	0
4	0
2	4
3	0
6	11
1	0
1	0
1	0
1	16
1	0
1	0
1	0
1	3
4	0
4	4
12	6
12	0
12	0
8	8
13	13
3	0
3	1
3	0
1	1
8	0
8	0
8	0
8	0
8	0
8	8
13	13
17	2
12	6
8	0
8	0
8	8
2	0
2	2
8	0
8	0
8	8
16	0
2	0
16	0
16	16
5	5
2	0
2	2
9	0
1	1
8	0
8	0
8	0
8	0
13	0
12	0
16	0
9	0
2	2
2	0
2	6
9	0
1	1
8	0
8	0
8	0
8	0
8	0
8	8
4	0
11	4
11	0
11	11
1	0
1	0
1	1
4	0
1	4
13	13
3	0
1	0
14	0
1	0
3	1
8	0
8	0
8	0
8	8
13	13
5	5
8	0
8	8
13	13
17	2
12	6
12	0
8	8
1	0
2	0
2	0
3	0
16	0
16	16
13	13
13	0
1	0
1	0
8	0
1	0
1	0
8	0
8	0
8	0
3	0
16	0
2	0
12	0
12	0
12	8
13	13
12	0
12	8
13	13
8	0
8	0
8	0
8	0
8	8
3	0
2	2
8	0
8	0
8	0
8	0
8	8
2	2
8	0
8	0
8	0
8	0
8	0
8	8
13	13
4	0
4	4
2	6
12	0
12	0
8	0
8	0
8	8
2	0
2	2
8	0
8	0
8	0
8	8
3	0
2	0
1	0
1	0
1	0
1	0
1	1
1	0
1	0
1	0
1	0
1	0
1	0
1	0
16	16
4	0
4	4
13	0
12	0
3	6
12	0
1	0
1	1
8	0
8	8
2	2
2	6
8	0
8	8
4	0
4	4
1	0
1	1
8	0
8	0
8	8
3	0
1	0
1	0
1	0
1	0
16	16
4	0
16	4
13	13
13	0
1	0
1	0
8	0
1	0
1	0
1	0
1	0
1	0
1	0
1	0
1	0
1	0
1	0
1	0
1	0
1	0
1	0
1	0
1	0
1	0
1	0
1	0
1	0
1	0
2	0
1	0
1	0
8	0
8	0
3	0
3	0
1	0
12	0
1	0
1	0
1	0
1	3
4	0
11	4
1	6
8	0
8	8
2	0
2	2
8	0
8	0
8	0
8	0
8	8
3	0
2	2
1	0
1	0
1	1
8	0
8	8
13	13
3	0
2	2
12	0
12	8
12	0
12	0
8	0
8	0
8	0
8	0
8	8
2	2
12	12
13	13
13	13
13	0
1	0
1	0
8	0
12	0
1	0
1	0
1	0
1	0
1	0
16	0
1	0
8	0
1	0
1	0
1	0
1	0
1	0
1	0
8	0
12	0
2	2
6	6
1	1
8	0
8	8
3	0
16	0
16	0
16	0
16	0
16	16
11	0
11	11
12	6
12	0
12	0
8	0
8	0
8	8
13	13
13	0
1	0
1	0
1	0
1	0
8	0
1	0
1	0
3	0
16	0
16	0
16	0
16	0
1	0
1	0
1	0
1	0
1	0
8	0
8	0
1	0
1	0
1	0
1	0
1	0
8	0
8	0
1	0
1	0
1	0
8	0
8	0
16	0
16	0
16	0
16	0
16	0
16	0
1	0
12	0
2	6
8	0
8	8
13	13
17	0
2	0
5	1
12	0
17	0
17	17
17	0
17	0
17	0
17	0
17	17
13	13
17	0
17	0
17	1
12	0
17	0
17	17
17	17
13	13
17	0
17	0
17	0
17	0
17	0
17	1
17	0
17	0
17	0
17	17
17	0
17	17
13	13
4	0
4	4
12	6
17	0
12	8
13	13
8	0
8	0
8	0
8	0
8	8
13	13
2	2
2	6
1	0
1	0
1	0
1	1
8	0
8	0
8	0
13	0
12	0
2	6
8	0
8	8
4	0
11	4
3	0
2	0
2	0
3	0
3	3
1	6
8	0
8	0
8	0
8	0
8	0
8	8
3	2
2	6
12	0
12	0
12	0
12	12
13	13
13	0
1	0
1	0
12	0
1	0
8	0
1	0
1	0
1	0
1	0
1	0
1	0
1	0
1	0
1	0
1	0
1	0
12	0
12	0
8	0
1	0
1	0
1	0
1	0
8	0
8	0
3	0
1	0
2	0
1	0
1	0
1	0
1	0
1	0
1	0
12	0
17	6
12	0
12	0
12	0
12	0
12	8
2	2
8	0
8	8
5	5
8	0
8	0
8	0
8	0
8	0
8	8
4	0
11	4
1	0
1	0
1	0
1	0
1	1
3	0
3	3
1	0
1	0
12	10
1	0
1	0
1	0
1	1
13	13
1	0
1	1
8	0
8	0
8	0
8	0
8	8
4	0
4	4
17	6
12	0
12	0
12	12
13	13
13	13
2	0
5	5
14	0
2	2
1	1
8	0
8	0
8	8
3	3
3	6
13	0
12	0
1	0
5	0
3	0
3	3
1	0
3	0
1	0
1	0
1	0
1	0
1	0
1	1
4	0
11	4
11	0
3	0
3	3
13	13
14	0
11	0
14	14
11	0
11	6
1	0
1	0
1	1
8	0
8	0
8	0
8	0
8	0
8	8
4	0
4	4
13	13
13	0
1	0
1	0
1	0
1	0
16	0
16	0
16	0
1	0
1	0
16	0
16	0
16	0
16	0
1	0
1	0
1	0
1	0
1	0
1	0
1	0
1	0
1	0
16	0
12	0
2	6
8	0
8	8
16	0
16	0
16	16
11	0
11	11
11	0
11	2
2	0
2	0
11	0
6	9
8	0
8	0
8	0
8	0
8	8
3	0
16	0
2	10
13	13
3	11
3	0
6	0
1	0
1	1
1	0
6	0
1	0
1	0
3	3
8	0
8	8
2	0
5	5
8	0
8	0
8	0
8	0
8	8
12	0
3	0
3	16
5	5
3	2
2	6
1	0
1	0
1	0
1	0
1	1
8	0
8	0
8	0
8	0
8	8
13	0
13	0
13	13
8	0
4	0
2	2
8	0
8	0
8	0
8	8
3	0
2	2
8	0
8	0
8	0
8	0
8	0
8	0
8	8
16	0
16	0
1	16
13	13
13	0
8	0
8	0
16	0
16	0
1	0
16	0
16	0
16	0
16	0
1	0
1	0
1	0
16	0
16	0
16	0
1	0
1	0
1	0
16	0
8	0
8	0
1	0
16	0
1	0
8	0
8	0
2	0
8	0
16	0
8	0
16	0
16	0
16	0
16	0
1	0
1	0
1	0
13	0
8	0
8	0
8	0
8	0
8	8
13	13
13	13
13	0
8	0
8	0
8	0
8	0
8	0
8	0
8	0
8	0
8	0
8	0
8	0
8	0
8	0
8	0
8	0
8	0
8	0
8	0
8	0
8	0
8	0
8	0
8	0
8	0
8	0
8	0
8	0
8	0
8	0
8	0
8	0
8	0
8	0
8	0
8	0
8	0
8	0
8	0
8	0
8	0
8	0
8	0
8	0
8	0
8	0
8	0
8	0
8	0
8	0
8	0
8	0
13	0
17	0
17	0
14	14
16	0
11	11
2	0
11	2
1	0
1	0
1	0
1	0
1	1
8	0
8	0
8	0
8	8
1	0
3	0
1	1
4	0
4	4
13	13
3	0
3	0
1	0
1	0
1	2
2	6
8	0
8	0
8	0
8	8
5	5
2	0
2	6
1	0
1	0
1	0
1	0
1	1
8	0
8	0
8	0
8	8
3	10
3	0
3	0
2	0
1	0
3	16
13	13
16	0
2	0
14	0
16	16
3	0
6	11
1	6
13	0
12	0
4	14
12	0
11	6
8	0
8	0
8	0
8	0
8	0
8	0
8	8
8	2
2	6
8	0
8	0
8	0
8	8
17	0
12	10
1	0
2	0
17	0
3	0
3	0
1	16
17	0
11	4
13	13
3	0
16	0
11	0
4	0
4	16
8	0
8	0
8	0
8	8
3	0
2	0
2	0
14	0
2	2
2	6
8	0
8	0
8	0
8	0
8	8
16	0
2	0
4	10
1	0
1	0
1	0
1	0
1	0
1	0
16	16
4	0
13	0
1	0
2	3
1	6
8	0
1	0
8	0
8	0
8	0
8	0
8	0
8	8
1	0
2	0
1	2
1	0
1	0
1	0
1	1
8	0
8	8
4	0
11	4
17	0
12	0
4	10
1	0
1	0
1	1
5	5
11	0
11	4
8	0
2	0
2	2
9	0
9	9
2	0
1	0
1	3
9	0
3	3
1	0
1	0
16	16
13	13
3	0
3	0
1	0
1	3
2	0
2	2
9	0
1	1
8	0
8	8
9	9
13	13
3	14
2	6
13	0
12	0
4	14
8	0
8	0
8	0
8	8
5	0
3	3
17	17
1	17
1	0
1	0
1	0
1	0
1	0
1	0
1	0
1	1
4	0
4	4
5	5
6	6
8	0
8	8
2	2
2	0
11	0
11	6
8	0
8	0
8	0
8	0
8	0
8	8
2	0
2	2
1	0
1	0
1	1
8	0
8	0
8	0
8	0
8	0
8	0
8	0
8	8
16	0
16	0
16	16
16	0
16	0
4	0
4	0
4	16
13	13
16	0
16	0
2	0
13	0
12	0
12	0
6	6
8	0
8	0
8	8
4	0
11	4
3	0
2	2
8	0
8	8
17	0
3	3
1	0
1	0
1	0
1	0
1	0
1	1
13	13
14	0
14	0
14	14
5	6
8	0
8	8
3	0
3	0
3	0
3	3
8	0
8	8
2	0
2	2
8	0
8	0
8	0
8	0
8	0
8	8
4	0
4	4
13	13
13	0
1	0
1	0
1	0
1	0
1	0
1	0
1	0
1	0
1	0
1	0
1	0
1	0
1	0
1	0
1	0
12	0
3	0
12	0
3	0
3	0
3	3
16	0
16	0
16	16
11	0
11	11
2	3
3	6
3	0
2	0
3	0
3	3
1	0
2	1
8	0
8	0
8	0
8	8
2	2
2	6
8	0
8	0
8	0
8	8
13	13
3	0
3	3
9	9
8	0
8	0
8	8
2	0
2	2
8	0
8	0
8	0
8	0
8	8
13	13
13	13
13	0
3	0
1	0
3	0
3	0
3	0
1	0
8	0
16	0
16	0
16	0
16	0
1	0
3	0
3	0
8	0
6	6
1	0
1	0
1	0
1	0
1	0
1	0
1	0
1	1
8	0
8	0
8	0
8	8
2	0
2	2
9	0
1	1
8	0
8	0
8	0
8	0
8	0
8	8
4	0
4	4
6	6
12	0
12	12
12	0
12	12
2	2
9	9
2	2
9	9
5	5
6	6
12	12
12	0
12	12
2	2
9	9
2	2
9	9
8	0
12	0
12	0
9	4
13	13
13	0
1	0
1	0
8	0
1	0
1	0
1	0
1	0
8	0
3	0
2	0
12	0
2	0
2	0
8	0
8	0
1	0
8	8
3	6
1	0
1	0
1	0
1	0
1	1
8	0
8	0
8	0
8	0
8	8
12	0
2	0
16	0
16	0
16	16
11	0
11	2
2	6
3	0
9	0
11	0
9	9
8	0
8	0
8	0
8	8
2	6
8	0
8	0
8	0
8	0
8	0
8	0
8	8
5	5
6	6
8	0
8	0
8	0
8	0
8	0
8	0
8	0
8	8
2	0
2	2
8	0
8	8
2	0
2	0
2	2
13	0
12	0
17	0
2	0
17	0
17	0
12	2
17	6
17	0
8	0
8	8
4	0
4	0
4	4
6	6
8	0
8	0
8	0
8	8
8	0
6	6
8	0
8	0
8	8
2	0
2	2
1	0
1	0
1	6
8	0
8	0
8	8
2	0
2	2
8	0
8	8
3	0
16	0
16	16
13	13
13	0
1	0
8	0
16	0
8	0
16	0
1	0
1	0
17	0
8	0
8	0
8	0
1	0
1	0
1	0
1	0
16	0
16	0
3	0
1	0
1	0
12	0
8	0
8	0
8	0
8	8
2	0
2	2
12	12
12	0
12	0
12	12
8	0
8	0
8	0
8	8
16	0
2	2
12	6
12	0
12	0
12	8
12	6
12	12
12	0
12	0
12	12
4	0
2	4
9	9
2	2
8	0
8	0
8	0
8	0
8	0
8	12
16	0
16	0
16	16
13	13
5	5
1	0
1	0
1	0
1	0
1	0
1	0
1	1
8	0
8	0
8	0
8	0
8	0
8	0
8	0
8	0
8	8
13	13
11	11
13	0
12	0
2	2
8	0
8	0
8	0
8	0
8	0
8	12
4	0
11	4
11	11
2	3
17	2
12	6
12	0
12	0
8	0
8	8
5	5
17	2
12	6
12	0
8	8
13	13
13	0
12	0
12	0
1	0
12	0
16	0
16	0
1	0
12	0
12	0
12	0
12	0
1	0
12	0
12	0
12	0
12	0
12	0
12	0
8	0
1	0
12	0
12	0
12	0
1	0
1	0
1	0
1	0
8	0
16	0
16	0
16	0
8	0
12	0
12	0
12	0
3	0
2	2
11	0
11	6
8	0
8	8
16	0
4	0
4	4
5	11
5	6
8	0
8	0
8	0
8	8
2	2
2	0
9	0
9	0
11	6
8	0
8	8
16	0
8	0
16	0
16	0
16	16
13	13
5	5
11	11
16	0
17	0
17	4
17	0
9	2
1	6
8	0
8	0
8	0
8	0
8	8
2	2
12	0
12	0
12	12
16	0
2	0
16	0
16	16
13	13
5	6
1	0
1	0
1	0
1	0
1	8
8	0
2	0
2	2
13	0
11	0
14	0
3	0
3	0
3	11
16	0
4	4
3	0
3	0
3	0
3	3
1	0
1	0
2	0
1	0
16	16
13	13
14	0
11	14
11	11
2	2
1	0
6	6
8	0
8	8
2	0
2	2
8	0
8	0
8	0
8	8
3	0
3	3
2	0
2	0
2	0
2	4
8	0
8	0
8	0
8	0
8	0
8	0
8	0
8	8
5	5
12	0
12	8
1	0
1	0
1	0
16	16
13	13
13	0
1	0
1	0
1	0
1	0
1	0
1	0
12	0
8	0
12	0
12	3
16	0
4	0
4	4
11	11
3	0
3	3
3	0
3	0
3	3
1	0
11	6
8	0
8	0
8	0
8	0
8	0
8	8
16	0
8	0
16	16
13	13
13	0
16	0
16	0
16	0
1	0
16	0
16	0
16	0
1	0
1	0
1	0
1	0
16	0
16	0
16	0
1	0
1	0
1	0
16	0
16	0
16	0
1	0
1	0
1	0
8	0
16	0
16	0
16	0
16	0
3	0
3	0
3	0
1	0
1	0
1	0
13	0
8	0
2	2
12	6
8	8
16	0
4	0
4	4
11	11
3	0
6	16
1	0
1	0
1	0
1	0
1	16
5	5
8	0
8	0
8	0
8	8
4	0
3	0
16	0
16	0
4	4
13	13
13	0
16	0
16	0
8	0
1	0
1	0
1	0
1	0
8	0
8	0
8	0
1	0
8	0
16	0
16	0
16	0
16	0
16	0
16	0
16	0
8	0
16	0
1	0
1	0
16	0
16	0
16	0
16	0
1	0
1	0
1	0
1	0
1	0
11	0
3	0
3	0
3	0
3	0
3	3
4	0
11	4
11	11
3	0
3	3
3	10
2	0
2	0
2	1
12	0
12	0
12	0
12	4
13	13
13	0
1	0
1	0
1	0
8	0
8	0
8	0
1	0
16	0
16	0
1	0
1	0
2	0
2	0
1	0
1	0
8	0
12	0
8	0
8	0
1	0
1	0
8	0
8	0
8	0
8	0
1	0
1	0
3	0
3	0
16	0
16	0
16	0
8	0
8	0
1	0
1	0
2	0
2	0
1	0
12	0
11	11
4	0
11	4
1	0
1	0
1	0
1	16
3	0
4	0
12	2
4	0
1	0
4	6
1	0
1	0
1	0
1	0
1	1
8	0
8	0
1	0
2	0
1	0
1	0
16	0
1	8
5	5
3	0
4	0
17	2
4	0
4	6
8	0
8	0
8	8
2	0
2	2
8	0
8	8
8	0
8	0
8	0
8	0
8	0
8	0
8	8
13	13
5	5
11	11
16	0
16	4
2	3
2	0
2	6
8	0
8	0
8	8
1	0
13	0
11	0
3	0
3	3
4	0
11	4
11	11
3	0
3	0
3	3
3	0
3	3
1	0
2	2
6	6
8	8
1	0
1	0
16	0
16	0
16	16
13	13
13	0
1	0
1	0
1	0
16	0
16	0
1	0
1	0
1	0
1	0
1	0
1	0
1	0
1	0
1	0
1	0
1	0
1	0
16	0
16	0
1	0
1	0
1	0
1	0
1	0
16	0
1	0
3	0
16	0
16	0
16	0
3	0
3	0
1	0
1	0
1	0
1	0
1	0
1	0
13	0
8	0
8	0
8	8
17	0
4	0
4	4
11	11
1	0
1	0
16	0
16	16
13	13
5	5
3	0
3	0
3	11
2	2
1	0
6	6
8	0
8	8
2	0
2	0
2	2
8	0
8	0
8	0
8	8
2	0
2	2
8	0
8	0
8	0
8	0
8	0
8	0
8	8
13	13
13	0
1	0
8	0
8	0
8	0
2	0
1	0
1	0
1	0
16	0
8	0
16	0
16	0
16	0
16	0
1	0
1	0
16	0
16	0
16	0
1	0
12	0
2	2
9	9
2	2
9	9
4	0
4	4
11	11
3	0
3	0
1	0
1	0
1	0
1	8
16	0
12	0
12	0
12	4
2	2
6	6
13	13
3	0
3	0
3	0
3	3
13	13
1	0
1	0
1	0
1	0
1	0
1	1
8	8
2	2
2	6
12	0
12	0
12	0
12	12
13	13
3	0
3	0
1	11
16	0
12	0
12	0
12	16
2	2
8	0
8	0
8	0
8	8
13	13
13	0
3	0
1	0
16	0
1	0
16	0
16	0
12	0
3	0
12	0
12	3
11	0
11	4
11	11
1	2
8	0
8	8
2	0
1	0
3	0
3	0
16	0
1	0
16	16
16	0
16	4
5	5
3	0
4	0
4	4
2	3
3	0
9	0
9	9
1	0
1	0
1	0
1	0
1	0
1	0
1	1
8	8
8	0
2	0
2	0
11	0
11	16
2	0
16	0
16	16
13	13
13	0
3	0
3	0
3	0
12	0
12	0
3	0
1	0
1	0
1	0
1	0
1	0
1	0
1	0
1	0
1	0
12	0
17	2
17	0
17	6
17	0
17	0
17	0
16	1
8	8
17	0
17	0
17	4
11	11
17	0
17	0
17	0
16	11
3	3
1	0
2	0
1	0
1	16
1	0
1	0
1	0
1	16
5	5
1	0
1	0
1	0
1	16
3	0
3	3
1	0
1	3
1	3
17	0
17	0
16	0
16	11
17	3
13	13
13	0
1	0
3	0
1	0
1	0
1	0
1	0
8	0
17	0
1	0
1	0
1	0
17	0
17	0
17	0
17	0
3	0
1	0
12	0
3	0
17	0
14	11
2	2
6	0
6	0
6	11
8	0
17	0
4	4
11	11
1	0
17	0
1	0
1	0
1	0
1	0
1	0
1	0
1	9
8	8
16	0
17	0
17	0
17	0
17	16
1	0
1	0
16	0
16	16
13	13
14	14
11	11
1	0
2	0
17	0
3	3
1	0
1	0
1	4
4	0
4	0
1	0
4	16
16	0
16	16
13	13
11	11
11	11
1	0
1	0
16	0
3	3
1	6
17	0
4	0
17	8
1	1
13	0
11	0
11	11
4	0
11	4
5	6
8	0
8	0
8	0
8	8
2	2
8	0
12	0
12	12
5	5
2	2
8	0
8	0
8	12
13	13
13	0
1	0
1	0
8	0
1	0
8	0
8	0
1	0
8	0
8	0
8	0
8	0
1	0
8	0
8	0
1	0
1	0
8	0
8	0
8	0
8	0
1	0
1	0
1	0
8	0
1	0
8	0
1	0
1	0
1	0
8	0
8	0
1	0
8	0
8	0
1	0
1	0
1	0
12	0
8	0
1	0
12	0
12	0
12	0
12	3
16	0
16	0
12	4
16	0
2	11
2	3
2	6
12	0
1	0
8	0
8	0
8	0
8	0
8	8
8	3
5	6
8	0
8	8
8	0
12	0
12	0
8	16
13	13
13	0
1	0
1	0
1	0
8	0
1	0
1	0
1	0
1	0
1	0
1	0
8	0
16	0
1	0
1	0
8	0
8	0
8	0
16	0
16	0
1	0
8	0
8	0
8	0
16	0
16	0
16	0
3	0
8	0
1	0
1	0
1	0
1	0
11	0
11	11
1	0
1	0
3	0
16	0
16	0
16	0
16	16
11	0
11	11
3	0
2	0
2	2
17	0
17	3
3	10
17	0
1	3
13	13
13	0
3	0
16	0
1	0
17	0
3	0
1	0
3	0
16	0
16	0
16	0
16	0
3	0
3	0
3	0
1	0
17	0
17	0
3	0
1	0
1	0
3	0
3	0
16	0
12	0
1	0
1	0
3	0
16	0
1	0
1	0
1	0
16	0
16	0
16	0
11	0
16	0
3	0
3	0
17	0
12	0
8	0
2	0
2	2
8	0
8	0
8	0
8	8
13	13
3	0
2	2
1	0
6	0
11	11
8	0
17	0
2	2
1	6
8	0
8	0
8	0
8	0
8	0
8	8
13	13
13	13
8	0
2	0
2	2
11	6
12	0
12	8
13	13
16	3
5	11
1	0
17	0
17	0
17	3
12	6
12	0
12	0
12	0
12	0
12	0
12	0
12	8
1	0
3	0
1	0
1	0
16	0
1	16
13	13
13	0
1	0
1	0
1	0
8	0
8	0
12	0
2	6
8	0
8	0
8	0
8	0
8	1
12	0
12	0
12	0
12	0
12	8
13	13
6	0
6	6
8	0
8	8
2	0
2	2
8	0
8	0
8	0
8	0
1	0
1	1
8	0
8	8
17	0
5	5
2	6
12	0
8	0
8	0
1	1
8	0
8	0
8	0
8	0
8	8
13	13
5	5
1	0
1	3
4	0
11	3
8	0
2	0
2	2
8	0
8	0
8	0
8	8
13	13
17	0
12	1
5	5
3	0
12	0
16	0
13	0
12	0
3	10
1	0
1	0
1	0
1	1
8	0
8	0
8	8
16	0
16	0
4	4
11	11
2	0
2	2
12	0
8	0
8	8
5	5
3	0
17	0
17	2
17	6
17	0
17	0
17	8
2	2
8	0
9	0
9	0
11	6
8	0
8	0
8	8
17	2
12	6
17	0
17	0
17	0
12	0
8	8
1	0
16	0
16	0
16	0
16	16
13	13
1	0
1	3
2	2
3	0
6	0
6	0
1	0
1	0
1	0
1	0
8	8
5	5
13	0
12	0
6	0
1	0
1	0
8	0
8	0
1	0
1	1
8	0
8	0
8	0
8	8
12	6
12	0
12	0
12	12
4	0
2	6
1	0
1	0
1	0
1	1
8	0
8	0
8	0
8	8
4	0
4	4
8	0
8	0
8	0
8	0
8	0
8	1
1	0
1	0
1	0
1	16
13	13
13	0
1	0
1	0
1	0
1	0
1	0
1	0
1	0
1	0
1	0
1	0
1	0
8	0
1	0
1	0
1	0
8	0
8	0
8	0
1	0
12	0
12	0
3	0
2	2
9	9
4	0
4	4
3	0
3	0
1	0
3	0
1	9
8	0
8	0
12	0
13	0
12	0
12	8
1	0
1	0
1	0
16	16
13	13
3	0
6	0
6	11
8	0
8	0
8	8
3	11
6	6
8	0
8	0
8	0
8	0
8	0
8	0
8	8
1	12
1	0
1	0
1	0
1	0
1	0
8	16
16	0
16	0
16	4
13	13
16	0
5	5
3	3
1	0
4	0
4	0
4	10
13	13
13	0
1	0
1	0
1	0
17	0
17	6
12	0
12	0
12	0
12	0
12	0
8	8
1	0
16	0
1	0
1	0
1	0
1	0
16	0
16	16
5	11
3	0
17	3
1	0
1	0
16	0
3	3
3	3
5	5
12	6
12	0
12	0
12	8
13	13
13	0
1	0
1	0
1	0
16	0
8	0
1	0
16	0
1	0
16	0
1	0
16	0
16	0
8	0
16	0
1	0
1	0
1	0
12	0
1	0
17	0
16	0
16	0
16	0
1	0
1	0
1	0
1	0
1	0
16	0
12	0
5	6
8	8
5	6
8	0
8	0
8	8
4	0
11	4
9	9
5	0
11	2
2	0
2	6
8	0
8	0
8	8
8	0
12	6
8	0
8	8
13	17
12	0
12	6
17	0
17	0
17	8
2	2
2	0
6	0
6	0
6	6
8	0
8	8
16	0
16	0
16	16
13	13
3	11
1	0
1	0
1	0
1	0
1	0
1	0
1	0
1	1
8	0
8	0
8	0
8	8
2	2
12	0
12	0
12	12
16	0
16	0
16	16
13	13
13	0
12	0
1	0
1	0
1	0
1	0
1	0
1	0
3	3
3	0
2	0
1	0
1	0
1	0
1	9
8	8
16	0
16	0
4	4
11	11
3	2
2	0
2	0
9	0
11	6
8	0
8	0
8	0
8	0
8	8
1	0
16	0
16	0
16	16
2	2
2	0
2	6
8	0
8	0
8	8
12	6
12	0
12	0
12	0
12	1
8	0
12	0
12	0
12	0
12	8
13	13
16	0
11	6
1	0
1	0
1	0
1	0
1	0
1	0
1	0
13	0
12	0
8	0
8	0
8	2
2	0
2	0
6	0
1	0
1	9
12	0
12	0
1	0
2	0
2	0
2	0
16	0
16	8
4	0
4	4
3	0
3	0
3	0
1	0
3	0
1	0
3	0
3	16
3	2
9	9
8	0
8	8
2	2
2	6
8	0
8	0
8	8
13	13
13	0
1	0
1	0
1	0
1	0
1	0
1	0
1	0
3	0
1	0
1	0
1	0
1	0
1	0
1	0
8	0
1	0
1	0
8	0
1	0
1	0
1	0
1	0
12	0
1	0
1	0
12	0
12	0
12	0
12	1
16	0
16	0
16	8
13	13
2	2
8	0
8	8
5	5
8	0
8	8
13	13
3	0
3	0
1	0
16	0
16	2
8	0
8	8
5	5
3	0
11	0
1	0
1	8
5	5
3	0
3	0
3	3
8	0
8	0
8	0
8	0
8	8
13	13
13	0
1	0
1	0
1	0
1	0
8	0
1	0
1	0
1	0
8	0
8	0
8	0
16	0
16	0
16	0
16	0
16	0
1	0
8	0
1	0
12	0
3	0
12	0
5	0
14	3
16	0
4	0
4	4
11	11
3	3
1	0
2	0
1	0
16	0
16	0
16	0
16	16
13	13
16	0
11	2
2	0
2	6
1	0
1	1
8	0
8	0
8	0
8	0
8	0
8	0
8	8
12	6
8	0
8	0
8	8
13	13
2	6
12	0
12	8
12	0
12	0
12	12
13	13
5	5
1	6
8	0
8	0
8	8
13	13
8	0
8	0
8	12
8	12
12	0
12	0
12	12
13	13
13	13
16	0
13	0
3	0
3	0
1	0
1	0
1	0
1	0
1	8
1	0
1	0
1	0
1	16
4	0
4	4
11	0
11	11
8	0
8	0
8	0
8	0
8	0
8	0
8	0
8	0
8	8
13	13
3	0
3	0
1	0
1	0
3	0
3	0
1	0
1	8
2	2
2	0
2	6
8	0
8	0
8	8
16	0
16	0
2	0
16	16
3	11
3	0
3	3
1	0
5	5
3	0
3	3
13	13
13	0
1	0
1	0
1	0
1	0
1	0
3	0
11	0
1	0
12	0
3	0
12	0
12	6
8	0
8	8
16	0
16	0
16	16
3	0
1	1
5	5
3	0
11	11
3	2
4	0
1	6
8	0
8	8
13	13
13	0
8	0
8	0
1	0
1	0
8	0
8	0
8	0
8	0
3	0
1	0
1	0
1	0
8	0
8	0
1	0
1	0
1	0
8	0
8	0
8	0
8	0
8	0
1	0
1	0
8	0
8	0
8	0
1	0
1	0
1	0
8	0
3	0
1	0
3	0
1	0
1	0
1	0
8	0
8	0
12	0
3	0
2	2
9	9
16	0
16	16
11	11
8	0
8	0
8	8
2	0
2	0
2	2
11	0
11	6
8	0
8	0
8	0
8	0
13	0
12	0
8	0
1	0
8	0
8	8
13	13
13	0
3	0
1	0
3	0
1	0
1	0
2	0
2	0
1	0
1	0
8	0
1	0
1	0
8	0
8	0
1	0
1	0
1	0
1	0
16	0
1	0
3	0
8	0
3	0
3	0
16	0
1	0
1	0
8	0
8	0
2	0
2	0
2	0
1	0
12	0
5	2
1	0
1	0
1	0
1	0
1	1
13	13
8	0
8	0
8	0
8	0
8	0
8	8
13	13
4	0
4	4
3	0
3	0
2	3
11	0
1	4
3	6
3	0
1	0
1	0
1	0
1	0
1	0
1	1
8	0
8	0
8	0
8	8
13	13
13	0
1	0
1	0
1	0
3	0
1	0
1	0
8	0
8	0
1	0
1	0
3	0
1	0
1	0
1	0
1	0
8	0
1	0
1	0
1	0
1	0
1	0
8	0
8	0
8	0
12	0
8	0
2	0
2	2
8	0
8	0
8	0
8	0
8	8
4	0
11	4
6	6
3	0
1	0
1	0
1	0
1	0
1	1
8	0
8	0
8	0
8	0
8	0
8	0
8	8
1	0
1	0
2	0
16	0
16	16
13	13
13	0
1	0
1	0
1	0
1	0
1	0
1	0
1	0
1	0
1	0
1	0
1	0
8	0
8	0
8	0
1	0
2	0
2	0
1	0
1	0
1	0
8	0
3	0
3	0
16	0
16	0
1	0
1	0
1	0
12	0
2	0
2	2
3	0
9	0
17	0
1	0
1	9
8	8
4	0
11	4
9	9
17	0
12	6
3	0
1	0
1	0
1	0
1	0
1	0
1	1
8	0
8	0
8	0
8	0
13	0
3	0
3	0
1	0
12	0
1	8
17	0
17	0
17	0
12	16
13	13
16	11
1	0
11	0
16	0
3	3
12	0
11	11
12	0
8	0
8	0
8	0
8	0
8	0
8	0
8	0
8	0
8	8
8	0
2	0
2	2
2	0
2	6
8	0
13	0
3	0
1	0
1	0
1	8
8	2
5	6
8	0
8	0
8	0
8	8
2	2
8	0
12	0
8	12
16	0
16	16
11	11
3	0
11	0
1	1
1	0
17	0
1	3
2	0
2	2
8	8
17	0
2	0
2	3
13	13
1	0
1	0
1	3
3	0
3	0
1	0
1	0
8	17
1	0
5	5
3	0
1	0
1	0
3	1
13	13
13	0
1	0
1	0
1	0
1	0
1	0
8	0
1	0
1	0
1	0
8	0
1	0
8	0
8	0
16	0
13	0
3	0
12	0
12	9
8	8
2	3
16	0
16	0
4	4
11	11
1	0
12	0
12	0
12	0
12	1
8	0
8	8
2	0
2	2
1	0
1	0
1	0
3	0
1	1
8	0
8	0
8	8
5	2
8	0
12	0
8	12
2	0
2	0
16	0
1	0
16	16
13	13
13	0
16	0
3	0
16	0
1	0
1	0
1	0
16	0
8	0
1	0
1	0
16	0
1	0
1	0
16	0
16	0
16	0
16	0
1	0
1	0
1	0
1	0
1	0
12	0
1	0
1	0
2	0
2	0
2	0
1	9
8	0
8	0
8	8
4	0
4	4
1	11
1	0
1	4
13	13
1	0
1	0
1	0
1	0
1	1
17	0
9	2
3	0
1	0
1	0
1	0
1	0
1	1
13	13
13	0
1	0
1	0
1	0
1	0
1	0
1	0
1	0
1	0
1	0
1	0
8	0
17	0
8	0
1	0
1	0
1	0
1	0
1	0
1	0
1	0
1	0
1	0
1	0
1	0
8	0
8	0
1	0
1	0
1	0
12	0
8	0
2	0
2	2
12	0
12	0
12	12
12	0
16	16
11	11
3	1
17	0
12	9
1	0
1	0
1	8
1	0
3	0
1	0
16	0
16	16
13	13
13	0
1	0
1	0
8	0
1	0
8	0
16	0
8	0
16	0
8	0
8	0
1	0
1	0
1	0
1	0
1	0
1	0
1	0
1	0
8	0
8	0
1	0
1	0
1	0
1	0
8	0
2	0
1	0
16	0
12	0
16	0
16	0
16	0
16	0
8	0
8	0
1	0
1	0
12	0
2	0
6	2
8	0
8	0
8	0
8	0
8	0
8	12
2	0
2	2
6	6
12	0
12	0
12	0
8	0
8	0
8	12
16	2
16	6
12	0
12	0
8	0
8	0
8	0
8	0
8	0
8	0
8	12
13	13
13	0
1	0
1	0
1	0
8	0
16	0
1	0
16	0
16	0
16	0
16	0
1	0
1	0
1	0
16	0
1	0
16	0
1	0
16	0
1	0
8	0
8	0
8	0
16	0
16	0
8	0
8	0
1	0
1	0
12	0
12	0
8	0
8	0
8	0
8	8
8	6
12	12
12	0
12	0
12	12
16	0
16	0
16	4
3	3
5	6
8	0
8	0
8	8
2	10
13	13
13	0
1	0
16	0
16	0
16	0
16	0
16	0
1	0
16	0
16	0
16	0
16	0
16	0
8	0
1	0
16	0
16	0
16	0
16	0
16	0
1	0
1	0
16	0
16	0
16	0
16	0
8	0
1	0
8	0
8	0
8	0
8	0
1	0
12	0
12	0
16	0
16	0
16	0
16	0
1	0
13	0
12	6
16	0
16	0
8	8
2	2
6	6
8	0
8	0
8	0
8	8
13	13
16	11
11	11
2	3
1	0
1	16
1	0
1	0
1	0
1	16
13	13
11	0
11	4
1	1
13	13
13	0
1	0
1	0
1	0
1	0
1	0
1	0
1	0
1	0
1	0
1	0
1	0
1	0
1	0
1	0
1	0
8	0
1	0
1	0
1	0
1	0
16	0
16	0
16	0
16	0
16	0
1	0
1	0
1	0
1	0
16	0
16	0
16	0
3	0
12	0
8	0
8	3
2	3
3	0
6	6
12	0
12	0
1	0
2	0
2	0
1	0
16	0
8	8
13	13
1	0
1	3
3	3
5	6
12	0
12	8
13	13
4	0
2	6
1	0
1	0
1	0
1	0
1	0
1	8
13	13
1	6
12	0
1	0
12	8
5	5
3	6
11	8
1	0
2	2
12	6
3	0
1	0
1	0
1	0
1	0
1	1
8	0
8	0
8	8
13	13
13	0
8	0
1	0
1	0
1	0
1	0
1	0
1	0
8	0
12	0
3	0
5	5
3	3
2	3
3	0
3	2
3	0
11	6
1	0
1	0
1	0
1	0
1	8
16	0
3	0
16	0
16	0
16	16
11	11
3	0
2	10
13	13
13	0
1	0
1	0
1	0
3	0
3	0
3	0
1	0
1	0
1	0
8	0
1	0
1	0
16	0
16	0
1	0
16	0
8	0
1	0
3	0
3	0
16	0
16	0
3	0
1	0
1	0
1	0
8	0
8	0
8	0
1	0
1	0
1	0
1	0
1	0
8	0
3	0
11	0
3	0
11	6
16	0
16	0
16	8
11	0
11	4
2	0
11	0
1	3
3	10
17	0
12	0
17	0
17	0
2	0
2	1
3	0
3	14
2	3
3	0
11	0
11	11
16	0
16	0
1	0
1	16
2	0
1	0
1	0
1	0
16	16
13	13
13	0
1	0
1	0
1	0
8	0
16	0
1	0
1	0
1	0
1	0
8	0
16	0
16	0
8	0
8	0
16	0
16	0
16	0
8	0
1	0
1	0
1	0
1	0
17	0
17	0
17	0
12	0
2	0
3	2
8	0
8	0
8	8
4	0
11	4
11	11
1	0
1	0
1	0
16	0
16	16
2	2
12	2
12	6
8	8
9	0
9	9
13	13
13	0
1	0
1	0
12	0
12	0
8	0
9	0
1	0
1	0
1	0
1	0
16	0
1	0
1	0
1	0
12	0
12	0
12	0
9	0
9	0
8	0
1	0
1	0
12	0
1	0
9	0
8	0
1	0
1	0
8	0
16	0
1	0
3	0
3	0
1	0
1	0
1	0
1	0
1	0
12	0
12	0
17	0
17	3
17	0
12	16
3	11
3	0
3	0
1	0
1	0
1	0
1	16
13	13
13	0
1	0
1	0
1	0
1	0
1	0
1	0
1	0
1	0
1	0
1	0
1	0
1	0
1	0
1	0
1	0
1	0
1	0
1	0
1	0
1	0
1	0
16	0
1	0
1	0
1	0
1	0
1	0
1	0
1	0
1	0
1	0
1	0
1	0
17	0
17	0
17	0
17	0
1	0
1	0
1	0
1	0
1	0
1	0
1	0
1	0
12	0
12	12
12	0
12	0
12	12
17	6
8	0
8	0
8	0
8	0
8	0
8	0
8	8
12	0
12	0
12	12
12	12
12	13
13	0
12	0
12	0
12	0
12	0
12	0
12	0
12	0
12	0
8	0
8	0
8	0
8	0
8	0
8	0
12	0
12	0
12	0
12	0
12	0
12	0
12	0
12	0
8	0
8	0
12	0
12	0
12	0
12	0
12	0
12	0
12	0
12	0
12	0
8	0
8	0
8	0
8	0
8	0
8	0
16	0
12	0
12	0
12	6
17	0
8	0
12	0
12	8
8	0
8	0
8	0
8	0
8	8
4	0
4	0
2	0
2	4
11	0
6	6
8	12
12	0
12	0
12	12
8	0
16	0
16	16
13	13
13	0
12	0
1	0
1	0
16	0
16	0
8	0
8	0
2	0
16	0
8	0
8	0
1	0
1	0
1	0
1	0
8	0
16	0
12	0
16	0
16	0
8	0
1	0
12	0
8	0
1	0
1	0
16	0
8	0
8	0
8	0
8	0
8	0
2	0
2	0
12	0
2	0
2	2
2	0
2	6
8	0
8	8
1	13
8	0
8	0
8	0
1	1
8	0
8	0
8	8
3	13
16	0
16	0
16	16
12	6
8	0
8	8
3	0
2	2
6	0
6	6
12	8
8	12
12	0
5	5
11	0
8	12
13	13
13	0
8	0
1	0
8	0
16	0
16	0
16	0
16	0
8	0
16	0
16	0
3	0
16	0
1	0
8	0
8	0
8	0
1	0
1	0
1	0
16	0
1	0
16	0
1	0
1	0
1	0
16	0
13	0
12	2
16	12
12	0
12	0
12	6
8	0
8	0
8	0
8	0
8	8
16	0
16	0
16	16
2	0
2	2
1	0
1	0
8	0
8	0
8	0
8	0
8	0
8	0
8	12
2	0
2	3
13	13
6	6
1	13
8	0
8	0
8	0
8	12
16	13
13	13
12	6
12	0
12	0
8	0
8	0
12	0
8	8
13	13
16	11
11	0
11	0
2	3
2	0
11	0
6	6
8	0
8	0
8	8
5	5
4	0
2	6
12	0
12	0
13	0
12	0
16	0
2	2
6	6
1	0
1	0
1	0
1	0
1	1
8	0
8	8
17	0
12	16
12	11
17	0
17	0
17	0
17	16
13	13
14	0
11	14
11	0
6	6
8	12
1	0
1	0
1	0
1	3
17	0
3	3
3	2
6	6
1	13
8	0
8	0
8	12
1	13
1	0
1	0
1	0
8	16
16	0
16	0
16	4
5	5
3	0
2	2
1	0
1	0
1	0
1	0
1	1
8	0
8	8
13	13
14	2
11	11
2	2
3	0
13	0
1	0
1	0
1	0
1	0
1	0
8	3
4	0
11	4
11	11
3	0
3	0
1	6
3	0
11	0
6	6
8	0
8	0
8	0
8	0
8	8
16	0
16	4
13	13
13	0
1	0
3	0
1	0
1	0
16	0
1	0
1	0
3	0
3	0
3	0
1	0
1	0
1	0
1	0
1	0
8	0
8	0
16	0
16	0
16	0
1	0
1	0
1	0
1	0
1	0
1	0
1	0
16	0
3	0
16	0
3	0
1	0
3	0
3	0
3	0
1	0
12	0
11	0
6	6
8	0
8	0
8	0
8	0
8	0
8	0
8	8
4	0
11	4
6	6
8	0
8	0
8	8
8	0
8	12
12	0
12	0
8	0
8	12
12	0
12	0
12	0
12	4
13	13
16	11
11	11
1	0
1	0
1	1
1	0
2	0
12	0
12	16
17	0
11	4
2	2
12	0
2	11
13	13
12	0
12	8
9	9
2	2
9	9
13	13
13	13
13	0
1	0
1	0
1	0
1	0
1	0
16	0
16	0
1	0
1	0
1	0
12	0
3	0
4	0
2	3
3	0
3	5
4	0
11	4
6	6
8	0
8	8
8	0
8	0
8	8
12	12
12	0
12	0
12	0
12	0
12	12
2	0
11	0
6	6
8	0
8	8
16	0
16	4
13	13
12	0
12	8
9	9
2	2
9	9
13	13
13	13
3	6
3	0
3	0
3	3
3	6
1	0
1	0
16	0
16	0
1	1
8	8
13	13
3	11
3	6
8	0
8	8
16	0
16	0
16	16
16	0
2	0
2	0
1	4
13	13
13	0
12	0
5	6
8	8
2	2
8	0
8	0
8	12
16	0
4	3
17	0
17	0
17	4
17	0
2	11
12	6
12	0
12	0
12	8
1	0
16	16
13	13
12	0
12	8
9	9
13	13
13	13
13	0
1	0
8	0
16	0
16	0
16	0
17	0
12	0
1	0
1	0
8	0
9	0
16	0
8	0
8	0
1	0
8	0
8	0
9	0
9	0
16	0
1	0
8	0
1	0
1	0
16	0
16	0
16	0
16	0
16	0
17	0
17	0
12	0
1	0
12	0
11	11
4	0
11	4
1	0
1	0
1	0
1	0
1	0
1	0
1	16
1	0
1	4
13	13
13	0
1	0
1	0
1	0
1	0
1	0
3	0
1	0
1	0
1	0
1	0
1	0
1	0
1	0
1	0
1	0
1	0
1	0
1	0
1	0
1	0
1	0
1	0
1	0
1	0
1	0
1	0
1	0
1	0
1	0
1	0
1	0
1	0
1	0
1	0
1	0
1	0
1	0
1	0
1	0
1	0
1	0
1	0
1	0
1	0
1	0
13	0
5	0
5	5
4	3
1	0
1	0
1	0
1	0
1	0
1	0
16	16
13	13
13	0
1	0
1	0
8	0
8	0
1	0
1	0
1	0
1	0
1	0
1	0
8	0
8	0
1	0
1	0
1	0
1	0
1	0
1	0
8	0
8	0
1	0
1	0
1	0
8	0
8	0
1	0
1	0
1	0
1	0
1	0
1	0
8	0
8	0
1	0
1	0
16	0
8	0
8	0
1	0
1	0
1	0
1	0
8	0
8	0
8	0
1	0
1	0
12	0
3	3
16	0
1	0
12	4
5	11
3	0
2	2
11	0
1	6
1	0
12	0
12	0
17	0
17	0
16	0
16	1
12	0
12	0
8	8
12	6
8	0
8	0
8	8
12	0
12	0
12	12
13	13
6	6
8	0
8	0
8	0
8	8
13	13
11	0
5	3
3	0
12	0
11	0
4	16
1	0
1	16
1	0
2	0
2	2
6	6
8	8
8	0
12	0
12	0
8	0
8	12
13	13
12	0
12	8
9	9
13	13
13	13
13	0
1	0
12	0
6	0
6	6
8	0
1	0
8	8
8	0
8	0
8	12
16	0
16	0
4	4
16	0
2	11
3	0
12	0
12	3
2	0
3	5
17	0
11	6
17	0
12	8
1	0
17	0
17	0
17	0
17	0
12	16
2	2
12	6
8	0
8	0
8	0
8	8
2	2
2	6
8	8
8	0
8	0
8	8
12	0
12	0
12	0
12	12
12	0
12	0
12	12
13	13
6	6
8	0
8	0
8	0
8	0
8	0
8	8
2	0
2	2
8	0
13	0
12	0
12	12
12	0
12	0
12	12
6	6
8	0
8	8
8	0
8	0
8	16
17	0
6	6
8	12
3	10
1	0
1	0
1	16
13	13
9	9
13	13
8	0
12	0
12	12
12	0
12	0
12	0
12	12
4	0
4	16
8	0
8	0
8	8
4	4
13	13
5	5
11	0
11	0
4	4
3	0
1	0
1	0
16	16
13	13
13	0
1	0
1	0
1	0
12	0
12	0
16	0
1	0
1	0
8	0
8	0
16	0
16	0
1	0
1	0
1	0
13	0
4	0
11	4
16	0
17	11
17	0
1	0
1	0
1	0
1	16
13	13
13	0
1	0
16	0
16	0
1	0
16	0
16	0
1	0
1	0
1	0
1	0
1	0
1	0
16	0
1	0
1	0
1	0
1	0
1	0
1	0
1	0
1	0
1	0
16	0
16	0
1	0
16	0
1	0
1	0
1	0
1	0
1	0
1	0
1	0
16	0
1	0
16	0
3	0
1	0
1	0
1	0
1	0
1	0
1	0
1	0
1	0
1	0
1	0
16	0
13	0
4	0
11	4
16	0
3	11
1	0
1	0
1	0
1	0
1	0
1	16
1	0
1	4
13	13
13	0
1	0
1	0
1	0
1	0
8	0
1	0
16	0
16	0
1	0
1	0
8	0
8	0
1	0
1	0
1	0
8	0
1	0
1	0
1	0
1	0
1	0
1	0
1	0
1	0
1	0
8	0
1	0
1	0
1	0
1	0
1	0
1	0
16	0
3	0
1	0
1	0
8	0
1	0
1	0
1	0
1	0
1	0
1	0
1	0
1	0
12	0
8	6
12	12
12	0
12	0
12	0
12	12
16	0
16	0
16	4
8	0
8	0
8	0
8	8
5	5
2	2
3	0
6	6
8	12
4	0
4	0
4	6
8	0
8	0
8	8
1	0
1	0
1	0
1	0
16	0
16	16
13	13
13	0
1	0
1	0
1	0
1	0
1	0
1	0
8	0
8	0
1	0
8	0
8	0
8	0
8	0
8	0
1	0
8	0
12	0
8	0
16	0
8	0
16	0
16	0
1	0
8	0
8	0
8	0
8	0
12	0
11	11
8	0
17	0
16	0
16	16
3	0
12	0
1	3
2	3
13	13
17	0
12	0
9	4
1	0
17	0
17	0
17	0
17	16
12	6
16	8
17	2
17	6
17	8
17	0
17	0
12	16
5	5
16	0
16	0
16	0
16	16
3	6
12	0
12	8
13	13
13	0
16	0
1	0
1	0
8	0
12	0
8	0
1	0
12	0
16	0
8	0
12	0
8	0
16	0
1	0
1	0
12	0
1	0
8	0
8	0
16	0
1	0
1	0
1	0
12	0
11	11
1	0
1	0
1	3
2	0
2	6
8	12
2	3
2	0
2	6
8	0
8	0
8	0
8	0
8	0
8	0
8	0
8	8
12	0
8	0
8	12
16	0
12	0
4	10
16	0
16	0
16	0
16	16
13	13
13	0
1	0
1	0
1	0
1	0
1	0
1	0
1	0
1	0
1	0
1	0
1	0
16	0
16	0
16	0
1	0
1	0
1	0
1	0
1	0
16	0
1	0
8	0
8	0
8	0
8	0
8	0
1	0
1	0
1	0
12	0
6	6
8	0
8	0
8	0
8	12
16	0
4	0
16	0
16	16
13	13
11	11
3	0
4	0
1	16
1	11
1	0
1	1
13	13
14	6
12	0
12	0
8	8
16	0
4	0
16	0
16	16
13	13
17	0
17	11
3	0
17	0
1	16
1	11
3	3
3	0
1	1
13	13
13	0
1	0
1	0
1	0
1	0
8	0
16	0
16	0
1	0
1	0
8	0
16	0
16	0
1	0
1	0
16	0
8	0
3	0
3	0
16	0
16	0
16	0
12	0
6	6
8	8
8	0
2	0
16	16
5	6
1	0
1	0
1	0
1	0
16	0
1	1
8	0
12	0
8	0
12	8
13	13
1	6
12	0
12	0
12	0
17	0
12	1
13	13
13	0
1	0
1	0
1	0
1	0
1	0
1	0
1	0
1	0
1	0
1	0
1	0
1	0
1	0
1	0
1	0
12	0
1	0
1	0
1	0
1	0
1	0
1	0
8	0
1	0
1	0
1	0
1	0
1	0
1	0
1	0
1	0
1	0
1	0
1	0
12	0
17	6
17	12
17	0
17	0
17	0
17	16
17	6
17	0
17	0
1	8
16	2
17	0
12	0
1	6
8	8
2	3
1	1
3	0
11	3
13	13
13	0
1	0
8	0
8	0
1	0
1	0
16	0
1	0
1	0
16	0
16	0
17	0
17	0
1	0
1	0
1	0
16	0
1	0
1	0
1	0
1	0
1	0
1	0
1	0
1	0
1	0
8	0
12	0
17	0
17	0
17	0
17	0
12	0
17	0
16	0
16	0
17	0
17	0
1	0
13	0
9	9
8	6
3	0
3	0
3	0
3	1
5	0
1	0
1	0
1	8
13	13
5	6
8	0
8	0
8	0
8	8
16	2
2	6
8	0
8	0
8	0
8	0
8	0
8	0
8	0
8	0
8	0
8	12
5	5
3	0
2	2
1	0
6	6
1	0
1	0
1	0
1	1
8	0
8	8
13	13
13	0
1	0
8	0
16	0
1	0
16	0
16	0
8	0
16	0
16	0
8	0
1	0
1	0
1	0
1	0
1	0
1	0
1	0
8	0
13	0
3	0
12	0
3	11
16	0
16	0
4	4
11	11
3	3
3	0
3	3
2	3
1	0
3	0
3	4
13	13
13	0
1	0
1	0
16	0
16	0
16	0
16	0
1	0
1	0
16	0
16	0
16	0
16	0
3	0
1	0
1	0
1	0
1	0
16	0
16	0
1	0
1	0
1	0
1	0
1	0
16	0
16	0
16	0
1	0
1	0
1	0
16	0
16	0
16	0
16	0
16	0
16	0
3	0
3	0
1	0
1	0
1	0
1	0
1	0
12	0
3	0
3	2
8	0
8	0
8	0
8	0
8	8
3	0
3	0
3	0
3	1
16	0
4	0
4	4
11	11
1	0
17	0
17	0
17	0
17	16
13	13
5	5
3	2
3	0
12	0
1	11
4	0
11	4
6	0
6	6
8	0
8	0
8	0
8	0
8	12
1	0
17	0
16	0
16	16
13	13
13	0
1	0
1	0
3	0
1	0
1	0
16	0
1	0
1	0
1	0
8	0
8	0
16	0
1	0
1	0
16	0
16	0
16	0
16	0
12	0
8	0
9	0
12	17
8	0
8	5
5	6
8	0
8	0
8	0
8	0
8	8
4	0
11	4
1	0
1	4
3	0
3	0
2	3
13	13
13	0
8	0
1	0
1	0
1	0
1	0
1	0
8	0
1	0
8	0
8	0
8	0
16	0
1	0
1	0
1	0
1	0
1	0
1	0
1	0
1	0
1	0
1	0
1	0
1	0
1	0
1	0
8	0
12	0
12	0
12	0
8	0
8	0
8	0
8	0
8	0
8	0
16	0
1	0
1	0
13	0
5	0
5	5
16	0
11	0
2	3
4	0
2	3
13	13
13	0
1	0
16	0
1	0
16	0
16	0
16	0
16	0
16	0
16	0
16	0
1	0
16	0
16	0
16	0
16	0
16	0
16	0
16	0
16	0
16	0
16	0
16	0
1	0
16	0
16	0
16	0
16	0
16	0
16	0
16	0
16	0
1	0
16	0
16	0
16	0
1	0
16	0
16	0
16	0
16	0
16	0
1	0
16	0
16	0
16	0
1	0
1	0
1	0
16	0
16	0
12	0
12	6
12	13
12	0
12	0
12	0
12	0
12	8
16	13
17	0
17	0
17	4
5	11
17	0
10	2
8	0
16	6
17	0
17	0
17	3
17	16
17	0
17	0
17	0
17	16
13	13
13	0
17	0
17	0
17	0
17	0
1	0
1	0
1	0
1	0
1	0
1	0
8	0
17	0
17	0
17	0
17	0
17	0
17	0
17	0
17	0
17	0
12	0
12	0
12	0
12	0
12	0
16	0
16	0
1	0
1	0
1	0
1	0
1	0
1	0
13	0
5	0
5	5
3	0
3	3
17	0
1	0
1	16
3	3
1	0
6	0
6	11
17	0
17	3
13	13
1	0
1	0
8	1
13	13
3	0
1	0
1	1
8	0
8	0
8	0
8	8
13	13
1	0
1	0
1	0
1	0
1	1
17	0
3	0
17	0
3	0
9	1
8	0
8	0
8	8
13	13
12	0
12	0
12	0
12	0
12	8
13	13
12	0
12	0
12	0
12	0
12	0
17	0
17	0
12	8
13	13
17	0
17	0
17	0
13	0
13	0
1	0
8	0
8	0
8	0
8	0
8	1
13	13
16	0
16	3
6	6
8	0
8	0
8	8
3	0
2	2
13	13
13	0
1	0
8	0
1	0
8	0
8	0
8	0
8	0
16	0
1	0
8	0
8	0
16	0
16	0
1	0
1	0
8	0
12	0
8	0
8	0
8	0
1	0
1	0
1	0
1	0
8	0
8	0
8	0
1	0
1	0
1	0
1	0
1	0
16	0
8	0
8	0
3	0
16	0
16	0
1	0
1	0
8	0
3	0
13	0
6	6
8	0
8	8
16	0
17	0
4	0
16	0
4	16
11	11
1	0
4	0
4	0
4	10
13	13
2	0
5	5
2	6
8	0
8	0
8	0
8	0
8	8
16	0
2	0
2	0
2	4
2	0
11	0
1	1
1	0
1	0
1	0
1	0
1	0
8	0
8	0
8	0
8	1
12	0
12	8
13	13
1	11
3	0
3	0
3	3
1	1
13	13
5	5
11	0
2	2
2	6
12	0
12	0
12	8
1	2
1	0
8	0
12	0
13	0
12	0
12	6
12	8
8	0
8	0
8	8
12	0
12	0
12	12
16	0
16	0
16	16
11	11
17	0
1	3
2	10
5	5
16	0
12	0
12	16
17	0
16	3
2	0
2	2
8	0
8	8
13	13
13	0
1	0
12	0
8	0
1	0
1	0
1	0
1	0
1	0
1	0
1	0
8	0
16	0
8	0
1	0
1	0
3	0
1	0
8	0
8	0
1	0
12	0
1	0
8	0
1	0
12	0
12	0
12	0
16	0
1	0
1	0
1	0
1	0
13	0
13	13
12	6
12	0
8	8
8	0
8	0
8	8
12	0
12	0
12	0
12	12
4	0
2	6
8	0
8	8
4	0
11	4
1	0
1	0
1	0
1	16
13	13
5	0
5	0
13	0
16	0
16	0
16	16
13	13
5	5
1	11
1	0
2	0
12	0
2	0
16	0
16	0
16	16
13	13
13	0
1	0
1	0
1	0
16	0
1	0
1	0
1	0
1	0
1	0
1	0
1	0
1	0
1	0
12	0
12	0
8	0
1	0
1	0
1	0
12	0
11	11
16	0
16	0
16	16
12	0
11	11
17	0
2	2
8	0
8	8
13	13
13	0
1	0
1	0
8	0
8	0
8	0
1	0
8	0
1	0
1	0
1	0
8	0
8	0
8	0
8	0
1	0
3	0
1	0
8	0
8	0
8	0
1	0
1	0
1	0
8	0
8	0
8	0
8	0
1	0
1	0
8	0
1	0
8	0
8	0
8	0
16	0
16	0
16	0
8	0
12	0
1	0
1	0
8	0
8	0
8	0
8	0
1	0
8	0
13	0
13	13
13	13
11	11
4	0
4	4
1	0
3	3
17	2
17	6
1	13
8	0
8	0
8	8
12	13
12	0
12	0
12	0
12	4
13	13
3	0
16	2
12	12
12	12
13	13
13	0
13	0
1	0
1	0
1	0
8	0
1	0
1	0
1	0
1	0
12	0
12	0
12	0
12	0
12	0
1	0
16	0
16	0
1	0
12	0
16	0
12	0
16	0
1	0
3	0
8	0
3	0
3	0
1	0
1	0
1	0
1	0
1	0
12	0
12	0
13	0
3	0
12	0
12	11
16	0
16	16
1	0
1	3
3	0
3	1
2	2
12	0
11	0
11	6
8	0
8	0
8	8
13	13
13	13
13	0
1	0
3	0
1	0
16	0
8	0
1	0
1	0
3	0
3	0
3	0
3	0
1	0
1	0
1	0
1	0
1	0
8	0
8	0
8	0
1	0
1	0
1	0
1	0
8	0
8	0
1	0
1	0
3	0
3	0
3	0
3	0
3	0
3	0
3	0
3	0
2	0
2	0
1	0
1	0
1	0
13	0
13	13
8	0
8	0
17	0
2	11
17	0
1	0
17	16
17	0
17	0
3	11
13	13
13	13
13	0
1	0
8	0
8	0
8	0
8	0
8	0
8	0
8	0
8	0
17	0
8	0
8	0
8	0
8	0
8	0
8	0
8	0
8	0
13	0
13	0
8	0
8	0
1	0
8	0
8	0
1	0
8	0
8	0
8	0
8	0
8	0
8	0
8	0
8	0
8	0
8	0
17	0
8	0
8	0
8	0
17	0
3	0
3	0
13	0
13	0
12	0
17	0
17	16
17	6
12	0
12	0
12	8
3	0
3	0
1	0
1	0
1	0
1	0
1	10
13	13
2	0
2	2
11	6
8	0
8	0
8	0
8	12
12	0
12	0
12	11
5	0
3	16
12	0
1	0
16	16
13	13
13	0
1	0
1	0
1	0
16	0
1	0
1	0
1	0
1	0
1	0
12	0
1	0
12	0
16	0
8	0
16	0
12	0
16	0
16	0
1	0
1	0
1	0
1	0
1	0
1	0
1	0
1	0
1	0
8	0
11	0
11	0
6	6
8	12
16	0
16	0
16	16
13	13
4	14
11	11
1	6
12	0
12	0
8	8
16	0
2	0
4	10
1	0
3	3
3	0
3	3
3	0
3	0
3	16
2	0
3	0
16	0
16	16
5	5
3	0
3	0
16	16
1	3
2	2
2	0
6	6
8	0
8	0
8	0
8	8
13	13
13	0
1	0
16	0
8	0
1	0
1	0
8	0
8	0
8	0
8	0
16	0
16	0
3	0
1	0
1	0
1	0
1	0
1	0
16	0
12	0
11	11
11	0
17	11
1	0
1	0
17	0
17	0
17	1
1	0
17	0
17	0
16	0
16	16
13	13
13	0
1	0
8	0
1	0
1	0
1	0
1	0
1	0
1	0
8	0
1	0
17	0
17	0
17	0
1	0
16	0
16	0
16	0
16	0
16	0
16	0
1	0
16	0
16	0
1	0
17	0
1	0
16	0
1	0
1	0
1	0
1	0
8	0
8	0
8	0
8	0
17	0
17	0
1	0
16	0
16	0
16	0
16	0
16	0
16	0
12	0
3	0
11	1
8	0
11	0
4	0
16	0
16	16
11	0
11	11
2	3
13	13
14	0
11	14
11	11
2	2
2	0
12	0
9	0
11	6
8	0
8	0
8	0
8	8
17	0
17	0
17	10
17	0
17	3
17	0
12	0
12	0
12	0
12	3
3	0
2	0
16	0
16	0
16	16
13	13
1	0
1	0
3	3
2	2
6	0
6	6
3	0
1	0
1	1
1	9
8	0
8	0
8	0
8	0
8	8
17	0
2	1
13	13
13	0
1	0
12	0
3	0
9	11
1	0
1	0
1	0
16	0
16	0
16	0
16	16
12	6
12	0
12	8
2	11
12	0
1	6
8	0
8	0
8	0
8	0
8	0
8	0
8	0
8	0
8	8
17	0
17	0
3	3
3	3
3	0
11	11
5	5
6	6
8	0
8	0
8	0
8	12
1	2
4	0
1	0
1	6
12	0
8	0
8	0
8	0
8	8
13	13
13	0
3	0
1	0
1	0
1	0
1	0
16	0
1	0
16	0
1	0
1	0
1	0
12	0
12	0
11	0
6	6
8	12
8	0
1	0
1	0
16	0
16	0
1	0
8	16
5	6
8	0
8	0
8	8
2	0
2	0
6	6
8	0
8	8
1	0
3	0
1	0
1	0
16	16
13	13
13	0
3	0
3	0
16	0
16	0
16	0
16	0
16	0
16	0
16	0
16	0
16	0
16	0
8	0
8	0
16	0
16	0
16	0
16	0
16	0
8	0
16	0
8	0
8	0
8	0
8	0
16	0
16	0
16	0
16	0
16	0
16	0
16	0
16	0
12	0
5	0
5	5
11	11
4	0
11	4
1	0
1	0
1	1
1	0
1	0
1	3
5	5
16	0
16	0
16	16
4	0
2	6
8	0
8	8
13	13
13	0
1	0
3	0
3	0
1	0
8	0
1	0
1	0
1	0
1	0
1	0
1	0
1	0
1	0
16	0
1	0
3	0
1	0
1	0
8	0
1	0
1	0
1	0
1	0
1	0
8	0
16	0
16	0
16	0
16	0
1	0
1	0
1	0
1	0
1	0
1	0
1	0
1	0
1	0
13	0
13	13
3	11
8	0
8	0
16	0
16	0
16	16
12	0
12	6
8	0
8	8
13	13
13	13
13	0
1	0
8	0
8	0
8	0
1	0
16	0
16	0
8	0
1	0
8	0
16	0
16	0
16	0
16	0
16	0
1	0
1	0
8	0
16	0
1	0
1	0
1	0
8	0
8	0
16	0
16	0
16	0
16	0
8	0
1	0
8	0
16	0
1	0
8	0
8	0
8	0
16	0
16	0
16	0
1	0
1	0
1	0
8	0
16	0
13	0
13	0
13	13
12	0
12	0
12	0
12	0
12	12
13	13
13	0
13	0
1	0
1	0
1	0
1	0
1	0
1	0
8	0
1	0
1	0
1	0
8	0
1	0
1	0
1	0
8	0
8	0
12	0
1	0
8	0
8	0
8	0
8	0
8	0
1	0
1	0
1	0
1	0
1	0
8	0
8	0
8	0
8	0
13	0
1	0
1	0
1	0
1	0
1	0
8	0
12	0
12	0
8	0
8	0
8	0
8	0
1	0
1	0
1	0
1	0
1	0
13	0
1	0
12	0
8	0
8	12
13	13
13	13
13	0
1	0
1	0
8	0
1	0
1	0
1	0
1	0
1	0
8	0
8	0
8	0
1	0
1	0
1	0
1	0
1	0
8	0
8	0
1	0
1	0
1	0
1	0
8	0
8	0
1	0
1	0
1	0
1	0
1	0
8	0
8	0
1	0
1	0
1	0
1	0
1	0
1	0
8	0
1	0
1	0
1	0
1	0
8	0
1	0
1	0
1	0
1	0
1	0
8	0
1	0
1	0
1	0
13	0
13	13
5	11
3	0
3	1
4	0
11	4
1	0
11	11
13	13
13	13
13	0
1	0
8	0
1	0
1	0
1	0
16	0
1	0
1	0
1	0
1	0
1	0
1	0
1	0
1	0
1	0
1	0
1	0
1	0
1	0
1	0
1	0
1	0
1	0
1	0
1	0
1	0
16	0
1	0
1	0
1	0
1	0
1	0
1	0
1	0
1	0
1	0
1	0
16	0
16	0
1	0
1	0
1	0
1	0
1	0
1	0
1	0
1	0
1	0
13	0
13	13
1	0
8	0
12	0
8	0
12	9
13	13
13	13
13	0
1	0
8	0
1	0
1	0
1	0
1	0
8	0
12	0
12	0
16	0
8	0
1	0
1	0
1	0
12	0
12	0
12	0
1	0
8	0
8	0
1	0
8	0
1	0
16	0
1	0
1	0
1	0
12	0
12	0
8	0
8	0
1	0
8	0
1	0
16	0
16	0
16	0
1	0
1	0
1	0
12	0
12	0
8	0
8	0
13	0
1	0
1	0
16	0
16	0
1	0
13	0
13	13
11	11
16	16
11	0
11	11
13	13
13	13
13	0
1	0
11	0
1	0
1	0
1	0
1	0
3	0
11	0
11	0
11	0
1	0
1	0
1	0
3	0
8	0
11	0
3	0
11	0
1	0
1	0
13	0
11	0
8	0
8	0
1	0
1	0
8	0
8	0
11	0
1	0
11	0
1	0
1	0
1	0
3	0
8	0
11	0
1	0
1	0
3	0
3	0
11	0
11	0
1	0
1	0
1	0
3	0
3	0
11	0
1	0
1	0
13	0
13	13
11	11
1	0
1	0
1	0
1	0
16	16
13	13
13	0
1	0
1	0
1	0
1	0
1	0
1	0
1	0
1	0
1	0
1	0
1	0
8	0
1	0
1	0
1	0
1	0
1	0
1	0
1	0
1	0
1	0
1	0
1	0
8	0
1	0
1	0
1	0
1	0
1	0
1	0
1	0
1	0
8	0
1	0
1	0
1	0
16	0
1	0
1	0
1	0
1	0
1	0
1	0
1	0
1	0
1	0
1	0
1	0
1	0
1	0
13	0
8	0
8	0
8	0
8	0
8	8
13	13
13	0
1	0
1	0
1	0
8	0
1	0
1	0
1	0
1	0
8	0
8	0
8	0
8	0
1	0
1	0
1	0
1	0
8	0
1	0
1	0
8	0
1	0
8	0
1	0
8	0
1	0
1	0
1	0
1	0
1	0
8	0
1	0
8	0
8	0
1	0
1	0
1	0
1	0
1	0
1	0
1	0
1	0
8	0
8	0
8	0
8	0
1	0
1	0
1	0
1	0
1	0
1	0
1	0
13	0
13	13
8	0
17	5
8	0
8	0
8	0
8	8
13	13
13	13
13	0
1	0
1	0
1	0
8	0
1	0
1	0
1	0
1	0
8	0
8	0
8	0
8	0
1	0
1	0
1	0
8	0
8	0
8	0
8	0
8	0
1	0
1	0
1	0
1	0
8	0
1	0
1	0
1	0
8	0
8	0
8	0
8	0
8	0
1	0
1	0
1	0
1	0
8	0
1	0
1	0
8	0
8	0
8	0
8	0
1	0
1	0
1	0
1	0
1	0
12	0
12	6
8	0
8	0
8	0
8	8
16	0
16	0
16	16
3	0
2	2
11	0
1	6
8	0
8	0
8	8
13	13
3	5
3	0
4	0
2	0
2	11
3	11
2	0
2	6
8	0
8	8
16	0
4	0
4	10
16	0
4	0
16	3
3	0
3	0
3	0
3	1
13	13
13	0
1	0
16	0
16	0
16	0
16	0
16	0
1	0
1	0
1	0
1	0
1	0
16	0
16	0
16	0
16	0
3	0
3	0
3	0
1	0
1	0
1	0
13	0
13	13
5	0
17	0
14	0
14	11
17	0
17	0
2	0
17	4
8	11
17	0
12	11
12	6
1	0
1	1
8	0
8	8
8	0
17	0
17	0
17	16
13	13
13	13
13	0
1	0
8	0
1	0
16	0
8	0
16	0
16	0
12	0
12	0
8	0
8	0
1	0
8	0
8	0
8	0
16	0
16	0
16	0
16	0
13	0
16	0
16	0
1	0
3	0
3	0
17	0
16	0
17	0
17	0
1	0
1	0
1	0
12	0
12	0
8	0
13	0
13	13
8	0
8	0
8	3
13	13
3	0
1	2
8	0
12	0
8	0
8	8
13	13
13	13
13	0
1	0
8	0
8	0
8	0
1	0
16	0
16	0
1	0
1	0
8	0
16	0
1	0
1	0
1	0
1	0
1	0
8	0
1	0
8	0
1	0
1	0
8	0
8	0
8	0
16	0
1	0
1	0
1	0
1	0
1	0
8	0
1	0
1	0
1	0
8	0
16	0
1	0
1	0
1	0
1	0
8	0
16	0
16	0
8	0
1	0
13	0
13	13
3	0
4	0
16	0
16	11
1	0
12	0
1	3
13	13
13	13
13	0
1	0
1	0
1	0
8	0
1	0
16	0
8	0
16	0
1	0
8	0
8	0
16	0
1	0
16	0
1	0
1	0
1	0
12	0
8	0
16	0
1	0
1	0
1	0
1	0
16	0
1	0
16	0
1	0
1	0
1	0
12	0
8	0
16	0
1	0
1	0
1	0
16	0
16	0
16	0
1	0
1	0
1	0
8	0
1	0
1	0
1	0
1	0
1	0
12	0
13	13
3	0
1	0
1	16
1	0
1	0
16	0
16	16
13	13
12	12
13	13
13	13
16	0
16	0
2	0
16	16
12	6
12	0
12	0
12	8
2	0
2	2
8	0
12	0
8	0
8	12
13	13
5	5
13	13
3	0
2	2
5	6
1	1
8	8
13	13
3	0
2	2
16	12
13	13
13	13
16	16
6	0
11	11
1	0
4	0
4	10
3	0
3	3
13	13
8	0
8	8
16	12
13	13
13	13
13	0
16	0
16	0
16	0
16	0
13	0
13	13
11	0
11	11
16	0
16	0
16	16
13	13
6	6
8	0
8	8
12	0
12	0
12	0
12	12
3	0
3	0
3	16
2	0
2	6
8	0
8	8
10	0
3	10
16	0
16	16
13	13
14	0
4	0
14	14
11	0
11	11
3	0
11	11
1	0
1	1
1	0
1	0
16	16
4	4
13	13
13	13
13	0
16	0
3	0
16	0
1	0
16	0
16	0
16	0
16	0
16	0
3	0
1	0
1	0
16	0
1	0
1	0
12	0
16	0
12	0
6	6
8	0
8	0
8	0
8	12
16	0
16	0
16	16
3	0
3	6
2	8
17	0
12	0
17	0
1	0
2	0
2	1
1	0
1	0
1	3
13	13
13	0
1	0
1	0
1	0
8	0
8	0
16	0
3	0
3	0
3	0
17	0
12	0
12	0
8	0
1	0
8	0
1	0
17	0
1	0
1	0
8	0
8	0
1	0
1	0
8	0
1	0
8	0
8	0
8	0
8	0
16	0
16	0
3	0
3	0
3	0
17	0
17	0
17	0
13	0
13	13
5	0
3	10
13	13
11	0
11	4
3	0
3	3
1	0
1	0
1	1
13	13
13	13
13	0
16	0
16	0
16	0
16	0
1	0
16	0
1	0
1	0
1	0
1	0
16	0
16	0
16	0
3	0
3	0
1	0
1	0
1	0
1	0
16	0
1	0
16	0
1	0
16	0
16	0
16	0
1	0
1	0
1	0
1	0
1	0
16	0
1	0
1	0
1	0
16	0
16	0
16	0
1	0
1	0
1	0
1	0
1	0
1	0
1	0
3	0
3	3
16	0
16	16
11	0
6	6
8	12
3	0
2	3
13	13
13	0
1	0
8	0
1	0
1	0
1	0
1	0
1	0
8	0
8	0
8	0
1	0
1	0
1	0
8	0
1	0
8	0
8	0
8	0
1	0
1	0
1	0
8	0
1	0
8	0
1	0
1	0
16	0
1	0
8	0
8	0
8	0
1	0
1	0
1	0
1	0
1	0
1	0
16	0
16	0
8	0
8	0
8	0
8	0
1	0
1	0
1	0
1	0
1	0
8	0
13	0
13	13
3	0
16	0
14	0
14	11
12	0
12	0
12	3
2	0
2	2
8	0
8	0
8	0
8	8
13	13
13	13
13	0
16	0
8	0
16	0
12	0
8	0
16	0
16	0
16	0
12	0
16	0
12	0
12	0
16	0
8	0
1	0
8	0
16	0
16	0
16	0
16	0
8	0
12	0
12	0
12	0
12	0
16	0
16	0
16	0
16	0
1	0
16	0
16	0
16	0
12	0
12	0
8	0
8	0
16	0
1	0
1	0
8	0
8	0
13	0
13	13
5	5
1	0
1	3
13	13
17	0
14	2
17	6
1	0
1	1
9	0
9	9
13	13
13	13
13	0
16	0
1	0
16	0
16	0
1	0
16	0
16	0
1	0
1	0
16	0
16	0
16	0
16	0
16	0
17	0
17	0
16	0
16	0
16	0
13	0
1	0
1	0
16	0
16	0
16	0
16	0
16	0
16	0
1	0
16	0
16	0
1	0
1	0
1	0
1	0
16	0
16	0
16	0
17	0
1	0
1	0
1	0
16	0
16	0
13	0
13	13
17	0
3	11
1	0
1	0
17	0
17	0
16	0
16	16
17	11
13	13
14	0
11	14
11	0
11	11
5	6
8	0
8	0
8	0
8	0
1	8
4	0
4	4
13	13
13	0
1	0
1	0
1	0
16	0
16	0
16	0
16	0
16	0
16	0
16	0
1	0
1	0
1	0
1	0
1	0
1	0
1	0
1	0
16	0
16	0
1	0
1	0
1	0
16	0
16	0
1	0
1	0
1	0
16	0
1	0
1	0
16	0
16	0
16	0
12	0
11	11
3	0
16	0
11	0
4	16
3	3
2	3
3	3
11	0
1	6
8	0
8	0
8	0
8	0
8	8
1	0
2	0
16	0
16	16
16	0
5	5
3	0
6	2
8	0
8	0
8	0
8	8
13	13
13	0
1	0
1	0
1	0
8	0
16	0
1	0
1	0
1	0
1	0
8	0
16	0
16	0
1	0
1	0
1	0
1	0
8	0
16	0
16	0
16	0
16	0
3	0
3	0
8	0
1	0
1	0
1	0
1	0
8	0
1	0
13	0
4	0
4	0
14	0
4	4
17	11
3	0
3	3
1	0
3	0
1	0
1	0
1	0
1	0
16	0
16	16
13	13
13	13
13	0
3	0
3	0
1	0
1	0
1	0
13	0
1	0
1	0
8	0
1	0
1	0
1	0
1	0
1	0
1	0
1	0
1	0
16	0
8	0
1	0
3	0
8	0
1	0
1	0
1	0
1	0
13	0
1	0
16	0
4	0
16	0
16	0
8	0
1	0
1	0
1	0
1	0
1	0
1	0
1	0
1	0
13	0
13	13
3	0
11	8
8	12
13	13
13	13
13	0
8	0
16	0
8	0
8	0
1	0
16	0
1	0
16	0
8	0
8	0
8	0
8	0
1	0
16	0
1	0
16	0
8	0
8	0
8	0
16	0
16	0
16	0
8	0
8	0
1	0
16	0
1	0
1	0
16	0
8	0
8	0
8	0
13	0
8	0
1	0
8	0
16	0
8	0
16	0
1	0
8	0
8	0
8	0
8	0
1	0
1	0
1	0
8	0
16	0
8	0
16	0
1	0
12	0
16	0
16	0
16	16
12	6
12	0
12	0
8	8
4	0
2	3
13	13
13	0
1	0
8	0
1	0
8	0
1	0
1	0
1	0
12	0
12	0
8	0
1	0
8	0
1	0
1	0
1	0
12	0
1	0
1	0
8	0
8	0
1	0
1	0
1	0
1	0
8	0
1	0
1	0
1	0
1	0
1	0
1	0
1	0
8	0
1	0
3	0
16	0
16	0
16	0
1	0
1	0
12	0
1	0
1	0
16	0
16	0
1	0
3	0
3	0
13	0
13	13
11	0
11	11
4	0
16	0
16	0
16	16
13	13
16	0
11	11
17	0
17	0
17	0
16	16
13	13
8	8
12	0
8	0
8	8
13	13
6	6
8	8
12	0
12	0
12	0
12	12
4	0
11	4
5	6
1	0
1	0
1	0
1	0
1	0
1	0
1	0
1	0
1	1
8	8
13	13
5	0
5	5
4	0
4	0
4	16
3	0
1	16
1	11
12	11
12	0
2	0
1	3
13	13
13	0
16	0
16	0
16	0
16	0
16	0
13	0
13	13
4	0
4	0
4	4
11	0
17	11
17	0
11	0
17	0
2	0
17	0
1	0
17	0
3	3
1	0
2	0
16	0
16	0
16	16
13	13
13	13
13	0
13	0
1	0
8	0
8	0
8	0
8	0
1	0
1	0
8	0
1	0
12	0
8	0
1	0
1	0
1	0
8	0
8	0
8	0
8	0
1	0
1	0
1	0
1	0
8	0
13	0
16	0
4	0
16	0
8	0
8	0
1	0
1	0
1	0
1	0
1	0
1	0
8	0
13	0
6	6
8	0
8	0
8	0
8	12
16	0
16	0
16	0
16	16
6	6
8	0
8	0
8	8
13	13
13	0
1	0
1	0
1	0
3	0
1	0
1	0
1	0
1	0
1	0
1	0
3	0
3	0
1	0
16	0
1	0
1	0
1	0
8	0
8	0
8	0
1	0
1	0
1	0
8	0
3	0
1	0
1	0
1	0
1	0
1	0
1	0
1	0
1	0
8	0
8	0
8	0
16	0
16	0
1	0
1	0
1	0
1	0
8	0
1	0
13	0
13	13
8	0
8	0
8	3
4	0
11	4
8	0
8	0
8	8
12	0
12	0
12	0
12	4
13	13
13	0
1	0
12	0
12	0
1	0
1	0
1	0
1	0
1	0
12	0
16	0
16	0
1	0
1	0
1	0
12	0
12	0
12	0
12	0
1	0
1	0
1	0
12	0
12	0
16	0
1	0
1	0
1	0
1	0
1	0
8	0
1	0
1	0
1	0
1	0
16	0
1	0
1	0
1	0
1	0
12	0
12	0
12	0
12	0
1	0
13	0
8	11
16	0
16	0
16	4
11	0
12	11
8	0
8	0
8	16
2	0
2	2
11	0
2	6
8	0
8	0
8	0
8	8
13	13
13	13
13	0
3	0
8	0
8	0
8	0
8	0
8	0
1	0
8	0
8	0
8	0
8	0
8	0
1	0
8	0
1	0
16	0
8	0
8	0
8	0
1	0
8	0
8	0
8	0
8	0
8	0
1	0
3	0
16	0
16	0
16	0
16	0
8	0
8	0
8	0
8	0
8	0
8	0
1	0
8	0
13	0
13	13
11	11
4	0
11	4
8	2
12	6
8	0
8	0
8	0
8	0
8	0
8	0
8	0
8	0
8	0
8	0
8	0
8	8
13	13
14	0
11	11
16	0
16	0
17	0
16	0
16	16
17	2
12	6
8	0
8	8
16	0
2	0
2	2
8	0
8	0
8	0
8	8
13	13
13	0
1	0
1	0
8	0
16	0
16	0
16	0
16	0
16	0
3	0
16	0
16	0
17	0
1	0
1	0
1	0
1	0
16	0
1	0
1	0
8	0
13	0
13	13
8	0
8	0
8	4
17	0
12	11
17	0
12	3
1	0
12	0
17	0
12	0
12	16
13	13
13	13
13	0
1	0
8	0
8	0
1	0
1	0
1	0
1	0
8	0
17	0
17	0
1	0
8	0
17	0
17	0
17	0
17	0
8	0
8	0
8	0
1	0
1	0
8	0
16	0
12	0
8	0
1	0
1	0
1	0
1	0
1	0
13	0
8	0
17	0
16	0
16	0
17	0
8	0
1	0
17	0
17	0
17	0
17	0
8	0
13	0
11	0
6	6
8	12
16	0
16	0
16	0
16	16
13	13
13	0
1	0
1	0
1	0
8	0
16	0
8	0
16	0
16	0
16	0
16	0
16	0
16	0
16	0
8	0
16	0
1	0
1	0
16	0
16	0
16	0
1	0
1	0
1	0
8	0
16	0
1	0
8	0
1	0
1	0
16	0
16	0
16	0
16	0
1	0
8	0
1	0
16	0
8	0
8	0
8	0
16	0
16	0
16	0
16	0
16	0
1	0
1	0
1	0
16	0
8	0
13	0
13	13
1	6
8	0
8	0
8	0
8	8
4	0
11	4
3	3
1	3
13	13
5	5
3	6
17	0
12	0
12	1
17	0
12	0
16	4
1	0
3	1
1	0
1	0
1	0
16	16
13	13
16	0
5	5
13	13
13	13
13	0
1	0
1	0
17	0
17	0
12	0
1	0
8	0
17	0
16	0
17	0
8	0
1	0
1	0
1	0
16	0
1	0
1	0
1	0
1	0
1	0
16	0
1	0
1	0
1	0
1	0
1	0
3	0
17	0
13	0
13	13
11	11
17	0
17	0
17	16
1	6
8	0
8	0
8	0
8	8
16	0
16	16
5	5
17	0
11	0
3	3
16	0
17	0
17	4
17	0
12	11
12	6
12	0
17	0
1	0
8	8
13	13
13	13
13	0
1	0
16	0
16	0
16	0
1	0
1	0
16	0
8	0
16	0
16	0
16	0
17	0
12	0
1	0
16	0
17	0
17	0
17	0
1	0
16	0
17	0
1	0
1	0
1	0
1	0
16	0
16	0
16	0
16	0
1	0
13	0
13	13
17	0
5	5
8	0
8	0
8	0
8	8
13	13
13	13
13	0
16	0
1	0
8	0
16	0
16	0
1	0
1	0
8	0
8	0
8	0
8	0
16	0
16	0
8	0
8	0
8	0
8	0
8	0
16	0
16	0
16	0
1	0
8	0
1	0
16	0
16	0
8	0
16	0
8	0
8	0
8	0
16	0
16	0
16	0
8	0
8	0
1	0
16	0
1	0
1	0
8	0
8	0
8	0
16	0
16	0
16	0
16	0
1	0
1	0
12	0
12	12
12	0
12	0
12	12
8	0
6	6
8	12
16	0
16	0
16	16
8	0
8	0
8	8
12	2
12	6
8	0
12	8
13	13
9	9
13	13
17	6
8	0
8	0
8	0
8	0
8	0
8	8
16	12
12	0
17	0
12	16
5	6
8	8
2	0
2	0
17	0
16	16
2	2
2	0
6	0
6	6
8	0
8	8
13	13
3	11
11	11
1	0
1	0
1	0
1	0
1	0
3	0
1	0
3	0
16	16
4	0
11	4
13	13
13	0
12	0
12	3
8	0
12	0
12	0
8	8
16	0
16	0
16	0
16	16
11	11
3	2
1	0
1	0
1	0
1	3
3	0
3	0
3	3
13	13
5	5
2	2
2	0
2	6
8	0
8	0
8	0
8	0
8	0
8	8
4	0
11	4
11	11
12	2
12	6
12	0
8	8
13	13
13	0
1	0
1	0
3	0
3	0
1	0
1	0
1	0
1	0
1	0
8	0
8	0
12	0
16	0
16	0
12	0
16	0
12	0
3	0
3	0
1	0
1	0
12	0
5	0
5	5
16	0
11	0
11	0
16	0
16	16
3	0
16	0
3	16
3	0
2	0
16	11
13	13
5	0
11	0
4	10
3	0
3	3
3	0
11	0
6	6
8	0
8	0
8	8
5	5
4	0
2	6
12	0
12	0
12	0
8	0
8	8
13	13
3	11
3	6
12	0
12	0
12	0
1	0
1	0
2	0
1	0
1	0
16	8
1	0
1	0
1	0
16	0
4	16
13	13
13	0
1	0
1	0
1	0
1	0
1	0
1	0
3	0
12	0
9	9
8	6
8	0
8	8
2	0
2	2
8	0
8	0
8	0
8	0
8	0
8	8
5	5
5	6
8	0
8	0
8	0
8	0
8	0
8	0
8	0
8	0
8	0
8	0
8	0
8	0
8	0
8	8
13	13
1	11
8	0
8	0
8	8
16	0
12	0
12	4
2	0
2	2
6	6
8	0
8	8
2	2
2	0
9	0
9	0
11	6
8	0
8	8
13	13
13	0
1	0
8	0
1	0
3	0
1	0
8	0
1	0
16	0
1	0
12	0
8	6
12	0
12	0
12	12
16	0
16	0
16	16
1	0
2	2
8	0
8	0
8	0
8	0
8	8
5	5
16	0
16	0
16	0
16	16
12	6
12	2
9	9
3	0
2	0
2	0
1	0
2	10
13	13
13	0
1	0
1	0
1	0
8	0
1	0
1	0
3	0
1	0
1	0
16	0
8	0
1	0
12	0
12	0
1	0
1	0
1	0
1	0
12	0
12	0
8	0
8	0
16	0
1	0
1	0
1	0
8	0
8	0
8	0
8	0
13	0
5	0
14	0
14	0
14	14
12	11
17	0
17	3
17	0
12	16
17	0
1	0
1	16
1	0
16	0
16	4
13	13
16	0
11	0
16	0
16	0
16	16
11	11
3	0
2	2
3	6
1	0
1	0
1	1
8	0
8	0
8	0
8	0
8	8
2	0
1	2
8	0
8	8
2	0
3	2
13	13
13	0
1	0
1	0
1	0
1	0
1	0
1	0
14	0
14	0
16	0
1	0
8	0
1	0
1	0
17	0
1	0
1	0
1	0
8	0
11	0
11	0
3	1
11	16
13	13
3	11
6	6
8	8
16	0
4	0
4	0
4	16
11	0
11	0
11	4
13	13
11	0
11	4
11	0
11	0
11	11
1	0
2	0
1	0
16	0
16	16
13	13
13	0
3	0
3	0
16	0
16	0
16	0
1	0
1	0
16	0
16	0
16	0
1	0
16	0
16	0
8	0
16	0
1	0
1	0
16	0
1	0
1	0
16	0
1	0
1	0
1	0
8	0
16	0
16	0
4	0
16	0
16	0
16	0
16	0
12	0
12	6
12	0
12	0
12	12
5	5
11	0
6	6
8	12
1	0
1	0
1	0
1	0
1	16
1	0
1	0
1	0
1	0
1	3
13	13
16	0
16	0
16	16
2	3
17	0
4	0
4	10
4	0
2	2
6	6
8	0
8	8
13	13
3	11
1	0
1	0
1	3
1	6
8	0
8	0
8	0
8	8
1	0
2	0
16	0
16	16
13	13
13	0
1	0
12	0
8	0
8	0
1	0
8	0
8	0
1	0
1	0
1	0
1	0
1	0
12	0
3	11
4	0
11	4
12	0
8	0
8	8
13	13
1	0
11	0
3	0
1	3
3	0
2	2
6	0
6	6
1	0
8	8
13	13
2	3
1	0
1	3
17	0
12	0
12	1
13	13
13	0
3	0
1	0
1	0
1	0
1	0
1	0
1	0
1	0
1	0
1	0
8	0
8	0
1	0
1	0
1	0
1	0
17	0
1	0
8	0
8	0
3	0
16	0
1	0
1	0
1	0
1	0
1	0
1	0
1	0
1	0
1	0
1	0
8	0
17	0
12	6
17	8
13	13
17	11
17	2
12	6
12	0
8	0
8	0
8	0
8	8
1	0
1	0
17	16
13	13
17	0
17	0
17	0
17	4
17	6
12	0
12	0
8	0
8	0
8	0
8	8
17	0
12	10
13	13
13	0
12	0
16	0
17	0
12	0
12	0
12	0
16	0
16	0
17	0
17	0
12	0
12	0
12	0
17	0
17	0
17	0
12	0
12	0
12	0
8	0
17	0
17	0
12	0
12	0
17	0
8	0
1	0
1	0
12	0
12	0
1	0
8	0
8	0
8	0
8	0
8	0
8	0
8	0
8	3
4	0
4	4
3	11
1	0
1	3
17	0
12	0
17	0
12	1
13	13
13	0
1	0
1	0
17	0
1	0
17	0
1	0
1	0
8	0
8	0
8	0
8	0
1	0
3	0
1	0
1	0
17	0
1	0
12	0
1	0
1	0
1	0
1	0
1	0
17	0
1	0
1	0
1	0
1	0
1	0
1	0
8	0
8	0
8	0
8	0
8	0
8	0
3	0
3	0
1	0
12	0
3	0
2	2
6	6
8	0
8	0
8	8
2	2
8	0
8	0
8	0
8	0
8	0
8	0
8	12
16	0
4	0
16	4
11	0
12	11
12	6
1	13
12	8
3	13
2	2
11	0
11	0
9	0
6	6
1	0
1	0
1	1
8	13
12	12
12	13
1	0
2	0
16	16
13	13
13	0
1	0
1	0
1	0
8	0
16	0
8	0
3	0
3	0
16	0
1	0
1	0
8	0
8	0
1	0
1	0
1	0
8	0
1	0
1	0
8	0
12	0
2	2
12	0
1	3
8	0
8	0
8	12
16	0
16	0
16	16
6	6
1	13
8	8
3	8
2	0
2	2
8	0
8	0
8	8
8	0
12	0
12	0
12	0
12	0
12	12
12	0
2	2
11	0
11	11
13	13
13	0
1	0
1	0
1	0
3	0
1	0
1	0
1	0
1	0
1	0
1	0
8	0
12	0
12	0
12	0
3	0
1	0
1	0
12	0
1	0
1	0
1	0
3	0
16	0
3	0
3	0
1	0
1	0
1	0
3	0
13	0
13	13
11	0
11	11
17	0
4	0
17	0
17	16
17	0
4	0
4	10
3	0
3	0
3	0
3	3
13	13
13	13
16	0
16	0
16	16
11	0
6	6
8	12
13	13
13	0
16	0
16	0
16	0
8	0
8	0
8	0
8	0
8	0
1	0
16	0
8	0
8	0
3	0
16	0
16	0
16	0
8	0
8	0
8	0
8	0
3	0
16	0
1	0
1	0
8	0
8	0
17	0
16	0
16	0
16	0
16	0
16	0
1	0
1	0
1	0
12	0
13	0
17	0
17	2
17	6
11	11
3	0
3	0
1	0
1	16
17	0
11	0
4	10
1	0
1	0
1	0
1	16
1	0
1	16
13	13
13	13
3	0
3	0
16	0
16	0
16	16
17	0
2	6
12	6
12	0
12	0
12	0
8	0
8	0
8	0
8	0
8	8
13	13
13	0
1	0
8	0
8	0
1	0
1	0
8	0
8	0
16	0
16	0
17	0
16	0
17	0
16	0
1	0
1	0
1	0
16	0
16	0
8	0
1	0
1	0
12	0
8	11
1	0
1	0
12	0
16	16
13	13
6	6
12	0
8	0
8	0
8	0
8	0
8	8
16	0
1	0
16	0
16	0
1	16
5	5
1	0
3	0
1	0
16	1
5	5
1	0
2	0
4	0
1	16
2	0
2	6
8	0
8	0
8	8
3	3
1	0
2	0
4	10
12	0
8	0
8	0
8	8
13	13
13	0
1	0
1	0
1	0
1	0
1	0
1	0
1	0
8	0
8	0
8	0
1	0
1	0
1	0
1	0
1	0
16	0
12	0
2	0
2	2
2	0
2	6
8	0
8	0
8	0
8	8
3	0
3	0
6	0
1	2
8	0
8	8
12	0
1	0
16	0
16	0
16	16
11	11
1	0
2	3
13	13
13	0
1	0
1	0
1	0
1	0
1	0
1	0
1	0
1	0
1	0
3	0
3	0
1	0
1	0
3	0
1	0
16	0
3	0
1	0
3	0
1	0
1	0
1	0
1	0
8	0
2	0
1	0
1	0
8	0
8	0
8	0
1	0
1	0
1	0
1	0
1	0
13	0
17	0
3	11
1	0
1	0
16	0
3	3
13	13
13	0
1	0
1	0
1	0
1	0
16	0
16	0
16	0
1	0
1	0
1	0
1	0
16	0
16	0
16	0
1	0
16	0
1	0
1	0
16	0
16	0
16	0
16	0
1	0
16	0
1	0
1	0
16	0
1	0
16	0
1	0
1	0
16	0
16	0
1	0
1	0
1	0
16	0
16	0
16	0
16	0
16	0
1	0
16	0
16	0
16	0
1	0
1	0
1	0
16	0
1	0
1	0
12	0
8	11
4	0
11	4
3	3
17	0
12	0
17	0
16	11
17	3
3	10
1	0
1	16
13	13
1	0
6	0
1	0
1	0
1	0
1	0
3	3
17	0
3	6
1	0
1	0
1	16
13	13
13	0
3	0
16	0
1	0
1	0
1	0
1	0
1	0
1	0
1	0
1	0
1	0
1	0
1	0
1	0
1	0
1	0
1	0
1	0
1	0
3	0
17	0
1	0
1	0
1	0
16	0
16	0
16	0
1	0
1	0
1	0
1	0
1	0
13	0
13	13
17	6
12	0
12	0
12	0
8	0
8	0
8	8
3	0
1	0
1	16
3	0
4	0
4	3
11	0
11	0
11	3
13	13
13	13
16	0
16	0
16	0
16	16
11	0
6	6
8	12
13	13
13	0
1	0
1	0
16	0
8	0
8	0
16	0
16	0
16	0
16	0
8	0
8	0
8	0
16	0
16	0
16	0
16	0
16	0
8	0
8	0
1	0
1	0
1	0
1	0
16	0
16	0
16	0
1	0
1	0
1	0
16	0
16	0
13	0
8	6
12	0
12	0
12	12
16	0
16	0
16	16
13	13
13	0
8	0
8	0
8	0
12	0
12	0
12	0
8	0
8	0
8	0
16	0
12	0
8	0
12	0
12	0
12	0
16	0
16	0
12	0
12	0
8	0
8	0
8	0
8	0
8	0
12	0
12	0
12	0
8	0
16	0
16	0
16	0
8	0
8	0
8	0
8	0
8	0
8	0
12	0
12	0
12	0
16	0
16	0
16	0
8	0
8	0
8	0
8	0
8	0
8	0
12	0
12	0
17	0
12	11
17	0
17	0
17	4
12	6
12	0
12	0
8	0
8	0
8	0
8	0
8	0
8	8
16	13
8	0
8	0
8	0
8	0
8	12
16	13
3	3
2	3
17	0
17	0
17	0
17	16
13	13
13	0
17	0
1	0
1	0
8	0
16	0
1	0
1	0
8	0
8	0
12	0
16	0
16	0
16	0
12	0
1	0
17	0
17	0
17	0
12	0
17	0
17	0
17	0
1	0
12	0
1	0
1	0
8	0
8	0
8	0
16	0
12	0
11	11
16	0
16	0
16	16
6	6
8	0
8	0
8	8
5	5
16	3
2	0
11	3
16	16
6	6
8	0
8	0
8	0
8	0
8	0
12	12
3	11
3	0
1	0
1	3
13	13
13	0
3	0
1	0
1	0
1	0
1	0
3	0
8	0
1	0
1	0
8	0
1	0
1	0
1	0
1	0
1	0
3	0
1	0
1	0
1	0
1	0
3	0
16	0
16	0
1	0
1	0
1	0
1	0
1	0
3	0
3	0
8	0
8	0
1	0
12	0
9	2
6	6
3	0
1	1
8	0
8	0
8	8
16	0
16	0
16	0
1	16
1	11
13	13
6	0
11	14
16	2
2	0
2	6
8	0
12	0
12	0
12	0
12	0
12	12
2	3
6	6
8	0
8	0
8	0
8	8
1	0
16	0
16	16
5	5
16	2
3	0
3	0
3	11
6	6
1	13
8	0
8	0
8	0
8	0
8	0
8	0
8	12
3	13
2	0
2	2
8	0
8	0
8	0
8	0
8	0
8	0
8	0
8	8
13	0
13	0
11	2
16	13
13	0
1	0
1	0
1	0
16	0
16	0
16	0
1	0
1	0
1	0
1	0
16	0
16	0
16	0
1	0
1	0
1	0
1	0
16	0
16	0
16	0
1	0
1	0
1	0
16	0
16	0
16	0
1	0
8	0
1	0
1	0
1	0
1	0
16	0
1	0
1	0
1	0
1	0
1	0
1	0
16	0
1	0
1	0
1	0
1	0
1	0
16	0
1	0
1	0
1	0
16	0
16	0
16	0
1	0
1	0
1	0
1	0
13	0
8	0
8	0
8	0
8	0
8	0
8	0
8	0
8	12
16	13
13	0
12	0
1	0
1	0
1	0
16	0
8	0
8	0
8	0
8	0
8	0
16	0
16	0
16	0
1	0
8	0
8	0
8	0
8	0
16	0
16	0
8	0
8	0
1	0
1	0
8	0
8	0
8	0
8	0
8	0
8	0
16	0
16	0
16	0
8	0
1	0
1	0
1	0
8	0
8	0
8	0
8	0
8	0
16	0
16	0
8	0
8	0
1	0
1	0
1	0
12	0
16	0
17	0
16	4
12	6
12	0
8	8
13	13
16	0
16	0
17	4
17	0
2	11
6	6
12	0
12	12
12	0
12	12
2	0
2	2
12	0
12	0
12	8
12	0
12	0
12	0
12	0
12	16
13	13
2	0
2	2
11	0
11	6
1	0
1	1
8	0
8	0
8	8
13	13
13	0
1	0
1	0
8	0
8	0
8	0
12	0
16	0
16	0
16	0
16	0
3	0
1	0
16	0
16	0
16	0
16	0
16	0
1	0
8	0
8	0
13	0
3	3
16	0
16	0
16	4
6	0
6	6
8	12
17	0
12	0
4	10
1	0
17	0
17	0
17	0
17	16
4	0
4	0
4	16
13	13
13	0
3	0
1	0
8	0
16	0
16	0
16	0
8	0
1	0
8	0
8	0
1	0
1	0
1	0
1	0
1	0
16	0
16	0
16	0
16	0
8	0
1	0
8	0
1	0
16	0
16	0
8	0
3	0
16	0
16	0
16	0
16	0
8	0
8	0
1	0
12	0
1	0
1	0
1	0
1	0
13	0
11	11
16	0
16	0
2	0
16	16
11	11
13	13
13	0
1	0
8	0
8	0
8	0
16	0
16	0
16	0
16	0
16	0
16	0
8	0
8	0
1	0
16	0
16	0
16	0
16	0
8	0
8	0
8	0
1	0
16	0
1	0
8	0
1	0
16	0
16	0
16	0
16	0
16	0
8	0
8	0
8	0
1	0
1	0
8	0
16	0
16	0
16	0
16	0
16	0
16	0
16	0
8	0
8	0
1	0
1	0
8	0
16	0
8	0
16	0
12	0
11	11
4	0
11	4
3	3
1	0
1	0
1	0
1	0
1	0
1	0
1	0
16	16
17	0
2	2
8	0
8	0
8	0
8	0
8	12
2	0
3	3
13	13
13	0
1	0
1	0
1	0
16	0
1	0
1	0
1	0
1	0
16	0
16	0
1	0
1	0
1	0
1	0
1	0
1	0
16	0
1	0
1	0
1	0
1	0
1	0
16	0
16	0
16	0
1	0
1	0
1	0
1	0
1	0
1	0
1	0
8	0
8	0
1	0
1	0
12	0
3	0
3	3
16	0
16	0
16	0
16	0
16	16
11	11
17	0
2	0
2	3
12	6
12	0
12	0
12	12
1	0
1	1
2	0
2	2
8	0
8	0
8	8
5	5
8	0
8	0
8	0
8	8
1	0
11	3
8	0
2	2
11	0
11	6
8	0
8	0
12	0
12	0
12	8
17	0
2	0
2	2
13	13
3	11
14	0
11	11
3	0
3	2
8	0
8	0
8	0
8	0
8	0
8	8
12	0
12	2
16	0
16	16
13	13
13	0
12	0
2	2
2	0
12	11
3	0
16	0
16	0
4	16
3	0
3	0
3	0
9	9
1	1
8	8
2	0
2	2
2	0
2	6
8	0
8	0
8	0
8	8
5	5
3	0
3	0
9	9
8	0
12	8
3	0
3	0
1	0
1	16
2	0
2	2
8	8
13	13
13	0
1	0
1	0
1	0
8	0
8	0
8	0
8	0
3	0
1	0
1	0
8	0
8	0
8	0
8	0
1	0
1	0
3	0
3	0
3	0
3	0
3	0
1	0
8	0
11	0
6	6
8	0
8	0
8	0
8	8
4	0
11	4
1	0
1	1
13	13
1	6
12	0
8	0
8	0
8	0
8	8
5	5
6	6
1	0
1	0
1	0
1	0
1	8
1	0
1	1
8	0
8	0
8	8
13	13
13	0
1	0
1	0
1	0
1	0
1	0
1	0
1	0
1	0
1	0
1	0
1	0
1	0
8	0
8	0
16	0
1	0
1	0
1	0
8	0
8	0
8	0
1	0
1	0
1	0
1	0
1	0
1	0
1	0
1	0
13	0
6	0
6	6
8	12
16	0
16	0
16	16
2	0
2	2
8	0
8	0
8	0
8	0
8	0
8	8
3	10
3	0
1	0
1	16
13	13
13	0
1	0
1	0
8	0
1	0
1	0
8	0
1	0
1	0
8	0
1	0
8	0
8	0
1	0
1	0
8	0
8	0
1	0
1	0
16	0
8	0
1	0
3	0
1	0
1	0
1	0
8	0
8	0
1	0
8	0
8	0
3	0
3	0
1	0
1	0
1	0
8	0
8	0
8	0
8	0
12	0
2	0
5	5
1	6
8	0
8	8
4	0
11	4
1	0
1	0
12	0
1	1
5	5
11	11
16	0
16	0
16	16
2	2
3	0
2	6
1	0
1	0
1	1
8	0
8	0
8	0
8	0
8	8
3	0
3	0
3	3
2	0
2	2
8	0
8	0
8	8
13	13
13	0
1	0
1	0
1	0
8	0
1	0
1	0
1	0
1	0
1	0
1	0
16	0
1	0
1	0
1	0
1	0
1	0
1	0
1	0
1	0
1	0
1	0
3	0
11	0
6	0
6	6
11	11
3	0
3	3
2	0
2	0
2	3
16	16
3	11
1	0
3	0
1	0
1	0
1	1
13	13
13	0
1	0
1	0
1	0
1	0
1	0
1	0
16	0
16	0
1	0
8	0
1	0
1	0
1	0
3	0
3	0
1	0
1	0
1	0
1	0
1	0
1	0
1	0
1	0
1	0
1	0
1	0
1	0
16	0
16	0
16	0
1	0
8	0
8	0
1	0
1	0
1	0
1	0
3	0
3	0
1	0
1	0
1	0
12	0
3	11
12	0
12	0
12	0
16	0
16	16
3	11
1	0
1	0
1	0
1	0
1	0
1	0
1	1
1	0
1	0
1	0
1	16
13	13
13	0
3	0
1	0
1	0
1	0
8	0
8	0
3	0
3	0
1	0
1	0
1	0
1	0
3	0
1	0
1	0
1	0
1	0
1	0
1	0
1	0
1	0
1	0
1	0
1	0
1	0
1	0
3	0
3	0
3	0
3	0
12	0
3	0
3	0
3	0
1	0
1	0
1	0
1	0
3	0
12	0
8	6
12	0
12	0
12	12
16	0
16	0
16	4
3	11
2	0
9	2
2	0
11	0
6	6
8	0
8	0
8	8
3	0
1	1
13	13
13	0
1	0
3	0
1	0
8	0
1	0
8	0
1	0
16	0
3	0
8	0
8	0
8	0
1	0
1	0
8	0
8	0
8	0
8	0
8	0
8	0
8	0
8	0
8	0
1	0
16	0
1	0
12	0
12	0
12	0
8	0
16	0
16	0
3	0
3	0
8	0
8	0
8	0
1	0
1	0
16	0
17	0
12	11
12	0
12	16
16	0
11	11
2	2
3	0
1	6
1	0
1	0
1	1
8	0
8	0
8	0
8	0
8	8
3	0
16	0
16	0
16	0
16	2
2	0
6	6
8	8
5	5
16	0
16	6
12	0
12	0
8	8
1	0
1	0
1	0
3	0
2	16
13	13
13	0
1	0
16	0
1	0
1	0
16	0
16	0
1	0
8	0
16	0
16	0
1	0
12	0
16	0
16	0
1	0
1	0
8	0
1	0
1	0
1	0
8	0
12	0
2	0
2	2
6	0
6	6
12	8
16	0
16	0
16	16
1	6
12	0
12	0
12	0
12	0
1	0
1	1
12	0
12	0
12	0
12	8
8	0
12	0
8	0
8	8
17	0
12	10
13	13
3	0
2	0
3	0
14	0
3	3
3	0
3	0
6	0
11	3
6	6
8	0
8	0
8	0
8	0
8	0
8	8
12	0
12	12
13	13
13	0
1	0
1	0
16	0
1	0
8	0
8	0
16	0
1	0
1	0
1	0
1	0
1	0
1	0
3	0
11	11
16	0
16	0
16	0
16	0
16	0
16	16
6	6
8	0
8	0
8	8
13	13
3	3
1	0
1	0
16	1
11	11
1	0
1	0
12	16
13	13
13	0
1	0
16	0
1	0
1	0
1	0
1	0
16	0
1	0
1	0
1	0
3	0
3	0
16	0
16	0
16	0
1	0
1	0
1	0
1	0
1	0
1	0
1	0
1	0
1	0
16	0
16	0
1	0
1	0
1	0
16	0
1	0
1	0
8	0
8	0
1	0
3	0
3	0
12	0
8	6
12	0
17	0
1	0
12	0
1	0
1	1
8	8
16	0
16	0
16	16
3	0
3	1
2	0
2	2
8	8
13	13
3	11
11	11
3	2
6	6
8	0
8	0
8	8
1	0
2	0
1	0
1	0
1	0
16	0
16	0
1	0
16	16
16	0
16	0
16	4
13	13
13	0
1	0
1	0
3	0
8	0
8	0
16	0
8	0
1	0
1	0
1	0
1	0
1	0
1	0
1	0
8	0
8	0
16	0
3	0
3	0
3	0
1	0
13	0
13	13
11	11
16	16
3	0
3	0
2	0
2	11
1	0
1	0
1	0
1	0
1	11
2	2
17	0
17	8
2	0
2	10
13	13
14	0
14	14
11	0
6	6
8	12
16	0
16	0
16	16
13	13
13	13
13	0
16	0
8	0
1	0
8	0
1	0
8	0
8	0
16	0
16	0
16	0
16	0
16	0
3	0
8	0
8	0
16	0
16	0
1	0
3	0
8	0
3	0
3	0
8	0
1	0
1	0
1	0
1	0
1	0
8	0
8	0
12	0
3	0
12	0
12	0
16	0
16	16
6	6
8	0
8	0
8	0
8	0
8	0
8	8
12	6
8	0
8	12
1	0
1	0
12	16
13	13
13	0
3	0
1	0
1	0
1	0
1	0
8	0
3	0
1	0
8	0
8	0
8	0
8	0
1	0
1	0
1	0
1	0
1	0
1	0
8	0
1	0
1	0
1	0
1	0
1	0
1	0
1	0
3	0
3	0
3	0
16	0
8	0
8	0
8	0
8	0
8	0
8	0
8	0
1	0
1	0
12	0
8	11
16	0
4	0
4	0
4	16
5	5
1	0
1	0
1	0
1	3
13	13
3	11
4	0
2	6
8	0
8	8
3	0
1	0
3	3
1	0
11	0
12	0
12	0
12	16
16	0
16	0
16	4
13	13
13	0
1	0
16	0
3	0
1	0
1	0
1	0
1	0
1	0
1	0
16	0
1	0
8	0
1	0
1	0
1	0
8	0
16	0
16	0
16	0
16	0
16	0
8	0
8	0
1	0
1	0
16	0
16	0
3	0
14	0
1	0
13	0
13	13
16	0
16	16
13	13
3	11
1	16
17	6
12	0
8	0
8	0
12	8
13	13
13	13
13	0
13	0
8	0
8	0
8	0
3	0
1	0
1	0
8	0
8	0
8	0
3	0
1	0
1	0
1	0
1	0
8	0
8	0
16	0
13	0
1	0
8	0
8	0
8	0
8	0
8	0
8	0
8	0
1	0
8	0
8	0
8	0
3	0
1	0
8	0
8	0
8	0
8	0
16	0
1	0
8	0
8	0
16	0
16	0
13	0
13	0
12	0
6	6
8	0
8	12
4	0
11	4
3	2
2	6
8	0
8	8
16	0
2	0
4	10
6	6
8	0
8	0
8	8
16	0
12	0
12	0
12	4
13	13
13	0
1	0
1	0
16	0
12	0
1	0
1	0
1	0
16	0
16	0
16	0
1	0
1	0
1	0
16	0
16	0
16	0
12	0
1	0
16	0
16	0
16	0
16	0
16	0
16	0
1	0
8	0
8	0
3	0
1	0
1	0
1	0
1	0
16	0
16	0
16	0
1	0
1	0
12	0
3	0
3	5
6	6
8	0
8	8
8	0
8	0
8	0
8	0
8	0
8	0
8	0
8	12
16	0
1	0
1	4
5	11
1	0
1	0
1	0
1	0
1	0
1	0
16	16
5	5
11	1
2	3
13	13
13	0
1	0
16	0
16	0
16	0
16	0
16	0
16	0
16	0
16	0
1	0
1	0
16	0
16	0
16	0
16	0
16	0
1	0
1	0
16	0
16	0
1	0
1	0
16	0
1	0
16	0
8	0
16	0
8	0
16	0
16	0
12	0
8	0
8	0
2	2
5	6
8	0
8	0
8	0
8	0
8	0
8	8
1	0
16	16
4	0
2	6
12	0
8	0
8	0
8	0
8	8
2	0
1	3
1	0
8	0
8	0
1	0
8	0
8	10
13	13
13	0
1	0
1	0
8	0
8	0
1	0
1	0
1	0
1	0
8	0
8	0
8	0
1	0
1	0
1	0
1	0
8	0
1	0
1	0
1	0
1	0
1	0
1	0
1	0
1	0
1	0
1	0
16	0
8	0
8	0
1	0
1	0
17	0
5	5
5	6
8	0
8	8
16	0
16	0
4	4
11	11
3	3
3	3
1	0
3	0
3	4
13	13
11	0
11	4
1	0
1	16
1	0
17	0
17	0
1	4
13	13
14	0
11	14
11	11
1	0
1	0
1	3
2	0
2	2
8	0
8	8
16	0
16	0
16	4
4	0
4	0
4	0
4	16
2	0
11	0
9	0
11	6
8	0
8	0
8	0
8	0
8	0
8	8
1	12
1	0
1	0
1	0
1	0
1	16
5	5
13	0
13	0
13	13
14	0
8	0
4	0
16	11
3	0
1	0
1	16
16	0
16	16
13	13
13	13
13	0
8	0
16	0
8	0
16	0
1	0
16	0
8	0
8	0
8	0
16	0
16	0
16	0
16	0
16	0
1	0
1	0
16	0
16	0
16	0
13	0
1	0
8	0
16	0
16	0
8	0
1	0
1	0
8	0
8	0
8	0
16	0
16	0
1	0
1	0
8	0
8	0
16	0
16	0
16	0
1	0
1	0
16	0
16	0
16	0
1	0
1	0
13	0
17	0
17	0
17	4
17	0
2	11
17	6
8	0
8	0
8	0
8	0
8	0
8	8
12	0
12	0
12	0
12	0
12	16
13	13
13	13
3	0
3	0
3	0
3	0
3	3
1	3
16	0
4	0
4	0
4	11
13	13
13	0
8	0
1	0
1	0
8	0
13	0
16	0
1	0
1	0
1	0
1	0
1	0
1	0
1	0
1	0
1	0
1	0
16	0
8	0
8	0
1	0
1	0
8	0
8	0
8	0
8	0
8	0
8	0
12	0
13	0
8	0
1	0
8	4
1	0
1	0
16	16
13	13
13	0
1	0
1	0
1	0
8	0
1	0
1	0
1	0
8	0
1	0
1	0
1	0
8	0
1	0
1	0
1	0
1	0
1	0
8	0
8	0
8	0
8	0
8	0
1	0
8	0
8	0
1	0
1	0
8	0
1	0
1	0
8	0
8	0
8	0
1	0
1	0
1	0
1	0
1	0
1	0
1	0
8	0
8	0
8	0
8	0
8	0
1	0
1	0
1	0
1	0
1	0
1	0
13	0
5	0
5	5
14	0
11	14
3	0
6	11
1	0
1	0
1	0
11	10
2	2
6	6
8	0
8	8
3	0
1	0
16	0
16	16
13	13
13	0
16	0
16	0
16	0
16	0
16	0
16	0
16	0
16	0
1	0
1	0
1	0
8	0
8	0
8	0
8	0
1	0
1	0
16	0
16	0
16	0
16	0
1	0
1	0
16	0
16	0
16	0
16	0
16	0
16	0
16	0
16	0
1	0
1	0
1	0
1	0
1	0
8	0
1	0
8	0
13	0
8	0
8	0
16	0
1	16
17	0
11	0
11	6
2	10
13	13
13	0
1	0
1	0
16	0
16	0
16	0
16	0
16	0
16	0
16	0
16	0
16	0
16	0
16	0
16	0
16	0
16	0
16	0
8	0
1	0
1	0
1	0
1	0
1	0
16	0
16	0
16	0
16	0
1	0
16	0
8	0
8	0
16	0
16	0
1	0
16	0
16	0
16	0
16	0
16	0
16	0
16	0
8	0
1	0
1	0
1	0
1	0
1	0
1	0
16	0
13	0
13	13
6	6
12	0
8	12
16	0
4	0
4	4
1	0
1	0
1	0
1	0
16	16
13	13
13	0
1	0
8	0
8	0
8	0
1	0
16	0
1	0
1	0
1	0
8	0
16	0
16	0
16	0
1	0
1	0
1	0
1	0
1	0
16	0
1	0
1	0
8	0
8	0
16	0
16	0
16	0
1	0
1	0
1	0
1	0
8	0
8	0
1	0
1	0
8	0
8	0
16	0
16	0
1	0
1	0
1	0
1	0
1	0
16	0
1	0
12	0
8	11
16	0
16	16
16	0
2	11
5	6
8	0
8	0
8	0
8	8
2	2
2	0
2	6
8	0
8	0
8	0
8	8
13	13
16	14
11	11
6	0
6	6
8	12
8	0
12	0
17	0
16	0
16	16
13	13
13	0
1	0
1	0
1	0
1	0
8	0
8	0
8	0
8	0
8	0
1	0
3	0
8	0
8	0
8	0
8	0
1	0
8	0
8	0
8	0
1	0
8	0
8	0
1	0
8	0
8	0
3	0
1	0
1	0
1	0
13	0
13	13
16	3
2	0
11	16
3	0
11	3
13	13
13	0
1	0
16	0
16	0
16	0
16	0
16	0
16	0
16	0
16	0
16	0
16	0
16	0
16	0
16	0
16	0
16	0
16	0
16	0
16	0
16	0
13	0
16	0
1	0
1	0
16	0
16	0
16	0
16	0
16	0
16	0
1	0
1	0
16	0
1	0
1	0
16	0
16	0
16	0
16	0
16	0
16	0
16	0
16	0
16	0
16	0
8	0
16	0
1	0
16	0
16	0
16	0
13	0
11	0
11	11
16	0
3	16
17	11
17	0
1	3
17	0
17	0
16	10
1	0
17	0
1	0
3	16
13	13
13	13
13	0
1	0
16	0
1	0
16	0
1	0
16	0
1	0
16	0
16	0
1	0
1	0
17	0
17	0
17	0
1	0
1	0
1	0
1	0
13	0
1	0
1	0
1	0
1	0
1	0
1	0
1	0
1	0
1	0
16	0
16	0
16	0
16	0
16	0
1	0
1	0
17	0
17	0
17	0
17	0
1	0
1	0
1	0
12	0
1	0
8	0
8	0
8	0
8	0
8	0
8	8
16	0
16	0
16	16
11	11
17	0
2	11
12	6
12	0
8	8
2	10
13	13
3	11
3	3
3	0
1	0
1	0
1	1
4	0
4	4
3	0
3	14
5	6
17	0
17	0
17	0
17	0
17	8
17	0
17	0
17	0
11	16
13	13
13	0
1	0
1	0
1	0
1	0
1	0
1	0
1	0
1	0
1	0
1	0
1	0
3	0
3	0
3	0
3	0
3	0
17	0
17	0
17	0
12	0
6	6
8	0
8	0
8	0
8	0
8	0
8	0
8	0
8	0
8	0
8	0
8	0
8	0
8	0
8	8
8	0
12	0
12	0
12	0
8	12
13	13
6	6
12	0
8	0
8	8
12	0
12	0
12	0
12	12
5	5
5	6
1	0
1	0
1	1
12	0
12	8
2	2
8	0
8	8
8	0
8	8
16	0
2	0
1	2
8	0
8	0
8	0
8	0
8	0
8	0
8	0
16	0
12	0
12	8
13	13
13	0
1	0
16	0
16	0
12	0
11	11
16	0
16	0
16	4
6	6
8	0
8	0
8	0
8	8
13	13
3	11
6	6
8	0
8	8
8	0
8	0
8	0
8	16
3	16
13	13
13	0
1	0
16	0
16	0
16	0
16	0
16	0
16	0
16	0
16	0
16	0
16	0
1	0
8	0
1	0
8	0
8	0
8	0
8	0
16	0
16	0
16	0
16	0
16	0
16	0
16	0
16	0
16	0
16	0
16	0
1	0
1	0
8	0
1	0
16	0
16	0
1	0
1	0
1	0
12	0
6	0
6	6
8	12
8	0
2	0
2	0
16	16
3	11
1	0
1	0
1	1
3	2
4	0
4	6
8	0
8	0
8	0
8	0
8	0
8	1
8	0
12	0
8	0
8	8
2	0
2	2
1	13
8	0
8	0
8	0
8	12
16	13
13	13
13	0
1	0
8	0
1	0
1	0
8	0
1	0
1	0
1	0
8	0
8	0
8	0
1	0
1	0
8	0
8	0
8	0
16	0
1	0
1	0
8	0
1	0
1	0
8	0
1	0
1	0
12	0
6	6
8	0
8	0
8	8
5	5
6	6
12	0
8	0
8	8
16	0
16	0
2	0
2	4
8	0
8	0
17	0
2	0
2	8
13	13
13	0
8	0
8	0
8	0
16	0
1	0
8	0
1	0
1	0
8	0
16	0
16	0
16	0
16	0
16	0
8	0
16	0
17	0
12	0
8	0
8	0
8	0
8	0
1	0
1	0
1	0
8	0
1	0
8	0
8	0
8	0
8	0
1	0
1	0
8	0
16	0
16	0
16	0
16	0
16	0
3	0
3	11
1	0
1	0
1	0
1	0
1	16
13	13
13	0
1	0
1	0
1	0
1	0
1	0
1	0
1	0
1	0
1	0
1	0
1	0
1	0
1	0
1	0
1	0
1	0
1	0
1	0
1	0
1	0
1	0
1	0
1	0
1	0
1	0
1	0
1	0
1	0
1	0
1	0
1	0
1	0
1	0
1	0
1	0
1	0
1	0
1	0
1	0
1	0
1	0
1	0
1	0
1	0
1	0
1	0
1	0
1	0
1	0
1	0
1	0
3	0
3	3
5	5
1	0
1	0
1	0
1	9
13	13
1	0
2	0
11	9
1	8
4	0
11	4
11	0
11	11
1	0
12	0
12	3
13	13
13	0
1	0
1	0
1	0
1	0
1	0
1	0
1	0
1	0
1	0
1	0
1	0
1	0
16	0
11	0
1	0
1	0
1	0
1	0
1	0
1	0
1	0
1	0
1	0
1	0
1	0
1	0
1	0
1	0
1	0
1	0
1	0
1	0
1	0
1	0
1	0
1	0
1	0
16	0
1	0
12	0
8	3
17	0
2	2
6	6
8	0
8	0
8	0
8	8
16	0
17	0
17	0
16	0
16	16
3	11
3	0
1	3
17	6
12	0
12	0
12	0
12	8
17	0
3	16
13	13
13	0
1	0
8	0
1	0
8	0
3	0
16	0
16	0
16	0
3	0
1	0
1	0
1	0
1	0
1	0
12	0
12	0
12	0
12	0
1	0
1	0
12	0
8	0
8	0
1	0
8	0
1	0
8	0
3	0
3	0
16	0
16	0
16	0
16	0
3	0
11	0
11	11
16	0
16	0
16	0
16	0
16	16
2	2
2	0
2	0
11	6
8	0
8	0
8	8
2	0
9	2
1	6
11	1
3	0
2	14
2	0
11	11
1	0
3	1
16	0
16	0
16	16
13	13
13	0
3	0
1	0
1	0
8	0
8	0
8	0
1	0
1	0
1	0
8	0
8	0
16	0
1	0
8	0
1	0
8	0
1	0
1	0
1	0
16	0
3	0
1	0
16	0
3	0
8	0
8	0
1	0
8	0
1	0
8	0
8	0
13	0
13	13
12	0
12	16
17	10
17	0
17	0
17	16
13	13
13	13
13	0
16	0
1	0
1	0
16	0
16	0
16	0
16	0
17	0
17	0
17	0
17	0
8	0
16	0
17	0
17	0
17	0
17	0
17	0
17	0
13	0
13	0
1	0
8	0
16	0
8	0
16	0
8	0
8	0
17	0
1	0
1	0
1	0
8	0
1	0
8	0
8	0
17	0
17	0
17	0
17	0
17	0
17	0
17	0
13	0
13	0
13	0
17	0
8	0
1	0
12	0
3	0
1	0
16	0
16	0
16	0
16	16
6	6
8	0
8	0
8	0
8	0
8	0
8	8
13	13
13	0
1	0
1	0
1	0
8	0
1	0
1	0
1	0
1	0
1	0
16	0
1	0
1	0
8	0
8	0
8	0
8	0
8	0
8	0
8	0
8	0
1	0
1	0
8	0
8	0
8	0
8	0
1	0
1	0
1	0
3	0
3	0
1	0
1	0
16	0
16	0
16	0
1	0
1	0
8	0
8	0
8	0
8	0
8	0
8	0
12	0
1	0
8	0
14	0
2	3
8	0
8	8
13	13
4	0
4	0
14	0
14	14
6	6
12	0
8	0
8	0
8	0
8	0
8	0
8	8
3	0
3	1
3	0
11	3
11	0
11	4
13	13
13	0
1	0
1	0
16	0
16	0
16	0
1	0
1	0
1	0
1	0
1	0
1	0
16	0
16	0
1	0
1	0
1	0
1	0
1	0
1	0
1	0
1	0
16	0
1	0
16	0
8	0
3	0
16	0
16	0
16	0
16	0
1	0
1	0
12	0
3	0
5	5
6	6
8	0
8	0
8	0
8	0
8	8
1	13
12	8
12	13
12	0
4	0
16	4
11	0
11	11
3	0
3	0
3	3
1	0
1	0
16	16
13	13
13	0
1	0
3	0
16	0
1	0
1	0
1	0
1	0
16	0
16	0
16	0
16	0
16	0
1	0
3	0
1	0
1	0
1	0
16	0
16	0
1	0
1	0
1	0
16	0
16	0
1	0
1	0
8	0
8	0
8	0
1	0
1	0
12	0
12	0
16	0
16	0
13	0
8	0
8	0
8	0
8	16
16	0
3	11
1	0
1	0
16	3
13	13
13	0
1	0
1	0
16	0
16	0
1	0
1	0
1	0
1	0
1	0
1	0
1	0
1	0
1	0
1	0
1	0
1	0
1	0
1	0
16	0
1	0
1	0
1	0
1	0
16	0
16	0
1	0
1	0
1	0
1	0
1	0
1	0
1	0
16	0
1	0
1	0
1	0
1	0
8	0
8	0
1	0
1	0
1	0
1	0
8	0
1	0
1	0
1	0
1	0
13	0
12	6
12	0
12	0
12	0
12	0
12	8
4	0
11	4
1	0
1	0
1	0
1	1
17	0
11	16
13	13
5	0
5	5
3	0
2	14
8	0
8	8
16	0
2	6
1	0
1	0
1	0
1	16
13	13
17	0
17	0
16	16
3	0
11	11
11	0
11	11
8	8
1	0
2	0
1	0
1	0
16	10
13	13
5	5
8	0
8	0
8	0
8	8
4	0
4	4
3	3
3	0
3	3
3	0
3	0
1	0
1	1
13	13
13	0
1	0
13	0
8	0
2	2
2	0
1	0
1	1
8	0
8	8
13	13
3	0
3	0
3	3
4	0
4	0
4	0
16	0
16	16
11	0
11	11
16	0
4	0
4	0
4	10
13	13
16	0
16	0
16	16
3	11
3	0
1	0
1	0
1	1
5	6
3	8
13	13
5	5
1	0
1	3
2	3
8	0
8	8
1	0
1	0
1	2
8	8
5	5
2	2
8	0
8	0
8	0
8	0
8	8
13	13
13	0
1	0
1	0
1	0
1	0
16	0
16	0
12	0
5	0
5	5
3	11
16	0
4	0
4	4
11	0
11	3
1	0
1	0
16	8
13	13
3	11
6	6
8	0
8	0
8	0
8	8
1	0
1	0
1	0
16	0
16	16
5	5
3	11
3	0
11	11
1	0
1	0
1	0
1	0
16	16
13	13
3	0
11	11
1	0
1	16
5	6
3	8
2	2
6	6
8	0
8	8
13	13
13	0
1	0
1	0
1	0
3	0
8	0
16	0
1	0
3	0
8	0
16	0
16	0
3	0
14	0
1	0
13	0
5	0
5	5
3	0
3	0
1	0
1	1
4	0
3	0
3	0
3	0
16	0
3	4
11	11
13	13
13	0
1	0
16	0
1	0
16	0
16	0
16	0
16	0
16	0
16	0
1	0
16	0
16	0
16	0
1	0
16	0
16	0
16	0
16	0
8	0
16	0
16	0
16	0
16	0
16	0
16	0
16	0
16	0
1	0
16	0
16	0
1	0
1	0
3	0
3	0
1	0
1	0
16	0
1	0
16	0
16	0
16	0
16	0
16	0
8	0
13	0
6	0
6	6
8	12
16	0
16	0
16	0
16	16
6	6
12	0
12	0
12	12
3	0
2	0
2	0
1	0
2	3
13	13
13	0
1	0
1	0
8	0
1	0
8	0
1	0
1	0
3	0
8	0
8	0
8	0
8	0
8	0
3	0
1	0
1	0
1	0
1	0
1	0
1	0
3	0
1	0
1	0
8	0
1	0
8	0
1	0
1	0
8	0
1	0
8	0
8	0
16	0
3	0
8	0
8	0
8	0
8	0
3	0
1	0
1	0
12	0
3	0
3	5
5	6
8	0
8	0
8	0
8	8
16	0
16	0
16	0
16	0
16	16
11	0
11	11
3	0
3	0
3	3
1	0
16	16
2	0
2	2
8	0
8	0
8	8
5	5
3	0
3	3
16	0
16	0
16	16
11	0
11	11
2	2
2	0
2	6
8	0
8	0
8	0
8	0
8	8
1	0
2	0
1	2
8	0
8	0
8	0
8	0
8	8
13	13
13	0
1	0
3	0
1	0
3	0
1	0
1	0
1	0
3	0
3	0
12	0
8	6
1	0
1	1
3	8
3	0
1	0
11	0
16	0
16	16
11	11
3	0
3	11
1	0
1	0
1	0
1	16
13	13
13	0
3	0
1	0
8	0
8	0
8	0
8	0
1	0
1	0
1	0
3	0
16	0
16	0
3	0
3	0
8	0
1	0
1	0
1	0
8	0
8	0
8	0
3	0
1	0
1	0
1	0
8	0
8	0
1	0
1	0
8	0
1	0
3	0
3	0
3	0
16	0
16	0
3	0
3	0
8	0
8	0
1	0
13	0
13	13
8	0
8	0
12	0
12	0
12	0
12	7
13	13
13	13
13	0
8	0
8	0
1	0
1	0
1	0
1	0
1	0
1	0
1	0
8	0
8	0
8	0
16	0
1	0
1	0
8	0
1	0
8	0
8	0
8	0
1	0
8	0
8	0
16	0
1	0
1	0
1	0
1	0
1	0
1	0
8	0
8	0
8	0
8	0
1	0
16	0
1	0
1	0
1	0
1	0
8	0
1	0
8	0
8	0
1	0
1	0
1	0
1	0
1	0
12	0
12	0
12	0
16	0
16	16
6	6
8	0
8	1
8	0
8	0
8	8
8	0
12	0
12	0
12	0
12	0
12	12
13	13
13	0
1	0
1	0
1	0
1	0
8	0
8	0
3	0
3	0
1	0
1	0
1	0
1	0
1	0
1	0
12	0
12	0
12	0
8	0
8	0
1	0
1	0
1	0
1	0
1	0
1	0
8	0
3	0
3	0
3	0
16	0
16	0
16	0
1	0
1	0
1	0
1	0
1	0
1	0
1	0
12	0
12	0
12	0
3	3
3	0
17	0
12	11
16	0
16	0
16	4
3	0
12	6
12	0
8	0
8	0
8	8
2	2
2	0
12	0
1	6
8	8
13	13
13	0
1	0
1	0
1	0
1	0
1	0
8	0
8	0
16	0
3	0
1	0
1	0
8	0
8	0
8	0
8	0
12	0
12	0
1	0
8	0
8	0
8	0
1	0
3	0
1	0
8	0
8	0
3	0
3	0
12	0
3	0
8	0
16	0
3	0
1	0
1	0
1	0
8	0
8	0
8	0
11	0
2	3
3	0
3	0
11	3
4	0
2	6
8	0
8	8
13	13
3	11
3	0
3	3
8	0
8	8
3	0
17	0
17	16
1	0
1	3
1	2
17	0
6	6
12	8
1	0
1	0
1	3
5	5
3	0
4	0
14	0
14	3
6	6
8	0
8	0
8	0
8	8
3	0
2	0
3	0
1	0
2	3
1	0
1	0
16	0
16	0
16	16
13	13
13	0
1	0
3	0
8	0
1	0
8	0
16	0
16	0
16	0
1	0
1	0
16	0
12	0
6	6
6	0
1	1
8	0
8	0
8	8
12	0
12	0
12	0
12	0
8	12
1	0
1	0
1	0
1	0
1	0
1	16
17	0
17	3
1	0
12	0
12	2
2	0
11	0
9	0
11	6
1	13
8	0
8	0
8	0
8	0
8	0
8	0
8	12
1	13
12	6
8	8
16	0
2	0
11	10
13	13
3	3
4	0
4	0
4	14
11	11
3	0
11	11
1	0
6	6
8	0
8	8
3	0
3	16
13	13
16	0
16	0
16	16
13	0
12	0
3	11
16	0
16	0
16	16
1	0
2	11
2	3
3	0
1	3
6	6
8	0
8	0
8	0
8	8
1	0
12	0
12	16
13	13
13	0
1	0
1	0
1	0
1	0
1	0
1	0
1	0
3	0
1	0
3	0
1	0
1	0
1	0
1	0
1	0
1	0
1	0
1	0
1	0
1	0
1	0
1	0
1	0
1	0
1	0
1	0
1	0
3	0
16	0
1	0
1	0
3	0
3	0
3	0
3	0
1	0
1	0
1	0
1	0
1	0
12	0
6	6
8	0
8	12
5	5
6	6
8	0
8	12
16	0
4	0
4	16
3	0
3	0
2	10
13	13
3	0
14	6
12	0
12	8
2	0
12	2
13	13
16	0
4	3
2	0
2	2
8	0
8	0
8	0
8	0
8	0
8	0
8	8
1	0
12	2
13	13
11	14
11	11
3	0
17	3
16	0
4	0
4	10
1	0
1	0
16	0
16	16
13	13
13	0
16	0
16	0
16	0
16	0
16	0
16	0
16	0
16	0
3	0
16	0
16	0
12	0
3	2
1	8
2	0
2	2
12	0
12	0
12	0
12	0
12	8
13	13
17	0
2	2
17	0
1	6
8	0
8	0
8	0
8	8
2	2
17	0
1	0
1	6
8	0
8	0
8	0
8	8
13	13
16	16
3	11
2	0
1	6
8	0
8	8
13	13
3	0
14	0
14	0
14	3
1	0
1	0
1	0
1	0
1	0
1	16
6	6
8	0
8	0
8	0
8	8
11	0
2	2
8	6
1	0
17	8
2	2
17	0
17	8
2	0
13	0
12	0
14	0
2	2
14	0
11	6
3	0
1	0
1	0
1	1
13	13
1	0
3	0
1	0
1	0
1	1
8	0
8	0
8	0
8	0
8	0
8	0
8	8
16	16
3	11
1	0
2	0
1	0
1	9
13	13
14	0
16	0
11	0
11	9
8	0
8	8
4	0
3	3
2	2
16	0
17	8
13	13
13	0
3	0
1	0
1	0
1	0
8	0
16	0
16	0
16	0
16	0
1	0
16	0
1	0
1	0
1	0
1	0
1	0
1	0
1	0
13	0
6	6
1	0
1	0
8	8
8	0
8	0
12	16
12	0
4	0
4	10
2	0
2	2
12	6
8	0
12	0
8	8
1	10
13	13
1	3
8	0
12	0
12	3
5	5
3	0
6	3
5	6
1	0
1	0
1	1
8	0
8	0
8	8
13	13
13	0
1	0
16	0
16	0
1	0
1	0
1	0
1	0
8	0
8	0
16	0
1	0
1	0
1	0
1	0
1	0
1	0
16	0
16	0
16	0
16	0
16	0
16	0
3	0
1	0
1	0
17	0
12	6
12	0
12	0
17	0
2	0
11	8
3	0
3	0
3	0
1	0
1	0
1	4
3	0
3	0
1	0
1	0
1	0
1	0
16	16
13	13
12	6
12	0
8	0
8	8
1	0
1	0
1	0
1	0
8	0
8	16
13	13
13	0
1	0
1	0
1	0
8	0
1	0
1	0
8	0
8	0
16	0
1	0
1	0
8	0
16	0
1	0
12	0
12	0
8	0
8	0
8	0
3	0
3	0
1	0
1	0
1	0
1	0
8	0
1	0
13	0
3	0
3	0
5	0
3	3
16	0
16	0
16	0
4	16
11	11
1	0
1	0
1	0
1	0
1	3
2	0
2	2
2	0
2	6
8	0
8	0
8	0
8	8
13	13
2	0
2	2
1	0
6	6
1	0
1	0
1	0
1	0
1	0
1	1
8	0
8	8
13	13
13	0
1	0
1	0
1	0
8	0
8	0
16	0
1	0
1	0
1	0
1	0
3	0
3	0
3	0
3	0
1	0
3	0
3	0
3	0
3	0
3	0
1	0
3	0
12	0
12	0
1	0
17	0
1	1
8	0
8	8
13	13
3	0
1	0
16	1
13	13
6	6
8	0
8	0
8	8
16	0
16	0
16	16
4	0
2	11
3	0
3	2
8	0
8	8
8	0
11	0
11	10
13	13
2	2
1	0
6	6
8	0
8	0
12	0
2	0
3	8
4	0
11	4
11	11
1	0
2	2
12	0
12	8
12	2
12	6
12	0
12	8
16	0
16	0
1	16
13	13
13	0
1	0
16	0
1	0
1	0
1	0
1	0
12	0
12	0
3	6
8	0
17	0
8	0
8	8
16	0
16	0
4	4
11	11
1	0
2	2
12	0
8	8
13	13
3	5
11	0
4	0
2	14
11	11
16	0
16	16
6	6
8	0
8	0
17	0
2	0
2	8
8	0
8	0
8	0
8	0
8	8
2	0
2	2
8	0
8	0
8	0
8	8
13	13
13	0
1	0
16	0
8	0
8	0
8	0
8	0
1	0
1	0
17	0
17	0
16	0
16	0
16	0
16	0
1	0
1	0
1	0
1	0
8	0
12	0
8	6
12	0
12	0
8	8
4	0
4	4
4	0
2	11
8	0
8	8
3	0
1	0
1	0
1	0
16	16
13	13
13	0
8	0
1	0
1	0
3	0
1	0
1	0
1	0
8	0
8	0
3	0
1	0
3	0
1	0
1	0
1	0
1	0
1	0
16	0
1	0
1	0
1	0
8	0
3	0
1	0
3	0
1	0
1	0
1	0
1	0
12	0
12	0
12	0
8	0
8	0
3	0
1	0
1	0
8	0
1	0
1	0
1	0
1	0
12	0
12	0
11	0
3	3
14	0
17	0
16	0
16	0
16	16
6	6
8	0
8	0
12	0
2	0
1	8
13	13
13	0
1	0
1	0
1	0
8	0
8	0
8	0
1	0
1	0
1	0
1	0
16	0
16	0
16	0
8	0
8	0
1	0
1	0
8	0
8	0
1	0
8	0
1	0
1	0
16	0
8	0
8	0
8	0
1	0
3	0
1	0
16	0
8	0
16	0
8	0
16	0
16	0
16	0
1	0
8	0
8	0
1	0
1	0
1	0
13	0
13	13
12	7
13	13
13	0
17	0
8	0
16	0
12	0
8	0
16	0
8	0
8	0
1	0
8	0
12	0
12	0
12	0
8	0
8	0
8	0
1	0
12	0
8	0
12	0
8	0
8	0
16	0
12	0
8	0
12	0
16	0
8	0
16	0
1	0
8	0
12	0
12	0
8	0
8	0
8	0
8	0
8	0
12	0
8	0
8	0
8	0
17	0
12	0
12	0
12	0
8	0
8	0
16	0
8	0
8	0
8	0
8	0
8	0
1	0
13	0
6	6
8	0
8	0
8	0
8	0
8	8
13	13
13	13
13	0
1	0
1	0
1	0
16	0
16	0
16	0
16	0
16	0
16	0
16	0
16	0
16	0
1	0
16	0
16	0
8	0
16	0
8	0
16	0
16	0
1	0
1	0
1	0
16	0
1	0
1	0
8	0
16	0
8	0
16	0
16	0
16	0
16	0
1	0
16	0
16	0
16	0
1	0
1	0
8	0
8	0
16	0
16	0
16	0
1	0
1	0
1	0
16	0
16	0
8	0
13	0
16	0
16	0
12	0
16	16
17	0
6	6
8	12
1	0
1	0
16	0
1	0
3	3
13	13
13	13
3	0
3	0
11	11
16	0
16	0
16	16
11	0
4	0
4	0
2	3
11	0
3	0
3	11
1	0
2	10
13	13
13	13
13	0
1	0
3	0
16	0
16	0
16	0
8	0
16	0
8	0
8	0
16	0
12	0
16	0
16	0
16	0
16	0
16	0
16	0
16	0
16	0
8	0
8	0
16	0
1	0
16	0
1	0
16	0
3	0
13	0
13	13
11	11
16	0
4	0
17	0
17	0
1	16
17	11
13	13
13	13
13	0
1	0
16	0
16	0
1	0
16	0
16	0
16	0
16	0
16	0
16	0
1	0
1	0
16	0
16	0
16	0
16	0
1	0
1	0
1	0
16	0
1	0
16	0
16	0
1	0
16	0
16	0
16	0
16	0
16	0
16	0
1	0
1	0
1	0
1	0
16	0
16	0
1	0
16	0
16	0
16	0
1	0
1	0
1	0
1	0
1	0
1	0
16	0
16	0
3	0
16	16
6	6
8	0
8	0
8	0
8	0
8	0
8	0
8	0
8	0
8	0
8	0
8	0
8	0
8	0
8	8
3	0
1	0
1	1
13	13
13	0
3	0
1	0
8	0
1	0
1	0
1	0
1	0
1	0
1	0
1	0
1	0
1	0
1	0
1	0
1	0
3	0
1	0
1	0
1	0
1	0
1	0
3	0
1	0
1	0
1	0
8	0
1	0
1	0
1	0
1	0
1	0
1	0
1	0
1	0
8	0
8	0
8	0
1	0
13	0
13	13
8	0
8	0
8	0
8	8
2	0
2	2
8	0
8	0
8	0
8	0
8	8
2	0
2	2
1	13
8	0
8	0
8	0
8	12
16	13
13	13
13	13
13	0
1	0
8	0
8	0
16	0
16	0
1	0
8	0
8	0
16	0
16	0
8	0
8	0
8	0
8	0
16	0
8	0
8	0
16	0
16	0
1	0
1	0
1	0
8	0
16	0
1	0
8	0
8	0
8	0
16	0
1	0
1	0
8	0
8	0
16	0
8	0
8	0
12	0
8	0
8	0
8	3
16	16
6	6
8	0
8	0
8	0
8	0
8	0
8	0
8	0
8	8
2	0
2	6
12	0
12	8
13	13
13	0
1	0
1	0
1	0
8	0
8	0
8	0
8	0
1	0
1	0
8	0
8	0
8	0
8	0
8	0
8	0
1	0
1	0
12	0
8	0
8	0
8	0
8	0
1	0
1	0
12	0
8	0
1	0
1	0
1	0
8	0
8	0
8	0
8	0
1	0
8	0
8	0
8	0
8	0
8	0
8	0
1	0
3	11
4	0
11	4
3	3
1	0
4	0
4	10
3	10
1	0
2	0
1	16
13	13
13	0
3	0
1	0
1	0
16	0
1	0
1	0
3	0
1	0
1	0
1	0
1	0
16	0
16	0
1	0
1	0
1	0
1	0
16	0
16	0
16	0
1	0
1	0
1	0
1	0
16	0
1	0
1	0
1	0
1	0
1	0
1	0
1	0
3	0
1	0
1	0
1	0
1	0
1	0
1	0
1	0
1	0
1	0
16	0
16	0
1	0
1	0
13	0
13	13
1	0
8	0
1	0
1	0
1	0
1	0
16	1
13	13
13	13
16	16
11	11
13	13
8	0
8	0
8	1
13	13
3	3
3	11
4	0
1	6
1	0
1	0
1	0
1	0
16	8
4	0
4	4
13	13
13	13
6	6
12	0
12	0
8	8
12	4
12	0
12	0
12	16
1	0
16	0
16	0
16	1
13	13
13	0
1	0
3	0
1	0
1	0
1	0
1	0
1	0
16	0
16	0
16	0
1	0
3	0
1	0
1	0
1	0
13	0
12	13
3	11
1	0
1	0
1	0
1	16
5	11
17	0
17	10
13	13
1	0
16	0
1	16
8	11
1	0
4	0
1	0
4	10
13	13
13	0
1	0
8	0
8	0
1	0
16	0
1	0
1	0
1	0
1	0
1	0
1	0
1	0
1	0
1	0
8	0
1	0
1	0
1	0
1	0
8	0
1	0
1	0
1	0
16	0
1	0
1	0
16	0
1	0
16	0
1	0
1	0
16	0
1	0
1	0
1	0
1	0
1	0
1	0
1	0
13	0
13	13
6	6
8	0
8	0
4	0
4	0
16	8
3	0
3	0
2	0
1	0
1	16
13	13
14	2
11	11
17	0
17	0
17	1
17	0
17	0
17	0
12	4
4	0
4	4
13	13
13	13
3	0
16	0
16	16
11	11
1	0
1	0
16	0
16	16
13	13
13	0
1	0
16	0
1	0
17	0
17	0
17	0
1	0
8	0
1	0
17	0
17	0
1	0
8	0
16	0
16	0
16	0
1	0
3	0
1	0
1	0
1	0
8	0
16	0
12	0
6	6
12	0
8	0
8	8
8	0
12	0
12	0
16	0
16	16
3	11
1	0
1	0
1	1
1	0
1	0
1	0
1	16
13	13
13	0
3	0
1	0
1	0
16	0
16	0
16	0
1	0
8	0
3	0
16	0
3	0
3	0
3	0
1	0
1	0
1	0
16	0
16	0
16	0
1	0
1	0
1	0
1	0
1	0
16	0
1	0
1	0
1	0
8	0
8	0
8	0
3	0
3	0
16	0
1	0
3	0
3	0
3	0
1	0
1	0
11	0
11	11
3	0
16	0
1	0
16	0
16	16
13	13
13	0
1	0
1	0
8	0
8	0
8	0
8	0
8	0
1	0
8	0
8	0
8	0
8	0
8	0
8	0
8	0
16	0
8	0
8	0
8	0
8	0
8	0
8	0
8	0
8	0
8	0
8	0
8	0
1	0
1	0
1	0
8	0
8	0
8	0
1	0
8	0
8	0
1	0
8	0
8	0
8	0
1	0
1	0
1	0
8	0
8	0
1	0
8	0
1	0
1	0
8	0
8	0
12	0
1	11
4	0
4	0
17	0
4	16
3	0
3	0
2	0
3	3
17	0
16	16
13	13
1	0
3	0
1	3
3	0
3	3
17	2
17	6
12	0
12	0
17	0
12	0
12	8
13	13
13	0
1	0
1	0
1	0
1	0
16	0
1	0
1	0
1	0
1	0
1	0
1	0
1	0
8	0
1	0
12	0
12	0
17	0
1	0
16	0
1	0
8	0
1	0
17	0
17	0
16	0
1	0
1	0
1	0
1	0
1	0
1	0
1	0
1	0
13	0
8	0
8	0
2	2
16	11
16	0
2	0
3	3
2	3
3	0
17	0
16	0
12	16
13	13
13	0
8	0
8	0
16	0
8	0
8	0
8	0
8	0
8	0
8	0
8	0
16	0
8	0
8	0
8	0
8	0
8	0
16	0
16	0
8	0
1	0
8	0
1	0
16	0
16	0
8	0
8	0
8	0
8	0
8	0
8	0
1	0
1	0
16	0
8	0
8	0
8	0
8	0
1	0
8	0
8	0
1	0
16	0
16	0
16	0
8	0
12	0
16	14
11	11
2	0
2	6
8	0
8	8
1	0
6	0
16	0
1	16
17	6
12	0
12	8
3	0
10	0
2	0
16	0
16	0
16	16
13	13
1	0
1	0
16	0
16	0
16	16
11	11
13	13
13	0
16	0
1	0
1	0
1	0
1	0
8	0
16	0
1	0
1	0
1	0
12	0
1	0
8	0
1	0
1	0
16	0
16	0
16	0
16	0
16	0
1	0
1	0
1	0
1	0
16	0
16	0
16	0
1	0
1	0
12	0
12	0
13	0
13	13
11	11
16	0
4	0
4	0
4	16
11	11
3	3
16	0
16	0
16	16
13	13
13	13
6	6
8	0
8	0
8	8
12	0
12	0
12	0
12	0
12	12
4	0
11	4
3	0
3	0
2	0
3	0
3	3
3	0
3	3
3	0
2	0
3	0
3	3
1	0
1	0
1	1
13	13
13	13
11	11
4	0
11	4
3	0
3	3
1	0
1	0
1	0
1	0
1	0
1	1
13	13
13	0
1	0
1	0
16	0
16	0
16	0
1	0
13	0
12	13
12	11
16	0
16	0
16	16
3	0
2	0
1	16
13	13
13	0
8	0
12	0
12	0
8	0
8	0
8	0
12	0
12	0
12	0
12	0
12	0
8	0
8	0
16	0
12	0
16	0
12	0
8	0
1	0
8	0
8	0
1	0
12	0
12	0
8	0
8	0
16	0
8	0
16	0
1	0
1	0
8	0
8	0
8	0
12	0
12	0
12	0
12	0
12	0
16	0
1	0
1	0
1	0
3	0
8	0
8	0
12	0
12	0
12	0
13	0
13	13
1	0
12	12
13	13
11	0
3	3
2	0
3	16
11	0
3	0
3	3
13	13
13	13
13	0
16	0
16	0
16	0
8	0
16	0
16	0
16	0
8	0
8	0
16	0
8	0
8	0
16	0
16	0
3	0
8	0
16	0
16	0
16	0
16	0
16	0
8	0
16	0
16	0
16	0
16	0
8	0
16	0
8	0
16	0
16	0
16	0
1	0
1	0
1	0
1	0
8	0
16	0
8	0
8	0
8	0
16	0
16	0
16	0
16	0
3	0
16	16
6	0
6	6
8	12
3	0
2	2
8	0
8	0
8	8
8	0
8	0
12	0
12	0
12	0
12	12
13	13
3	11
14	0
11	11
6	6
8	0
8	0
8	8
12	0
12	0
12	0
12	0
8	12
2	0
1	0
1	0
1	0
16	0
16	0
16	0
16	16
16	0
16	0
16	4
13	13
13	0
3	0
16	0
16	0
16	0
1	0
3	0
3	0
1	0
8	0
1	0
1	0
1	0
1	0
1	0
1	0
8	0
8	0
1	0
13	0
6	6
8	0
8	0
8	0
8	0
8	0
12	12
3	0
1	16
4	0
4	6
8	0
8	8
2	0
11	6
8	0
8	0
8	0
8	8
13	13
13	0
1	0
1	0
1	0
1	0
1	0
1	0
1	0
1	0
8	0
1	0
1	0
8	0
1	0
1	0
1	0
1	0
1	0
8	0
16	0
16	0
1	0
1	0
1	0
16	0
1	0
1	0
8	0
8	0
8	0
1	0
8	0
1	0
1	0
3	0
1	0
1	0
8	0
1	0
13	0
11	11
1	0
2	0
1	0
1	0
1	0
1	0
1	1
4	0
11	4
13	13
13	0
1	0
1	0
1	0
1	0
1	0
1	0
1	0
1	0
1	0
1	0
1	0
1	0
1	0
1	0
1	0
1	0
1	0
1	0
1	0
1	0
1	0
1	0
1	0
1	0
1	0
1	0
1	0
1	0
1	0
16	0
1	0
8	0
1	0
1	0
1	0
1	0
1	0
1	0
1	0
1	0
1	0
16	0
1	0
1	0
1	0
1	0
1	0
12	0
12	0
12	11
1	0
16	0
16	0
16	16
5	5
1	0
1	0
1	0
1	16
3	0
3	3
1	1
5	5
16	0
16	0
1	16
2	2
6	6
8	0
8	0
8	0
8	0
8	0
8	8
3	3
13	13
14	2
1	0
2	11
6	6
8	0
8	0
8	0
8	0
8	0
8	0
8	0
8	8
8	0
11	2
2	0
2	6
8	0
8	0
8	0
8	8
16	0
16	0
16	16
4	0
4	4
13	13
13	0
1	0
3	0
16	0
1	0
3	0
3	11
1	0
1	0
1	0
1	16
16	3
2	3
1	0
1	0
1	0
8	16
13	13
13	0
1	0
1	0
1	0
8	0
1	0
1	0
8	0
8	0
1	0
1	0
1	0
1	0
8	0
8	0
8	0
1	0
1	0
8	0
8	0
8	0
1	0
1	0
1	0
8	0
8	0
1	0
1	0
8	0
1	0
1	0
1	0
8	0
1	0
16	0
1	0
1	0
1	0
16	0
8	0
1	0
1	0
1	0
8	0
8	0
8	0
1	0
13	0
13	13
8	0
8	0
8	0
8	0
12	1
8	0
8	0
8	0
8	8
13	13
13	0
1	0
8	0
8	0
8	0
16	0
1	0
1	0
1	0
8	0
8	0
8	0
8	0
8	0
8	0
1	0
1	0
8	0
8	0
8	0
8	0
13	0
1	0
1	0
8	0
8	0
1	0
1	0
1	0
1	0
8	0
8	0
8	0
8	0
1	0
1	0
8	0
8	0
8	0
8	0
1	0
1	0
8	0
8	0
8	0
8	0
1	0
1	0
13	0
13	13
13	13
1	0
8	0
8	0
8	0
8	0
8	0
8	8
5	5
8	0
8	0
8	0
8	0
8	0
8	0
8	8
13	13
5	5
1	0
1	0
1	0
1	0
1	0
1	0
1	1
13	13
13	13
13	0
1	0
1	0
1	0
8	0
16	0
1	0
8	0
1	0
1	0
16	0
16	0
1	0
1	0
1	0
1	0
1	0
1	0
1	0
1	0
1	0
1	0
8	0
8	0
8	0
8	0
16	0
1	0
1	0
8	0
8	0
12	0
1	0
1	0
1	0
1	0
1	0
8	0
16	16
17	6
8	0
8	0
8	0
8	0
8	0
8	8
13	13
13	0
1	0
1	0
1	0
8	0
8	0
1	0
1	0
1	0
1	0
1	0
16	0
16	0
16	0
8	0
8	0
8	0
8	0
8	0
8	0
1	0
1	0
1	0
1	0
16	0
8	0
8	0
8	0
1	0
1	0
1	0
1	0
1	0
1	0
1	0
1	0
16	0
1	0
1	0
8	0
8	0
8	0
8	0
8	0
13	0
13	13
17	0
17	0
8	0
8	16
17	0
2	0
3	3
1	0
17	0
1	3
13	13
13	13
13	0
8	0
1	0
8	0
8	0
8	0
1	0
8	0
16	0
1	0
8	0
8	0
16	0
8	0
3	0
1	0
1	0
1	0
1	0
1	0
1	0
1	0
1	0
1	0
8	0
16	0
1	0
1	0
8	0
1	0
1	0
1	0
1	0
1	0
1	0
17	0
16	0
16	0
16	0
1	0
1	0
1	0
1	0
1	0
1	0
1	0
13	0
3	0
16	0
16	16
6	6
8	0
8	0
8	0
12	0
12	0
12	12
13	13
13	13
4	16
3	3
1	0
12	0
12	4
13	13
14	0
11	14
6	6
1	0
12	0
12	11
16	0
16	0
16	16
16	0
16	0
16	0
1	4
13	13
13	0
3	0
16	0
1	0
16	0
16	0
3	0
16	0
16	0
16	0
1	0
16	0
16	0
16	0
3	0
16	0
3	0
16	0
1	0
1	0
16	0
16	0
1	0
16	0
3	0
3	0
16	0
13	0
1	0
8	0
8	0
8	0
8	9
8	0
8	8
13	13
13	13
13	0
8	0
1	0
8	0
8	0
1	0
1	0
1	0
1	0
1	0
8	0
8	0
8	0
1	0
8	0
1	0
8	0
8	0
8	0
16	0
13	0
8	0
1	0
1	0
1	0
8	0
1	0
1	0
1	0
1	0
8	0
8	0
16	0
8	0
1	0
1	0
1	0
8	0
8	0
8	0
8	0
1	0
8	0
8	0
8	0
1	0
1	0
1	0
1	0
1	0
13	0
13	13
3	0
4	0
4	16
11	11
16	0
8	0
4	0
16	11
2	0
2	2
6	6
1	0
1	0
1	1
8	0
8	8
2	0
2	2
8	0
8	0
8	0
8	8
13	13
13	13
13	0
1	0
16	0
16	0
8	0
8	0
8	0
8	0
1	0
1	0
8	0
8	0
16	0
16	0
1	0
8	0
16	0
16	0
16	0
16	0
13	0
1	0
16	0
16	0
16	0
8	0
16	0
16	0
16	0
8	0
8	0
8	0
8	0
1	0
13	0
12	0
12	0
3	0
16	0
16	16
6	6
8	0
8	0
8	0
8	0
8	0
8	8
13	13
13	13
14	0
11	11
3	0
3	0
3	0
3	4
2	2
1	0
6	6
8	0
8	0
8	8
3	0
16	0
16	16
13	13
16	0
5	5
1	0
16	0
1	2
8	0
8	0
8	0
8	0
8	0
8	0
8	8
13	13
13	0
3	0
3	0
3	0
1	0
16	0
16	0
1	0
1	0
1	0
1	0
8	0
8	0
1	0
3	0
14	0
13	0
3	11
4	0
11	4
3	3
3	0
1	0
1	3
13	13
14	0
4	0
14	14
11	11
3	11
8	3
17	0
2	2
8	0
8	8
16	0
16	0
16	16
13	13
13	13
13	0
1	0
8	0
16	0
16	0
16	0
16	0
16	0
16	0
1	0
8	0
1	0
1	0
1	0
16	0
8	0
1	0
16	0
16	0
16	0
1	0
1	0
1	0
16	0
16	0
1	0
1	0
8	0
1	0
16	0
3	0
16	0
14	0
16	0
3	0
8	0
13	0
13	13
3	0
6	6
8	0
8	0
8	0
8	8
16	0
16	16
11	0
11	11
13	13
13	13
16	0
16	0
12	0
16	16
12	6
8	0
8	0
8	0
12	0
12	0
12	12
13	13
13	0
1	0
8	0
16	0
8	0
8	0
8	0
8	0
16	0
16	0
16	0
8	0
16	0
16	0
8	0
8	0
12	0
12	0
8	0
8	0
8	0
16	0
12	0
1	0
16	0
8	0
16	0
16	0
16	0
3	0
3	0
1	0
3	0
16	0
13	0
12	12
12	0
12	0
12	12
8	0
6	6
8	12
16	16
3	6
17	0
12	0
1	0
1	1
8	0
12	0
12	0
12	0
8	8
13	13
9	9
13	13
8	0
3	5
5	0
11	0
11	0
2	2
2	0
6	6
1	0
1	0
1	0
1	0
1	1
8	0
8	0
8	0
8	8
12	12
16	16
12	11
12	0
1	0
12	3
1	0
4	0
1	0
4	10
13	13
13	0
1	0
8	0
1	0
8	0
1	0
1	0
1	0
1	0
1	0
12	0
6	0
6	6
1	0
1	0
8	8
12	0
12	0
12	12
16	0
16	16
6	0
6	6
8	12
3	0
3	0
1	10
1	0
2	0
2	2
5	6
1	0
12	0
1	0
1	3
1	0
1	0
1	0
1	0
1	0
1	1
8	8
13	13
13	0
1	0
1	0
1	0
1	0
1	0
1	0
1	0
1	0
1	0
1	0
1	0
1	0
1	0
1	0
1	0
1	0
8	0
8	0
1	0
8	0
3	0
16	0
3	0
1	0
1	0
1	0
1	0
3	0
2	2
16	9
12	0
12	0
12	0
12	8
3	0
11	0
1	4
3	5
1	0
17	0
17	10
17	0
1	3
3	10
17	0
16	16
13	13
3	0
16	0
16	0
16	16
6	0
6	6
8	12
3	0
2	2
12	0
8	0
8	8
13	13
13	0
1	0
1	0
8	0
1	0
1	0
1	0
1	0
3	0
16	0
1	0
8	0
1	0
8	0
3	0
8	0
1	0
8	0
8	0
1	0
1	0
1	0
1	0
1	0
1	0
1	0
11	0
5	0
5	5
11	0
11	0
12	11
16	0
16	0
16	16
3	0
9	2
8	0
2	11
13	13
13	0
8	0
1	0
8	0
1	0
8	0
8	0
8	0
8	0
1	0
12	0
8	0
1	0
8	0
8	0
3	0
3	0
8	0
8	0
8	0
8	0
8	0
1	0
8	0
8	0
8	0
8	0
16	0
1	0
8	0
1	0
1	0
8	0
16	0
8	0
16	0
16	0
8	0
8	0
8	0
3	0
8	0
8	0
8	0
8	0
8	0
12	0
3	0
3	3
16	16
6	0
6	6
8	12
16	16
3	6
3	0
3	0
1	0
1	1
8	0
12	0
12	0
8	0
8	8
13	13
13	0
3	0
8	0
8	0
8	0
8	0
8	0
1	0
3	0
8	0
8	0
8	0
1	0
1	0
1	0
1	0
1	0
1	0
1	0
8	0
1	0
8	0
8	0
1	0
8	0
8	0
8	0
1	0
1	0
8	0
8	0
8	0
8	0
8	0
8	0
8	0
3	0
1	0
1	0
1	0
1	0
8	0
9	9
8	6
8	0
17	0
12	0
8	0
12	0
8	0
12	1
8	0
8	0
8	8
2	2
17	0
2	6
8	0
13	0
12	0
12	8
13	13
8	0
8	0
8	0
8	8
8	0
2	2
2	6
12	0
8	0
8	0
8	0
8	12
5	5
3	2
6	6
12	0
8	0
8	0
8	0
8	0
8	0
8	0
8	12
13	13
13	0
8	0
1	0
1	0
8	0
8	0
8	0
16	0
8	0
8	0
16	0
16	0
1	0
16	0
8	0
12	0
5	0
5	5
11	11
12	6
12	0
12	0
12	0
12	0
12	0
12	12
17	0
12	0
16	0
16	16
17	0
3	0
3	0
3	3
13	13
13	0
1	0
1	0
1	0
1	0
1	0
1	0
1	0
1	0
12	0
12	0
12	0
1	0
16	0
1	0
1	0
1	0
17	0
1	0
1	0
1	0
1	0
1	0
1	0
1	0
1	0
1	0
1	0
1	0
8	0
1	0
1	0
12	0
12	0
12	0
12	0
1	0
1	0
16	0
1	0
13	0
13	13
3	0
16	0
8	2
3	0
2	2
6	6
8	0
8	8
13	13
13	13
13	0
1	0
8	0
8	0
16	0
1	0
16	0
1	0
1	0
1	0
8	0
16	0
16	0
1	0
8	0
1	0
8	0
1	0
8	0
16	0
16	0
1	0
1	0
1	0
16	0
16	0
1	0
16	0
1	0
8	0
1	0
8	0
16	0
16	0
1	0
1	0
8	0
8	0
8	0
8	0
1	0
1	0
8	0
16	0
16	0
16	0
1	0
1	0
13	0
16	16
11	0
6	6
8	12
13	13
13	13
3	0
2	2
16	0
16	6
1	0
1	0
1	0
1	0
1	1
8	0
8	0
8	0
8	0
8	0
8	0
8	8
13	13
13	13
13	0
3	0
3	0
3	0
8	0
8	0
8	0
8	0
1	0
8	0
1	0
1	0
8	0
1	0
1	0
1	0
8	0
8	0
8	0
8	0
13	0
8	0
3	0
3	0
8	0
8	0
8	0
3	0
8	0
8	0
8	0
8	0
8	0
1	0
1	0
13	0
11	11
16	0
16	0
16	0
16	16
6	6
8	0
8	0
8	8
13	13
13	0
1	0
8	0
8	0
8	0
8	0
1	0
1	0
16	0
1	0
8	0
8	0
8	0
16	0
16	0
16	0
1	0
8	0
8	0
8	0
8	0
1	0
1	0
1	0
8	0
8	0
1	0
1	0
16	0
1	0
1	0
8	0
8	0
8	0
1	0
1	0
16	0
16	0
16	0
16	0
3	0
1	0
8	0
8	0
8	0
8	0
1	0
1	0
3	0
13	0
13	13
3	11
16	0
16	0
16	0
16	16
11	0
17	0
2	8
17	0
11	11
11	0
11	11
3	10
13	13
13	13
13	0
1	0
8	0
8	0
8	0
17	0
8	0
1	0
16	0
1	0
8	0
1	0
8	0
17	0
12	0
12	0
8	0
8	0
8	0
8	0
8	0
8	0
8	0
8	0
16	0
8	0
8	0
8	0
1	0
1	0
1	0
8	0
8	0
16	0
8	0
8	0
17	0
17	0
17	0
12	0
12	0
8	0
8	0
12	0
6	6
8	0
13	0
12	0
12	8
13	13
6	6
8	0
8	0
8	0
8	0
8	8
12	0
12	0
8	12
13	13
16	0
16	16
2	0
2	2
6	6
1	0
1	1
8	0
8	0
8	8
13	13
16	0
3	0
11	11
13	13
3	11
3	0
2	2
2	0
6	6
8	12
4	0
1	6
8	0
8	0
8	0
8	8
16	0
4	0
4	10
3	0
3	3
3	0
6	2
8	0
8	8
5	6
8	0
8	0
8	0
8	0
8	8
13	0
13	0
13	13
1	0
17	0
8	0
17	16
17	11
13	13
8	0
8	8
16	12
13	13
17	6
8	8
8	0
12	0
8	0
8	0
8	12
4	0
11	4
3	10
1	0
1	0
1	0
1	1
13	13
5	2
11	0
11	11
3	0
11	11
3	11
1	0
11	0
1	0
16	0
16	16
2	3
17	0
1	1
17	16
17	0
17	0
17	0
17	0
17	0
17	4
13	13
13	0
1	0
1	0
1	0
1	0
17	0
16	0
16	0
1	0
1	0
1	0
12	0
16	0
11	11
16	0
16	0
16	16
13	13
3	11
1	0
16	0
16	0
16	16
1	3
2	3
12	0
8	0
8	0
8	0
8	0
8	8
13	13
1	6
8	0
8	0
12	0
8	0
8	0
12	8
13	13
12	0
12	0
12	6
8	0
8	0
12	0
8	0
8	0
12	8
13	13
13	0
1	0
16	0
1	0
1	0
1	0
8	0
16	0
16	0
16	0
16	0
16	0
1	0
1	0
16	0
16	0
16	0
1	0
1	0
1	0
1	0
13	0
2	2
6	6
8	0
8	0
8	0
8	8
16	0
1	0
3	0
1	0
1	16
3	0
11	11
1	0
4	0
4	10
4	0
2	1
13	13
13	13
13	0
1	0
3	0
8	0
8	0
8	0
1	0
1	0
16	0
16	0
16	0
16	0
1	0
1	0
1	0
16	0
16	0
1	0
16	0
16	0
1	0
16	0
16	0
1	0
16	0
8	0
1	0
1	0
8	0
8	0
16	0
16	0
16	0
16	0
1	0
16	0
16	0
1	0
1	0
13	0
13	13
8	11
2	2
17	0
17	6
1	0
1	0
1	0
1	0
1	0
1	1
8	0
8	0
8	0
8	0
8	0
8	0
8	0
8	8
13	13
13	13
13	0
16	0
3	0
8	0
8	0
8	0
1	0
16	0
1	0
1	0
1	0
8	0
8	0
8	0
1	0
1	0
8	0
8	0
8	0
16	0
16	0
16	0
3	0
8	0
8	0
8	0
8	0
8	0
8	0
1	0
1	0
1	0
1	0
1	0
1	0
1	0
8	0
8	0
13	0
13	13
3	0
8	0
12	0
2	11
11	0
11	4
1	0
1	0
1	3
13	13
2	2
11	0
6	0
11	11
8	0
8	0
8	8
12	11
1	0
1	0
16	0
16	0
16	16
13	13
13	0
3	0
1	0
1	0
1	0
1	0
1	0
3	0
1	0
1	0
1	0
8	0
1	0
1	0
8	0
1	0
3	0
1	0
1	0
16	0
8	0
1	0
1	0
1	0
1	0
1	0
1	0
1	0
3	0
1	0
1	0
1	0
14	0
1	0
13	0
5	0
3	0
14	0
14	14
11	11
11	0
11	11
1	3
8	0
8	0
8	0
8	0
8	8
16	0
16	0
16	0
16	16
13	13
13	0
1	0
8	0
16	0
16	0
16	0
16	0
16	0
8	0
1	0
1	0
1	0
8	0
8	0
1	0
1	0
16	0
16	0
16	0
16	0
16	0
8	0
1	0
8	0
1	0
16	0
16	0
1	0
16	0
16	0
14	0
16	0
3	0
1	0
1	0
1	0
1	0
8	0
8	0
1	0
1	0
13	0
11	0
11	11
4	0
4	4
11	0
11	6
3	0
1	0
1	8
13	13
16	11
1	0
2	11
3	0
12	0
3	11
3	0
3	0
1	0
1	0
1	16
13	13
13	0
1	0
1	0
1	0
1	0
8	0
16	0
1	0
8	0
1	0
8	0
1	0
8	0
1	0
8	0
1	0
1	0
1	0
1	0
16	0
1	0
8	0
1	0
1	0
1	0
8	0
8	0
1	0
8	0
8	0
8	0
1	0
8	0
8	0
1	0
8	0
1	0
12	0
13	13
6	11
8	0
8	0
8	0
8	8
8	0
2	2
3	6
1	13
8	0
8	0
8	0
8	0
8	0
8	0
8	0
8	8
8	13
4	0
4	0
4	4
11	0
6	6
8	12
8	0
4	0
1	0
4	16
11	0
16	0
16	16
13	13
13	0
1	0
8	0
1	0
8	0
8	0
8	0
16	0
16	0
16	0
8	0
8	0
8	0
8	0
1	0
1	0
16	0
16	0
16	0
8	0
1	0
1	0
1	0
1	0
1	0
1	0
13	0
6	6
8	0
8	0
8	0
8	0
8	8
16	0
16	0
16	0
16	16
13	13
11	0
11	6
1	0
3	0
1	0
1	1
8	0
8	0
8	0
8	0
8	0
8	8
17	0
17	4
17	0
11	11
17	0
11	0
3	3
2	0
16	0
16	16
13	13
13	0
1	0
1	0
16	0
16	0
16	0
1	0
16	0
16	0
1	0
16	0
16	0
16	0
1	0
1	0
1	0
16	0
16	0
16	0
16	0
16	0
1	0
8	0
1	0
1	0
13	0
12	2
17	0
2	11
3	0
3	0
17	0
12	1
1	0
1	0
17	0
17	16
17	11
17	2
2	0
17	0
6	11
8	0
1	0
8	0
8	0
8	0
8	0
8	0
8	8
2	0
2	0
3	3
2	0
2	2
8	0
8	8
13	13
13	0
1	0
16	0
1	0
16	0
1	0
1	0
16	0
1	0
16	0
1	0
16	0
8	0
16	0
16	0
16	0
8	0
8	0
1	0
1	0
1	0
1	0
1	0
1	0
1	0
16	0
16	0
12	0
1	0
11	0
3	3
4	0
11	4
1	0
1	1
1	0
1	0
1	9
13	13
13	0
1	0
1	0
1	0
1	0
1	0
1	0
1	0
1	0
1	0
1	0
1	0
1	0
1	0
1	0
1	0
1	0
1	0
1	0
1	0
1	0
1	0
1	0
1	0
1	0
1	0
1	0
1	0
1	0
1	0
1	0
1	0
1	0
1	0
1	0
1	0
1	0
3	0
3	0
1	0
1	0
1	0
1	0
1	0
1	0
1	0
1	0
1	0
12	0
6	6
8	0
8	0
8	12
16	0
16	0
4	4
1	0
3	3
3	0
3	0
3	0
1	0
1	1
1	0
1	0
1	1
17	0
2	2
17	6
8	0
8	8
1	0
12	0
1	0
16	0
16	16
13	13
13	0
1	0
1	0
1	0
1	0
1	0
1	0
1	0
1	0
8	0
8	0
1	0
1	0
12	0
1	0
1	0
1	0
8	0
1	0
8	0
8	0
8	0
16	0
16	0
3	0
1	0
1	0
1	0
3	0
1	0
1	0
1	0
3	0
1	1
16	0
16	0
4	4
11	11
2	3
6	6
1	1
8	0
8	0
8	0
8	0
8	8
13	13
13	0
1	0
16	0
16	0
16	0
16	0
16	0
16	0
16	0
16	0
16	0
16	0
8	0
8	0
1	0
1	0
8	0
8	0
16	0
16	0
16	0
16	0
16	0
16	0
16	0
16	0
16	0
8	0
1	0
16	0
1	0
1	0
16	0
16	0
16	0
16	0
8	0
3	0
1	0
1	0
1	0
8	0
8	0
16	0
13	0
13	13
11	0
11	11
16	0
16	0
16	16
17	11
12	6
8	0
8	0
8	8
13	13
13	0
1	0
1	0
1	0
8	0
16	0
16	0
16	0
16	0
1	0
16	0
16	0
16	0
16	0
16	0
16	0
1	0
1	0
1	0
1	0
8	0
1	0
1	0
1	0
8	0
8	0
16	0
16	0
1	0
1	0
1	0
1	0
8	0
16	0
16	0
16	0
16	0
16	0
16	0
16	0
1	0
1	0
8	0
1	0
1	0
8	0
16	0
13	0
13	13
6	6
8	0
13	0
1	0
8	8
16	0
16	0
16	4
11	0
11	11
1	0
1	0
1	0
1	0
16	16
13	13
13	0
1	0
1	0
16	0
16	0
16	0
16	0
1	0
3	0
1	0
16	0
16	0
16	0
16	0
16	0
1	0
1	0
1	0
16	0
16	0
1	0
3	0
3	0
16	0
16	0
16	0
13	0
1	0
1	0
1	0
1	0
8	0
8	0
8	0
8	0
16	0
16	0
11	0
16	0
1	0
1	0
1	0
11	0
1	0
11	0
16	0
3	3
16	0
1	0
16	0
16	16
11	11
2	0
4	0
4	16
13	13
14	0
11	14
3	11
2	0
2	2
2	0
6	6
8	12
8	0
12	0
12	0
12	11
1	0
6	0
1	0
1	16
16	0
16	0
16	16
13	13
3	0
4	5
11	11
11	0
11	11
1	0
1	0
1	0
1	0
1	1
3	0
3	0
3	16
16	16
13	13
13	0
1	0
3	0
1	0
16	0
8	0
16	0
16	0
16	0
16	0
14	0
13	0
13	13
6	6
8	0
8	0
8	0
8	0
8	12
16	0
16	0
16	4
6	6
8	8
3	0
2	0
17	0
2	3
17	2
12	6
12	8
12	0
12	0
12	16
13	13
13	0
12	0
1	0
12	0
16	0
16	0
16	0
16	0
8	0
1	0
1	0
1	0
1	0
17	0
12	0
12	0
12	0
12	0
12	0
16	0
13	0
12	0
12	0
1	0
1	0
8	0
8	0
8	0
8	0
16	0
16	0
16	0
16	0
1	0
8	0
1	0
1	0
3	0
2	2
6	0
1	6
8	0
8	8
4	0
11	4
2	3
1	0
1	0
1	0
1	11
3	0
3	0
3	0
3	0
3	4
13	13
13	0
1	0
1	0
1	0
1	0
1	0
1	0
1	0
1	0
1	0
8	0
1	0
1	0
1	0
1	0
8	0
1	0
1	0
1	0
1	0
1	0
1	0
1	0
1	0
1	0
1	0
1	0
1	0
1	0
1	0
1	0
1	0
8	0
1	0
1	0
8	0
1	0
1	0
1	0
1	0
13	0
3	11
1	0
1	0
1	4
4	11
6	6
8	0
8	0
8	0
8	8
12	0
12	0
12	12
1	0
1	0
16	16
5	5
3	0
3	0
3	0
3	3
1	0
1	1
16	0
16	16
13	13
11	11
3	0
3	16
6	6
8	8
1	0
8	0
8	0
8	0
8	0
8	16
16	16
13	13
13	0
1	0
1	0
1	0
1	0
16	0
16	0
1	0
1	0
1	0
1	0
1	0
1	0
1	0
8	0
1	0
1	0
1	0
1	0
1	0
12	0
3	0
9	6
8	0
8	0
8	0
8	8
16	0
17	0
1	0
1	16
1	0
1	0
1	0
16	16
13	13
14	0
11	14
3	0
11	11
3	0
3	1
16	0
4	0
4	1
13	13
5	5
3	3
3	0
3	1
13	13
13	0
1	0
1	0
1	0
16	0
16	0
1	0
1	0
16	0
8	0
1	0
16	0
16	0
1	0
16	0
8	0
3	0
1	0
1	0
1	0
1	0
16	0
1	0
1	0
1	0
1	0
1	0
1	0
16	0
3	0
11	11
16	0
12	0
16	0
16	0
3	6
8	0
2	2
8	0
8	0
8	0
8	0
8	8
13	13
5	5
8	0
2	2
8	0
8	8
2	2
8	0
8	0
8	0
8	8
16	0
16	0
16	2
13	13
5	5
3	0
11	0
16	0
16	0
16	0
16	3
3	0
3	3
6	6
1	0
1	0
1	1
8	0
8	8
13	13
13	0
3	0
16	0
16	0
1	0
8	0
1	0
8	0
8	0
8	0
1	0
1	0
8	0
8	0
16	0
12	0
6	6
8	0
8	0
8	0
8	0
8	12
16	0
16	0
16	4
3	0
3	0
3	0
3	3
1	6
8	0
8	0
8	8
3	0
2	0
3	0
1	0
1	0
16	0
16	16
13	13
13	0
1	0
8	0
16	0
3	0
3	0
3	0
3	0
1	0
1	0
1	0
16	0
1	0
3	0
1	0
1	0
1	0
1	0
16	0
16	0
1	0
1	0
1	0
8	0
8	0
8	0
16	0
16	0
16	0
3	0
3	0
3	0
3	0
1	0
12	0
11	11
4	0
4	0
4	0
4	16
3	0
3	0
1	0
2	3
13	13
8	0
8	8
16	12
13	13
14	0
11	14
3	0
11	11
3	0
3	3
3	6
3	0
3	0
1	1
8	0
8	8
2	2
12	6
8	0
8	0
8	8
4	0
4	4
13	13
13	0
1	0
1	0
1	0
1	0
1	0
1	0
1	0
8	0
1	0
1	0
8	0
1	0
8	0
1	0
8	0
1	0
16	0
1	0
1	0
1	0
1	0
1	0
16	0
16	0
13	0
12	13
8	6
8	0
8	0
8	8
17	0
2	2
8	0
8	8
13	13
13	0
8	0
8	0
1	0
1	0
16	0
8	0
8	0
8	0
17	0
16	0
16	0
8	0
16	0
8	0
17	0
16	0
16	0
1	0
8	0
8	0
13	0
8	0
1	0
1	0
1	0
13	0
8	0
8	0
16	0
1	0
1	0
8	0
8	0
13	0
8	0
8	0
12	0
12	0
8	0
16	0
17	0
8	0
8	0
8	0
8	0
8	0
8	0
8	0
12	0
6	0
6	6
8	12
16	0
4	0
4	4
3	11
1	0
3	3
1	0
17	0
1	0
1	16
13	13
13	0
1	0
8	0
1	0
16	0
1	0
8	0
1	0
8	0
8	0
16	0
16	0
3	0
3	0
1	0
1	0
1	0
1	0
16	0
16	0
8	0
8	0
1	0
16	0
1	0
1	0
1	0
8	0
1	0
1	0
8	0
8	0
8	0
8	0
8	0
8	0
16	0
3	0
3	0
1	0
1	0
1	0
1	0
16	0
16	0
12	0
12	6
12	0
12	0
8	8
16	0
17	0
17	0
17	4
17	6
6	0
3	0
1	1
8	0
8	8
12	0
12	0
12	0
2	2
17	0
12	0
12	11
8	8
12	0
12	0
12	16
13	13
13	0
1	0
8	0
8	0
1	0
1	0
1	0
8	0
8	0
12	0
12	0
17	0
8	0
8	0
12	0
12	0
8	0
12	0
12	0
8	0
12	0
12	0
12	0
8	0
16	0
16	0
16	0
16	0
8	0
1	0
1	0
1	0
8	0
12	0
17	2
17	6
8	0
8	0
8	0
8	0
8	8
13	13
16	2
17	6
12	0
12	0
12	0
12	12
13	13
8	0
2	2
6	6
1	0
1	0
1	1
8	0
8	0
8	0
8	8
4	0
11	4
1	0
1	0
1	0
12	11
1	0
1	0
16	16
13	13
3	11
1	6
12	0
12	8
17	2
12	6
1	0
1	16
8	0
8	0
8	0
8	8
1	0
1	0
16	16
4	0
4	4
13	13
13	0
1	0
16	0
1	0
8	0
1	0
12	0
1	8
8	8
4	0
11	4
5	6
8	0
8	0
8	8
8	0
8	0
8	0
8	0
1	12
8	0
8	0
12	0
8	0
8	16
13	13
5	6
8	0
8	0
1	0
1	0
1	0
1	0
1	0
1	0
1	0
8	0
1	0
8	8
13	13
13	0
1	0
8	0
1	0
16	0
8	0
8	0
1	0
1	0
8	0
1	0
1	0
1	0
1	0
8	0
16	0
8	0
1	0
1	0
1	0
1	0
8	0
8	0
8	0
1	0
1	0
17	0
12	6
12	0
12	0
12	0
12	0
8	8
16	0
16	0
16	0
16	16
5	11
16	2
6	6
8	0
8	0
8	8
2	2
17	0
17	0
12	3
2	2
1	0
12	0
17	0
17	3
13	13
13	0
1	0
1	0
1	0
1	0
1	0
16	0
1	0
1	0
12	0
1	0
1	0
1	0
17	0
1	0
1	0
1	0
3	0
17	0
1	0
1	0
12	0
1	0
16	0
16	0
16	0
16	0
16	0
1	0
16	0
16	0
16	0
1	0
12	0
9	2
17	6
1	13
12	0
12	0
13	0
3	0
3	0
3	0
1	8
8	13
2	0
2	2
1	0
6	0
1	0
1	0
1	0
1	1
8	0
8	0
8	0
8	0
8	8
16	0
16	0
16	16
1	6
8	0
8	0
8	0
8	0
8	8
13	13
11	11
16	0
17	0
1	4
1	0
1	0
1	0
16	16
16	0
16	4
13	13
13	0
8	0
8	0
1	0
1	0
8	0
8	0
1	0
1	0
1	0
8	0
1	0
1	0
1	0
12	0
12	12
12	0
12	0
12	12
8	0
6	6
8	12
5	5
3	6
3	0
1	1
8	0
8	0
8	0
8	0
8	0
8	0
8	0
8	8
13	13
9	9
13	13
3	0
16	0
16	0
1	16
13	13
8	0
8	0
8	0
8	0
8	1
16	0
17	0
4	4
11	11
12	6
12	0
12	8
2	2
6	0
1	6
1	0
1	0
1	0
1	1
8	0
8	0
8	8
2	0
2	10
13	13
5	5
11	11
3	0
16	0
16	0
16	0
13	0
11	0
9	9
11	2
17	0
11	6
16	0
1	0
12	0
1	0
1	1
8	0
8	0
8	8
13	13
14	0
3	3
2	0
2	2
11	0
11	6
8	8
2	0
2	2
12	0
8	0
8	0
8	12
13	13
17	0
17	0
17	16
17	6
17	0
17	0
1	1
8	0
8	0
12	0
8	0
12	8
13	13
3	11
16	0
11	0
4	10
16	0
16	0
16	4
16	0
16	0
4	0
4	16
16	0
2	0
11	16
13	13
13	0
1	0
1	0
1	0
12	0
12	6
8	8
4	0
11	4
1	0
2	6
8	12
1	0
1	3
4	0
11	3
2	0
2	2
2	0
6	6
8	0
8	8
8	0
8	0
8	0
8	0
8	0
8	0
8	16
13	13
13	0
1	0
1	0
1	0
1	0
1	0
1	0
1	0
1	0
1	0
8	0
8	0
1	0
1	0
1	0
1	0
1	0
1	0
1	0
16	0
1	0
1	0
12	0
12	0
1	0
1	0
8	0
8	0
1	0
1	0
1	0
1	0
3	0
1	0
3	0
11	11
4	0
11	4
1	1
1	0
1	0
1	3
17	0
12	0
12	0
12	4
13	13
16	0
16	3
1	0
2	2
3	0
2	6
8	0
8	0
8	0
8	0
8	0
8	0
8	0
8	8
13	13
13	0
1	0
1	0
1	0
8	0
1	0
1	0
1	0
1	0
8	0
3	0
1	0
1	0
1	0
1	0
8	0
3	0
1	0
1	0
1	0
1	0
1	0
1	0
1	0
1	0
17	0
17	0
12	0
12	0
12	0
3	0
1	0
12	0
3	6
12	13
8	0
8	0
8	0
8	0
8	12
12	13
16	0
4	0
4	4
2	0
2	2
11	0
2	6
8	0
8	0
8	0
8	8
2	0
2	6
8	0
12	0
8	0
8	12
5	5
2	0
2	6
8	0
8	0
8	0
12	12
2	0
16	0
16	16
13	13
3	11
17	11
17	6
17	0
17	0
17	0
2	0
2	0
2	1
8	0
8	0
8	0
8	8
1	0
3	0
1	0
1	16
4	0
4	4
13	13
13	0
1	0
3	0
12	0
17	1
17	0
17	0
17	0
17	4
17	11
17	0
17	0
17	0
17	0
17	0
17	16
13	13
13	0
1	0
17	0
17	0
17	0
1	0
1	0
17	0
17	0
17	0
17	0
17	0
17	0
17	0
17	0
17	0
17	0
17	0
17	0
8	0
8	0
1	0
17	0
17	0
8	0
8	0
1	0
17	0
17	0
1	0
17	0
8	0
8	0
17	0
17	0
17	0
17	0
17	0
17	0
17	0
17	0
17	0
17	0
17	0
8	0
8	0
12	0
3	0
6	11
1	0
1	0
17	4
5	6
1	0
1	1
8	0
8	8
1	0
2	0
1	0
16	16
1	0
1	0
4	16
13	13
14	2
5	6
6	6
8	0
8	0
8	8
2	0
2	0
1	0
1	0
1	0
16	0
16	16
4	0
4	0
4	4
13	13
13	0
16	0
1	0
16	0
16	0
16	0
1	0
1	0
16	0
8	0
16	0
16	0
1	0
1	0
1	0
16	0
16	0
1	0
16	0
8	0
8	0
1	0
1	0
1	0
12	0
17	6
17	0
1	0
1	6
1	0
1	1
8	0
8	0
8	0
8	8
4	0
4	4
17	0
12	0
4	10
1	0
1	0
1	0
1	0
1	1
1	0
1	0
1	16
17	0
12	0
12	0
12	4
13	13
5	0
5	5
3	0
11	0
16	1
3	2
6	6
8	0
8	0
8	8
1	0
16	0
1	10
13	13
13	0
1	0
8	0
1	0
1	0
1	0
1	0
1	0
1	0
1	0
8	0
8	0
8	0
8	0
3	0
17	0
1	0
12	0
14	0
14	2
8	0
8	0
8	8
17	0
2	0
9	0
6	6
8	0
8	0
8	0
8	8
17	0
17	0
17	4
17	6
12	3
17	6
12	0
12	0
12	0
12	8
1	0
16	0
16	0
16	16
13	13
11	0
11	4
2	0
3	5
17	0
17	0
4	10
17	6
1	0
1	0
1	0
1	1
12	0
12	0
8	0
8	8
2	2
2	0
6	6
1	0
1	0
1	0
1	0
1	1
8	0
8	0
8	8
12	0
12	0
12	0
13	0
12	0
5	0
5	5
13	13
3	5
16	0
12	0
16	0
1	0
16	16
13	13
3	0
11	11
11	0
11	4
1	1
1	0
1	0
17	3
12	0
12	0
12	0
12	4
13	13
13	0
1	0
1	0
17	0
12	0
1	0
1	0
1	0
1	0
16	0
1	0
1	0
1	0
1	0
1	0
1	0
17	0
12	0
17	0
12	0
1	0
1	0
17	0
12	0
16	0
16	0
16	0
16	0
16	0
16	0
16	0
16	0
16	0
16	0
16	0
1	0
13	0
2	2
3	0
3	0
12	0
9	9
8	8
4	0
4	4
3	0
2	0
1	11
1	0
1	3
2	0
2	6
8	12
8	0
2	2
6	6
8	0
8	8
1	0
3	0
16	0
16	0
16	16
13	13
3	0
14	0
14	0
14	3
2	0
2	2
11	0
11	0
9	0
11	6
1	13
8	8
8	13
4	0
1	0
1	6
8	0
8	8
13	13
5	5
1	0
16	0
16	0
3	0
3	3
2	0
2	2
17	0
6	6
1	13
8	8
13	0
12	0
3	0
5	5
2	3
3	0
3	6
1	1
8	0
8	0
8	8
4	0
4	4
12	2
12	6
12	0
12	0
12	0
8	8
12	0
12	16
13	13
13	0
1	0
12	0
12	0
12	0
12	0
1	0
1	0
8	0
8	0
8	0
12	0
12	0
12	0
12	0
12	0
12	0
12	0
12	0
1	0
12	0
12	0
12	0
1	0
12	0
12	0
12	0
1	0
1	0
8	0
8	0
1	0
8	0
8	0
8	0
8	0
12	0
12	0
12	0
17	0
3	11
1	11
17	0
17	3
3	3
11	0
1	4
13	13
13	0
17	0
14	0
14	14
17	6
17	0
17	0
17	1
8	0
8	0
8	8
17	6
17	0
17	0
17	1
17	0
8	8
17	0
17	0
17	16
17	0
17	0
17	0
17	16
5	5
5	11
17	6
11	1
17	0
2	2
8	0
8	0
8	0
8	0
8	0
8	8
17	0
2	2
1	0
1	0
1	0
1	0
1	0
1	1
8	0
8	8
17	3
17	0
17	16
13	13
13	0
12	0
6	0
6	6
8	12
16	0
16	0
16	0
16	16
11	0
11	11
2	3
1	0
1	0
1	1
3	0
2	2
3	0
3	0
1	6
8	0
8	0
8	0
8	0
8	8
13	13
13	0
1	0
3	0
8	0
8	0
8	0
8	0
8	0
8	0
8	0
8	0
1	0
1	0
1	0
1	0
1	0
1	0
1	0
1	0
8	0
8	0
1	0
1	0
1	0
8	0
8	0
16	0
16	0
11	0
11	0
3	0
8	0
8	0
8	0
8	0
12	0
11	11
4	0
11	4
1	0
2	2
8	0
8	0
8	8
1	0
17	0
16	0
16	16
13	13
17	0
2	2
8	0
8	8
13	13
13	0
17	0
8	0
1	0
1	0
8	0
8	0
8	0
1	0
8	0
1	0
1	0
1	0
1	0
1	0
16	0
1	0
1	0
8	0
8	0
8	0
1	0
1	0
8	0
1	0
8	0
8	0
8	0
3	0
1	0
1	0
3	0
1	0
8	0
8	0
1	0
1	0
1	0
1	0
1	0
1	0
13	0
3	0
6	6
3	0
3	0
1	0
1	0
16	1
12	0
12	0
8	8
13	13
13	0
1	0
1	0
8	0
8	0
16	0
1	0
1	0
1	0
16	0
8	0
8	0
8	0
1	0
1	0
1	0
1	0
16	0
8	0
8	0
8	0
1	0
1	0
1	0
8	0
8	0
1	0
1	0
1	0
16	0
16	0
8	0
8	0
8	0
1	0
1	0
1	0
1	0
1	0
1	0
1	0
1	0
8	0
8	0
8	0
8	0
1	0
3	0
12	0
2	2
1	0
6	6
8	8
16	0
16	0
16	4
6	6
8	13
8	8
12	13
5	6
12	0
12	8
12	0
12	0
12	0
3	16
13	13
11	11
3	0
3	16
16	0
17	0
17	6
1	0
6	0
3	0
1	1
1	0
1	0
1	0
1	0
1	0
1	0
1	8
17	3
16	0
17	0
17	0
17	16
17	2
17	0
12	0
9	0
11	6
8	0
8	8
13	13
13	0
1	0
16	0
16	0
8	0
8	0
12	0
16	0
12	0
12	0
12	0
12	6
16	0
16	0
16	1
5	5
16	0
16	0
16	1
8	0
12	0
12	0
12	16
5	6
8	0
8	8
1	0
2	10
13	13
13	0
8	0
8	0
1	0
1	0
1	0
8	0
8	0
8	0
8	0
8	0
8	0
8	0
8	0
16	0
8	0
8	0
12	0
1	0
8	0
8	0
1	0
8	0
8	0
1	0
1	0
8	0
8	0
8	0
16	0
1	0
1	0
8	0
1	0
16	0
8	0
8	0
8	0
8	0
16	0
8	0
12	0
6	6
8	0
8	0
12	0
8	0
8	12
16	0
16	0
16	4
3	3
3	0
3	3
1	1
2	2
2	0
2	0
11	8
8	0
8	0
8	0
8	16
13	13
16	0
16	0
17	4
3	3
8	0
2	0
2	2
11	0
6	6
8	12
13	13
5	5
1	0
16	0
16	1
8	0
2	0
2	2
11	1
13	13
14	0
14	2
1	0
1	0
1	0
1	1
8	0
8	0
8	0
8	0
8	0
8	0
8	8
3	0
3	0
1	0
13	0
12	0
2	2
2	0
2	6
8	0
8	0
8	8
16	0
4	0
16	4
6	0
6	6
1	12
1	6
8	0
8	8
2	1
8	0
8	0
8	8
2	0
2	2
2	0
6	6
12	0
8	8
2	2
11	0
11	0
9	0
11	6
1	0
1	0
1	0
1	0
1	1
8	0
8	0
8	8
1	0
2	0
2	0
16	0
16	0
16	16
13	13
13	0
2	0
2	0
1	0
1	0
1	0
1	0
16	0
16	0
16	0
3	0
1	0
1	0
1	0
13	0
1	6
17	0
12	0
8	8
1	0
12	0
12	0
17	0
12	0
17	16
13	13
14	0
2	2
1	6
8	0
8	0
8	8
16	0
16	16
13	13
16	6
17	0
12	0
8	8
1	0
1	0
12	0
16	0
12	0
12	16
13	13
14	0
2	2
1	6
8	0
8	0
8	8
16	0
16	16
13	13
16	6
17	0
12	0
8	8
1	0
1	0
12	0
1	0
12	0
12	16
13	13
13	13
14	2
11	11
6	6
8	0
8	0
8	0
13	0
13	0
13	13
17	0
17	8
3	0
6	6
8	0
8	8
3	0
2	2
8	0
8	0
8	0
8	8
17	0
2	10
13	13
13	0
16	0
16	0
8	0
8	0
17	0
8	0
12	0
16	0
16	0
8	0
16	0
16	0
1	0
1	0
8	0
8	0
17	0
17	0
8	0
8	0
8	0
1	0
8	0
17	0
8	0
8	0
8	0
13	0
1	0
16	0
16	0
16	0
16	0
16	0
8	0
16	0
1	0
1	0
1	0
8	0
8	0
17	0
12	0
12	13
16	0
16	0
4	4
11	11
2	0
2	2
1	1
8	8
2	0
2	6
8	0
8	0
12	0
8	0
12	12
12	0
12	0
12	0
12	0
12	16
13	13
13	0
1	0
16	0
12	0
16	0
16	0
16	0
16	0
16	0
8	0
1	0
8	0
16	0
16	0
16	0
12	0
12	0
12	0
12	0
12	0
16	0
1	0
12	0
12	0
16	0
16	0
16	0
16	0
16	0
16	0
1	0
8	0
8	0
8	0
8	0
1	0
8	0
12	0
3	0
11	0
11	6
4	0
4	6
8	0
8	0
8	0
8	0
8	0
8	0
8	0
8	0
8	8
13	13
17	6
12	0
12	0
12	12
16	0
1	0
16	0
1	16
2	3
3	0
17	0
17	3
13	13
14	6
11	11
17	0
17	0
17	16
3	0
3	0
3	3
1	0
1	0
1	0
9	1
8	0
8	0
8	0
8	8
13	13
5	5
1	1
16	0
16	0
16	4
11	11
2	3
13	13
16	0
16	0
14	4
11	11
2	0
13	0
13	0
13	13
8	0
8	0
12	11
8	0
8	0
8	0
8	8
13	13
13	0
1	0
1	0
1	0
8	0
16	0
8	0
8	0
1	0
8	0
8	0
8	0
8	0
16	0
8	0
8	0
1	0
8	0
8	0
8	0
8	0
13	0
8	0
1	0
1	0
1	0
8	0
8	0
1	0
1	0
8	0
8	0
8	0
8	0
16	0
1	0
1	0
1	0
8	0
8	0
8	0
1	0
8	0
8	0
8	0
13	0
1	0
1	0
1	0
1	0
13	0
3	0
3	0
17	0
16	3
17	0
3	3
13	13
13	13
13	0
1	0
1	0
8	0
16	0
1	0
16	0
16	0
16	0
1	0
17	0
8	0
16	0
1	0
16	0
16	0
17	0
1	0
17	0
16	0
13	0
1	0
1	0
8	0
1	0
1	0
16	0
16	0
16	0
17	0
1	0
1	0
8	0
1	0
1	0
1	0
3	0
8	0
16	0
16	0
16	0
1	0
1	0
8	0
1	0
1	0
1	0
1	0
8	0
1	0
8	0
12	0
6	6
1	13
1	0
1	0
1	1
8	0
8	0
8	0
8	8
3	13
2	2
2	0
6	6
11	11
4	0
4	4
3	0
3	0
3	0
3	3
2	0
2	0
2	2
8	0
12	0
8	0
8	0
8	0
8	8
12	0
12	0
12	0
12	4
13	13
13	0
1	0
1	0
3	0
1	0
1	0
1	0
1	0
1	0
1	0
1	0
1	0
1	0
1	0
1	0
12	0
16	0
16	0
16	0
16	0
16	0
1	0
2	0
1	0
8	0
12	0
17	6
8	0
8	12
5	5
17	6
12	0
8	0
8	12
16	0
17	0
17	0
17	4
17	0
17	0
17	0
3	3
3	3
3	3
1	0
1	0
1	0
1	0
1	16
5	5
1	0
1	0
1	0
17	16
13	13
13	0
17	0
3	0
1	0
17	0
17	0
1	0
16	0
1	0
1	0
1	0
1	0
1	0
1	0
1	0
1	0
1	0
1	0
1	0
8	0
8	0
1	0
8	0
8	0
16	0
17	0
17	0
16	0
17	0
17	0
13	0
5	0
5	5
4	0
4	0
14	0
14	11
3	11
3	3
3	0
3	11
17	0
17	0
17	4
17	0
17	0
17	0
17	0
17	16
17	0
17	0
17	16
5	5
11	0
6	6
8	12
13	13
13	0
17	0
14	4
16	11
11	0
11	11
3	0
3	0
3	3
1	0
1	0
16	16
13	13
13	0
1	0
1	0
1	0
1	0
1	0
8	0
16	0
3	0
3	0
16	0
16	0
3	0
3	0
3	0
3	0
1	0
1	0
1	0
1	0
12	0
3	0
6	6
1	13
8	0
8	0
8	0
8	0
8	0
8	8
16	13
3	3
3	3
1	0
1	0
1	0
16	0
16	16
13	13
13	0
1	0
1	0
1	0
8	0
8	0
8	0
1	0
1	0
1	0
1	0
16	0
16	0
16	0
1	0
1	0
1	0
1	0
1	0
1	0
1	0
1	0
1	0
1	0
1	0
8	0
8	0
1	0
1	0
1	0
1	0
1	0
8	0
8	0
8	0
16	0
16	0
16	0
1	0
1	0
1	0
12	0
2	2
1	0
1	6
8	0
8	0
8	8
4	0
11	4
3	0
3	3
1	0
1	0
1	0
12	0
12	3
2	0
2	6
8	0
8	8
1	6
12	0
12	0
12	0
12	0
8	8
1	0
2	0
1	0
1	0
16	16
13	13
13	0
1	0
1	0
1	0
1	0
1	0
1	0
1	0
1	0
1	0
1	0
1	0
1	0
1	0
1	0
1	0
1	0
1	0
1	0
1	0
16	0
16	0
3	0
3	0
1	0
1	0
1	0
1	0
13	0
6	6
8	0
8	0
8	0
8	0
8	12
16	0
16	0
16	16
2	0
2	11
12	6
12	0
8	0
12	0
8	0
16	0
8	8
13	13
13	0
1	0
1	0
1	0
8	0
8	0
8	0
1	0
8	0
8	0
3	0
3	0
8	0
8	0
1	0
1	0
8	0
1	0
8	0
8	0
1	0
8	0
1	0
1	0
8	0
8	0
1	0
1	0
1	0
8	0
8	0
8	0
8	0
16	0
3	0
3	0
3	0
8	0
12	0
1	0
13	0
13	13
12	0
12	10
13	13
8	0
8	8
13	13
13	0
13	0
1	0
8	0
8	0
16	0
1	0
8	0
8	0
8	0
1	0
8	0
8	0
1	0
8	0
8	0
16	0
1	0
8	0
8	0
8	0
13	0
1	0
1	0
8	0
1	0
1	0
1	0
8	0
16	0
1	0
8	0
8	0
8	0
13	0
8	0
8	0
16	0
1	0
1	0
1	0
8	0
1	0
1	0
8	0
8	0
13	0
8	0
8	0
1	0
1	0
1	0
13	0
3	0
17	0
1	16
16	0
11	11
2	0
2	2
8	0
8	0
16	0
2	0
2	0
2	8
17	0
17	0
17	0
17	16
13	13
1	6
8	0
12	0
12	0
12	0
8	8
17	0
11	4
1	0
1	1
13	13
1	13
13	0
1	0
1	0
1	0
1	0
1	0
16	0
16	0
16	0
1	0
1	0
1	0
8	0
16	0
8	0
1	0
16	0
1	0
16	0
16	0
16	0
1	0
1	0
16	0
16	0
16	0
17	0
17	0
1	0
12	0
11	11
16	0
17	0
17	4
17	0
2	11
4	0
2	6
1	13
1	0
1	0
1	0
1	0
1	0
1	0
1	0
1	17
8	13
4	0
5	3
16	0
11	2
17	0
2	6
17	0
11	16
1	0
1	0
1	0
16	16
13	13
1	0
1	0
1	0
1	0
1	0
1	0
1	0
16	16
13	13
6	6
8	0
8	0
8	0
16	0
4	8
1	0
1	0
1	0
1	0
1	0
1	0
8	16
13	13
14	0
14	6
3	0
3	0
13	0
13	0
13	13
17	0
5	5
4	0
4	0
4	0
14	11
11	6
17	0
2	2
17	0
17	0
17	11
3	13
17	0
17	0
12	8
1	13
12	13
1	0
1	0
1	16
16	13
13	13
3	0
14	0
14	0
14	3
8	13
1	0
1	0
16	16
1	13
16	11
13	13
12	0
4	5
3	0
6	11
8	0
8	0
12	0
12	0
8	8
16	0
16	0
16	4
13	13
13	0
3	0
3	0
1	0
1	0
8	0
17	0
17	0
8	0
1	0
1	0
13	0
13	13
6	0
6	6
8	12
16	0
4	0
16	4
6	6
8	0
8	0
12	0
8	0
8	12
1	0
1	0
1	0
1	0
16	0
16	16
13	13
5	0
11	0
4	10
3	0
3	0
3	3
3	0
11	0
1	1
13	13
16	0
16	14
11	11
5	6
3	0
3	16
1	0
1	0
1	0
1	0
1	0
1	0
1	16
13	13
13	0
1	0
1	0
16	0
8	0
8	0
8	0
16	0
16	0
1	0
8	0
8	0
8	0
16	0
1	0
12	0
3	0
3	3
16	0
16	0
16	4
6	6
3	0
3	0
17	0
9	0
1	1
8	0
8	0
8	8
1	0
2	0
1	0
16	16
13	13
13	0
1	0
8	0
1	0
1	0
16	0
16	0
3	0
3	0
3	0
1	0
1	0
1	0
8	0
1	0
1	0
1	0
1	0
1	0
16	0
8	0
3	0
1	0
1	0
1	0
16	0
8	0
3	0
3	0
16	0
16	0
16	0
8	0
3	0
3	0
1	0
1	0
1	0
8	0
8	0
13	0
3	2
1	1
8	0
8	8
16	16
11	11
6	6
8	0
8	0
12	0
8	0
12	12
12	0
12	16
13	13
13	0
1	0
1	0
12	0
12	0
12	0
8	0
1	0
1	0
1	0
8	0
1	0
1	0
8	0
12	0
12	0
12	0
12	0
12	0
12	0
12	0
12	0
12	0
12	0
12	0
12	0
12	0
8	0
1	0
1	0
1	0
1	0
1	0
1	0
8	0
8	0
1	0
1	0
8	0
12	0
12	0
12	0
12	0
12	0
13	0
13	13
3	0
4	0
1	16
11	0
11	11
13	13
11	11
3	11
17	0
1	0
1	16
4	0
4	0
4	16
13	13
3	0
2	2
8	0
8	0
8	0
8	0
8	0
8	0
8	0
8	8
13	13
13	0
3	0
1	0
1	0
16	0
16	0
16	0
16	0
1	0
1	0
1	0
1	0
1	0
8	0
1	0
8	0
1	0
8	0
1	0
1	0
1	0
16	0
16	0
16	0
16	0
1	0
1	0
1	0
1	0
1	0
16	0
16	0
13	0
5	0
5	5
16	0
11	0
2	11
8	0
8	0
8	0
8	8
3	3
13	13
13	13
13	0
16	0
16	0
16	0
16	0
1	0
16	0
16	0
8	0
16	0
8	0
3	0
16	0
16	0
16	0
16	0
8	0
16	0
16	0
16	0
16	0
1	0
16	0
8	0
16	0
16	0
1	0
16	0
16	0
8	0
16	0
16	0
16	0
16	0
16	0
16	0
16	0
8	0
16	0
16	0
16	0
16	0
16	0
16	0
16	0
1	0
1	0
1	0
3	3
4	0
11	4
3	3
3	0
6	6
8	0
8	0
8	0
8	0
8	8
1	3
16	0
4	0
4	10
3	3
1	0
1	0
1	0
16	1
13	13
13	0
1	0
3	0
1	0
1	0
1	0
1	0
1	0
8	0
8	0
1	0
16	0
16	0
16	0
3	0
1	0
1	0
1	0
16	0
16	0
1	0
1	0
3	0
1	0
1	0
3	0
16	0
3	0
3	0
1	0
1	0
1	0
8	0
8	0
3	0
1	0
16	0
16	0
12	0
6	2
8	0
8	0
8	8
12	0
12	0
12	16
16	0
12	0
4	10
3	0
3	0
1	0
1	0
1	0
1	1
13	13
13	0
1	0
1	0
8	0
1	0
16	0
16	0
1	0
12	0
12	0
16	0
16	0
16	0
16	0
1	0
1	0
1	0
1	0
16	0
16	0
1	0
1	0
1	0
16	0
16	0
16	0
16	0
1	0
1	0
1	0
8	0
12	0
12	0
12	0
12	0
16	0
16	0
16	0
16	0
1	0
1	0
1	0
12	0
5	0
14	5
12	11
3	11
16	0
4	0
16	3
1	0
2	0
1	0
1	0
1	0
1	16
13	13
3	0
3	0
3	3
1	1
13	13
13	0
1	0
1	0
1	0
1	0
1	0
1	0
1	0
1	0
1	0
1	0
1	0
1	0
1	0
1	0
16	0
3	0
1	0
1	0
1	0
1	0
1	0
1	0
1	0
1	0
1	0
1	0
1	0
16	0
1	0
3	0
16	0
16	0
1	0
1	0
1	0
1	0
1	0
1	0
1	0
12	0
8	0
1	0
8	16
2	2
2	0
16	6
1	0
1	1
1	13
8	0
8	0
8	12
12	0
12	12
12	13
12	0
12	2
8	0
8	0
8	8
5	6
16	0
16	0
16	0
16	1
8	0
8	0
8	0
8	8
13	13
13	0
1	0
1	0
16	0
16	0
1	0
12	0
1	0
1	0
1	0
1	0
8	0
16	0
16	0
1	0
1	0
8	0
16	0
8	0
8	0
3	0
1	0
1	0
1	0
1	0
1	0
1	0
8	0
16	0
12	0
5	0
5	5
16	0
11	0
2	3
16	0
16	16
11	11
6	6
17	0
8	8
17	0
17	0
17	10
17	0
17	0
12	16
13	13
2	0
11	0
6	6
8	0
8	8
13	13
3	0
1	3
1	0
17	0
17	0
1	1
8	0
8	8
13	13
13	0
1	0
16	0
17	0
17	0
1	0
16	0
1	0
1	0
1	0
8	0
1	0
16	0
16	0
1	0
16	0
1	0
8	0
8	0
3	0
3	0
1	0
8	0
17	0
17	0
17	0
1	0
3	3
4	0
11	4
11	11
1	0
3	0
1	0
1	1
13	13
13	0
1	0
1	0
3	0
3	0
1	0
8	0
8	0
1	0
1	0
1	0
1	0
1	0
1	0
16	0
1	0
1	0
1	0
1	0
1	0
1	0
1	0
1	0
3	0
3	0
3	0
1	0
1	0
1	0
1	0
1	0
1	0
1	0
1	0
1	0
1	0
3	0
3	0
1	0
1	0
8	0
1	0
1	0
1	0
1	0
1	0
1	0
1	0
1	0
3	0
11	0
11	11
1	0
16	0
1	0
1	0
16	0
16	0
16	16
3	0
3	0
1	0
1	0
1	0
1	0
1	1
2	10
5	5
16	0
16	0
16	16
13	13
11	11
4	0
17	4
8	11
16	0
4	0
4	3
1	0
1	0
16	16
13	13
13	0
1	0
1	0
16	0
1	0
8	0
16	0
16	0
16	0
8	0
1	0
8	0
8	0
8	0
8	0
16	0
1	0
1	0
1	0
1	0
8	0
1	0
1	0
1	0
1	0
1	0
1	0
12	0
2	2
8	0
2	6
8	0
8	0
8	0
12	8
2	0
2	2
8	0
8	0
12	0
8	0
12	12
16	2
12	6
8	8
13	13
14	0
11	14
11	11
3	11
3	3
16	0
16	0
16	3
16	0
16	16
13	13
16	0
16	16
11	11
5	11
3	0
3	10
2	2
8	17
12	0
17	17
5	5
16	0
16	0
16	0
16	16
16	0
2	11
3	0
3	0
3	10
13	13
2	2
3	6
12	0
12	0
8	0
8	8
16	0
12	0
13	0
13	0
8	3
16	0
1	1
13	13
13	0
1	0
8	0
8	0
1	0
1	0
1	0
8	0
8	0
8	0
16	0
1	0
1	0
1	0
8	0
8	0
8	0
8	0
1	0
1	0
1	0
1	0
8	0
8	0
1	0
1	0
1	0
1	0
8	0
8	0
16	0
1	0
1	0
1	0
1	0
8	0
8	0
8	0
8	0
8	0
1	0
8	0
8	0
16	0
1	0
1	0
1	0
8	0
8	0
16	0
1	0
1	0
1	0
8	0
8	0
17	0
3	6
1	0
1	0
3	3
1	0
1	0
1	1
4	0
11	4
11	11
1	0
3	3
13	13
13	0
1	0
1	0
1	0
1	0
1	0
1	0
1	0
16	0
16	0
1	0
1	0
1	0
16	0
16	0
16	0
16	0
1	0
1	0
1	0
1	0
1	0
16	0
1	0
1	0
1	0
1	0
16	0
1	0
16	0
16	0
1	0
1	0
1	0
1	0
1	0
1	0
1	0
16	0
16	0
16	0
16	0
1	0
1	0
1	0
1	0
12	0
8	6
8	0
12	0
12	0
16	0
16	0
8	8
16	0
16	0
17	0
16	16
11	11
2	0
2	6
8	0
8	0
12	0
8	0
8	12
2	0
9	2
1	6
8	0
8	8
13	13
13	0
1	0
8	0
8	0
8	0
16	0
16	0
17	0
1	0
12	0
12	0
8	0
1	0
1	0
3	0
3	0
1	0
1	0
8	0
8	0
1	0
1	0
12	0
12	0
12	0
16	0
3	0
16	0
16	0
16	0
16	0
16	0
17	0
1	0
13	0
12	12
12	0
12	0
12	12
8	0
6	6
8	12
4	0
4	0
4	0
4	0
4	16
1	0
16	0
16	0
16	16
13	13
13	0
1	0
8	0
8	0
8	0
16	0
16	0
1	0
1	0
8	0
8	0
8	0
4	0
4	0
1	0
8	0
8	0
1	0
16	0
16	0
8	0
8	0
8	0
8	0
8	0
8	0
16	0
8	0
1	0
16	0
12	0
12	0
12	0
13	0
8	0
8	0
8	0
4	0
4	0
4	0
8	0
8	0
12	0
13	13
9	9
13	13
8	0
5	5
17	0
6	6
8	12
1	0
16	0
1	16
17	0
11	0
4	10
17	0
6	6
8	12
12	0
12	0
12	4
13	13
3	0
4	0
4	14
11	11
17	0
11	0
4	10
17	0
16	3
2	0
2	0
2	0
2	0
17	1
3	0
3	0
6	11
1	0
1	0
1	0
1	0
1	0
1	0
1	1
8	8
1	0
17	0
17	0
17	16
13	13
13	0
3	0
8	0
1	0
16	0
1	0
16	0
1	0
12	0
4	14
11	0
11	11
2	6
12	0
8	0
8	0
8	0
8	0
8	0
8	0
8	0
8	8
17	0
1	3
3	3
1	0
1	0
1	1
4	0
17	0
16	0
4	0
16	16
13	13
13	0
3	0
16	0
1	0
16	0
16	0
16	0
1	0
16	0
16	0
16	0
16	0
16	0
1	0
1	0
16	0
16	0
16	0
16	0
16	0
16	0
16	0
16	0
16	0
1	0
1	0
1	0
1	0
1	0
1	0
8	0
16	0
1	0
1	0
13	0
6	6
8	0
8	0
8	8
16	0
16	0
16	16
3	0
3	5
2	0
2	0
2	0
2	0
2	3
13	13
13	0
1	0
8	0
8	0
16	0
8	0
8	0
8	0
8	0
8	0
16	0
16	0
3	0
3	0
3	0
1	0
1	0
1	0
1	0
1	0
8	0
8	0
1	0
8	0
16	0
16	0
8	0
8	0
1	0
1	0
1	0
1	0
1	0
8	0
16	0
16	0
16	0
3	0
3	0
3	0
1	0
1	0
1	0
1	0
12	0
6	0
6	6
8	12
12	0
4	0
4	0
2	0
2	16
1	0
1	0
1	0
1	0
1	0
1	0
16	16
3	0
4	0
16	2
8	0
8	0
8	0
8	0
8	0
8	0
8	0
8	0
8	0
8	0
8	8
13	13
13	0
1	0
1	0
8	0
8	0
1	0
1	0
1	0
1	0
1	0
8	0
8	0
1	0
1	0
1	0
1	0
8	0
8	0
8	0
8	0
1	0
12	0
1	0
1	0
1	0
1	0
1	0
1	0
1	0
12	0
9	9
8	6
8	0
8	0
8	0
8	0
8	8
12	0
12	16
5	6
8	0
8	0
8	0
8	0
8	8
16	0
10	0
16	0
3	0
16	0
16	0
16	16
13	13
3	11
17	0
2	2
17	0
11	6
1	13
1	0
1	0
1	1
1	13
8	0
8	0
8	0
8	8
12	0
12	0
12	0
12	4
17	0
11	4
13	13
13	0
1	0
1	0
1	0
1	0
8	0
8	0
1	0
16	0
16	0
8	0
1	0
1	0
8	0
8	0
12	0
6	0
6	6
8	12
4	0
4	0
16	0
16	16
16	0
4	0
4	10
13	13
3	11
3	0
11	11
1	0
1	0
16	16
4	0
4	4
13	13
13	0
1	0
1	0
1	0
1	0
1	0
1	0
16	0
16	0
16	0
16	0
16	0
1	0
1	0
8	0
1	0
1	0
1	0
1	0
1	0
1	0
16	0
16	0
1	0
1	0
1	0
8	0
8	0
8	0
8	0
16	0
16	0
16	0
16	0
16	0
16	0
16	0
1	0
1	0
12	0
8	11
4	0
11	4
8	0
2	3
1	0
1	0
1	1
12	0
12	16
13	13
13	0
3	0
8	0
12	0
12	0
12	0
12	0
8	0
8	0
17	0
12	0
12	0
8	0
8	0
8	0
8	0
1	0
12	0
12	0
12	0
8	0
12	0
3	0
12	0
12	0
8	0
12	0
8	0
1	0
1	0
12	0
12	0
12	0
8	0
1	0
8	0
12	0
8	0
8	0
8	0
1	0
1	0
12	0
12	0
12	0
8	0
12	0
3	0
12	0
12	0
12	0
12	3
16	0
16	0
16	4
6	0
6	6
8	12
17	6
1	0
1	1
8	0
8	0
8	0
8	0
8	8
12	0
12	0
12	4
13	13
17	6
3	0
3	0
6	1
12	0
8	0
8	8
13	13
16	11
11	11
2	0
2	2
8	8
1	13
12	0
12	0
12	0
12	12
12	13
17	0
17	0
9	2
12	0
12	0
12	0
12	4
17	0
11	4
13	13
13	0
1	0
1	0
1	0
8	0
8	0
1	0
1	0
1	0
12	0
3	0
8	0
8	0
12	0
12	0
12	3
16	0
4	0
4	4
11	11
1	0
1	0
1	0
16	0
16	0
16	0
16	16
13	13
14	0
11	14
6	6
8	8
1	13
12	0
12	0
12	0
12	12
17	13
17	6
1	0
1	1
8	0
8	8
16	0
16	0
16	4
13	13
13	0
1	0
3	0
16	0
1	0
8	0
16	0
16	0
1	0
16	0
16	0
8	0
8	0
16	0
8	0
16	0
16	0
16	0
1	0
1	0
1	0
16	0
3	0
3	0
8	0
8	0
12	0
12	0
12	3
16	0
4	0
4	4
11	11
1	0
1	3
8	0
8	0
8	0
8	0
8	0
8	12
1	0
2	0
2	0
1	0
16	16
5	5
3	3
12	0
12	0
12	0
12	12
13	13
13	0
1	0
1	0
1	0
1	0
1	0
1	0
1	0
1	0
1	0
1	0
1	0
16	0
16	0
16	0
1	0
1	0
1	0
8	0
8	0
8	0
16	0
16	0
16	0
16	0
1	0
1	0
1	0
8	0
12	0
3	0
3	0
3	0
12	0
12	0
3	3
16	0
16	0
17	4
11	11
17	11
12	6
3	0
3	0
6	1
8	0
8	0
8	8
17	0
2	2
6	6
8	0
8	0
8	0
8	8
5	5
12	6
12	0
1	0
8	0
8	8
2	0
17	0
16	0
16	0
16	1
12	0
12	0
12	4
13	13
13	0
1	0
17	0
12	0
12	0
17	0
12	0
1	0
1	0
17	0
17	0
16	0
16	0
16	0
16	0
16	0
12	0
17	0
1	0
13	0
5	0
5	5
16	0
11	0
2	3
3	0
3	0
3	11
13	13
13	0
1	0
1	0
16	0
16	0
16	0
16	0
1	0
1	0
8	0
1	0
16	0
16	0
16	0
16	0
8	0
1	0
16	0
16	0
16	0
16	0
1	0
1	0
1	0
16	0
16	0
1	0
1	0
8	0
16	0
1	0
1	0
16	0
16	0
16	0
1	0
1	0
16	0
16	0
16	0
16	0
1	0
1	0
16	0
16	0
16	0
1	0
1	0
1	0
16	0
17	0
8	0
8	0
17	0
17	0
8	9
8	8
1	0
1	0
1	0
1	0
1	0
16	16
13	13
1	0
2	0
17	0
17	0
17	9
8	8
2	0
2	0
16	0
16	0
2	0
2	0
17	0
17	0
2	1
8	0
8	0
8	0
8	8
5	5
3	0
1	0
1	0
1	0
1	1
8	0
8	0
8	0
8	0
8	8
13	13
3	11
3	0
3	0
11	0
1	0
16	16
3	11
3	0
3	0
1	0
1	3
3	0
9	0
9	3
13	0
12	0
8	14
2	2
6	0
1	6
8	0
8	0
8	0
8	0
8	0
8	8
8	0
5	5
2	2
1	0
6	6
8	0
8	0
8	0
8	8
13	13
13	0
1	0
1	0
8	0
8	0
8	0
8	0
8	0
1	0
8	0
8	0
8	0
8	0
1	0
1	0
1	0
8	0
8	0
8	0
8	0
16	0
1	0
1	0
1	0
8	0
8	0
8	0
8	0
8	0
1	0
1	0
8	0
8	0
8	0
8	0
8	0
8	0
8	0
1	0
12	0
3	0
12	0
4	10
3	0
11	3
2	2
6	6
8	0
8	0
8	0
8	0
8	0
8	0
8	0
8	0
8	8
13	13
13	0
1	0
1	0
1	0
8	0
16	0
16	0
1	0
8	0
8	0
8	0
1	0
8	0
8	0
8	0
8	0
8	0
8	0
16	0
16	0
16	0
1	0
8	0
8	0
1	0
1	0
16	0
8	0
1	0
8	0
16	0
16	0
16	0
8	0
1	0
1	0
1	0
8	0
8	0
8	0
8	0
8	0
13	0
5	0
5	5
3	0
3	0
3	3
4	0
11	4
11	0
11	6
1	3
1	0
1	0
3	0
3	1
1	0
1	0
1	16
13	13
13	0
1	0
16	0
16	0
1	0
1	0
1	0
1	0
16	0
16	0
16	0
8	0
1	0
1	0
1	0
1	0
1	0
1	0
1	0
1	0
1	0
3	0
16	0
16	0
16	0
1	0
1	0
1	0
1	0
16	0
16	0
3	0
16	0
16	0
11	0
8	0
3	0
1	0
1	0
1	0
1	0
12	0
2	0
12	2
8	8
16	13
12	0
12	0
12	0
12	12
3	13
4	0
11	4
1	0
6	0
1	11
1	13
1	0
1	0
1	1
1	13
1	0
17	16
13	13
13	0
1	0
1	0
1	0
1	0
1	0
8	0
1	0
3	0
1	0
1	0
1	0
1	0
1	0
12	0
1	0
1	0
1	0
1	0
8	0
8	0
1	0
1	0
1	0
1	0
1	0
1	0
16	0
16	0
1	0
1	0
3	0
3	0
16	0
17	0
1	0
1	0
12	0
12	6
12	0
8	0
8	0
8	0
8	8
13	13
11	6
12	0
12	0
8	0
8	0
8	8
2	2
2	0
2	6
8	0
8	0
8	0
8	0
8	0
8	0
8	0
8	8
13	13
3	0
3	0
3	3
17	6
12	0
12	0
12	0
8	8
2	2
2	0
2	6
12	0
12	0
12	0
12	12
16	0
16	0
2	0
2	3
13	13
13	0
1	0
1	0
1	0
1	0
1	0
8	0
1	0
1	0
1	0
1	0
16	0
16	0
16	0
12	0
3	3
3	0
4	0
17	0
14	14
6	6
8	0
8	0
8	0
8	0
8	0
8	8
17	3
17	0
17	0
17	16
17	6
17	0
17	0
17	8
17	0
17	0
17	16
13	13
5	5
11	11
17	0
17	0
17	4
17	0
2	3
1	0
17	0
17	0
1	1
17	0
8	0
8	8
1	0
1	0
1	0
16	0
16	16
13	13
13	13
3	3
11	0
6	4
5	6
1	0
1	0
1	0
1	1
8	0
8	0
8	0
8	0
8	8
13	0
12	0
1	0
1	0
1	0
8	1
13	13
1	14
5	6
1	0
1	0
1	0
1	0
1	0
1	8
17	0
3	0
3	0
12	16
11	0
11	4
13	13
13	0
1	0
1	0
1	0
1	0
1	0
1	0
1	0
1	0
1	0
1	0
1	0
1	0
1	0
1	0
1	0
1	0
1	0
1	0
1	0
1	0
1	0
1	0
1	0
1	0
1	0
1	0
1	0
1	0
1	0
1	0
1	0
1	0
1	0
1	0
1	0
1	0
1	0
1	0
13	0
1	0
1	0
1	1
1	0
1	3
3	0
3	0
3	3
2	2
8	0
8	0
8	8
13	13
13	0
1	0
8	0
8	0
8	0
8	0
1	0
1	0
8	0
16	0
8	0
8	0
1	0
1	0
8	0
1	0
8	0
8	0
8	0
8	0
8	0
8	0
8	0
8	0
8	0
8	0
8	0
8	0
8	0
8	0
1	0
8	0
1	0
1	0
1	0
8	0
8	0
1	0
8	0
1	0
8	0
1	0
8	0
8	0
8	0
8	0
12	0
3	0
3	3
4	0
4	5
3	0
11	11
3	0
2	2
6	6
8	0
8	0
8	0
8	0
8	0
8	0
8	0
8	0
8	8
1	0
1	0
1	0
16	0
8	0
8	0
16	16
4	0
4	4
13	13
3	3
16	0
16	4
11	11
1	0
1	16
8	0
8	0
12	0
8	0
8	16
13	13
13	0
8	0
8	0
1	0
1	0
1	0
1	0
3	0
3	0
16	0
3	0
3	0
3	0
1	0
1	0
1	0
1	0
8	0
8	0
13	0
16	0
4	4
11	11
17	3
17	0
11	0
11	16
1	0
1	0
1	0
16	1
1	0
11	0
11	4
2	2
6	6
8	0
8	0
8	0
8	8
5	5
2	2
1	0
11	0
11	11
13	13
13	0
16	0
3	0
1	0
1	0
1	0
1	0
8	0
8	0
1	0
1	0
8	0
16	0
16	0
8	0
8	0
16	0
1	0
11	0
8	0
16	0
16	0
3	0
1	0
16	0
1	0
3	0
1	0
1	0
1	0
1	0
1	0
12	0
13	0
17	3
17	0
1	3
13	13
13	0
17	0
17	0
17	0
1	0
1	0
1	0
1	0
17	0
17	0
17	0
16	0
1	0
1	0
12	0
17	0
17	0
17	0
1	0
16	0
1	0
17	0
17	0
17	0
1	0
1	0
1	0
1	0
12	0
17	0
17	0
1	0
1	0
1	0
1	0
8	0
8	0
12	0
17	0
1	0
16	0
17	0
17	0
17	0
17	0
1	0
1	0
17	0
17	0
17	0
16	0
1	0
1	0
12	0
17	0
12	0
3	0
2	2
6	0
6	6
1	1
8	0
8	0
8	8
4	0
11	4
3	3
1	0
2	0
4	10
2	0
11	0
11	11
8	0
8	8
2	0
2	2
8	0
8	0
8	0
8	8
13	13
13	0
1	0
1	0
1	0
1	0
1	0
16	0
16	0
16	0
16	0
1	0
16	0
8	0
16	0
16	0
1	0
1	0
8	0
8	0
16	0
16	0
1	0
8	0
1	0
1	0
8	0
8	0
16	0
1	0
1	0
1	0
1	0
1	0
12	0
3	8
8	0
12	0
12	4
4	0
2	6
12	0
8	8
1	0
1	0
1	1
8	0
8	0
8	16
13	13
13	0
1	0
8	0
8	0
1	0
8	0
8	0
8	0
3	0
3	0
8	0
8	0
1	0
8	0
8	0
1	0
8	0
8	0
8	0
8	0
8	0
8	0
1	0
8	0
8	0
1	0
8	0
8	0
1	0
3	0
3	0
8	0
8	0
16	0
16	0
8	0
8	0
1	0
8	0
1	0
1	0
8	0
8	0
8	0
12	0
17	6
8	0
8	0
8	0
8	0
17	0
8	12
17	0
17	0
17	4
11	11
1	3
1	0
1	0
17	0
1	11
4	0
4	0
4	0
4	16
4	0
2	0
16	0
16	0
16	0
1	0
16	16
13	13
5	0
5	5
14	0
14	6
12	0
12	0
12	0
12	12
13	13
3	11
6	6
8	0
8	0
8	0
8	0
8	12
16	0
16	16
16	0
16	0
4	4
13	13
3	0
3	0
14	11
16	0
4	0
4	4
11	11
3	6
13	0
1	0
11	0
3	11
3	0
3	3
13	13
14	0
14	6
8	0
8	0
8	0
8	0
8	0
8	0
8	0
8	8
3	0
2	2
8	0
8	0
8	8
2	3
13	13
11	6
1	9
8	0
8	0
8	0
8	0
8	0
8	0
8	8
1	3
16	0
4	0
4	10
13	13
13	0
1	0
1	0
16	0
16	0
16	0
16	0
16	0
1	0
16	0
16	0
16	0
16	0
1	0
16	0
16	0
16	0
16	0
1	0
1	0
16	0
16	0
16	0
12	0
17	0
5	5
1	6
8	0
8	0
8	8
16	0
16	0
16	4
17	6
12	0
12	0
12	0
12	12
17	16
17	0
17	0
17	16
13	13
13	0
17	0
17	0
17	0
17	0
1	0
17	0
16	0
16	0
16	0
16	0
8	0
1	0
17	0
17	0
17	0
17	0
17	0
17	0
17	0
8	0
17	0
16	0
17	0
17	0
17	0
17	0
1	0
1	0
1	0
1	0
8	0
16	0
16	0
16	0
3	0
8	0
1	0
1	0
17	0
13	0
11	11
4	0
11	4
17	0
17	0
12	3
12	0
12	16
13	13
13	0
1	0
1	0
12	0
1	0
1	0
1	0
1	0
17	0
12	0
1	0
12	0
1	0
1	0
17	0
17	0
17	0
12	0
12	0
12	0
1	0
1	0
1	0
12	0
1	0
1	0
1	0
17	0
17	0
17	0
12	0
12	0
12	0
1	0
12	0
1	0
1	0
16	0
17	0
17	0
1	0
17	0
12	0
12	0
12	0
1	0
1	0
17	0
17	0
1	0
12	0
6	6
8	0
8	0
8	8
12	0
12	0
12	0
12	0
12	12
16	0
16	0
16	16
16	0
1	0
1	2
8	0
8	8
1	0
1	0
17	1
17	2
12	0
12	6
12	0
12	0
12	8
5	5
17	0
11	0
3	3
16	0
1	0
1	16
1	6
12	0
8	0
8	0
8	0
8	12
12	0
8	0
8	0
8	0
8	12
13	13
1	0
1	16
13	13
13	0
1	0
1	0
1	0
1	0
16	0
16	0
16	0
16	0
16	0
1	0
12	0
6	6
8	0
8	0
8	0
8	0
8	12
16	0
16	0
16	0
16	0
16	16
3	0
17	3
17	2
12	6
12	8
2	0
2	10
13	13
16	2
16	0
11	0
11	0
11	6
8	0
8	0
8	8
13	13
17	0
11	0
4	10
3	2
17	0
17	0
1	6
2	0
2	2
8	0
8	0
8	0
8	0
12	12
13	13
13	0
1	0
1	0
8	0
1	0
8	0
1	0
3	0
1	0
3	0
1	0
3	0
3	0
3	0
12	0
17	0
13	0
17	0
3	11
17	0
1	0
16	16
11	11
17	0
17	0
17	0
2	3
1	0
1	0
12	16
2	0
2	6
8	0
12	0
12	0
12	0
12	12
2	0
11	0
9	0
6	6
8	0
8	8
13	13
13	0
16	0
16	0
1	0
1	0
1	0
2	0
1	0
1	0
1	0
1	0
8	0
16	0
16	0
16	0
3	0
8	0
1	0
8	0
16	0
3	0
16	0
16	0
16	0
1	0
1	0
1	0
1	0
1	0
1	0
1	0
2	0
12	0
6	6
8	0
8	0
8	0
8	0
8	12
16	0
16	0
16	16
3	0
11	11
1	0
4	0
4	0
4	10
13	13
5	5
11	0
6	6
8	12
3	3
16	0
4	0
4	10
13	13
13	0
1	0
16	0
16	0
16	0
8	0
1	0
1	0
16	0
16	0
16	0
16	0
8	0
1	0
8	0
8	0
16	0
16	0
16	0
16	0
8	0
1	0
8	0
16	0
8	0
8	0
8	0
8	0
1	0
1	0
8	0
8	0
1	0
1	0
12	0
6	6
8	0
8	0
8	0
8	0
12	12
12	0
12	16
12	0
12	0
16	0
16	11
17	0
17	0
16	16
17	0
11	0
3	0
3	16
13	13
11	11
6	6
8	0
8	0
8	0
8	0
8	0
8	8
1	0
11	3
16	0
16	0
16	16
13	13
11	11
3	0
3	16
1	0
1	0
1	0
17	11
16	0
4	0
16	16
13	13
13	0
1	0
1	0
12	0
16	0
16	0
1	0
1	0
1	0
12	0
16	0
16	0
17	0
1	0
12	0
3	0
5	8
4	2
6	6
8	0
8	0
8	0
8	0
8	12
1	0
12	0
1	0
1	11
13	13
3	0
3	14
11	11
17	0
4	0
17	0
17	16
13	13
3	0
4	0
16	0
16	16
6	6
8	0
8	0
8	0
8	0
12	12
13	13
13	0
1	0
1	0
1	0
16	0
8	0
17	0
12	0
16	0
8	0
3	0
16	0
16	0
1	0
3	0
16	0
3	0
1	0
1	0
1	0
1	0
1	0
1	0
1	0
1	0
1	0
12	0
5	0
5	5
6	6
8	0
8	0
8	0
8	0
8	0
8	8
16	0
16	0
16	0
16	16
2	3
3	0
6	11
1	0
1	0
12	10
13	13
13	0
8	0
8	0
8	0
1	0
1	0
1	0
8	0
8	0
8	0
16	0
16	0
1	0
1	0
8	0
8	0
8	0
1	0
1	0
1	0
8	0
8	0
8	0
8	0
8	0
8	0
16	0
8	0
1	0
1	0
8	0
8	0
8	0
8	0
8	0
16	0
16	0
1	0
1	0
12	0
1	0
8	0
12	0
12	0
3	3
16	0
16	0
2	0
16	16
11	11
6	6
8	0
8	0
8	0
8	0
12	12
17	0
11	2
17	0
6	6
1	0
1	0
1	0
1	0
1	1
8	8
13	13
13	0
3	0
16	0
16	0
1	0
1	0
8	0
16	0
16	0
16	0
1	0
16	0
1	0
1	0
1	0
1	0
1	0
1	0
17	0
8	0
17	0
17	0
16	0
1	0
16	0
16	0
16	0
16	0
16	0
1	0
1	0
8	0
12	0
9	9
8	3
8	0
17	0
17	2
12	0
8	8
17	0
17	0
17	4
17	0
17	0
3	11
3	3
1	0
1	0
1	0
1	0
1	0
1	0
16	16
13	13
5	5
1	0
12	0
12	0
12	0
12	16
13	13
13	0
1	0
8	0
1	0
8	0
1	0
16	0
1	0
1	0
1	0
1	0
16	0
8	0
8	0
1	0
1	0
1	0
1	0
8	0
8	0
8	0
8	0
8	0
17	0
17	0
17	0
17	0
17	0
17	0
1	0
12	0
3	3
5	5
1	0
17	0
1	3
4	0
11	4
6	0
6	6
8	12
8	2
17	6
12	0
1	0
8	0
8	0
8	0
8	0
8	12
12	0
12	0
12	0
12	4
13	13
3	2
6	6
8	0
8	0
8	0
8	0
8	12
8	8
13	13
3	0
2	14
2	0
2	6
1	0
6	0
1	0
1	0
1	0
1	0
1	1
8	0
8	8
12	0
12	0
12	0
12	0
12	12
12	0
12	8
16	0
16	0
16	16
13	13
13	0
1	0
12	0
6	6
8	0
8	0
8	0
8	0
8	0
8	0
8	0
8	8
5	5
8	0
8	0
8	0
8	0
8	0
8	8
12	0
12	0
12	0
12	0
12	12
16	0
17	0
16	0
16	0
16	16
17	0
2	10
13	13
3	5
3	0
1	5
3	0
11	11
17	0
2	11
1	0
12	2
3	10
1	0
1	0
1	0
1	0
1	16
4	0
2	6
8	0
8	0
8	8
16	0
16	0
4	0
4	16
3	0
1	0
1	0
1	0
1	0
13	0
13	0
17	6
1	0
1	0
1	1
8	0
8	0
8	0
8	0
8	0
8	0
8	0
8	0
8	0
8	0
8	0
8	0
8	0
8	8
13	13
14	6
1	0
3	0
1	0
1	1
8	0
8	0
8	8
13	13
14	6
2	0
1	0
1	0
1	0
1	1
1	0
1	0
1	0
1	0
16	8
2	2
17	6
6	0
1	1
8	8
13	13
14	6
1	0
1	0
1	0
1	0
1	0
1	0
1	0
1	1
1	0
1	0
1	1
8	0
13	0
13	0
5	0
5	5
2	0
11	6
16	12
2	0
11	0
6	6
8	0
8	0
8	0
8	8
8	0
8	0
8	0
8	8
2	2
2	6
1	13
8	0
8	8
16	13
17	0
17	0
17	4
5	11
17	0
9	2
3	3
5	5
8	0
11	0
11	9
8	0
8	0
8	0
8	8
13	13
2	2
3	0
6	6
8	0
8	0
8	0
8	0
8	0
8	8
16	2
2	0
2	6
8	0
8	8
13	13
5	5
11	0
11	0
6	6
1	1
13	0
12	0
6	6
8	0
8	0
8	8
8	0
8	0
8	0
8	12
2	2
2	6
8	0
8	0
8	8
16	0
16	0
16	4
2	0
2	6
8	0
8	0
8	0
8	0
8	8
2	0
12	0
17	0
1	0
12	3
12	0
12	0
12	0
12	16
5	5
3	0
3	0
12	0
2	3
3	0
3	11
1	0
12	0
12	0
12	0
12	0
12	16
13	13
13	0
1	0
1	0
1	0
1	0
1	0
1	0
1	0
1	0
1	0
1	0
1	0
3	0
12	0
3	11
3	0
17	0
9	9
17	0
17	0
2	0
17	4
17	0
11	6
8	0
8	8
1	0
1	0
16	0
16	0
16	0
16	16
13	13
3	0
5	5
3	0
16	0
16	3
1	0
8	0
8	16
2	10
13	13
13	0
12	0
1	0
16	0
16	0
3	0
16	0
1	0
1	0
16	0
16	0
16	0
16	0
16	0
1	0
1	0
1	0
16	0
17	0
17	0
8	0
8	0
17	0
16	0
17	0
17	0
1	0
1	0
1	0
1	0
13	0
13	13
17	0
2	6
8	0
8	0
8	0
8	0
8	0
8	0
8	0
8	8
17	0
2	2
13	13
13	13
13	13
11	11
17	0
11	0
17	16
1	0
3	3
13	0
13	0
13	13
13	13
13	13
13	13
1	0
1	0
1	0
1	0
1	1
16	0
4	0
4	4
11	11
13	0
13	0
13	13
13	13
13	0
13	0
16	0
16	0
17	0
16	0
16	0
1	0
1	0
1	0
1	0
16	0
1	0
8	0
8	0
16	0
16	0
16	0
13	0
11	0
6	6
8	12
5	5
6	6
8	0
8	0
8	0
8	0
8	8
13	13
9	0
1	1
8	0
8	0
8	0
8	8
9	9
13	13
13	0
6	6
8	12
12	16
2	0
2	2
8	0
8	12
16	13
8	0
8	0
8	12
16	13
13	13
16	14
11	11
3	0
2	0
1	2
3	0
3	0
2	9
8	0
8	8
5	6
8	0
8	0
8	0
8	0
8	0
8	0
8	8
16	0
16	16
13	13
13	0
1	0
1	0
1	0
8	0
13	0
3	2
8	0
8	8
1	0
1	0
1	3
17	0
16	0
16	16
11	0
11	11
8	10
13	13
13	0
1	0
1	0
1	0
8	0
1	0
1	0
8	0
16	0
1	0
1	0
1	0
1	0
1	0
16	0
17	0
16	0
8	0
8	0
8	0
8	0
1	0
1	0
8	0
8	0
8	0
1	0
16	0
8	0
16	0
8	0
1	0
1	0
1	0
1	0
1	0
1	0
1	0
17	0
16	0
16	0
8	0
8	0
8	0
8	0
8	0
12	0
17	0
16	0
16	3
1	0
1	0
1	16
5	6
1	0
1	0
1	0
1	0
1	1
13	13
1	0
1	0
1	0
1	0
1	0
1	0
1	1
13	13
1	0
1	0
1	0
1	1
13	13
1	0
1	0
1	0
1	1
13	13
1	0
1	0
1	0
1	1
13	13
1	0
1	0
1	0
1	0
1	0
1	1
8	0
8	0
8	0
8	8
13	13
13	0
8	0
1	0
1	0
1	0
1	0
1	0
1	0
1	0
1	0
1	0
1	0
11	0
17	11
17	0
17	0
17	11
17	0
17	0
17	16
17	0
17	0
3	3
13	13
14	0
11	14
11	0
3	0
3	11
1	0
4	0
4	10
4	0
4	0
16	0
16	16
13	13
11	11
1	0
1	0
1	1
5	5
11	11
1	0
1	0
1	0
1	1
4	0
11	4
13	13
13	0
1	0
1	0
1	0
16	0
1	0
1	0
1	0
1	0
1	0
1	0
1	0
1	0
1	0
1	0
17	0
1	0
1	0
1	0
1	0
1	0
16	0
13	0
11	11
4	0
11	4
1	6
12	0
8	0
8	8
13	13
13	0
1	0
1	0
1	0
1	0
1	0
16	0
1	0
1	0
1	0
1	0
1	0
1	0
1	0
1	0
1	0
1	0
1	0
1	0
1	0
1	0
1	0
1	0
1	0
1	0
1	0
1	0
1	0
1	0
1	0
1	0
1	0
16	0
1	0
1	0
1	0
1	0
1	0
1	0
11	0
1	0
1	0
1	0
1	0
1	0
1	0
1	0
1	0
1	0
1	0
1	0
12	0
12	6
12	0
12	0
12	8
4	0
11	4
1	11
8	0
8	0
8	8
13	13
1	6
8	0
8	0
8	0
8	8
4	0
11	4
1	6
8	0
8	0
8	0
8	8
13	13
5	5
11	0
11	0
12	11
13	13
3	11
3	0
6	11
1	6
8	0
8	0
8	0
8	8
3	0
3	0
3	16
16	0
16	16
13	13
11	0
11	4
5	6
8	0
8	0
8	0
8	0
8	8
2	2
3	0
11	11
13	13
13	0
1	0
1	0
1	0
12	0
12	0
12	0
12	10
4	14
11	11
1	0
11	2
8	0
8	0
8	8
5	5
8	0
8	8
4	0
11	4
13	13
3	0
12	0
12	7
4	14
11	11
5	6
8	0
8	0
8	8
16	0
16	0
16	4
5	5
1	6
8	0
8	8
5	0
3	14
1	0
12	0
11	11
13	13
13	0
1	0
16	0
1	0
1	0
1	0
1	0
1	0
1	0
1	0
3	0
3	0
16	0
3	0
1	0
1	0
1	0
8	0
8	0
8	0
8	0
12	0
3	3
17	0
12	16
12	0
6	11
1	0
1	0
17	0
12	3
17	0
16	6
1	1
8	0
8	0
8	0
8	8
1	0
2	0
1	0
2	11
2	0
2	0
1	0
1	0
1	0
1	0
1	0
1	0
1	16
13	13
5	5
14	0
12	0
11	11
17	0
12	16
1	0
17	0
12	0
12	3
16	0
2	0
2	0
17	11
3	0
1	0
1	0
1	1
17	0
9	0
9	4
8	0
5	5
8	0
8	0
8	0
8	8
1	0
13	0
12	0
8	0
8	0
12	0
12	0
12	3
16	0
12	0
11	4
16	0
16	0
16	16
3	0
3	14
3	0
3	0
3	3
1	0
1	0
2	16
13	13
3	0
3	14
3	0
3	0
1	0
1	0
16	16
13	13
3	5
3	6
12	0
12	0
12	0
12	0
12	8
13	13
12	6
12	0
12	0
8	0
8	8
13	13
12	6
12	0
12	0
12	0
8	8
13	13
3	6
5	0
16	1
5	5
3	6
1	0
1	1
8	0
8	0
8	8
13	0
12	0
8	0
8	3
3	0
2	0
2	0
2	0
12	0
1	0
1	0
3	16
4	0
11	4
8	0
17	0
17	2
12	6
8	8
13	13
13	0
8	0
16	0
8	0
1	0
1	0
12	0
1	0
1	0
1	0
1	0
16	0
16	0
1	0
1	0
8	0
8	0
1	0
1	0
12	0
1	0
1	0
1	0
16	0
1	0
1	0
1	0
1	0
1	0
1	0
1	0
1	0
1	0
1	0
1	0
1	0
1	0
16	0
1	0
1	0
8	0
12	0
5	5
3	0
3	2
8	0
8	0
8	0
8	0
8	0
8	0
8	0
8	8
1	0
1	0
1	0
16	0
16	16
13	13
14	0
11	14
3	0
11	11
3	0
17	0
11	11
1	0
11	0
1	1
4	0
1	4
1	0
5	5
16	0
17	0
11	11
6	6
8	0
8	8
16	0
16	0
16	16
13	13
13	0
1	0
1	0
8	0
1	0
1	0
3	0
1	0
1	0
16	0
16	0
1	0
1	0
1	0
1	0
1	0
1	0
1	0
12	0
12	11
4	0
4	4
8	0
8	0
8	0
8	0
8	0
8	8
13	13
16	0
2	0
17	0
2	8
12	0
12	0
12	0
12	8
13	13
1	6
8	0
8	0
8	0
8	0
8	8
2	2
2	6
8	0
8	0
8	0
8	0
8	0
8	0
8	0
8	0
8	8
13	13
13	0
1	0
16	0
1	0
1	0
1	0
16	0
16	0
16	0
3	0
16	0
1	0
1	0
1	0
1	0
1	0
8	0
16	0
16	0
16	0
16	0
1	0
12	0
1	11
1	0
1	0
12	0
16	16
5	5
16	0
16	0
1	0
16	0
16	0
16	0
16	16
6	6
3	0
3	0
1	1
8	0
8	8
13	13
13	0
1	0
1	0
1	0
1	0
8	0
8	0
1	0
1	0
1	0
1	0
16	0
16	0
8	0
8	0
1	0
1	0
1	0
8	0
8	0
8	0
8	0
8	0
1	0
1	0
8	0
1	0
1	0
1	0
1	0
1	0
3	0
3	0
1	0
1	0
1	0
16	0
16	0
3	0
1	0
6	0
6	6
8	12
4	0
11	4
1	0
1	0
1	0
16	1
13	13
13	0
1	0
1	0
1	0
8	0
1	0
8	0
1	0
1	0
1	0
1	0
1	0
8	0
1	0
1	0
1	0
1	0
1	0
1	0
1	0
1	0
1	0
1	0
1	0
1	0
8	0
1	0
1	0
1	0
1	0
1	0
1	0
1	0
1	0
1	0
1	0
1	0
1	0
8	0
8	0
1	0
1	0
1	0
1	0
1	0
1	0
1	0
1	0
1	0
13	0
1	0
1	0
1	0
1	1
4	0
11	4
11	11
13	13
1	0
11	0
16	0
16	16
3	11
17	0
17	10
13	13
16	0
16	0
16	16
3	2
12	6
12	0
12	0
8	0
8	8
2	0
17	10
17	0
2	2
17	6
17	0
17	0
17	0
17	0
12	16
13	13
3	0
11	0
3	0
16	0
16	16
16	0
11	11
2	2
2	0
2	6
8	0
8	0
8	8
13	13
2	2
2	0
2	6
8	0
8	0
8	0
8	8
13	13
13	0
12	0
12	13
17	17
17	0
17	0
17	17
17	0
17	0
17	0
17	17
17	0
17	0
17	0
17	0
9	17
8	13
17	0
17	0
17	4
17	11
17	0
12	3
12	2
12	0
12	0
12	12
12	0
12	0
12	0
12	16
13	13
13	0
1	0
17	0
1	0
8	0
12	0
1	0
17	0
17	0
12	0
12	0
12	0
1	0
17	0
12	0
12	0
17	0
12	0
12	0
12	0
17	0
17	0
17	0
17	0
17	0
17	0
17	0
17	0
17	0
12	0
5	0
5	3
16	0
16	0
12	3
17	0
16	0
17	4
11	11
17	0
12	0
4	10
12	6
8	8
3	0
3	14
3	0
1	0
3	3
1	0
2	0
1	0
1	0
1	0
1	16
13	13
13	0
16	0
16	0
16	0
16	0
8	0
1	0
1	0
16	0
8	0
1	0
16	0
1	0
1	0
1	0
1	0
1	0
1	0
1	0
1	0
1	0
3	0
16	0
16	0
16	0
16	0
16	0
16	0
8	0
8	0
8	0
1	0
12	0
12	0
12	6
12	0
12	0
12	0
12	0
12	0
12	12
4	0
4	0
16	16
3	11
17	0
17	0
17	3
17	2
12	6
12	0
12	8
17	0
17	0
17	3
13	13
3	0
16	0
1	0
16	16
1	6
8	0
8	0
8	0
17	0
2	8
12	0
11	0
12	3
13	13
1	0
1	0
1	0
1	0
1	0
1	16
2	2
6	6
12	0
8	0
8	8
13	13
1	0
1	0
1	0
1	0
16	16
2	2
2	0
2	6
8	0
8	0
13	0
12	0
6	0
6	6
8	12
8	0
6	0
16	16
3	0
1	3
1	0
3	0
6	6
1	13
8	0
8	12
8	0
8	0
8	12
3	13
17	0
4	0
2	0
4	10
3	0
2	14
1	0
11	11
3	0
16	0
16	16
13	13
8	6
3	0
3	0
1	0
2	0
1	1
8	0
8	8
3	2
4	0
4	6
8	0
8	0
8	0
8	8
13	13
13	0
1	0
8	0
8	0
1	0
1	0
1	0
8	0
3	0
8	0
1	0
1	0
1	0
12	0
8	0
8	0
8	3
16	0
16	0
16	0
2	0
16	11
2	3
3	0
12	0
12	11
1	0
1	0
1	0
16	11
13	13
13	0
8	0
1	0
1	0
1	0
16	0
8	0
1	0
8	0
16	0
16	0
16	0
8	0
1	0
8	0
1	0
1	0
1	0
1	0
16	0
1	0
8	0
1	0
1	0
1	0
16	0
8	0
1	0
1	0
1	0
8	0
8	0
8	0
16	0
16	0
8	0
3	0
8	0
8	0
8	0
1	0
1	0
16	0
8	6
12	0
12	0
12	0
12	0
12	0
12	12
16	0
1	0
16	16
17	0
2	2
8	0
8	8
13	13
6	6
8	0
8	0
8	8
16	2
17	6
8	0
8	0
8	0
8	8
5	5
16	16
2	3
13	13
13	0
8	0
16	0
16	0
8	0
8	0
1	0
16	0
8	0
8	0
16	0
16	0
1	0
8	0
8	0
8	0
16	0
16	0
12	0
8	0
8	0
8	0
16	0
16	0
16	0
16	0
16	0
16	0
16	0
1	0
12	0
3	11
1	0
12	16
12	6
8	0
8	0
8	0
8	0
8	0
8	8
5	5
8	0
8	8
12	0
12	0
12	3
16	0
16	0
16	16
2	2
2	0
2	6
12	0
12	0
12	12
5	5
17	0
17	0
16	16
8	11
5	3
12	0
12	0
4	10
1	0
11	0
2	0
2	0
1	0
1	16
13	13
3	0
3	14
5	11
1	0
4	0
4	10
3	3
3	3
1	0
1	0
1	0
16	0
16	0
16	16
13	13
13	0
1	0
1	0
13	0
3	2
1	0
2	0
11	6
1	0
1	0
16	0
16	16
3	3
3	6
12	0
12	0
8	8
13	13
13	0
1	0
16	0
8	0
8	0
16	0
16	0
8	0
16	0
8	0
8	0
8	0
16	0
16	0
16	0
1	0
1	0
1	0
1	0
8	0
8	0
1	0
1	0
1	0
8	0
16	0
16	0
16	0
1	0
16	0
8	0
8	0
16	0
1	0
1	0
8	0
8	0
16	0
8	0
16	0
1	0
1	0
1	0
12	0
8	0
12	0
3	0
12	2
8	12
4	0
11	4
3	11
1	0
1	0
1	0
1	0
1	0
1	1
13	13
13	0
1	0
8	0
3	0
1	0
1	0
1	0
1	0
1	0
3	0
8	0
1	0
1	0
1	0
1	0
1	0
1	0
1	0
1	0
1	0
1	0
1	0
8	0
1	0
1	0
1	0
1	0
1	0
1	0
1	0
1	0
1	0
1	0
1	0
1	0
8	0
8	0
1	0
1	0
1	0
1	0
1	0
1	0
1	0
1	0
1	0
13	0
3	3
3	0
1	0
16	0
16	16
12	6
12	0
12	0
8	0
8	8
13	13
13	0
1	0
1	0
1	0
8	0
1	0
8	0
8	0
1	0
1	0
12	0
1	0
1	0
8	0
8	0
1	0
1	0
12	0
12	0
8	0
8	0
1	0
1	0
1	0
1	0
8	0
1	0
1	0
1	0
1	0
1	0
12	0
1	0
8	0
8	0
3	0
3	0
1	0
1	0
1	0
1	0
12	0
12	0
1	0
8	0
8	0
1	0
3	0
12	0
12	0
12	0
12	3
4	0
11	4
3	11
1	0
1	0
1	1
13	13
13	0
1	0
12	0
1	0
1	0
1	0
1	0
12	0
1	0
1	0
1	0
1	0
1	0
1	0
1	0
1	0
1	0
1	0
1	0
1	0
1	0
1	0
12	0
1	0
12	0
1	0
1	0
1	0
1	0
1	0
1	0
1	0
1	0
1	0
1	0
12	0
12	0
12	0
3	0
16	0
1	0
1	0
1	0
1	0
1	0
1	0
1	0
12	0
1	0
13	0
12	6
12	0
12	0
12	0
12	0
12	0
12	12
16	0
16	0
16	16
1	0
3	0
1	10
13	13
16	0
16	16
1	6
8	0
8	8
16	0
11	2
2	6
8	0
8	8
13	13
5	5
3	0
11	3
4	0
4	4
1	11
13	13
13	0
1	0
1	0
1	0
1	0
1	0
1	0
16	0
16	0
16	0
1	0
8	0
1	0
16	0
16	0
12	0
12	0
1	0
1	0
8	0
8	0
16	0
3	0
1	0
1	0
1	0
8	0
8	0
12	6
16	0
16	0
1	1
8	0
8	0
8	12
8	0
8	0
8	0
8	8
2	0
2	2
8	0
8	0
8	12
13	13
2	2
11	0
11	0
11	0
2	6
1	0
1	0
1	0
1	0
1	0
1	1
8	0
8	0
8	0
8	0
8	8
5	5
1	0
1	0
1	0
1	0
1	0
1	1
8	0
8	0
8	0
8	0
8	8
13	13
13	0
1	0
1	0
1	0
16	0
16	0
16	0
8	0
8	0
8	0
16	0
16	0
16	0
12	0
17	0
5	5
3	0
12	0
12	0
12	3
13	13
1	0
17	0
17	0
12	3
13	13
1	0
12	0
12	16
12	6
12	0
12	0
12	0
12	8
13	13
5	5
11	0
6	6
8	12
2	2
2	0
1	6
8	0
8	0
8	0
8	0
8	8
13	13
16	11
11	11
1	0
2	2
6	6
8	0
8	8
4	0
10	0
16	16
13	13
3	0
14	2
8	0
8	0
8	8
13	13
5	5
3	3
1	0
1	0
1	0
1	1
13	13
13	0
12	0
11	0
11	0
11	3
4	0
4	4
2	3
11	11
1	0
1	0
1	0
16	1
13	13
13	0
1	0
1	0
8	0
1	0
1	0
8	0
8	0
8	0
8	0
8	0
8	0
1	0
1	0
8	0
8	0
8	0
8	0
1	0
8	0
1	0
1	0
8	0
8	0
1	0
1	0
1	0
8	0
8	0
8	0
8	0
1	0
8	0
1	0
1	0
8	0
8	0
8	0
1	0
8	0
8	0
8	0
1	0
1	0
8	0
1	0
1	0
13	0
11	11
1	0
1	0
16	0
16	16
13	13
13	0
1	0
1	0
16	0
1	0
1	0
1	0
1	0
16	0
16	0
1	0
16	0
1	0
1	0
8	0
1	0
16	0
16	0
1	0
1	0
1	0
1	0
1	0
16	0
1	0
1	0
1	0
1	0
1	0
16	0
16	0
1	0
1	0
1	0
1	0
1	0
1	0
16	0
16	0
1	0
1	0
1	0
1	0
1	0
1	0
1	0
1	0
1	0
1	0
1	0
1	0
1	0
1	0
12	0
8	0
6	6
8	12
5	5
17	6
8	0
8	8
2	0
2	2
8	0
8	0
8	8
13	13
9	9
13	13
8	0
6	6
8	12
1	0
1	0
12	0
1	0
8	16
5	0
3	2
2	0
2	6
8	0
12	0
8	0
8	8
2	0
2	2
12	8
1	0
1	0
1	2
8	0
8	0
8	0
8	0
8	0
8	0
8	0
8	8
13	13
14	0
6	0
6	11
1	0
16	0
12	4
1	0
17	0
17	0
11	0
17	16
1	6
13	0
13	0
6	6
8	0
8	12
16	0
16	0
16	16
1	0
2	2
3	0
1	0
1	0
1	0
1	1
8	0
8	0
8	0
8	8
5	5
16	0
16	16
5	6
8	0
8	0
8	0
8	0
8	8
13	13
13	0
3	0
1	0
1	0
1	0
1	0
1	0
1	0
1	0
1	0
8	0
1	0
16	0
1	0
1	0
1	0
1	0
8	0
8	0
1	0
8	0
16	0
16	0
16	0
16	0
16	0
1	0
1	0
1	0
1	0
1	0
1	0
12	0
3	0
3	0
3	0
3	3
16	0
16	0
16	0
16	16
11	11
17	0
2	2
11	0
11	6
8	0
12	0
1	0
2	0
1	0
1	0
1	0
8	0
8	0
8	0
8	8
13	13
13	0
3	0
3	0
16	0
8	0
8	0
12	0
1	0
1	0
1	0
1	0
1	0
8	0
3	0
1	0
1	0
1	0
1	0
1	0
8	0
1	0
1	0
3	0
3	0
3	0
3	0
16	0
16	0
8	0
1	0
8	0
17	0
1	0
8	0
12	0
8	0
8	0
16	0
12	3
16	0
16	0
16	16
5	6
16	0
16	0
1	1
8	0
8	0
8	0
8	8
2	0
2	2
12	8
2	0
2	2
6	6
6	0
1	1
8	0
8	0
8	0
8	0
8	0
8	0
8	8
13	13
13	0
1	0
8	0
16	0
16	0
16	0
16	0
8	0
1	0
16	0
8	0
8	0
1	0
8	0
1	0
1	0
16	0
16	0
3	0
16	0
1	0
16	0
1	0
1	0
16	0
1	0
16	0
8	0
12	0
8	0
2	2
6	6
8	0
8	0
8	0
8	8
17	0
6	0
17	3
17	0
17	0
16	4
3	0
1	0
1	11
17	0
17	0
17	16
17	10
1	0
17	0
17	0
17	0
17	16
13	13
13	0
1	0
1	0
8	0
1	0
16	0
3	0
1	0
16	0
1	0
1	0
17	0
17	0
17	0
1	0
1	0
1	0
17	0
17	0
1	0
17	0
16	0
1	0
1	0
8	0
8	0
16	0
1	0
8	0
1	0
1	0
3	0
17	0
12	0
12	6
17	0
17	0
12	0
12	1
8	0
8	0
8	0
8	0
8	8
17	0
2	2
6	6
8	8
2	0
2	2
8	0
8	0
8	8
5	5
17	0
2	2
17	0
2	6
12	0
12	0
12	0
12	0
12	0
17	0
8	8
17	0
17	0
17	0
17	16
17	0
17	0
17	11
8	2
17	0
6	6
8	0
8	8
3	0
2	10
13	13
13	0
17	0
16	0
16	0
17	0
17	0
1	0
8	0
16	0
8	0
8	0
8	0
8	0
12	0
3	3
17	0
17	0
1	3
17	0
2	0
2	3
16	0
16	0
16	4
3	11
1	6
1	0
1	0
1	0
1	0
1	1
8	0
8	8
2	2
17	0
1	6
8	0
8	0
8	0
8	0
8	0
8	0
8	0
8	8
13	13
13	0
1	0
1	0
1	0
8	0
8	0
1	0
1	0
8	0
1	0
1	0
1	0
1	0
8	0
8	0
1	0
1	0
17	0
1	0
8	0
3	0
3	0
16	0
16	0
3	0
3	0
1	0
1	0
12	0
1	6
3	12
16	0
16	16
3	11
12	0
3	3
6	6
12	0
8	0
8	0
8	8
2	0
2	2
6	6
8	0
8	8
17	0
2	10
13	13
3	14
3	6
12	0
8	8
4	0
2	3
1	2
1	6
8	8
12	0
8	0
8	16
13	13
13	0
1	0
1	0
16	0
16	0
16	0
8	0
8	0
1	0
1	0
12	0
1	0
17	0
12	0
3	0
16	0
1	0
3	0
3	0
1	0
1	0
12	0
8	0
8	0
3	0
3	0
12	0
3	11
3	0
1	0
11	0
16	0
16	16
8	0
8	0
8	0
8	8
12	0
17	0
17	0
17	16
13	13
12	0
12	0
8	8
1	0
1	0
1	0
17	0
1	16
1	0
17	0
1	10
5	5
1	0
1	0
1	0
1	16
2	2
1	1
8	0
8	8
13	13
3	0
3	0
14	9
12	0
12	0
8	0
8	8
1	0
1	16
2	0
3	0
3	3
2	2
8	0
8	0
1	0
2	0
1	0
1	8
2	0
2	2
8	0
13	0
12	0
6	6
8	0
8	12
4	0
16	0
16	16
16	0
2	0
2	3
6	6
12	0
8	8
3	0
3	0
3	3
17	2
12	6
12	0
12	8
16	0
16	0
16	16
13	13
13	0
1	0
1	0
1	0
1	0
16	0
1	0
1	0
1	0
16	0
17	0
1	0
17	0
17	0
1	0
12	0
12	0
16	0
3	0
1	0
1	0
12	0
12	0
1	0
8	0
16	0
16	0
16	0
16	0
1	0
1	0
1	0
1	0
1	0
1	0
17	0
13	0
13	13
8	0
12	4
17	6
12	0
8	0
8	8
13	13
13	13
13	0
1	0
16	0
16	0
16	0
16	0
16	0
16	0
16	0
1	0
16	0
16	0
16	0
16	0
16	0
16	0
1	0
1	0
16	0
16	0
16	0
16	0
16	0
8	0
16	0
16	0
16	0
16	0
16	0
16	0
8	0
16	0
16	0
8	0
16	0
16	0
16	0
16	0
16	0
16	0
16	0
16	0
1	0
16	0
16	0
16	0
16	0
16	0
16	0
16	0
12	0
17	0
6	6
8	12
16	0
4	0
2	0
16	16
1	11
1	0
1	0
16	0
12	3
16	0
4	0
4	10
5	2
8	0
8	8
13	13
13	0
8	0
8	0
8	0
8	0
8	0
8	0
8	0
8	0
8	0
1	0
1	0
8	0
16	0
16	0
16	0
8	0
1	0
8	0
16	0
16	0
16	0
16	0
8	0
1	0
8	0
8	0
8	0
1	0
8	0
8	0
1	0
8	0
8	0
1	0
1	0
1	0
8	0
16	0
16	0
12	0
12	6
12	0
16	0
16	0
11	8
1	0
1	0
16	0
16	0
16	16
5	0
3	2
1	0
2	0
2	0
2	6
8	0
8	8
13	13
3	14
3	11
3	0
2	0
1	0
1	0
1	2
6	0
6	6
8	8
1	3
8	0
2	2
6	6
8	0
8	0
8	0
8	8
3	0
10	0
1	0
16	0
16	0
16	16
13	13
13	0
12	0
1	0
16	0
16	0
16	0
1	0
1	0
1	0
1	0
8	0
1	0
16	0
1	0
1	0
12	0
6	6
8	0
8	0
8	0
8	8
16	0
16	0
16	16
3	0
11	3
13	13
14	0
14	6
12	0
8	0
1	0
1	0
1	0
1	0
1	0
1	0
1	8
2	0
2	0
6	6
1	1
1	0
1	0
1	1
12	0
8	0
12	8
13	13
6	6
17	0
8	0
8	0
8	0
8	0
8	0
8	8
2	0
2	2
8	0
8	0
8	0
8	0
8	12
5	5
2	0
2	2
8	0
8	0
8	0
12	0
8	0
12	12
13	13
13	0
12	0
3	0
5	5
2	0
2	6
8	0
8	8
16	0
2	0
6	6
8	0
8	8
13	13
2	2
6	6
8	0
8	0
8	0
8	8
16	0
9	2
2	0
2	6
8	0
8	0
8	0
8	8
13	13
13	0
1	0
1	0
8	0
8	0
8	0
1	0
1	0
1	0
8	0
8	0
8	0
16	0
8	0
8	0
1	0
1	0
8	0
8	0
8	0
8	0
2	0
16	0
16	0
16	0
16	0
1	0
1	0
1	0
16	0
16	0
1	0
13	0
13	13
17	0
17	0
17	4
17	0
17	11
17	3
17	0
17	0
17	0
17	0
17	16
17	0
12	16
13	13
13	13
16	16
6	0
6	6
8	12
3	0
2	2
12	0
11	11
12	0
12	0
12	0
12	8
13	13
13	0
16	0
16	0
12	0
12	0
16	0
8	0
3	0
3	0
1	0
12	0
8	0
12	0
3	0
12	0
1	0
1	0
8	0
1	0
16	0
16	0
16	0
8	0
17	0
17	0
17	0
17	0
17	0
17	0
17	0
12	0
11	11
16	0
16	0
16	0
16	16
5	11
13	13
3	0
4	0
14	0
14	14
6	6
8	0
8	8
17	0
17	0
1	3
4	0
4	4
13	13
13	0
1	0
1	0
1	0
1	0
1	0
1	0
1	0
3	0
16	0
16	0
16	0
1	0
8	0
1	0
1	0
1	0
1	0
1	0
1	0
1	0
3	0
1	0
1	0
1	0
1	0
1	0
3	0
16	0
16	0
1	0
1	0
3	0
3	0
16	0
16	0
16	0
1	0
1	0
12	0
11	11
16	0
16	0
16	4
3	0
11	3
1	6
8	0
8	0
8	0
8	0
8	8
13	13
11	11
3	14
5	11
1	0
2	2
8	0
8	8
16	0
17	0
1	16
16	0
5	5
11	11
3	0
16	0
3	0
3	16
16	2
17	0
2	11
5	5
1	0
16	16
1	6
8	0
8	8
12	2
12	0
12	6
8	0
8	0
8	0
8	8
2	0
2	10
13	13
13	0
1	0
1	0
8	0
1	0
8	0
8	0
16	0
8	0
16	0
12	0
6	6
8	0
8	12
16	0
16	0
16	0
16	16
5	11
12	0
12	10
5	5
16	0
16	16
1	6
12	0
12	8
13	13
13	0
1	0
1	0
1	0
1	0
8	0
8	0
1	0
1	0
16	0
16	0
12	0
12	0
1	0
1	0
1	0
1	0
1	0
8	0
8	0
1	0
1	0
1	0
1	0
1	0
1	0
8	0
8	0
1	0
16	0
8	0
16	0
16	0
1	0
1	0
16	0
12	0
1	0
1	0
1	0
16	0
1	0
12	0
12	11
16	0
16	0
16	4
11	0
11	11
3	0
3	3
2	0
2	2
1	0
11	0
1	0
1	1
8	0
8	8
1	0
1	0
16	0
16	0
16	0
16	16
13	13
5	5
3	11
4	0
11	4
3	0
11	0
11	11
3	0
3	1
5	5
5	0
11	2
2	0
2	6
8	0
8	0
8	8
8	0
8	0
8	0
8	12
13	13
13	0
3	0
16	0
16	0
16	0
16	0
16	0
1	0
3	0
3	0
1	0
1	0
1	0
1	0
12	0
11	0
6	6
3	0
1	1
8	0
8	8
16	0
4	0
16	4
12	6
12	8
3	0
1	0
1	0
1	0
1	0
16	0
16	16
13	13
3	11
6	0
6	6
8	12
17	0
2	2
17	0
12	6
17	0
17	8
17	16
17	0
17	0
12	4
16	0
16	0
16	4
13	13
13	0
1	0
1	0
16	0
16	0
8	0
16	0
1	0
17	0
17	0
8	0
1	0
1	0
17	0
1	0
16	0
16	0
1	0
1	0
1	0
1	0
1	0
12	0
5	0
5	5
6	0
6	0
3	6
12	0
12	0
8	8
16	0
17	0
17	4
5	6
17	0
12	3
2	0
1	0
1	0
1	0
1	0
16	0
1	0
1	16
5	5
12	0
16	16
16	2
4	0
11	0
9	0
11	6
8	0
8	0
8	8
16	0
17	10
13	13
3	5
4	0
4	0
4	14
11	11
1	11
3	0
3	0
1	0
3	4
13	13
13	0
16	0
16	0
16	0
16	0
1	0
16	0
1	0
16	0
16	0
1	0
1	0
13	0
16	14
17	11
16	0
11	11
2	0
11	3
3	0
2	0
1	0
1	3
1	0
1	0
16	0
16	0
1	0
16	16
13	13
13	0
16	0
16	0
16	0
16	0
16	0
16	0
16	0
16	0
16	0
1	0
1	0
1	0
1	0
1	0
1	0
16	0
16	0
16	0
16	0
16	0
16	0
16	0
1	0
1	0
16	0
16	0
16	0
16	0
16	0
16	0
16	0
16	0
16	0
1	0
1	0
1	0
1	0
1	0
1	0
1	0
1	0
12	0
5	6
12	0
12	8
2	2
1	0
6	6
1	0
1	0
1	0
1	0
1	1
8	0
8	0
8	0
8	0
8	0
8	8
16	0
16	0
16	16
5	0
3	2
2	0
2	6
8	0
12	0
8	0
8	8
5	5
16	0
16	16
8	0
8	8
1	0
2	0
2	10
13	13
13	0
1	0
16	0
1	0
1	0
16	0
1	0
1	0
1	0
16	0
1	0
16	0
16	0
1	0
1	0
1	0
1	0
1	0
1	0
1	0
1	0
8	0
12	0
11	11
16	0
16	0
12	4
5	11
1	0
1	0
16	0
16	1
8	0
8	0
8	0
8	0
8	0
8	0
8	0
8	0
8	0
8	0
8	8
12	0
12	10
13	13
13	0
1	0
1	0
16	0
16	0
1	0
1	0
1	0
1	0
8	0
8	0
1	0
16	0
8	0
3	0
16	0
16	0
16	0
12	0
8	0
8	0
16	0
16	0
16	0
16	0
16	0
16	0
16	0
1	0
1	0
16	0
1	0
1	0
8	0
8	0
8	0
12	0
11	0
12	6
8	0
8	0
8	8
4	0
11	4
1	0
1	0
1	1
13	13
5	5
3	0
3	2
1	0
1	0
1	0
1	8
13	13
13	0
1	0
1	0
1	0
1	0
1	0
1	0
1	0
1	0
1	0
1	0
1	0
1	0
1	0
1	0
1	0
1	0
1	0
1	0
1	0
1	0
1	0
1	0
1	0
1	0
1	0
1	0
1	0
1	0
8	0
8	0
16	0
1	0
1	0
1	0
1	0
1	0
1	0
1	0
1	0
3	0
5	0
5	5
3	0
1	3
4	0
11	4
3	11
3	3
6	6
8	0
8	0
8	8
13	13
13	0
1	0
1	0
1	0
1	0
1	0
1	0
3	0
8	0
1	0
1	0
1	0
1	0
3	0
3	0
8	0
1	0
1	0
1	0
1	0
16	0
1	0
1	0
8	0
1	0
1	0
1	0
1	0
8	0
1	0
1	0
1	0
1	0
1	0
1	0
1	0
1	0
1	0
3	0
3	0
8	0
1	0
8	0
1	0
1	0
1	0
12	0
1	0
12	0
12	0
12	0
12	1
16	0
16	0
16	16
11	11
1	0
2	11
3	0
2	0
2	10
5	5
16	0
16	16
3	0
3	3
2	2
2	0
1	6
8	0
8	8
13	13
13	0
3	0
3	0
16	0
8	0
1	0
1	0
1	0
1	0
8	0
3	0
8	0
8	0
1	0
3	0
8	0
1	0
1	0
8	0
8	0
8	0
3	0
8	0
8	0
8	0
1	0
16	0
16	0
3	0
1	0
1	0
1	0
1	0
1	0
12	0
6	6
1	0
1	0
1	0
1	0
1	0
8	8
5	0
11	2
17	0
3	6
1	0
1	8
16	16
3	3
3	6
8	0
8	8
1	0
2	0
2	10
5	5
11	0
3	3
3	0
2	0
2	10
13	13
16	14
11	11
11	0
6	6
8	12
8	0
12	0
12	0
12	0
12	16
5	5
3	0
11	0
6	6
8	0
8	0
8	8
13	13
13	0
1	0
1	0
1	0
1	0
8	0
8	0
1	0
1	0
1	0
8	0
1	0
1	0
13	0
13	13
6	6
8	0
8	0
8	8
4	0
4	4
2	3
1	0
3	0
4	10
1	0
1	0
1	0
1	0
1	0
1	0
1	16
13	13
3	14
3	6
17	0
1	6
8	8
12	0
12	16
4	0
4	4
13	13
13	13
16	0
16	0
16	0
16	0
16	16
11	0
6	6
8	12
13	13
13	0
3	0
1	0
1	0
1	0
8	0
12	0
1	0
1	0
1	0
1	0
16	0
1	0
1	0
1	0
1	0
1	0
1	0
1	0
1	0
12	0
8	6
12	0
8	0
8	8
2	0
2	2
8	0
8	0
8	8
16	0
16	0
16	16
11	0
6	6
1	12
5	6
1	0
1	0
1	0
1	0
1	1
8	0
8	0
8	8
13	13
2	0
5	5
16	0
16	0
3	3
1	0
3	0
1	0
1	0
1	0
1	1
13	13
13	0
1	0
1	0
1	0
1	0
8	0
16	0
1	0
1	0
1	0
1	0
1	0
8	0
1	0
1	0
1	0
8	0
16	0
16	0
16	0
3	0
1	0
12	0
11	11
4	0
11	4
1	0
1	0
1	0
1	0
3	0
1	0
1	1
13	13
16	0
11	2
3	0
6	0
1	0
1	0
1	1
1	0
12	0
1	1
8	0
8	0
8	0
8	8
13	13
6	6
8	0
8	0
8	0
8	8
11	0
11	2
1	0
1	0
1	0
1	1
8	0
8	0
8	0
8	0
8	8
13	13
13	0
1	0
1	0
3	0
1	0
1	0
1	0
16	0
1	0
1	0
1	0
8	0
1	0
16	0
16	0
16	0
12	0
12	6
12	0
12	8
16	0
16	0
16	0
16	16
3	0
3	0
3	0
3	3
5	5
16	0
16	0
16	0
16	0
16	16
13	13
13	0
1	0
1	0
1	0
1	0
1	0
1	0
1	0
8	0
1	0
3	0
1	0
1	0
1	0
1	0
1	0
1	0
16	0
1	0
1	0
1	0
8	0
1	0
8	0
1	0
1	0
8	0
8	0
12	0
12	0
12	0
12	0
16	0
3	0
3	0
1	0
3	0
1	0
1	0
1	0
16	0
12	0
2	6
12	0
12	0
12	0
12	0
8	8
4	0
11	4
1	0
3	0
1	0
1	1
5	5
1	0
1	0
1	0
1	1
13	13
3	11
1	0
11	0
11	0
1	0
1	16
16	0
16	3
1	0
1	3
5	6
1	0
8	0
8	8
17	0
2	2
17	6
11	0
1	0
1	1
13	13
13	0
1	0
1	0
1	0
1	0
1	0
8	0
1	0
1	0
1	0
1	0
1	0
17	0
1	0
1	0
1	0
1	0
1	0
1	0
1	0
17	0
9	2
17	6
1	9
8	0
8	0
8	0
8	0
8	0
8	0
8	0
8	0
8	0
8	0
8	8
17	0
17	0
12	3
5	5
3	0
17	0
12	0
11	3
16	0
11	0
4	0
16	0
16	16
3	11
8	0
8	0
8	0
8	0
8	0
8	0
8	0
8	8
13	13
13	0
1	0
16	0
16	0
16	0
1	0
16	0
16	0
16	0
16	0
16	0
1	0
1	0
8	0
8	0
1	0
8	0
8	0
8	0
8	0
8	0
16	0
13	0
1	0
8	0
1	0
8	0
8	0
8	8
13	13
16	0
16	0
16	0
16	0
16	16
11	0
6	6
8	12
13	13
13	0
1	0
1	0
8	0
8	0
8	0
8	0
8	0
1	0
1	0
8	0
8	0
3	0
16	0
16	0
3	0
3	0
8	0
8	0
8	0
8	0
8	0
1	0
8	0
8	0
8	0
8	0
8	0
1	0
1	0
1	0
1	0
1	0
8	0
8	0
8	0
3	0
3	0
1	0
16	0
3	0
3	0
8	0
3	0
3	0
3	0
3	0
3	3
5	6
1	0
11	0
1	0
1	0
1	0
1	0
1	8
13	13
3	0
3	0
3	1
13	13
2	3
11	11
11	0
11	4
1	0
1	3
1	0
1	0
1	0
1	1
8	0
8	8
5	5
8	0
8	8
5	5
8	0
8	8
13	13
13	0
1	0
16	0
8	0
1	0
1	0
1	0
1	0
1	0
8	0
1	0
1	0
1	0
1	0
1	0
1	0
1	0
1	0
1	0
1	0
1	0
1	0
1	0
12	0
8	0
8	0
8	6
8	0
8	0
8	0
8	8
16	0
8	3
13	13
13	0
1	0
8	0
16	0
16	0
16	0
1	0
1	0
8	0
16	0
16	0
16	0
16	0
16	0
8	0
16	0
16	0
16	0
16	0
16	0
8	0
1	0
1	0
8	0
8	0
8	0
1	0
8	0
8	0
16	0
16	0
16	0
16	0
8	0
1	0
1	0
8	0
8	0
16	0
16	0
16	0
16	0
16	0
16	0
8	0
8	0
1	0
1	0
1	0
12	0
3	2
4	0
12	0
1	3
1	0
2	0
1	0
1	0
1	3
3	0
1	0
1	0
16	0
16	16
11	11
1	6
8	0
8	0
8	8
13	13
3	0
14	0
14	0
16	0
16	0
16	16
11	0
2	2
6	0
1	6
8	0
8	0
8	0
8	0
8	8
13	13
13	0
1	0
3	0
8	0
8	0
3	0
16	0
1	0
1	0
8	0
3	0
1	0
1	0
1	0
1	0
8	0
1	0
8	0
1	0
3	0
3	0
3	0
16	0
11	0
5	0
5	5
3	2
3	0
11	0
11	11
13	13
13	0
1	0
1	0
1	0
8	0
1	0
16	0
8	0
8	0
8	0
1	0
1	0
8	0
8	0
8	0
8	0
8	0
1	0
1	0
1	0
8	0
1	0
16	0
1	0
8	0
1	0
1	0
16	0
8	0
16	0
1	0
1	0
1	0
8	0
1	0
1	0
8	0
1	0
1	0
16	0
16	0
8	0
8	0
1	0
8	0
8	0
1	0
1	0
1	0
1	0
1	0
1	0
13	0
6	6
8	0
8	0
8	0
8	0
8	0
8	8
16	16
12	6
17	0
12	0
12	0
8	8
12	0
17	0
12	3
16	0
3	3
1	0
3	0
2	10
13	13
17	0
11	0
17	0
16	0
16	16
11	0
11	6
17	0
8	0
8	8
13	13
3	0
3	0
3	3
1	0
1	0
1	0
1	0
16	1
13	13
14	0
11	14
3	11
2	0
2	0
11	11
1	0
1	3
3	0
1	10
1	0
17	0
16	0
16	16
13	13
2	2
13	0
12	0
12	0
12	0
12	0
12	3
13	13
16	2
6	6
1	0
3	0
1	0
1	0
1	0
1	0
1	1
1	0
1	0
1	0
1	1
8	0
8	0
8	0
8	8
13	13
11	0
11	4
5	6
3	1
8	0
8	0
12	8
13	13
5	5
3	0
11	3
16	0
16	0
16	16
3	6
1	0
1	0
1	0
1	1
8	8
17	0
2	0
2	3
13	13
16	0
3	3
3	0
3	0
1	0
1	0
1	0
1	0
1	9
13	13
2	2
13	0
13	0
3	11
16	0
17	0
17	4
17	0
11	11
12	0
12	0
12	0
12	0
12	0
12	8
17	0
12	10
13	13
3	11
5	5
1	0
1	0
1	0
1	0
1	1
1	0
2	0
1	0
3	0
1	0
16	0
16	16
13	13
1	0
1	0
1	1
13	13
1	0
1	1
13	13
1	0
1	0
1	1
13	13
5	0
3	0
1	0
1	1
2	2
3	0
1	1
8	0
8	0
8	0
8	8
13	13
5	6
3	0
1	0
1	0
1	0
13	0
12	0
1	0
1	0
2	3
3	6
3	0
16	0
1	1
12	0
12	0
12	0
8	8
13	13
11	14
3	11
11	0
11	11
3	0
17	3
17	0
17	3
2	3
17	0
2	2
12	0
8	8
12	1
16	0
16	0
1	0
1	16
16	0
16	0
16	16
13	13
13	0
1	0
1	0
1	0
1	0
16	0
8	0
8	0
1	0
1	0
8	0
1	0
1	0
1	0
1	0
1	0
1	0
16	0
16	0
1	0
1	0
16	0
16	0
8	0
16	0
13	0
3	11
1	0
1	0
16	0
16	16
16	11
12	0
12	10
13	13
13	0
1	0
1	0
1	0
12	0
12	0
1	0
1	0
16	0
16	0
16	0
12	0
12	0
16	0
1	0
1	0
16	0
16	0
12	0
12	0
12	0
12	0
1	0
1	0
16	0
16	0
1	0
16	0
1	0
16	0
12	0
12	0
12	0
12	0
12	0
1	0
1	0
16	0
1	0
1	0
1	0
16	0
12	0
12	0
12	0
12	0
1	0
1	0
3	0
1	0
13	0
11	11
1	11
3	0
11	0
3	16
13	13
13	0
1	0
1	0
1	0
1	0
1	0
1	0
1	0
1	0
1	0
1	0
1	0
1	0
1	0
1	0
1	0
1	0
1	0
1	0
1	0
1	0
1	0
1	0
1	0
1	0
1	0
1	0
1	0
1	0
1	0
1	0
1	0
1	0
1	0
1	0
1	0
1	0
1	0
1	0
1	0
1	0
1	0
1	0
1	0
1	0
1	0
1	0
1	0
1	0
1	0
1	0
1	0
1	0
12	0
6	0
6	6
8	12
16	0
11	0
11	0
16	0
16	16
16	0
4	0
4	10
13	13
14	0
11	14
3	0
9	11
17	0
1	2
8	0
8	0
8	0
8	8
1	0
1	0
1	0
3	0
16	16
4	0
4	4
13	13
13	0
1	0
8	0
8	0
8	0
8	0
8	0
8	0
1	0
8	0
8	0
8	0
1	0
1	0
1	0
8	0
8	0
8	0
8	0
8	0
16	0
16	0
16	0
16	0
16	0
16	0
16	0
16	0
8	0
13	0
13	13
3	11
4	0
4	4
6	6
8	0
8	0
8	8
13	13
13	13
13	0
1	0
1	0
1	0
16	0
16	0
16	0
1	0
1	0
8	0
1	0
1	0
1	0
1	0
1	0
1	0
1	0
1	0
1	0
1	0
16	0
1	0
1	0
1	0
3	0
16	0
16	0
1	0
1	0
1	0
8	0
1	0
1	0
16	0
16	0
1	0
1	0
1	0
1	0
3	0
1	0
1	0
8	0
1	0
1	0
16	0
1	0
1	0
1	0
8	0
9	9
8	0
6	6
8	12
5	5
12	6
12	0
8	0
8	8
2	2
6	6
8	0
8	0
8	8
13	13
9	9
13	13
8	0
8	0
8	0
12	0
12	0
12	3
16	0
16	0
16	16
6	0
6	6
8	12
2	3
3	0
3	0
3	3
1	0
11	0
11	10
13	13
3	11
1	11
1	0
1	0
16	16
4	0
4	4
13	13
13	0
1	0
8	0
8	0
8	0
8	0
1	0
1	0
1	0
8	0
8	0
1	0
1	0
8	0
12	0
3	0
3	0
8	0
8	0
3	0
3	3
4	0
11	4
1	11
5	6
1	0
1	0
1	0
1	0
1	0
1	0
1	0
1	0
1	1
8	0
8	0
8	0
8	0
8	8
13	13
13	0
1	0
3	0
1	0
1	0
1	0
1	0
1	0
1	0
1	0
1	0
1	0
1	0
1	0
1	0
1	0
1	0
1	0
1	0
1	0
1	0
1	0
1	0
8	0
16	0
16	0
16	0
1	0
1	0
1	0
1	0
1	0
1	0
1	0
3	0
3	0
3	0
8	0
16	0
12	0
3	3
4	0
11	4
6	6
8	0
8	0
8	0
8	0
8	8
3	0
3	1
13	13
14	5
11	11
1	0
1	0
2	0
1	0
16	16
16	0
4	0
4	4
13	13
13	0
1	0
1	0
8	0
8	0
8	0
16	0
1	0
1	0
16	0
16	0
16	0
1	0
1	0
1	0
1	0
16	0
16	0
16	0
1	0
1	0
16	0
16	0
16	0
16	0
1	0
1	0
8	0
8	0
8	0
8	0
12	0
9	9
1	8
8	0
8	0
8	8
16	0
16	0
16	4
11	11
3	0
1	3
3	6
8	0
8	0
8	8
5	2
12	0
12	0
12	12
5	5
8	0
8	0
8	0
8	8
13	13
13	0
3	0
1	0
16	0
12	0
8	0
1	0
1	0
1	0
8	0
8	0
1	0
1	0
12	0
8	0
1	0
8	0
8	0
8	0
8	0
8	0
1	0
1	0
8	0
8	0
16	0
16	0
16	0
3	0
3	0
3	0
1	0
1	0
1	0
12	0
5	0
5	3
8	0
8	0
8	0
8	0
8	8
4	4
16	11
3	0
2	0
3	0
3	3
1	0
1	0
1	0
1	3
1	6
3	0
3	0
3	3
8	8
12	0
12	0
12	0
2	3
13	13
3	0
16	0
16	0
16	16
11	0
6	6
8	12
13	13
13	0
1	0
1	0
1	0
8	0
1	0
1	0
8	0
3	0
12	0
12	0
1	0
1	0
1	0
3	0
3	0
8	0
8	0
8	0
3	0
3	0
3	0
1	0
1	0
12	0
3	3
3	14
6	0
6	6
8	12
8	2
17	0
12	0
17	6
8	0
8	8
1	0
1	0
1	3
2	0
2	2
8	0
8	0
8	8
3	0
2	2
8	0
8	0
8	0
8	8
17	0
2	10
1	0
12	0
17	0
17	0
1	16
17	0
16	0
12	4
2	2
12	0
12	0
8	12
16	0
2	0
2	3
13	13
16	0
4	0
16	16
3	11
17	11
13	13
17	11
17	0
17	0
17	0
17	16
17	0
17	0
12	11
13	13
13	0
11	0
5	0
5	5
11	11
16	0
3	4
16	0
4	0
4	10
4	0
4	0
11	0
4	16
1	0
1	0
2	16
16	11
13	13
13	0
1	0
16	0
8	0
16	0
16	0
16	0
1	0
16	0
16	0
16	0
16	0
8	0
16	0
8	0
8	0
8	0
8	0
8	0
16	0
16	0
8	0
1	0
16	0
8	0
16	0
16	0
16	0
1	0
16	0
16	0
16	0
8	0
16	0
16	0
16	0
16	0
16	0
16	0
8	0
8	0
8	0
11	0
3	3
3	14
11	11
1	0
2	2
1	0
1	1
12	0
12	0
12	8
17	6
12	0
12	0
12	0
12	0
8	12
1	0
3	0
1	0
1	0
16	0
16	16
5	5
3	0
1	0
16	3
17	0
2	2
12	6
12	0
8	0
8	0
8	0
12	0
8	0
8	12
5	5
3	0
2	2
12	6
12	0
8	0
12	0
8	12
13	13
11	0
11	4
1	0
3	0
1	0
1	3
16	0
12	0
12	11
3	0
3	1
5	5
1	0
13	0
13	0
12	0
12	3
16	14
11	11
1	0
2	2
8	0
8	0
8	8
16	0
16	0
16	16
5	5
8	0
2	2
6	6
8	0
8	0
8	0
8	0
8	0
8	0
8	0
8	0
8	0
8	12
2	0
2	0
1	0
2	0
2	0
16	16
13	13
3	0
11	0
5	0
14	0
16	16
11	11
16	11
13	13
13	0
1	0
3	0
8	0
8	0
8	0
3	0
16	0
3	0
3	0
3	0
8	0
8	0
16	0
16	0
16	0
3	0
8	0
8	0
1	6
12	0
12	0
8	8
4	0
4	4
1	0
1	0
1	3
13	13
13	0
8	0
1	0
1	0
8	0
8	0
8	0
8	0
8	0
1	0
1	0
1	0
8	0
8	0
8	0
8	0
1	0
1	0
1	0
1	0
1	0
1	0
1	0
1	0
1	0
8	0
8	0
8	0
8	0
8	0
1	0
1	0
1	0
1	0
8	0
1	0
1	0
12	0
8	0
8	0
8	0
1	0
1	0
1	0
1	0
1	0
1	0
1	0
1	0
12	0
3	11
1	0
1	0
6	0
8	0
17	0
8	0
12	16
16	0
16	0
16	10
11	0
2	2
6	6
8	0
8	0
8	0
8	0
8	0
8	0
8	0
8	8
13	13
5	5
12	0
12	11
4	0
4	4
2	3
1	0
12	0
4	10
2	0
2	2
1	0
1	0
1	1
8	0
8	8
2	0
2	3
13	13
13	0
1	0
1	0
8	0
1	0
1	0
1	0
1	0
8	0
1	0
1	0
8	0
16	0
16	0
1	0
1	0
1	0
12	0
5	6
1	0
6	0
1	0
1	0
1	1
8	0
8	0
8	0
8	8
16	0
16	0
16	0
16	0
16	16
1	0
1	1
1	10
13	13
13	0
1	0
1	0
8	0
1	0
1	0
8	0
1	0
1	0
1	0
8	0
8	0
16	0
16	0
16	0
1	0
3	0
1	0
1	0
8	0
8	0
1	0
1	0
1	0
1	0
8	0
8	0
1	0
1	0
1	0
1	0
1	0
1	0
8	0
1	0
8	0
3	0
16	0
16	0
16	0
12	0
5	0
5	5
1	0
1	3
4	0
11	4
8	8
13	13
13	0
1	0
1	0
1	0
1	0
1	0
1	0
1	0
1	0
1	0
1	0
1	0
1	0
1	0
1	0
1	0
16	0
1	0
1	0
1	0
8	0
1	0
1	0
1	0
1	0
1	0
1	0
1	0
1	0
1	0
1	0
1	0
8	0
8	0
1	0
1	0
1	0
1	0
1	0
1	0
1	0
16	0
1	0
1	0
8	0
8	0
1	0
1	0
1	0
1	0
1	0
12	0
8	6
12	0
12	0
8	8
1	0
1	0
1	0
1	16
1	0
16	0
8	10
13	13
13	0
1	0
1	0
16	0
16	0
8	0
1	0
1	0
16	0
1	0
1	0
16	0
16	0
16	0
4	0
16	0
1	0
1	0
1	0
16	0
1	0
1	0
12	0
1	0
1	0
16	0
8	0
1	0
1	0
1	0
1	0
1	0
8	0
8	0
4	0
12	0
16	0
16	0
16	0
1	0
1	0
1	0
16	0
1	0
1	0
8	0
8	0
12	0
12	6
12	0
8	8
4	0
11	4
1	0
1	0
1	3
13	13
16	0
3	0
2	2
6	6
8	0
8	0
8	0
8	0
8	8
13	13
13	0
1	0
1	0
3	0
16	0
1	0
1	0
1	0
1	0
1	0
16	0
3	0
16	0
8	0
8	0
8	0
8	0
16	0
1	0
8	0
1	0
1	0
1	0
1	0
1	0
8	0
1	0
1	0
8	0
8	0
3	0
1	0
1	0
1	0
1	0
16	0
16	0
16	0
1	0
1	0
12	0
6	6
8	0
8	8
4	0
11	4
3	0
3	0
1	1
2	2
3	0
6	0
6	6
8	0
8	0
8	0
8	0
8	8
13	13
13	0
1	0
1	0
1	0
1	0
8	0
1	0
1	0
1	0
1	0
1	0
1	0
2	0
1	0
1	0
1	0
1	0
8	0
8	0
8	0
1	0
1	0
1	0
1	0
1	0
1	0
1	0
1	0
1	0
8	0
8	0
16	0
1	0
3	0
3	0
3	0
2	0
2	0
1	0
1	0
1	0
13	0
12	6
16	0
1	0
1	0
1	0
1	0
1	0
1	0
1	1
8	0
8	0
8	8
2	0
2	2
8	0
8	0
8	0
8	8
13	13
13	0
1	0
1	0
1	0
8	0
16	0
8	0
1	0
1	0
16	0
1	0
1	0
8	0
16	0
16	0
1	0
1	0
8	0
16	0
8	0
16	0
1	0
1	0
1	0
16	0
8	0
16	0
1	0
1	0
16	0
16	0
16	0
1	0
16	0
16	0
1	0
1	0
8	0
16	0
16	0
12	0
3	11
4	0
3	3
16	0
6	6
8	0
8	0
8	8
3	0
3	3
8	0
8	0
8	0
8	8
17	0
17	0
17	0
17	4
17	16
17	0
17	0
17	0
17	0
17	16
13	13
5	11
8	0
8	0
8	0
8	8
17	0
2	2
1	13
8	0
8	0
8	0
8	0
8	0
8	0
8	8
16	13
13	13
5	6
1	0
1	0
1	0
3	0
3	0
1	0
3	0
1	1
8	0
8	0
8	8
16	2
17	6
17	0
8	0
13	0
13	0
13	13
17	6
12	0
17	0
17	0
8	0
8	0
8	0
8	8
16	0
17	0
1	0
1	0
1	16
3	3
1	0
1	3
1	0
1	0
1	0
1	0
1	1
17	0
2	10
13	13
13	13
13	0
1	0
1	0
16	0
1	0
16	0
1	0
16	0
16	0
1	0
1	0
1	0
1	0
1	0
1	0
8	0
8	0
17	0
8	0
8	0
1	0
1	0
1	0
1	0
1	0
8	0
8	0
16	0
16	0
16	0
16	0
16	0
1	0
12	0
17	0
17	0
17	0
12	16
17	0
2	11
5	6
8	0
8	0
8	0
8	0
8	0
8	0
8	0
8	0
8	0
8	8
16	0
16	2
12	0
12	0
12	0
12	0
12	16
5	5
1	0
17	0
17	16
5	11
17	0
17	10
13	13
13	0
1	0
1	0
17	0
17	0
1	0
16	0
16	0
1	0
1	0
1	0
16	0
1	0
16	0
1	0
17	0
17	0
12	0
12	0
12	0
1	0
1	0
1	0
1	0
1	0
1	0
1	0
12	0
3	11
4	0
4	4
3	0
3	11
8	0
11	0
9	0
9	4
17	0
6	0
1	6
8	0
8	8
13	13
3	0
1	3
4	0
4	4
2	3
8	2
17	6
8	0
8	0
8	8
13	13
13	0
3	0
8	0
1	0
8	0
1	0
1	0
1	0
1	0
1	0
1	0
1	0
1	0
1	0
1	0
8	0
1	0
8	0
8	0
1	0
3	0
3	0
3	0
3	0
8	0
8	0
8	0
1	0
1	0
1	0
1	0
1	0
1	0
12	0
17	2
17	6
1	13
8	0
8	0
8	0
8	8
17	13
17	0
17	2
17	13
12	8
12	13
4	0
11	4
17	0
11	11
3	3
1	0
3	0
3	0
1	1
3	5
1	0
1	0
1	0
1	0
1	0
1	0
1	1
5	5
3	11
1	0
1	0
1	0
1	16
3	0
3	3
17	0
11	0
11	10
13	13
3	5
16	0
16	3
13	13
13	0
2	0
1	0
1	0
1	0
1	0
17	0
17	0
17	0
17	0
1	0
17	0
17	0
12	0
1	0
12	0
16	0
16	11
13	13
13	0
1	0
1	0
16	0
8	0
1	0
8	0
1	0
1	0
16	0
16	0
16	0
8	0
1	0
1	0
1	0
1	0
16	0
16	0
8	0
8	0
1	0
1	0
16	0
16	0
8	0
1	0
1	0
1	0
1	0
16	0
8	0
8	0
12	0
1	0
1	0
1	0
1	0
16	0
8	0
8	0
1	0
12	0
16	0
16	0
8	0
1	0
1	0
1	0
16	0
16	0
8	0
1	0
1	0
13	0
8	0
8	3
1	11
4	0
4	0
4	16
6	11
8	0
8	0
8	8
13	13
13	0
1	0
1	0
8	0
16	0
16	0
1	0
1	0
8	0
1	0
8	0
8	0
16	0
16	0
16	0
3	0
8	0
8	0
8	0
8	0
16	0
1	0
1	0
1	0
16	0
16	0
1	0
16	0
8	0
8	0
8	0
8	0
8	0
16	0
1	0
1	0
1	0
8	0
8	0
4	0
3	0
8	0
8	0
8	0
16	0
16	0
1	0
1	0
12	0
2	0
5	5
12	0
12	11
11	0
11	4
1	6
1	0
1	0
1	1
8	0
8	0
8	8
2	0
2	2
1	13
8	8
16	13
13	13
13	0
1	0
1	0
1	0
1	0
1	0
16	0
16	0
1	0
1	0
1	0
1	0
8	0
1	0
1	0
1	0
1	0
1	0
1	0
16	0
1	0
1	0
1	0
1	0
1	0
16	0
16	0
16	0
16	0
12	0
12	0
12	0
1	0
1	0
1	0
1	0
1	0
1	0
8	0
1	0
12	0
3	2
1	0
1	1
12	0
12	0
12	0
12	0
12	8
12	0
12	16
17	0
6	6
8	12
12	0
12	0
12	3
17	0
17	0
17	0
12	3
1	0
1	0
3	0
1	16
1	0
1	0
16	0
16	16
13	13
13	0
8	0
1	0
8	0
8	0
8	0
12	0
12	0
17	0
12	0
12	0
8	0
1	0
12	0
12	0
8	0
12	0
1	0
1	0
1	0
1	0
12	0
12	0
12	0
17	0
17	0
17	0
1	0
8	0
8	0
12	0
9	2
17	6
17	0
8	0
8	8
4	0
11	4
1	0
1	0
1	0
2	6
8	0
8	0
8	0
8	0
8	8
13	13
13	0
8	0
1	0
1	0
1	0
1	0
8	0
1	0
8	0
1	0
1	0
1	0
1	0
1	0
1	0
1	0
8	0
8	0
8	0
1	0
1	0
1	0
1	0
1	0
1	0
1	0
1	0
1	0
8	0
1	0
1	0
1	0
8	0
16	0
1	0
1	0
1	0
1	0
1	0
1	0
1	0
8	0
8	0
3	0
3	0
8	0
1	0
1	8
8	0
2	0
2	2
6	6
8	0
8	0
8	0
8	0
8	0
8	0
8	0
8	8
13	13
8	0
8	0
8	0
8	8
5	5
8	0
8	0
8	0
8	0
8	0
8	8
13	13
1	6
8	0
8	0
8	0
8	0
8	0
8	0
8	8
5	5
5	6
8	0
8	0
8	0
8	8
13	13
13	0
1	0
1	0
1	0
8	0
8	0
8	0
8	0
8	0
1	0
1	0
8	0
8	0
8	0
11	0
11	11
16	16
3	3
6	0
6	6
8	0
8	0
8	8
5	5
16	0
16	0
16	16
16	0
16	3
4	0
2	3
13	13
11	11
11	11
1	0
1	0
1	0
1	0
1	0
1	16
16	0
4	0
16	4
13	13
13	0
1	0
16	0
16	0
16	0
16	0
16	0
16	0
16	0
16	0
16	0
1	0
16	0
1	0
16	0
16	0
16	0
1	0
16	0
16	0
8	0
1	0
16	0
8	0
16	0
3	0
16	0
16	0
16	0
16	0
12	0
5	11
1	0
11	3
8	0
2	2
8	0
8	0
8	0
8	0
1	8
16	0
16	0
16	0
16	0
16	16
11	11
1	0
17	0
17	3
17	6
12	0
12	0
8	8
2	0
4	6
8	0
12	0
12	0
8	8
13	13
13	0
1	0
1	0
16	0
1	0
1	0
1	0
1	0
1	0
12	0
1	0
12	0
16	0
1	0
1	0
1	0
1	0
8	0
8	0
8	0
1	0
1	0
1	0
8	0
1	0
1	0
16	0
16	0
16	0
11	0
11	11
16	0
16	0
16	0
16	16
2	3
13	13
14	0
11	14
6	0
6	11
1	0
4	0
17	10
17	6
17	0
8	8
2	0
2	2
8	0
8	8
4	0
4	4
13	13
5	5
6	6
8	0
8	0
8	0
8	0
8	12
16	0
16	0
17	0
16	16
16	0
2	11
8	11
3	3
2	2
8	0
8	0
8	8
3	0
2	2
8	0
8	0
8	8
13	13
5	0
5	5
3	0
3	3
16	0
16	0
4	4
11	11
5	6
13	0
12	0
12	11
4	0
4	16
2	3
12	6
8	0
8	0
8	0
8	0
8	0
8	0
8	0
8	0
8	8
3	0
2	14
17	0
17	0
17	0
17	0
3	3
1	0
1	1
1	0
1	0
1	16
13	13
13	0
1	0
1	0
1	0
8	0
1	0
1	0
8	0
1	0
1	0
1	0
17	0
1	0
8	0
1	0
1	0
1	0
1	0
1	0
1	0
16	0
1	0
1	0
1	0
1	0
1	0
1	0
8	0
8	0
8	0
8	0
8	0
13	0
3	11
16	0
16	16
16	0
16	3
6	6
1	13
8	8
1	13
8	0
8	0
8	8
2	2
2	0
1	6
8	0
8	0
8	0
8	8
13	13
13	0
1	0
1	0
8	0
8	0
8	0
8	0
1	0
1	0
1	0
1	0
8	0
8	0
8	0
1	0
1	0
8	0
8	0
8	0
8	0
8	0
1	0
1	0
1	0
8	0
8	0
3	0
16	0
16	0
16	0
16	0
1	0
1	0
1	0
1	0
1	0
8	0
8	0
8	0
12	0
3	0
12	0
3	11
16	0
16	0
16	0
16	16
3	2
11	0
6	6
12	0
8	8
3	2
3	0
1	6
1	0
1	0
1	1
8	0
8	0
8	0
8	0
8	0
8	8
13	13
3	3
3	0
4	0
14	0
14	14
11	6
8	0
8	12
5	5
6	6
8	0
8	0
8	12
2	2
12	6
8	0
8	0
8	8
4	0
4	4
13	13
13	0
3	0
1	0
1	0
1	0
1	0
1	0
3	0
8	0
1	0
1	0
1	0
1	0
12	0
8	11
12	0
12	16
2	0
2	2
11	0
11	11
1	0
12	0
12	3
1	0
1	0
16	0
16	16
13	13
5	5
3	11
3	0
4	0
4	0
2	4
8	6
17	0
4	0
4	10
1	0
1	0
1	0
1	16
8	2
17	0
12	6
17	0
1	1
8	0
8	0
8	0
8	8
13	13
13	0
16	0
8	0
8	0
12	0
16	0
8	0
16	0
12	0
16	0
1	0
12	0
12	0
1	0
1	0
12	0
12	0
12	0
1	0
1	0
8	0
11	11
16	16
2	2
6	6
12	0
12	0
12	12
5	5
8	0
2	6
8	0
8	0
12	0
8	0
8	12
3	0
9	2
1	6
8	0
8	0
8	0
8	8
2	10
13	13
13	0
1	0
8	0
8	0
8	0
8	0
8	0
1	0
8	0
8	0
8	0
8	0
8	0
1	0
1	0
8	0
8	0
8	0
8	0
8	0
8	0
1	0
8	0
8	0
8	0
8	0
8	0
8	0
8	0
8	0
8	0
8	0
1	0
12	0
12	0
11	0
1	0
16	0
8	2
2	0
2	2
8	0
8	0
8	8
13	13
11	0
11	4
11	11
16	0
1	3
2	0
2	2
8	0
8	0
8	0
8	8
13	13
11	11
11	11
16	0
2	0
3	3
16	0
16	0
11	0
4	16
16	0
16	16
13	13
16	14
17	0
2	11
12	6
12	0
12	0
12	12
1	0
1	0
1	0
16	0
16	0
16	16
13	13
13	0
1	0
16	0
16	0
1	0
1	0
1	0
16	0
16	0
16	0
1	0
1	0
13	0
13	13
1	16
13	13
11	11
16	0
16	0
2	0
17	4
3	3
6	6
1	0
1	0
1	0
1	0
1	0
1	0
1	0
1	0
1	1
8	0
8	0
8	0
8	0
8	8
2	0
2	2
8	0
8	0
8	0
8	12
13	13
1	0
3	0
1	16
2	10
13	13
13	13
13	0
1	0
16	0
1	0
1	0
1	0
16	0
16	0
16	0
16	0
1	0
1	0
16	0
1	0
16	0
16	0
16	0
16	0
1	0
1	0
1	0
1	0
16	0
6	11
1	0
8	0
8	16
16	0
2	11
1	0
1	3
16	0
16	0
16	3
13	13
5	5
11	11
16	0
16	0
12	0
1	16
3	0
2	0
16	10
13	13
13	0
1	0
16	0
1	0
16	0
16	0
16	0
16	0
16	0
16	0
16	0
16	0
16	0
16	0
16	0
16	0
1	0
16	0
16	0
16	0
16	0
16	0
16	0
16	0
1	0
1	0
16	0
16	0
16	0
8	0
1	0
16	0
16	0
16	0
16	0
16	0
16	0
13	0
12	0
14	14
11	11
8	0
11	0
2	0
16	16
13	13
3	0
16	0
16	0
16	16
11	11
3	0
2	6
12	0
8	0
8	12
13	13
14	0
14	6
16	0
11	0
12	0
2	1
2	0
2	0
2	0
6	1
8	0
8	0
8	0
8	0
8	0
8	0
8	8
13	13
1	0
1	0
1	0
1	0
1	16
5	11
13	13
16	0
16	14
11	11
16	0
2	0
2	3
3	14
2	2
2	0
6	6
8	0
8	0
8	0
8	0
13	0
12	0
14	14
8	11
5	6
1	0
1	1
8	0
8	8
16	0
2	0
16	4
13	13
13	0
4	0
14	0
14	16
11	11
3	0
3	3
13	13
13	0
1	0
16	0
16	0
16	0
3	0
16	0
1	0
16	0
16	0
16	0
16	0
16	0
16	0
16	0
16	0
16	0
16	0
3	0
16	0
16	0
16	0
16	0
16	0
16	0
16	0
1	0
1	0
8	0
1	0
1	0
1	0
8	0
16	0
16	0
16	0
16	0
16	0
16	0
16	0
12	0
5	0
5	5
6	6
8	0
8	8
8	0
8	0
8	0
8	8
16	0
16	0
16	16
3	2
3	0
12	0
6	6
8	0
8	0
8	0
8	0
8	8
2	11
8	0
8	0
8	0
8	8
13	13
5	5
3	0
3	3
3	0
16	0
4	0
2	0
16	16
11	0
3	3
1	0
12	0
4	0
16	11
3	0
3	0
2	3
13	13
13	0
1	0
16	0
1	0
1	0
16	0
16	0
16	0
16	0
16	0
3	0
16	0
16	0
3	0
12	0
8	0
8	0
8	3
2	0
2	2
8	8
16	0
16	0
16	16
11	11
2	6
12	0
12	0
12	12
13	13
13	0
1	0
1	0
1	0
8	0
3	0
8	0
1	0
1	0
1	0
1	0
1	0
8	0
16	0
16	0
3	0
1	0
1	0
8	0
8	0
1	0
1	0
1	0
1	0
1	0
8	0
8	0
8	0
1	0
1	0
1	0
8	0
8	0
8	0
2	0
1	0
3	0
8	0
16	0
3	0
3	0
1	0
12	0
12	0
3	0
6	0
6	6
8	12
4	0
4	0
16	0
16	0
16	16
11	0
11	11
3	0
2	3
4	0
2	3
13	13
14	0
11	14
1	0
2	11
8	0
8	0
8	0
8	0
8	8
16	4
4	0
4	4
13	13
13	0
1	0
1	0
1	0
1	0
16	0
1	0
16	0
1	0
1	0
1	0
1	0
1	0
1	0
16	0
16	0
1	0
1	0
1	0
1	0
8	0
8	0
16	0
16	0
16	0
16	0
16	0
1	0
1	0
1	0
1	0
12	0
11	11
3	0
4	0
4	0
16	0
16	16
1	0
1	1
5	5
1	0
1	0
1	0
1	1
13	13
5	5
3	11
3	0
17	0
17	4
1	6
8	0
8	0
8	0
8	0
8	8
13	13
14	11
16	0
11	0
1	16
11	0
1	11
17	0
11	3
13	13
3	0
4	14
17	0
11	11
3	0
12	11
12	10
1	0
1	0
1	0
1	1
1	0
1	0
12	0
17	0
17	0
12	16
13	13
13	0
1	0
1	0
1	0
1	0
1	0
12	0
17	0
12	0
12	3
4	0
11	4
17	0
12	11
1	0
1	0
1	1
5	5
1	6
8	0
12	0
8	0
8	8
13	13
13	0
1	0
1	0
1	0
1	0
1	0
1	0
1	0
1	0
1	0
1	0
1	0
1	0
1	0
1	0
1	0
1	0
1	0
1	0
1	0
1	0
1	0
1	0
1	0
1	0
1	0
1	0
1	0
1	0
1	0
1	0
8	0
16	0
1	0
1	0
1	0
1	0
1	0
1	0
1	0
1	0
1	0
12	0
3	0
5	5
3	0
1	2
8	0
8	0
8	8
16	0
16	0
4	4
11	11
17	0
17	11
1	0
1	0
1	0
1	0
1	0
16	1
5	5
8	0
8	0
8	0
8	8
13	13
13	0
1	0
1	0
16	0
16	0
16	0
3	0
1	0
1	0
1	0
17	0
8	0
1	0
8	0
1	0
1	0
1	0
1	0
8	0
8	0
8	0
16	0
1	0
3	0
16	0
1	0
8	0
16	0
16	0
16	0
16	0
3	0
3	0
1	0
12	0
11	11
16	0
4	0
4	16
3	2
8	0
8	0
8	0
8	8
17	2
12	6
17	0
8	0
8	0
8	12
16	0
2	0
2	3
13	13
13	0
16	0
16	0
8	0
16	0
8	0
8	0
16	0
16	0
16	0
16	0
16	0
12	0
16	0
16	0
16	0
16	0
16	0
1	0
8	0
8	0
16	0
8	0
16	0
16	0
8	0
8	0
3	0
16	0
16	0
3	0
1	0
8	0
8	0
8	0
16	0
12	0
12	0
16	0
16	0
12	0
2	2
2	0
2	6
8	8
4	0
16	0
16	0
3	4
3	11
3	0
3	0
3	3
1	0
1	0
1	0
1	0
1	1
13	13
11	11
3	0
3	0
1	16
8	0
8	0
8	0
8	0
8	0
8	8
16	0
16	16
13	13
13	0
1	0
1	0
1	0
16	0
1	0
1	0
8	0
3	0
3	0
3	0
1	0
1	0
1	0
1	0
8	0
8	0
1	0
1	0
8	0
3	0
16	0
16	0
1	0
1	0
1	0
1	0
1	0
13	0
13	13
6	0
1	0
1	16
1	0
1	3
16	0
11	0
1	6
8	0
8	0
8	0
8	0
8	8
13	13
13	13
13	0
1	0
16	0
16	0
1	0
1	0
1	0
1	0
1	0
1	0
16	0
1	0
16	0
1	0
1	0
1	0
8	0
8	0
8	0
16	0
1	0
1	0
1	0
1	0
1	0
1	0
1	0
16	0
1	0
1	0
1	0
1	0
1	0
1	0
16	0
1	0
1	0
1	0
1	0
1	0
1	0
8	0
8	0
3	0
1	0
1	0
1	0
16	0
16	16
11	11
13	13
13	0
1	0
3	0
16	0
8	0
8	0
1	0
3	0
16	0
16	0
8	0
8	0
8	0
8	0
8	0
3	0
16	0
16	0
8	0
8	0
8	0
1	0
16	0
8	0
8	0
8	0
8	0
8	0
1	0
16	0
16	0
8	0
8	0
8	0
8	0
8	0
8	0
8	0
8	0
1	0
1	0
16	0
16	0
8	0
8	0
8	0
1	0
3	0
3	0
8	0
8	0
8	0
13	0
13	13
17	6
17	0
17	0
1	1
12	0
12	8
13	13
3	0
3	0
3	3
1	0
1	0
1	0
1	0
1	0
1	0
1	0
1	0
1	9
13	13
3	0
16	0
16	0
16	0
16	2
6	6
8	0
8	0
8	0
8	8
2	0
2	10
13	13
13	0
1	0
1	0
8	0
1	0
1	0
8	0
8	0
1	0
1	0
1	0
1	0
1	0
1	0
1	0
8	0
8	0
8	0
8	0
1	0
1	0
1	0
1	0
1	0
1	0
1	0
3	2
1	0
1	0
1	1
8	0
8	0
8	8
13	13
13	0
1	0
1	0
1	0
16	0
16	0
1	0
1	0
1	0
1	0
1	0
16	0
8	0
16	0
1	0
1	0
1	0
1	0
16	0
16	0
8	0
1	0
1	0
1	0
1	0
16	0
16	0
16	0
1	0
1	0
1	0
8	0
16	0
8	0
1	0
1	0
1	0
1	0
16	0
16	0
16	0
1	0
1	0
8	0
16	0
8	0
1	0
1	0
1	0
1	0
16	0
13	0
8	0
8	3
5	6
1	0
1	0
1	0
8	0
1	8
13	13
3	0
1	0
1	0
1	0
12	3
5	6
1	0
1	0
1	0
8	0
1	8
13	13
13	0
1	0
1	0
1	0
1	0
1	0
8	0
1	0
1	0
8	0
1	0
1	0
8	0
1	0
1	0
1	0
1	0
1	0
1	0
8	0
8	0
1	0
1	0
1	0
1	0
1	0
8	0
1	0
1	0
1	0
1	0
1	0
1	0
1	0
1	0
1	0
1	0
1	0
12	0
12	12
12	0
12	0
12	12
8	6
12	12
12	0
12	0
12	16
5	6
8	8
12	2
12	6
12	0
12	0
12	0
12	0
12	8
13	13
9	9
13	13
8	0
12	1
16	0
16	0
16	16
16	0
11	11
6	0
6	6
8	12
2	2
2	0
1	0
1	6
8	0
8	8
8	0
12	8
5	5
8	0
8	0
8	8
3	0
2	2
6	6
8	0
8	0
8	8
1	10
13	13
13	0
8	0
12	0
8	0
8	0
16	0
12	0
12	0
12	0
5	0
5	5
6	0
11	11
3	0
4	0
4	0
2	0
4	16
2	2
6	6
8	0
8	0
8	8
3	0
3	3
1	0
1	0
1	0
1	0
1	0
1	1
13	13
13	0
1	0
8	0
16	0
16	0
16	0
16	0
1	0
1	0
1	0
8	0
16	0
16	0
1	0
1	0
1	0
16	0
1	0
1	0
16	0
8	0
1	0
16	0
16	0
16	0
16	0
8	0
8	0
4	0
4	0
16	0
3	0
1	0
1	0
1	0
8	0
13	0
14	0
11	11
1	0
3	16
3	11
17	0
11	11
3	3
1	0
1	0
1	0
1	0
16	16
13	13
3	2
3	0
6	0
6	6
8	0
8	0
8	8
13	13
13	0
1	0
16	0
1	0
16	0
16	0
16	0
1	0
1	0
1	0
16	0
1	0
1	0
1	0
1	0
1	0
1	0
1	0
8	0
8	0
16	0
1	0
16	0
8	0
16	0
16	0
1	0
1	0
16	0
16	0
16	0
1	0
1	0
1	0
1	0
1	0
16	0
12	0
6	6
8	8
16	0
16	0
16	0
16	16
11	0
6	6
8	12
2	2
5	6
8	0
8	0
8	8
2	0
2	2
8	0
8	0
8	0
8	0
8	0
8	0
8	12
13	13
13	0
1	0
1	0
1	0
8	0
8	0
8	0
1	0
8	0
8	0
1	0
1	0
1	0
1	0
1	0
8	0
8	0
1	0
8	0
8	0
8	0
1	0
1	0
8	0
16	0
16	0
16	0
3	0
1	0
8	0
8	0
8	0
1	0
8	0
8	0
12	0
9	9
8	6
1	0
17	0
1	0
1	0
1	1
8	0
8	8
2	0
2	2
8	0
8	0
8	0
8	0
8	0
8	0
8	0
8	12
13	13
3	11
3	0
3	0
1	11
1	0
1	0
1	0
16	16
5	5
3	11
3	0
1	0
2	6
16	0
16	0
16	0
1	1
8	0
8	8
16	0
16	0
2	4
13	13
13	0
1	0
1	0
1	0
1	0
1	0
1	0
3	0
3	0
16	0
16	0
16	0
16	0
1	0
1	0
1	0
12	0
6	6
8	0
8	0
8	0
8	8
4	0
16	0
16	4
2	0
2	6
1	12
12	6
12	0
1	0
1	0
13	0
6	0
12	0
12	1
8	8
16	0
12	0
2	10
13	13
14	0
11	14
11	11
1	0
1	0
1	3
16	0
16	16
13	13
13	0
16	0
16	0
16	0
8	0
1	0
1	0
16	0
16	0
16	0
16	0
8	0
8	0
1	0
1	0
1	0
8	0
8	0
8	0
3	0
3	0
1	0
1	0
1	0
1	0
1	0
13	0
13	13
11	11
4	0
11	4
3	6
1	0
1	0
1	1
8	0
8	8
13	13
3	0
1	0
1	0
1	0
1	4
1	0
11	0
11	0
11	16
13	13
13	13
16	0
16	0
12	0
12	16
11	11
13	13
13	0
3	0
16	0
16	0
16	0
1	0
1	0
16	0
16	0
16	0
16	0
1	0
16	0
16	0
16	0
16	0
16	0
16	0
16	0
3	0
16	0
1	0
1	0
1	0
1	0
1	0
1	0
1	0
1	0
1	0
1	0
13	0
1	0
3	3
16	0
11	0
1	3
13	13
16	11
11	11
5	11
16	0
1	0
16	0
16	16
13	13
1	0
1	0
1	0
1	16
5	11
6	6
8	0
8	0
8	0
8	0
8	0
8	8
12	0
12	10
13	13
13	0
1	0
16	0
16	0
1	0
16	0
16	0
16	0
16	0
8	0
8	0
16	0
8	0
1	0
1	0
8	0
17	0
1	0
16	0
16	0
16	0
16	0
16	0
16	0
1	0
16	0
16	0
16	0
16	0
1	0
12	0
3	0
11	11
4	0
11	4
3	3
6	0
6	6
12	0
8	0
8	0
8	0
8	12
13	13
5	6
8	0
8	0
8	0
8	8
12	0
11	2
4	0
4	6
1	0
1	0
1	1
8	8
3	2
6	6
8	0
8	8
13	13
13	0
1	0
1	0
1	0
1	0
16	0
1	0
16	0
16	0
3	0
1	0
1	0
16	0
16	0
16	0
3	0
16	0
16	0
1	0
1	0
1	0
1	0
1	0
8	0
8	0
8	0
1	0
1	0
12	0
3	0
8	0
3	0
3	0
8	3
16	0
4	0
4	4
11	11
3	3
3	6
12	0
12	8
17	0
17	0
17	0
17	16
13	13
13	0
16	0
16	0
16	0
16	0
16	0
16	0
3	0
16	0
16	0
16	0
16	0
3	0
1	0
8	0
8	0
16	0
12	0
16	0
16	0
16	0
16	0
16	0
16	0
16	0
16	0
16	0
3	0
1	0
3	0
8	0
16	0
16	0
16	0
16	0
16	0
16	0
3	0
12	0
1	0
8	0
13	0
13	13
3	0
3	4
3	0
11	3
2	3
17	0
6	0
12	3
13	13
13	13
13	0
16	0
16	0
8	0
16	0
16	0
8	0
8	0
16	0
1	0
8	0
8	0
1	0
8	0
8	0
8	0
1	0
1	0
12	0
8	0
1	0
1	0
16	0
16	0
16	0
16	0
16	0
8	0
8	0
1	0
1	0
12	0
8	0
16	0
16	0
16	0
16	0
16	0
8	0
1	0
1	0
1	0
12	0
8	0
8	0
1	0
16	0
16	0
11	0
16	16
11	11
13	13
13	0
8	0
8	0
8	0
8	0
8	0
8	0
8	0
8	0
16	0
8	0
11	0
8	0
8	0
8	0
8	0
8	0
16	0
8	0
8	0
8	0
8	0
8	0
16	0
8	0
8	0
1	0
8	0
8	0
8	0
16	0
11	0
8	0
8	0
8	0
8	0
8	0
8	0
16	0
8	0
8	0
8	0
8	0
16	0
11	0
8	0
1	0
8	0
8	0
16	0
8	0
8	0
8	0
8	0
8	0
16	0
11	0
3	0
11	0
12	11
4	0
11	4
3	3
3	0
3	0
3	0
3	3
1	0
1	0
1	1
5	5
1	0
11	0
1	11
13	13
13	0
1	0
1	0
1	0
1	0
1	0
1	0
1	0
1	0
1	0
3	0
1	0
1	0
1	0
1	0
1	0
1	0
1	0
1	0
1	0
1	0
1	0
1	0
1	0
1	0
1	0
1	0
1	0
1	0
1	0
8	0
16	0
1	0
1	0
3	0
3	0
1	0
1	0
1	0
1	0
1	0
13	0
3	0
16	0
16	16
11	11
17	0
11	0
4	10
3	0
3	3
1	0
1	0
1	0
1	0
16	16
16	0
11	0
12	4
13	13
13	0
1	0
1	0
8	0
8	0
8	0
8	0
1	0
16	0
16	0
1	0
1	0
1	0
1	0
1	0
8	0
16	0
12	0
8	0
8	0
8	0
16	0
16	0
16	0
8	0
8	0
8	0
3	0
16	0
16	0
16	0
16	0
3	0
3	0
3	0
3	0
1	0
1	0
1	0
1	0
1	0
13	0
13	13
17	0
17	0
8	10
1	1
13	13
13	13
13	0
16	0
16	0
8	0
16	0
16	0
16	0
16	0
16	0
16	0
16	0
16	0
16	0
16	0
16	0
16	0
16	0
16	0
16	0
16	0
16	0
16	0
16	0
8	0
16	0
16	0
16	0
16	0
16	0
16	0
16	0
16	0
16	0
16	0
1	0
16	0
8	0
16	0
16	0
1	0
16	0
16	0
16	0
16	0
1	0
16	0
16	0
16	0
16	0
16	0
16	0
1	0
12	0
11	11
16	0
1	0
1	0
1	16
1	0
1	0
1	0
16	1
13	13
13	0
1	0
3	0
1	0
16	0
3	0
1	0
1	0
16	0
1	0
1	0
1	0
1	0
1	0
1	0
8	0
8	0
1	0
1	0
16	0
16	0
1	0
1	0
1	0
16	0
1	0
1	0
3	0
1	0
1	0
1	0
1	0
16	0
16	0
1	0
1	0
16	0
16	0
1	0
1	0
1	0
1	0
1	0
16	0
8	0
16	0
1	0
1	0
1	0
13	0
13	13
2	2
6	6
8	0
8	0
8	8
1	0
1	0
1	0
1	0
1	0
16	0
16	16
16	11
11	0
11	11
3	3
13	13
13	13
13	0
3	0
8	0
8	0
8	0
8	0
8	0
1	0
1	0
1	0
16	0
16	0
16	0
16	0
16	0
16	0
8	0
8	0
8	0
8	0
1	0
16	0
1	0
8	0
8	0
8	0
8	0
1	0
1	0
1	0
1	0
8	0
1	0
1	0
1	0
1	0
1	0
16	0
16	0
16	0
12	0
2	2
2	0
2	6
8	0
8	0
12	0
8	0
12	12
16	0
16	16
17	6
8	0
8	0
8	0
8	0
8	0
8	8
17	6
12	0
17	0
12	1
13	13
3	0
14	0
16	1
12	0
8	0
8	8
3	0
2	0
2	0
3	0
2	3
17	0
2	2
12	6
8	0
8	8
10	0
2	0
2	2
13	13
3	11
3	0
1	0
1	2
8	0
8	0
8	8
1	0
16	0
2	16
13	13
13	0
3	0
1	0
1	0
8	0
8	0
12	0
6	6
8	0
8	0
8	8
8	0
12	0
12	0
8	0
8	12
16	0
2	0
2	0
12	0
17	0
1	0
12	16
17	0
16	0
16	16
11	0
1	6
16	0
1	1
8	0
8	8
13	13
13	0
1	0
1	0
1	0
8	0
1	0
1	0
1	0
1	0
16	0
1	0
1	0
1	0
1	0
1	0
3	0
16	0
1	0
1	0
8	0
1	0
1	0
1	0
1	0
1	0
1	0
8	0
1	0
16	0
16	0
16	0
1	0
1	0
12	0
11	11
16	0
16	0
16	4
11	0
11	6
17	0
8	0
8	8
17	0
9	2
17	6
8	0
8	8
5	5
12	6
8	0
8	0
8	0
8	0
8	8
1	0
12	0
12	0
12	0
12	0
8	16
3	0
2	14
2	0
2	6
1	0
1	0
1	1
1	0
1	0
1	0
1	1
17	0
1	0
1	1
8	0
8	0
8	8
1	0
1	16
13	13
13	0
16	0
16	0
1	0
1	0
1	0
8	0
17	0
8	0
17	0
8	0
1	0
12	0
17	2
17	6
8	8
16	0
4	0
16	4
1	11
1	0
1	0
1	0
1	0
1	0
16	16
13	13
13	0
1	0
1	0
8	0
16	0
1	0
1	0
1	0
1	0
16	0
16	0
16	0
16	0
1	0
1	0
1	0
1	0
1	0
1	0
8	0
1	0
1	0
1	0
1	0
16	0
8	0
1	0
1	0
1	0
1	0
8	0
8	0
16	0
1	0
8	0
16	0
16	0
1	0
1	0
1	0
1	0
1	0
1	0
1	0
1	0
13	0
1	0
1	9
8	0
8	0
8	0
8	0
8	0
8	8
16	0
16	0
4	0
4	16
3	0
16	3
5	5
1	0
1	0
1	0
1	16
13	13
5	6
12	0
12	8
2	2
2	6
8	0
8	0
8	0
8	0
8	8
16	0
16	0
16	16
12	6
8	0
8	8
1	0
2	0
2	10
13	13
5	6
11	11
12	0
12	0
16	0
16	16
1	0
3	3
5	5
3	0
16	0
16	16
2	2
1	0
11	6
1	0
1	0
1	1
13	0
13	0
13	13
8	0
8	8
13	13
12	0
8	12
13	13
13	13
13	0
8	0
8	0
8	0
16	0
1	0
1	0
8	0
8	0
1	0
8	0
8	0
16	0
16	0
8	0
16	0
8	0
1	0
1	0
8	0
8	0
16	0
16	0
8	0
16	0
16	0
1	0
8	0
16	0
8	0
1	0
8	0
8	0
16	0
1	0
8	0
16	0
1	0
1	0
1	0
8	0
8	0
1	0
8	0
8	0
16	0
1	0
16	0
16	0
16	0
1	0
13	0
12	0
16	0
16	0
16	0
16	0
16	16
6	0
6	6
8	12
17	6
8	0
8	0
8	8
8	0
12	0
12	0
12	0
12	0
12	12
13	13
13	13
14	0
1	0
1	4
1	0
1	0
1	3
17	0
11	0
17	0
11	0
17	0
17	0
17	0
17	16
16	0
4	0
4	3
13	13
13	13
13	0
3	0
1	0
1	0
1	0
16	0
1	0
16	0
16	0
16	0
16	0
8	0
8	0
8	0
8	0
8	0
1	0
1	0
1	0
13	0
13	13
11	11
3	0
1	0
1	16
16	0
4	0
4	10
3	0
1	0
11	11
8	0
2	0
2	2
8	0
8	3
1	0
1	0
1	1
8	0
8	0
8	0
8	8
13	13
13	13
13	0
3	0
3	0
16	0
16	0
8	0
16	0
2	0
1	0
1	0
8	0
8	0
16	0
16	0
1	0
16	0
8	0
8	0
16	0
16	0
16	0
8	0
3	0
3	0
1	0
16	0
16	0
16	0
4	0
1	0
8	0
8	0
2	0
2	0
11	0
11	11
16	0
16	0
16	0
16	0
16	16
2	2
8	0
2	6
12	0
8	0
8	8
2	0
2	2
6	6
6	0
1	0
1	1
8	0
8	0
8	8
2	0
2	2
8	0
8	8
13	13
13	0
3	0
8	0
1	0
8	0
8	0
8	0
8	0
8	0
1	0
8	0
8	0
1	0
8	0
8	0
8	0
2	0
1	0
1	0
8	0
8	0
16	0
16	0
16	0
16	0
8	0
8	0
8	0
8	0
8	0
8	0
8	0
8	0
11	0
3	0
2	2
2	0
6	6
1	0
1	0
1	0
1	1
12	0
8	0
8	8
16	0
16	0
16	0
16	16
6	6
8	0
8	0
8	8
2	3
3	0
1	0
1	1
13	13
5	5
11	11
11	0
11	4
13	13
13	0
1	0
3	0
8	0
16	0
16	0
1	0
1	0
1	0
8	0
8	0
8	0
1	0
1	0
8	0
8	0
8	0
8	0
8	0
2	0
1	0
1	0
1	0
1	0
1	0
1	0
8	0
8	0
8	0
16	0
12	0
6	6
8	0
8	8
16	0
1	0
16	16
2	0
2	2
6	6
1	0
1	0
1	0
1	1
8	0
8	0
8	8
13	13
5	0
5	5
11	11
1	0
1	0
1	16
1	0
1	1
3	0
3	3
13	13
13	0
16	0
1	0
1	0
1	0
16	0
1	0
16	0
16	0
16	0
16	0
16	0
16	0
1	0
1	0
16	0
1	0
16	0
16	0
8	0
16	0
16	0
16	0
1	0
1	0
8	0
1	0
1	0
1	0
1	0
1	0
13	0
13	13
3	0
3	3
1	0
1	0
3	0
1	0
1	1
1	0
1	16
16	0
4	0
4	10
2	10
13	13
13	13
16	0
16	0
16	0
16	16
12	6
8	0
12	0
12	0
8	0
8	12
13	13
13	0
8	0
1	0
1	0
16	0
16	0
8	0
1	0
1	0
1	0
16	0
16	0
16	0
16	0
1	0
8	0
12	0
12	0
16	0
8	0
17	0
1	0
1	0
1	0
1	0
1	0
1	0
1	0
1	0
1	0
16	0
1	0
12	0
3	3
8	0
2	6
8	12
4	0
4	6
8	0
8	0
8	0
8	8
13	13
3	11
3	6
3	0
2	0
1	0
1	0
1	1
8	0
8	8
17	0
2	2
6	6
8	0
8	8
5	5
6	6
8	0
8	0
8	0
8	0
8	0
8	0
8	0
8	8
5	5
6	6
8	0
8	0
8	8
8	0
12	3
1	0
16	0
16	16
13	13
13	0
1	0
3	0
8	0
8	0
1	0
1	0
1	0
1	0
1	0
1	0
1	0
1	0
13	0
3	11
4	0
4	0
4	16
5	11
8	0
8	1
3	2
2	0
11	0
6	6
6	0
1	1
8	0
8	0
16	0
2	0
16	0
16	8
13	13
3	0
5	5
16	11
13	13
13	0
1	0
3	0
3	0
3	0
1	0
1	0
1	0
1	0
1	0
8	0
8	0
16	0
16	0
1	0
1	0
8	0
3	0
3	0
16	0
1	0
3	0
3	0
16	0
16	0
8	0
3	0
1	0
3	0
3	0
1	0
1	0
1	0
1	0
1	0
12	0
11	11
16	0
16	0
17	4
5	6
17	0
17	0
17	0
17	1
8	0
8	0
8	0
8	0
8	8
13	13
5	5
1	6
8	0
8	0
8	0
8	0
8	8
13	13
14	0
11	14
16	0
17	0
12	16
2	3
8	0
8	0
8	0
12	0
8	8
2	2
6	0
1	6
8	0
8	8
13	13
13	0
1	0
16	0
16	0
16	0
16	0
16	0
16	0
16	0
8	0
8	0
8	0
17	0
16	0
1	0
8	0
8	0
8	0
8	0
12	0
12	12
12	0
12	0
12	12
12	6
12	12
16	0
16	0
16	16
1	6
8	8
2	2
8	0
8	0
8	0
8	8
13	13
9	9
13	13
8	0
6	6
8	12
16	0
16	0
16	16
1	0
1	0
1	0
1	0
3	3
5	6
1	0
1	1
8	0
8	0
8	8
10	0
2	3
13	13
3	11
1	11
4	0
11	0
1	1
12	0
1	0
16	16
16	0
4	0
4	4
13	13
13	0
3	0
1	0
1	0
1	0
1	0
1	0
1	0
12	0
3	3
16	0
11	0
11	11
16	0
16	0
16	16
13	13
8	0
2	0
2	2
1	0
11	3
13	13
13	0
1	0
1	0
1	0
8	0
8	0
16	0
16	0
8	0
1	0
8	0
8	0
16	0
16	0
8	0
1	0
1	0
1	0
1	0
8	0
8	0
1	0
1	0
8	0
1	0
8	0
8	0
8	0
1	0
8	0
1	0
1	0
16	0
16	0
16	0
1	0
8	0
8	0
8	0
8	0
1	0
1	0
1	0
1	0
8	0
12	0
6	6
8	0
8	0
8	0
8	0
8	0
8	8
16	0
12	0
16	0
16	16
11	0
11	6
1	0
2	8
13	13
16	11
11	11
3	0
2	0
2	0
1	16
2	2
11	0
11	6
1	0
1	0
1	0
1	0
1	1
8	8
3	0
3	0
3	3
13	13
13	0
3	0
8	0
8	0
3	0
3	0
8	0
8	0
8	0
8	0
3	0
1	0
8	0
8	0
8	0
8	0
8	0
3	0
3	0
16	0
16	0
16	0
16	0
1	0
12	0
3	0
9	6
2	0
11	0
9	1
8	0
8	0
8	8
16	0
16	0
16	0
16	0
16	16
11	0
11	11
2	2
17	0
12	6
17	0
12	0
12	1
17	0
2	0
16	8
2	0
11	10
13	13
2	2
8	0
8	8
5	5
12	0
8	0
8	0
8	0
8	0
8	8
13	13
13	0
8	0
8	0
12	0
12	0
8	0
8	0
1	0
1	0
8	0
8	0
8	0
1	0
8	0
8	0
3	0
3	0
16	0
16	0
16	0
11	0
12	0
9	9
8	6
12	12
16	0
16	0
16	16
3	6
17	0
17	0
17	0
1	1
8	8
2	2
8	0
8	0
8	0
8	8
13	13
13	0
1	0
1	0
8	0
8	0
8	0
8	0
8	0
1	0
1	0
1	0
17	0
1	0
1	0
1	0
1	0
8	0
8	0
8	0
8	0
8	0
1	0
8	0
8	0
8	0
8	0
8	0
8	0
1	0
8	0
12	0
12	0
16	0
1	0
1	0
12	0
17	0
1	0
1	0
1	0
1	0
8	0
1	6
1	0
1	0
1	0
1	0
1	0
1	8
2	2
6	6
8	8
12	0
12	12
12	0
12	0
12	12
13	13
13	0
1	0
12	0
12	0
8	0
8	0
8	0
16	0
1	0
1	0
16	0
1	0
1	0
8	0
8	0
8	0
12	0
12	0
12	0
12	0
12	0
12	0
1	0
8	0
12	0
12	0
8	0
8	0
1	0
1	0
1	0
1	0
1	0
1	0
1	0
8	0
8	0
8	0
8	0
8	0
16	0
12	0
12	0
12	0
1	0
1	0
8	8
16	0
2	2
5	6
1	0
1	1
8	8
16	0
16	0
16	0
16	0
16	16
17	0
12	0
12	10
13	13
13	0
1	0
1	0
1	0
1	0
16	0
8	0
16	0
1	0
16	0
1	0
16	0
16	0
16	0
16	0
1	0
1	0
1	0
1	0
1	0
1	0
1	0
1	0
1	0
1	0
1	0
8	0
1	0
1	0
16	0
8	0
16	0
16	0
1	0
1	0
8	0
16	0
16	0
16	0
16	0
1	0
13	0
13	13
3	0
3	8
16	12
13	13
3	11
8	0
4	0
17	0
1	16
1	0
1	0
1	0
1	16
13	13
13	13
13	0
13	0
13	0
8	0
1	0
13	0
13	0
13	0
16	0
1	0
1	0
1	0
1	0
1	0
1	0
1	0
1	0
1	0
1	0
13	0
13	0
16	0
1	0
1	0
8	0
1	0
13	0
13	0
1	0
1	0
1	0
1	0
16	0
16	0
8	0
8	0
1	0
1	0
1	0
1	0
1	0
1	0
1	0
12	0
17	6
17	0
17	0
17	1
8	8
16	0
16	0
16	16
17	0
2	6
8	12
2	2
8	0
8	0
8	0
8	8
2	0
2	10
13	13
13	0
8	0
8	0
8	0
8	0
8	0
8	0
1	0
1	0
16	0
1	0
8	0
8	0
8	0
8	0
8	0
8	0
8	0
8	0
12	0
8	0
8	0
8	0
8	0
8	0
12	0
8	0
12	0
17	0
17	0
17	0
1	0
16	0
16	0
17	0
1	0
8	0
1	0
8	0
1	0
11	0
11	11
16	0
16	0
16	16
3	0
1	0
12	0
12	16
13	13
5	0
5	5
12	0
11	11
16	0
16	0
16	16
4	0
2	6
11	0
11	3
6	6
8	0
8	0
8	0
8	8
13	13
13	0
1	0
16	0
1	0
16	0
12	0
12	0
12	0
16	0
16	0
16	0
1	0
1	0
1	0
1	0
1	0
8	0
8	0
16	0
1	0
8	0
16	0
1	0
1	0
1	0
1	0
8	0
8	0
16	0
16	0
16	0
12	0
12	0
13	0
13	13
11	11
16	0
16	0
17	0
13	0
17	0
11	16
1	0
1	0
1	0
1	16
13	13
13	13
13	0
1	0
16	0
16	0
16	0
1	0
16	0
16	0
1	0
16	0
16	0
16	0
16	0
17	0
1	0
1	0
1	0
1	0
1	0
1	0
16	0
16	0
1	0
1	0
16	0
8	0
16	0
16	0
16	0
1	0
16	0
16	0
1	0
1	0
16	0
16	0
16	0
17	0
8	0
1	0
1	0
1	0
1	0
1	0
13	0
12	0
12	0
9	6
8	0
8	8
4	0
4	4
4	0
11	0
1	3
1	0
1	1
13	13
5	0
5	5
16	0
4	0
4	10
2	2
8	0
8	8
13	13
8	0
8	0
8	8
1	0
1	0
1	0
1	16
5	11
12	0
12	10
13	13
13	0
1	0
16	0
1	0
1	0
1	0
1	0
1	0
16	0
16	0
16	0
16	0
1	0
1	0
1	0
1	0
1	0
1	0
1	0
1	0
1	0
3	0
1	0
1	0
1	0
16	0
3	0
13	0
13	13
3	0
1	0
1	0
16	0
16	16
4	11
11	0
11	11
3	3
13	13
8	0
11	8
16	12
13	13
13	13
13	0
16	0
16	0
16	0
16	0
16	0
16	0
1	0
16	0
16	0
16	0
16	0
16	0
1	0
1	0
1	0
1	0
8	0
8	0
1	0
1	0
16	0
16	0
16	0
16	0
16	0
16	0
16	0
1	0
1	0
1	0
1	0
1	0
16	0
16	0
16	0
16	0
3	0
1	0
1	0
1	0
1	0
16	0
12	0
11	11
1	0
11	0
16	0
17	0
1	16
16	0
16	0
16	1
12	0
12	0
8	0
8	8
13	13
17	0
12	11
11	0
11	4
1	0
1	0
16	3
1	0
1	0
1	0
1	0
1	0
1	0
3	16
13	13
17	0
12	11
17	0
11	4
1	0
1	0
1	1
13	13
1	0
1	3
1	0
1	0
1	0
1	0
1	0
1	0
1	0
1	0
3	9
13	13
13	0
1	0
1	0
1	0
1	0
1	0
1	0
1	0
1	0
1	0
13	0
8	0
1	0
8	0
8	0
8	0
3	3
13	13
13	0
1	0
1	0
1	0
1	0
8	0
1	0
1	0
1	0
1	0
1	0
1	0
8	0
8	0
1	0
1	0
1	0
1	0
1	0
8	0
8	0
8	0
8	0
1	0
1	0
8	0
1	0
1	0
1	0
1	0
1	0
1	0
8	0
8	0
1	0
1	0
1	0
1	0
1	0
1	0
1	0
8	0
8	0
8	0
8	0
8	0
8	0
1	0
1	0
1	0
1	0
1	0
12	0
6	0
6	6
8	12
16	0
16	0
16	4
11	0
11	11
17	0
1	3
1	0
2	0
12	0
1	0
1	0
1	16
13	13
11	11
11	11
1	0
1	0
1	3
3	0
1	0
3	16
16	0
16	16
13	13
5	0
3	14
8	0
3	3
8	0
9	2
1	0
2	6
8	0
8	0
8	0
8	8
1	2
12	6
8	0
12	0
13	0
12	0
12	8
16	0
2	0
16	3
13	13
13	0
3	0
1	0
1	0
1	0
1	0
1	0
1	0
12	0
8	11
4	0
11	4
8	8
13	13
5	0
3	3
6	0
1	6
8	0
8	8
13	13
13	0
3	0
1	0
1	0
8	0
1	0
1	0
16	0
16	0
1	0
1	0
1	0
8	0
8	0
16	0
3	0
1	0
1	0
8	0
8	0
8	0
1	0
16	0
1	0
8	0
8	0
1	0
16	0
16	0
16	0
1	0
1	0
1	0
1	0
16	0
4	0
1	0
1	0
1	0
3	0
3	0
1	0
1	0
8	0
8	0
1	0
3	0
12	0
11	11
11	0
16	0
16	16
16	0
2	11
3	0
3	0
1	16
16	4
13	13
16	2
6	6
8	0
8	0
8	0
8	0
8	0
8	8
13	13
13	0
1	0
1	0
1	0
8	0
8	0
8	0
8	0
8	0
1	0
16	0
16	0
16	0
16	0
1	0
1	0
1	0
8	0
8	0
16	0
8	0
8	0
1	0
8	0
8	0
16	0
16	0
16	0
16	0
16	0
1	0
1	0
3	0
1	0
16	0
16	0
16	0
16	0
1	0
13	0
13	13
11	11
4	0
11	4
13	0
13	13
13	13
13	0
1	0
1	0
1	0
1	0
1	0
1	0
1	0
1	0
1	0
1	0
1	0
1	0
1	0
1	0
16	0
1	0
1	0
1	0
1	0
1	0
1	0
1	0
1	0
1	0
1	0
1	0
1	0
16	0
1	0
1	0
1	0
1	0
1	0
1	0
1	0
16	0
1	0
1	0
1	0
1	0
11	0
1	0
1	0
1	0
1	0
1	0
16	0
16	0
1	0
1	0
1	0
13	0
11	11
1	0
1	0
1	0
16	0
16	16
13	13
13	0
1	0
1	0
1	0
1	0
8	0
8	0
1	0
1	0
1	0
1	0
8	0
8	0
1	0
1	0
1	0
1	0
1	0
1	0
1	0
1	0
1	0
1	0
1	0
1	0
1	0
8	0
1	0
1	0
1	0
1	0
1	0
1	0
1	0
1	0
1	0
1	0
1	0
8	0
1	0
1	0
1	0
1	0
1	0
1	0
1	0
1	0
1	0
1	0
1	0
1	0
8	0
12	0
8	6
12	0
12	8
16	0
16	0
16	16
1	0
1	3
2	0
2	2
17	0
9	0
9	0
3	0
3	9
1	0
1	1
17	0
12	10
13	13
17	0
11	0
4	10
3	0
3	3
1	0
2	2
6	6
8	0
8	0
8	0
8	0
8	12
13	13
13	0
8	0
1	0
1	0
1	0
8	0
8	0
1	0
16	0
1	0
1	0
1	0
1	0
12	0
12	0
1	0
1	0
8	0
8	0
1	0
1	0
1	0
1	0
1	0
1	0
13	0
17	0
14	2
17	6
12	0
12	0
12	0
8	0
8	0
8	8
1	6
1	13
8	0
8	0
12	0
8	8
12	13
13	13
17	17
13	13
17	0
2	2
17	8
16	0
16	0
16	4
13	13
3	11
1	6
1	0
1	0
1	0
1	0
1	0
1	0
8	8
2	2
8	8
5	5
8	0
8	8
16	0
16	0
16	0
4	16
13	13
16	0
14	0
14	16
11	11
1	0
11	3
1	6
8	0
8	0
8	0
8	0
8	8
13	13
13	0
12	0
11	11
16	0
16	0
16	4
17	6
3	0
3	0
6	1
8	0
8	0
8	8
13	13
3	11
3	6
12	0
12	0
12	8
5	5
2	0
11	0
1	0
2	0
2	1
8	0
8	0
8	0
8	0
8	8
1	0
1	0
16	0
16	16
1	0
16	0
16	4
11	2
2	0
6	6
8	0
8	0
8	0
8	0
8	0
8	0
8	0
8	8
13	13
17	0
12	0
12	16
5	5
13	13
1	0
12	0
12	0
8	8
13	13
13	13
13	0
1	0
5	6
1	1
8	0
8	8
16	0
4	0
4	4
11	11
1	0
1	0
1	0
16	16
13	13
13	0
1	0
1	0
1	0
16	0
16	0
16	0
16	0
16	0
1	0
16	0
16	0
16	0
16	0
16	0
16	0
1	0
1	0
16	0
16	0
16	0
1	0
1	0
1	0
16	0
16	0
16	0
16	0
16	0
16	0
1	0
16	0
16	0
1	0
1	0
8	0
8	0
16	0
16	0
16	0
1	0
1	0
1	0
1	0
16	0
16	0
3	0
1	0
2	0
8	0
8	0
16	0
16	0
16	8
3	0
4	0
17	0
2	0
16	4
12	11
1	0
1	0
17	0
1	0
12	1
1	0
1	0
1	3
13	13
3	0
16	0
16	16
2	0
2	2
1	0
6	0
1	0
1	0
1	0
1	1
8	0
8	0
8	8
13	13
13	0
1	0
1	0
1	0
8	0
8	0
8	0
8	0
1	0
1	0
1	0
1	0
3	0
16	0
1	0
1	0
16	0
12	0
17	0
17	0
8	0
8	0
13	0
13	13
1	0
1	0
8	0
1	0
8	0
8	0
1	0
12	8
13	13
16	0
16	0
16	0
16	0
16	16
16	11
1	0
1	0
1	0
1	0
1	0
1	0
1	1
8	0
8	0
8	0
8	8
13	13
3	0
1	3
1	0
1	0
1	0
16	0
16	8
13	13
13	0
1	0
1	0
1	0
1	0
8	0
8	0
1	0
1	0
1	0
1	0
1	0
1	0
1	0
1	0
1	0
1	0
1	0
1	0
8	0
16	0
16	0
16	0
13	0
13	13
11	0
11	0
11	11
4	0
4	0
4	0
2	0
16	4
3	0
1	1
13	13
13	13
13	0
8	0
16	0
8	0
16	0
16	0
16	0
16	0
16	0
8	0
8	0
16	0
16	0
16	0
4	0
4	0
3	0
16	0
16	0
16	0
16	0
8	0
16	0
1	0
16	0
16	0
16	0
16	0
16	0
16	0
16	0
16	0
16	0
1	0
16	0
16	0
8	0
16	0
4	0
4	0
3	0
3	0
1	0
1	0
1	0
16	0
12	0
3	0
16	0
16	4
6	0
6	6
8	0
8	0
8	12
3	0
3	0
2	0
2	16
13	13
13	0
3	0
3	0
3	0
8	0
3	0
8	0
3	0
16	0
16	0
16	0
1	0
8	0
16	0
16	0
8	0
8	0
1	0
1	0
16	0
8	0
16	0
16	0
1	0
1	0
8	0
1	0
8	0
3	0
8	0
1	0
3	0
3	0
16	0
16	0
16	0
16	0
8	0
8	0
8	0
8	0
1	0
1	0
1	0
16	0
1	0
12	0
8	0
8	0
12	0
12	0
12	3
16	0
16	0
16	4
6	6
1	0
1	8
5	6
1	0
1	0
1	0
1	1
8	0
13	0
12	0
12	0
12	0
12	8
1	0
1	0
1	0
16	0
16	16
13	13
13	0
1	0
1	0
1	0
1	0
1	0
1	0
1	0
1	0
8	0
8	0
1	0
12	0
8	0
8	0
1	0
1	0
8	0
8	0
8	0
8	0
8	0
8	0
16	0
16	0
16	0
1	0
1	0
1	0
1	0
1	0
12	0
14	0
5	5
11	6
1	0
1	0
8	0
8	8
16	0
16	0
16	0
16	16
13	13
16	13
17	11
17	0
17	0
17	0
17	16
4	0
2	3
17	0
3	3
17	0
12	0
12	11
17	0
17	0
12	16
16	13
13	13
17	0
12	0
12	11
1	0
3	0
1	0
1	0
3	8
1	0
1	0
1	0
1	0
17	1
13	13
13	0
1	0
1	0
16	0
1	0
1	0
16	0
16	0
1	0
16	0
16	0
16	0
16	0
16	0
16	0
12	0
5	0
3	3
16	0
16	16
3	11
1	1
1	0
2	0
1	0
1	1
8	0
8	0
8	0
8	0
8	8
13	13
3	0
3	0
16	0
16	0
16	16
2	2
1	0
3	0
1	0
1	0
1	0
1	0
1	1
8	0
8	0
8	0
8	0
8	0
8	8
13	13
5	5
3	0
2	0
2	2
8	0
2	0
2	0
2	0
11	1
8	0
8	0
8	0
8	8
13	13
13	0
1	0
8	0
8	0
1	0
1	0
1	0
1	0
8	0
12	0
12	6
8	0
8	8
16	16
1	6
8	0
8	0
8	0
8	0
8	0
8	0
8	0
8	8
13	13
12	6
8	0
8	0
8	8
5	5
1	6
8	0
12	0
12	0
8	0
8	0
8	0
8	0
8	8
16	0
16	0
16	0
1	16
13	13
6	6
8	0
8	8
8	0
8	0
8	0
8	0
8	0
8	0
8	0
8	0
8	0
8	8
1	0
4	0
1	0
1	16
1	9
8	0
8	0
8	0
8	8
16	0
16	0
16	16
13	0
12	0
2	6
12	0
12	8
12	0
4	0
4	0
4	0
16	4
1	0
1	0
1	0
1	0
1	0
1	0
16	16
2	2
8	0
8	8
16	0
2	0
2	3
13	13
5	5
16	0
4	0
2	3
13	13
14	0
11	6
8	0
8	0
8	8
1	0
1	0
1	0
1	0
1	3
13	13
4	0
4	4
12	6
12	0
12	0
8	8
1	0
3	3
17	0
12	0
12	10
1	0
1	0
3	0
3	0
1	0
16	16
13	13
13	0
16	0
1	0
12	0
8	0
8	0
8	0
8	0
8	0
8	0
8	0
8	0
12	1
8	0
8	0
8	0
8	0
8	8
16	0
16	0
16	16
2	3
8	0
9	2
6	6
1	13
8	0
8	0
8	0
8	8
8	13
13	13
17	0
11	0
12	0
12	1
1	0
17	0
1	0
1	16
13	13
13	0
1	0
1	0
16	0
1	0
1	0
16	0
1	0
8	0
8	0
8	0
8	0
16	0
16	0
1	0
1	0
1	0
16	0
16	0
1	0
8	0
16	0
12	0
12	12
12	0
12	0
12	12
12	6
12	12
4	0
17	6
1	0
1	0
1	0
1	1
8	0
8	8
13	13
9	9
13	13
8	0
5	5
3	0
6	9
8	0
8	8
4	0
11	0
16	0
16	16
2	0
2	6
8	12
2	0
2	6
8	0
8	0
8	0
8	0
8	0
8	0
8	0
8	8
2	0
2	2
6	6
8	0
8	0
8	8
13	13
13	0
8	0
8	0
1	0
8	0
8	0
8	0
8	0
8	0
1	0
1	0
1	0
13	0
11	11
16	0
16	0
16	16
1	6
12	0
8	0
12	8
13	13
9	0
1	0
9	9
8	0
8	0
8	0
8	0
8	0
8	0
8	0
8	0
8	0
8	0
8	8
13	13
5	5
16	0
16	6
1	0
1	0
1	0
1	0
1	0
1	0
1	0
1	0
1	8
13	13
13	0
1	0
1	0
8	0
1	0
16	0
8	0
16	0
3	0
1	0
16	0
16	0
3	0
1	0
1	0
1	0
8	0
1	0
1	0
1	0
1	0
8	0
12	0
6	11
1	0
8	0
17	0
16	0
8	16
17	0
2	11
3	0
3	10
1	0
1	0
1	0
1	1
13	13
13	0
1	0
1	0
1	0
8	0
8	0
8	0
8	0
8	0
1	0
1	0
16	0
8	0
8	0
8	0
1	0
1	0
1	0
8	0
8	0
8	0
8	0
1	0
1	0
16	0
8	0
8	0
8	0
8	0
16	0
16	0
8	0
1	0
1	0
8	0
8	0
16	0
8	0
8	0
8	0
1	0
1	0
1	0
1	0
13	0
9	9
11	6
8	0
13	0
1	0
8	8
16	0
4	16
17	0
2	6
8	12
5	6
8	0
8	0
8	0
8	1
8	0
8	0
8	0
8	8
13	13
3	11
3	0
2	0
4	11
3	0
3	0
3	0
3	3
1	0
1	0
1	0
16	16
13	13
13	0
1	0
1	0
1	0
1	0
1	0
1	0
1	0
8	0
1	0
1	0
1	0
1	0
8	0
8	0
8	0
8	0
1	0
1	0
1	0
1	0
8	0
1	0
1	0
1	0
12	0
12	0
12	6
17	0
17	0
17	0
17	0
17	0
17	0
17	0
12	1
8	0
12	0
8	0
12	8
17	0
17	0
17	0
17	16
17	0
17	0
17	0
17	11
13	13
13	0
1	0
1	0
1	0
17	0
17	0
1	0
1	0
1	0
12	0
12	0
8	0
1	0
1	0
1	0
8	0
1	0
17	0
17	0
1	0
1	0
1	0
1	0
1	0
1	0
1	0
1	0
17	0
17	0
17	0
8	0
1	0
1	0
12	0
12	0
12	0
12	0
13	13
17	11
17	0
17	16
17	0
16	0
1	0
1	8
13	13
3	11
3	11
16	0
2	0
4	10
4	0
4	0
4	0
4	16
17	0
17	0
17	0
17	0
17	16
17	0
17	16
13	13
13	13
6	6
8	0
13	0
1	0
1	8
16	0
2	0
2	0
12	16
6	0
6	6
8	0
8	0
8	0
8	0
8	8
1	0
3	3
3	0
2	2
3	0
3	0
1	0
1	0
1	1
8	0
8	8
3	0
10	2
16	12
13	13
13	0
13	0
6	6
8	0
8	0
13	0
8	0
16	0
8	8
16	0
16	0
16	4
6	6
8	0
8	0
8	0
8	0
8	0
8	8
2	0
2	2
1	0
1	0
1	1
8	0
8	0
8	0
8	0
8	8
2	0
2	2
12	0
8	0
8	8
17	0
2	2
17	6
9	0
9	9
17	0
2	2
8	0
8	8
2	0
2	2
1	0
11	11
1	0
16	0
16	0
16	16
5	5
3	0
2	11
1	0
3	3
1	0
2	2
12	0
12	0
13	0
12	0
11	11
16	0
16	0
16	0
16	16
3	3
3	6
1	0
1	0
1	1
8	0
8	8
17	0
12	0
9	4
13	13
3	0
3	0
16	0
16	0
16	16
11	11
17	0
2	6
8	12
17	0
9	2
17	0
2	6
8	0
8	0
8	0
8	8
2	0
2	2
8	0
8	0
8	8
8	0
8	0
8	12
13	13
13	0
1	0
3	0
8	0
16	0
16	0
16	0
8	0
8	0
8	0
8	0
1	0
1	0
1	0
1	0
16	0
16	0
12	0
3	0
12	0
3	11
11	0
11	4
11	0
11	11
3	0
4	0
1	3
2	3
13	13
13	0
16	0
16	0
16	0
1	0
1	0
16	0
16	0
16	0
16	0
1	0
16	0
16	0
1	0
16	0
16	0
16	0
1	0
1	0
1	0
1	0
16	0
16	0
16	0
1	0
1	0
1	0
16	0
16	0
16	0
16	0
12	0
1	0
1	0
16	0
16	0
16	0
16	0
1	0
1	0
16	0
1	0
1	0
1	0
1	0
1	0
1	0
11	0
11	11
16	0
17	0
1	0
16	0
16	16
16	11
3	0
3	3
3	0
3	0
3	3
13	13
14	0
11	14
6	6
8	0
8	0
8	12
16	2
11	0
11	0
9	0
11	6
1	0
1	0
1	0
1	1
8	0
8	8
1	0
1	16
1	0
1	0
1	0
16	0
16	16
5	5
3	11
16	0
4	0
4	10
5	5
1	0
1	3
1	0
2	2
8	0
8	0
8	0
8	0
8	0
8	0
8	0
8	0
8	8
16	16
13	13
13	0
12	0
12	0
12	0
12	10
13	13
6	0
6	6
8	0
8	0
8	8
16	0
16	0
16	16
8	0
1	0
12	3
5	6
8	0
8	0
8	8
13	13
13	0
8	0
8	0
1	0
8	0
8	0
8	0
8	0
8	0
8	0
8	0
8	0
1	0
1	0
1	0
8	0
1	0
1	0
8	0
8	0
8	0
8	0
8	0
8	0
1	0
8	0
1	0
1	0
8	0
8	0
8	0
1	0
8	0
8	0
8	0
8	0
3	0
1	0
1	0
12	0
3	0
16	0
16	3
4	4
11	0
2	11
12	6
8	0
8	0
8	0
8	12
13	13
6	6
12	0
12	12
8	0
8	0
8	0
8	12
2	2
2	6
12	0
12	0
8	12
1	0
1	0
16	0
16	0
16	0
16	0
16	16
13	13
13	0
1	0
1	0
8	0
16	0
1	0
8	0
8	0
8	0
1	0
8	0
8	0
8	0
1	0
1	0
8	0
16	0
8	0
8	0
3	0
8	0
8	0
8	0
8	0
8	0
8	0
8	0
12	0
11	11
16	0
16	0
16	16
5	11
1	0
3	3
17	0
17	0
1	2
17	0
12	9
8	8
13	13
13	0
1	0
17	0
1	0
8	0
8	0
16	0
16	0
8	0
16	0
17	0
16	0
16	0
17	0
16	0
17	0
17	0
1	0
17	0
8	0
8	0
1	0
12	0
17	0
1	0
8	0
8	0
16	0
1	0
1	0
1	0
16	0
16	0
16	0
3	0
3	0
16	0
16	0
17	0
17	0
12	0
17	0
12	0
17	0
1	0
12	0
17	0
5	5
8	0
4	0
12	3
4	0
17	0
4	4
3	11
17	0
1	3
16	0
1	0
16	16
13	13
1	0
12	0
12	0
16	0
17	0
1	0
16	0
3	3
13	13
14	0
14	2
12	0
12	0
12	8
1	13
8	0
8	0
8	12
16	13
2	0
2	2
8	0
8	0
8	0
8	0
8	0
8	0
8	8
13	13
13	0
16	0
16	0
3	0
16	0
16	0
16	0
8	0
3	0
3	0
8	0
8	0
1	0
1	0
1	0
13	0
13	13
11	11
17	0
1	0
16	0
1	16
3	3
13	13
13	13
13	0
16	0
16	0
16	0
16	0
16	0
16	0
16	0
16	0
16	0
16	0
1	0
16	0
16	0
16	0
16	0
16	0
16	0
1	0
1	0
16	0
16	0
16	0
16	0
16	0
16	0
16	0
16	0
16	0
16	0
8	0
16	0
16	0
16	0
16	0
16	0
16	0
16	0
1	0
1	0
1	0
1	0
1	0
1	0
16	0
16	0
16	0
16	0
16	0
16	0
11	0
16	16
6	6
8	0
13	0
1	0
1	8
13	13
13	0
8	0
8	0
8	0
8	0
8	0
8	0
8	0
8	0
8	0
8	0
8	0
8	0
8	0
8	0
8	0
8	0
8	0
8	0
8	0
8	0
8	0
8	0
8	0
8	0
8	0
8	0
8	0
8	0
8	0
12	0
8	0
8	0
8	0
8	0
3	0
8	0
8	0
8	0
8	0
8	0
8	0
8	0
8	0
8	0
8	0
1	0
8	0
8	0
8	0
8	0
8	0
11	0
2	2
3	0
3	0
3	3
1	0
16	0
16	16
6	0
6	6
8	12
1	0
1	0
1	0
1	11
1	0
17	0
1	0
1	1
13	13
14	0
11	14
11	11
3	11
1	0
1	0
1	16
1	0
1	0
16	0
16	0
16	0
16	0
16	16
13	13
5	5
3	0
16	0
16	0
16	16
6	6
8	0
8	0
8	8
13	13
13	0
1	0
3	0
3	0
1	0
1	0
3	0
1	0
1	0
8	0
8	0
8	0
1	0
1	0
1	0
13	0
13	13
12	0
12	0
12	0
12	3
17	0
1	0
12	4
17	11
11	0
11	0
2	3
6	6
8	0
8	0
8	0
8	8
12	0
12	0
12	12
5	5
6	6
8	0
8	0
8	0
8	8
13	13
3	5
8	0
12	0
16	0
16	0
16	16
11	11
4	0
2	3
13	13
13	0
1	0
1	0
8	0
1	0
1	0
16	0
1	0
8	0
1	0
1	0
1	0
16	0
16	0
1	0
1	0
1	0
1	0
8	0
8	0
1	0
1	0
13	0
17	13
17	0
11	0
17	0
17	16
12	13
13	13
16	0
16	16
6	6
8	0
8	8
3	0
3	10
13	13
13	0
1	0
1	0
8	0
1	0
1	0
1	0
16	0
16	0
16	0
16	0
1	0
1	0
16	0
16	0
8	0
8	0
8	0
3	0
3	0
1	0
1	0
8	0
1	0
1	0
1	0
1	0
1	0
1	0
1	0
16	0
16	0
16	0
16	0
16	0
16	0
16	0
16	0
16	0
1	0
1	0
8	0
8	0
3	0
13	0
13	13
17	0
17	3
17	13
17	0
17	0
17	0
17	0
17	3
17	13
13	13
13	0
1	0
1	0
1	0
12	0
1	0
1	0
17	0
1	0
17	0
1	0
1	0
12	0
17	0
17	0
1	0
17	0
17	0
12	0
12	0
12	0
13	0
1	0
1	0
1	0
12	0
13	0
17	0
17	0
1	0
1	0
1	0
12	0
12	0
1	0
1	0
17	0
17	0
17	0
17	0
17	0
17	0
12	0
12	0
12	0
12	0
13	0
1	0
13	0
17	13
17	0
17	0
17	0
17	0
17	3
17	13
13	13
12	13
13	0
1	0
1	0
1	0
17	0
1	0
17	0
1	0
17	0
1	0
1	0
8	0
17	0
1	0
17	0
17	0
17	0
17	0
17	0
12	0
17	0
17	0
1	0
1	0
1	0
17	0
1	0
17	0
17	0
17	0
8	0
8	0
8	0
17	0
1	0
1	0
1	0
17	0
17	0
17	0
17	0
17	0
12	0
17	0
17	0
1	0
1	0
1	0
1	0
1	0
13	0
13	13
4	14
11	11
11	0
11	11
3	3
3	0
1	0
1	11
16	0
2	0
16	0
16	16
13	13
13	0
1	0
16	0
1	0
1	0
16	0
16	0
16	0
16	0
1	0
8	0
1	0
1	0
16	0
16	0
1	0
1	0
16	0
16	0
16	0
16	0
16	0
16	0
16	0
1	0
16	0
16	0
16	0
1	0
16	0
1	0
1	0
1	0
3	0
8	0
8	0
1	0
1	0
16	0
16	0
1	0
1	0
1	0
16	0
16	0
13	0
12	13
1	6
1	0
13	0
1	0
1	8
4	0
11	4
11	0
11	11
1	0
1	0
1	0
1	0
1	0
1	0
1	0
1	1
13	13
13	0
1	0
16	0
1	0
1	0
1	0
1	0
1	0
3	0
16	0
16	0
11	0
1	0
1	0
1	0
1	0
1	0
1	0
1	0
1	0
1	0
3	0
16	0
16	0
1	0
1	0
1	0
1	0
1	0
1	0
1	0
1	0
16	0
16	0
11	0
8	0
11	0
1	0
1	0
1	0
11	0
11	11
16	0
16	0
16	16
6	0
6	6
8	12
13	13
13	0
1	0
1	0
1	0
8	0
8	0
8	0
3	0
1	0
1	0
8	0
8	0
8	0
8	0
3	0
1	0
3	0
8	0
8	0
8	0
8	0
8	0
8	0
1	0
8	0
8	0
8	0
1	0
1	0
3	0
8	0
8	0
8	0
8	0
8	0
3	0
1	0
1	0
8	0
16	0
16	0
3	0
3	0
8	0
8	0
8	0
8	0
3	0
1	0
1	0
8	0
12	0
5	0
5	5
16	0
16	0
16	16
16	0
9	2
1	6
8	0
8	8
13	13
3	11
6	6
8	0
8	8
16	0
16	0
16	16
4	0
4	4
13	13
13	0
1	0
1	0
1	0
1	0
1	0
1	0
1	0
1	0
1	0
1	0
1	0
1	0
8	0
8	0
1	0
1	0
1	0
1	0
1	0
1	0
1	0
1	0
1	0
1	0
1	0
1	0
3	0
8	0
1	0
3	0
1	0
1	0
8	0
8	0
14	0
14	0
1	0
12	0
1	0
8	0
12	0
12	0
3	3
4	0
16	0
16	16
6	6
8	0
8	0
8	12
3	0
3	0
3	3
3	0
2	2
8	0
8	0
8	0
8	0
8	8
2	2
2	6
8	0
8	8
12	0
12	16
13	13
13	0
1	0
1	0
12	0
1	0
1	0
1	0
1	0
1	0
1	0
12	0
1	0
1	0
1	0
1	0
1	0
12	0
12	0
12	0
16	0
16	0
1	0
12	0
16	0
16	0
1	0
8	0
3	0
3	0
3	0
13	0
13	13
6	6
8	0
8	0
8	0
8	12
13	13
3	11
16	0
17	0
17	0
17	0
17	16
17	11
13	13
17	0
17	0
17	16
17	11
17	0
17	10
13	13
13	13
17	6
8	0
13	0
12	0
1	8
16	0
1	0
16	0
16	16
2	0
6	6
8	12
17	0
12	0
12	0
12	0
2	0
2	1
12	0
12	10
17	0
2	14
17	0
17	0
12	6
12	0
12	0
12	8
1	0
1	0
1	0
1	0
16	16
13	13
13	0
16	0
13	0
2	0
5	5
3	0
6	6
8	12
16	0
16	0
16	0
16	16
6	6
8	0
8	0
8	8
13	13
13	0
1	0
1	0
3	0
8	0
1	0
1	0
1	0
1	0
1	0
8	0
8	0
8	0
16	0
16	0
3	0
1	0
1	0
8	0
1	0
1	0
1	0
1	0
8	0
8	0
8	0
16	0
16	0
1	0
1	0
1	0
8	0
1	0
2	0
2	0
1	0
8	0
8	0
16	0
16	0
1	0
1	0
1	0
8	0
1	0
13	0
13	13
3	0
1	0
12	10
13	13
3	0
3	0
11	11
4	0
11	4
3	0
3	0
11	6
13	13
13	13
13	0
1	0
8	0
8	0
3	0
16	0
1	0
16	0
16	0
8	0
1	0
1	0
1	0
1	0
16	0
1	0
1	0
1	0
1	0
1	0
16	0
1	0
8	0
1	0
1	0
1	0
1	0
1	0
1	0
16	0
1	0
1	0
1	0
1	0
1	0
1	0
1	0
1	0
16	0
1	0
1	0
1	0
1	0
1	0
13	0
13	13
8	0
8	0
8	0
1	0
8	0
8	0
8	0
8	0
8	0
8	8
2	2
17	6
8	0
8	0
8	12
5	2
8	0
8	0
8	0
8	0
8	12
16	0
4	3
13	13
13	0
1	0
1	0
1	0
1	0
16	0
16	0
16	0
1	0
1	0
16	0
16	0
16	0
1	0
16	0
1	0
16	0
16	0
16	0
16	0
16	0
1	0
1	0
1	0
1	0
1	0
1	0
1	0
1	0
1	0
8	0
16	0
16	0
8	0
13	0
8	3
5	6
8	0
8	8
2	2
2	0
6	6
8	0
8	0
8	0
8	0
8	12
13	13
5	5
11	11
8	0
17	0
17	0
12	16
17	0
12	11
12	3
17	0
17	0
17	0
17	16
13	13
13	13
13	0
1	0
8	0
16	0
16	0
1	0
1	0
1	0
1	0
17	0
17	0
8	0
8	0
12	0
12	0
17	0
17	0
17	0
17	0
12	0
8	0
8	0
16	0
1	0
8	0
8	0
8	0
8	0
8	0
16	0
16	0
12	0
11	11
8	0
4	0
4	0
4	16
1	0
1	1
1	0
2	0
1	0
1	0
16	0
16	16
13	13
13	0
1	0
8	0
8	0
8	0
8	0
8	0
8	0
16	0
8	0
8	0
8	0
1	0
8	0
1	0
1	0
1	0
16	0
16	0
16	0
16	0
1	0
1	0
8	0
8	0
8	0
16	0
8	0
1	0
16	0
1	0
8	0
8	0
8	0
8	0
8	0
3	0
1	0
1	0
1	0
1	0
1	0
16	0
16	0
16	0
12	0
13	13
12	7
13	13
4	4
3	0
1	0
3	3
3	3
1	0
3	3
1	0
1	0
1	0
1	0
16	16
2	2
11	0
11	11
13	13
13	13
16	0
12	0
16	16
12	11
16	0
2	0
2	3
2	0
2	6
8	12
2	2
12	0
8	8
13	13
13	0
8	0
8	0
12	0
8	0
8	0
12	0
12	0
16	0
12	0
12	0
16	0
1	0
12	0
8	0
3	0
8	0
8	0
8	0
8	0
1	0
1	0
1	0
1	0
1	0
13	0
8	0
8	0
8	0
8	12
13	13
13	0
1	0
1	0
1	0
8	0
1	0
1	0
1	0
1	0
8	0
8	0
8	0
8	0
1	0
1	0
1	0
1	0
8	0
8	0
8	0
8	0
1	0
1	0
1	0
8	0
1	0
1	0
1	0
1	0
1	0
8	0
8	0
8	0
1	0
1	0
1	0
1	0
1	0
8	0
8	0
1	0
1	0
1	0
16	0
8	0
8	0
1	0
1	0
1	0
8	0
8	0
8	0
1	0
1	0
17	0
3	11
17	0
17	0
17	16
17	0
3	0
3	3
3	0
3	3
17	0
17	0
17	11
17	0
17	0
17	4
17	0
12	0
12	4
13	13
13	0
1	0
17	0
12	0
12	0
12	0
12	0
1	0
17	0
17	0
17	0
17	0
17	0
17	0
17	0
17	0
12	0
12	0
12	0
12	0
12	0
17	0
12	0
17	0
12	0
12	0
12	0
1	0
16	0
16	0
16	0
16	0
8	0
3	0
17	0
17	0
17	0
17	0
17	0
17	0
13	0
13	13
6	6
12	0
12	12
8	0
8	0
8	0
8	12
4	0
11	4
13	13
3	5
16	0
11	0
16	0
12	0
1	16
13	13
8	0
8	0
8	0
8	0
8	0
8	0
8	0
8	0
8	0
8	8
2	2
2	6
12	0
12	0
8	12
13	13
13	0
1	0
1	0
8	0
1	0
1	0
1	0
1	0
16	0
1	0
1	0
1	0
1	0
1	0
1	0
8	0
1	0
8	0
1	0
1	0
1	0
1	0
1	0
1	0
1	0
11	0
11	0
5	5
11	11
16	0
4	0
16	0
16	16
13	13
3	0
11	11
3	16
5	11
1	0
1	0
17	0
17	16
13	13
13	0
1	0
16	0
1	0
1	0
16	0
16	0
1	0
16	0
16	0
16	0
8	0
16	0
8	0
1	0
1	0
1	0
1	0
16	0
16	0
1	0
1	0
1	0
16	0
1	0
16	0
16	0
16	0
1	0
16	0
16	0
8	0
16	0
16	0
16	0
8	0
16	0
16	0
8	0
1	0
1	0
1	0
11	0
12	13
3	3
4	0
11	4
11	0
11	11
3	0
1	0
11	3
13	13
13	0
1	0
1	0
1	0
1	0
1	0
1	0
1	0
1	0
1	0
1	0
1	0
1	0
1	0
1	0
1	0
1	0
1	0
1	0
1	0
1	0
1	0
1	0
1	0
3	0
1	0
1	0
1	0
1	0
1	0
1	0
1	0
1	0
1	0
1	0
1	0
1	0
3	0
8	0
1	0
1	0
1	0
1	0
1	0
8	0
8	0
1	0
1	0
1	0
13	0
13	13
3	7
13	13
13	13
16	0
16	0
16	0
16	16
6	0
6	6
8	12
12	6
8	0
8	0
8	12
13	13
13	0
1	0
3	0
12	0
8	0
8	0
8	0
8	0
3	0
3	0
16	0
16	0
16	0
8	0
8	0
8	0
8	0
12	0
12	0
8	0
8	0
8	0
1	0
16	0
8	0
8	0
8	0
8	0
1	0
1	0
1	0
3	0
3	0
3	0
16	0
16	0
8	0
3	0
8	0
8	0
8	0
8	0
1	0
13	0
13	13
17	0
4	16
17	11
17	0
17	0
17	1
8	0
12	0
12	0
12	0
12	8
13	13
13	13
13	0
12	0
8	0
8	0
8	0
1	0
1	0
12	0
12	0
12	0
8	0
8	0
1	0
1	0
1	0
12	0
12	0
12	0
8	0
13	0
13	0
16	0
12	0
12	0
8	0
1	0
1	0
1	0
8	0
12	0
8	0
16	0
1	0
16	0
16	0
16	0
8	0
1	0
1	0
12	0
12	0
12	0
12	0
12	0
13	0
13	0
13	13
11	11
4	0
11	4
1	6
1	0
1	0
1	0
1	1
8	0
8	8
13	13
13	0
1	0
1	0
1	0
1	0
1	0
1	0
1	0
1	0
1	0
1	0
1	0
1	0
1	0
1	0
1	0
1	0
1	0
1	0
1	0
1	0
1	0
3	0
1	0
1	0
1	0
1	0
1	0
1	0
1	0
1	0
1	0
1	0
1	0
1	0
3	0
16	0
1	0
1	0
1	0
1	0
1	0
1	0
1	0
1	0
1	0
1	0
13	0
11	11
16	0
17	0
17	4
5	6
8	0
12	8
16	0
2	0
16	0
12	16
2	2
17	0
1	6
8	0
8	0
8	0
8	8
1	0
2	3
13	13
13	13
13	0
1	0
17	0
16	0
16	0
16	0
16	0
16	0
17	0
16	0
1	0
1	0
1	0
16	0
1	0
16	0
16	0
16	0
1	0
16	0
1	0
16	0
16	0
16	0
16	0
16	0
17	0
17	0
8	0
16	0
16	0
16	0
16	0
17	0
16	0
1	0
1	0
13	0
11	11
16	0
16	16
17	0
2	11
11	0
11	6
16	0
1	0
1	8
2	0
2	2
1	6
8	0
8	8
13	13
13	0
1	0
1	0
1	0
8	0
8	0
8	0
8	0
16	0
8	0
8	0
8	0
8	0
3	0
1	0
1	0
1	0
1	0
8	0
8	0
8	0
8	0
16	0
1	0
8	0
8	0
8	0
8	0
1	0
3	0
16	0
16	0
16	0
16	0
1	0
8	0
8	0
1	0
3	0
1	0
1	0
1	0
1	0
12	0
1	0
1	0
16	2
2	0
2	6
8	0
8	0
8	0
8	8
4	0
11	4
1	0
1	3
1	0
17	0
17	0
17	11
17	0
17	3
13	13
13	0
1	0
1	0
1	0
1	0
1	0
1	0
1	0
3	0
3	0
1	0
1	0
1	0
1	0
1	0
1	0
1	0
1	0
1	0
1	0
1	0
1	0
1	0
1	0
1	0
1	0
1	0
1	0
8	0
8	0
1	0
1	0
8	0
3	0
16	0
1	0
1	0
3	0
1	0
12	0
8	0
8	0
8	6
12	0
12	0
12	0
12	0
8	8
13	13
16	0
17	0
12	6
12	0
12	0
8	8
13	13
16	0
2	0
2	6
8	0
8	0
8	0
8	8
13	13
13	0
8	0
1	0
8	0
8	0
8	0
16	0
16	0
12	0
8	0
8	0
8	0
16	0
16	0
3	0
1	0
1	0
8	0
8	0
8	0
8	0
1	0
8	0
8	0
1	0
16	0
12	0
8	0
8	0
8	0
16	0
16	0
12	0
12	0
12	0
13	0
13	13
11	11
16	0
16	0
4	4
17	6
16	0
17	0
1	1
17	0
8	0
8	0
8	8
17	0
2	2
2	0
9	0
9	0
6	6
8	0
8	0
8	0
8	0
8	8
5	0
3	0
3	4
13	13
16	11
11	11
3	0
11	0
6	6
1	0
1	1
8	0
8	0
8	0
8	8
3	0
3	0
3	0
1	0
3	0
1	16
16	0
4	0
16	4
13	13
13	13
13	0
3	0
16	0
1	0
16	0
1	0
8	0
16	0
17	0
13	0
13	13
3	0
4	0
16	0
16	11
13	13
13	13
13	0
1	0
16	0
8	0
16	0
16	0
1	0
16	0
16	0
16	0
16	0
8	0
16	0
1	0
16	0
16	0
16	0
8	0
16	0
1	0
16	0
1	0
16	0
8	0
16	0
16	0
1	0
1	0
16	0
16	0
8	0
16	0
16	0
16	0
1	0
1	0
16	0
16	0
16	0
1	0
16	0
16	0
16	0
16	0
1	0
16	0
1	0
16	0
16	0
16	0
16	0
1	0
13	0
13	13
1	0
1	0
8	3
13	13
13	13
13	0
8	0
8	0
8	0
8	0
1	0
1	0
1	0
1	0
8	0
8	0
8	0
1	0
1	0
1	0
1	0
8	0
8	0
8	0
1	0
1	0
1	0
8	0
8	0
8	0
1	0
1	0
1	0
1	0
1	0
8	0
8	0
1	0
1	0
1	0
1	0
1	0
8	0
8	0
1	0
1	0
1	0
8	0
8	0
1	0
1	0
1	0
1	0
8	0
8	0
8	0
1	0
1	0
13	0
13	13
3	2
12	0
12	8
13	13
13	13
13	0
8	0
1	0
8	0
8	0
1	0
16	0
1	0
1	0
1	0
1	0
8	0
16	0
1	0
1	0
1	0
1	0
1	0
8	0
8	0
16	0
1	0
1	0
8	0
8	0
1	0
16	0
1	0
1	0
1	0
8	0
8	0
1	0
16	0
1	0
1	0
1	0
1	0
8	0
1	0
1	0
1	0
1	0
1	0
8	0
1	0
1	0
1	0
1	0
1	0
8	0
1	0
1	0
13	0
13	13
8	0
8	0
8	0
12	16
1	0
3	3
13	13
13	13
13	0
1	0
1	0
1	0
16	0
1	0
1	0
1	0
1	0
16	0
1	0
1	0
1	0
1	0
1	0
1	0
1	0
1	0
1	0
1	0
1	0
1	0
1	0
1	0
16	0
1	0
1	0
1	0
1	0
1	0
1	0
1	0
1	0
1	0
1	0
1	0
1	0
1	0
1	0
17	0
12	0
12	0
1	0
1	0
1	0
1	0
1	0
1	0
1	0
16	0
13	0
13	13
8	0
8	0
4	4
11	11
5	11
1	0
2	0
16	0
16	16
13	13
13	13
13	0
1	0
16	0
16	0
16	0
1	0
1	0
1	0
1	0
1	0
16	0
16	0
16	0
16	0
1	0
1	0
1	0
1	0
1	0
1	0
1	0
1	0
1	0
16	0
1	0
1	0
1	0
1	0
1	0
1	0
1	0
16	0
16	0
1	0
1	0
16	0
16	0
16	0
16	0
1	0
1	0
1	0
1	0
1	0
1	0
1	0
1	0
13	0
13	13
12	0
12	0
12	10
13	13
13	0
1	0
8	0
8	0
8	0
8	0
8	0
1	0
1	0
8	0
8	0
8	0
12	0
8	0
1	0
1	0
8	0
8	0
8	0
8	0
8	0
1	0
1	0
8	0
8	0
8	0
8	0
1	0
1	0
1	0
8	0
8	0
8	0
12	0
8	0
1	0
1	0
8	0
8	0
8	0
1	0
1	0
12	0
12	0
8	0
12	0
8	0
1	0
8	0
8	0
8	0
8	0
1	0
1	0
12	0
12	11
4	0
11	4
3	3
3	6
17	0
17	0
1	1
8	8
12	0
12	0
12	0
12	4
13	13
13	0
1	0
12	0
1	0
1	0
16	0
16	0
1	0
16	0
8	0
1	0
16	0
16	0
16	0
1	0
12	0
12	0
12	0
12	0
16	0
16	0
1	0
8	0
12	0
1	0
16	0
1	0
1	0
1	0
16	0
16	0
1	0
12	0
12	0
16	0
16	0
3	0
17	0
1	0
1	0
12	0
12	0
12	0
12	0
16	0
13	0
2	3
1	0
12	2
8	0
8	0
8	0
8	0
8	8
5	5
3	0
2	2
3	0
6	0
11	11
4	0
3	3
1	0
11	2
8	0
8	0
8	0
8	8
13	13
8	13
13	0
1	0
1	0
16	0
16	0
16	0
16	0
1	0
1	0
8	0
1	0
16	0
1	0
1	0
1	0
1	0
1	0
8	0
16	0
16	0
1	0
1	0
16	0
1	0
16	0
1	0
1	0
8	0
16	0
16	0
3	0
16	0
1	0
1	0
8	0
13	0
13	13
17	0
5	5
17	0
3	3
16	0
16	0
16	0
16	16
11	11
13	13
6	0
6	11
16	0
17	0
17	4
1	6
8	0
8	0
8	0
8	0
8	8
13	13
13	0
1	0
1	0
1	0
16	0
16	0
8	0
8	0
1	0
3	0
16	0
16	0
1	0
1	0
1	0
1	0
1	0
16	0
16	0
16	0
16	0
1	0
1	0
1	0
17	0
3	0
3	0
3	0
1	0
16	0
16	0
8	0
8	0
1	0
3	0
16	0
12	0
8	0
8	0
8	0
2	11
8	0
2	0
2	0
17	4
3	0
6	6
8	0
8	8
16	0
3	0
3	0
1	0
3	11
2	0
2	2
2	0
6	6
8	0
8	0
8	0
2	0
2	0
6	8
8	0
5	5
8	2
12	6
12	0
8	0
8	8
13	13
13	0
8	0
1	0
8	0
8	0
1	0
1	0
8	0
8	0
8	0
8	0
8	0
8	0
8	0
8	0
8	0
8	0
8	0
8	0
1	0
1	0
1	0
16	0
16	0
12	0
17	13
12	11
12	0
12	8
16	0
16	0
16	16
3	0
11	11
1	11
2	10
13	13
12	13
13	0
12	0
12	0
8	0
8	0
12	0
17	0
12	0
1	0
12	0
12	0
16	0
12	0
12	0
16	0
3	0
3	0
3	0
1	0
17	0
12	0
12	0
12	0
8	0
1	0
12	0
12	0
16	0
12	0
1	0
8	0
8	0
12	0
12	0
12	0
12	0
12	0
12	0
16	0
1	0
3	0
3	0
3	0
1	0
17	0
17	0
8	0
16	0
5	5
16	13
12	0
8	3
2	0
3	4
5	6
1	0
1	0
1	1
8	0
12	8
13	13
8	13
13	0
12	0
8	0
16	0
16	0
8	0
8	0
8	0
16	0
8	0
16	0
16	0
16	0
8	0
1	0
1	0
8	0
1	0
8	0
8	0
8	0
16	0
1	0
16	0
16	0
16	0
8	0
12	0
8	0
8	0
8	0
16	0
3	0
16	0
16	0
16	0
16	0
1	0
3	0
1	0
1	0
1	0
1	0
8	0
12	0
8	0
5	5
1	13
8	6
8	0
8	8
4	0
11	4
1	0
1	0
1	1
13	13
12	13
13	0
12	0
1	0
1	0
12	0
12	0
8	0
8	0
1	0
1	0
1	0
17	0
1	0
17	0
8	0
1	0
1	0
1	0
1	0
12	0
12	0
12	0
1	0
1	0
12	0
12	0
12	0
1	0
8	0
1	0
1	0
1	0
8	0
8	0
12	0
1	0
1	0
1	0
16	0
1	0
1	0
1	0
1	0
1	0
12	0
12	0
13	0
11	11
1	0
11	0
16	0
16	16
11	0
11	11
5	5
3	0
4	0
4	16
3	2
12	6
12	0
12	8
13	13
13	13
13	0
1	0
1	0
16	0
16	0
16	0
16	0
1	0
16	0
8	0
16	0
16	0
16	0
16	0
1	0
1	0
12	0
16	0
16	0
16	0
1	0
16	0
1	0
16	0
16	0
16	0
1	0
1	0
1	0
8	0
1	0
1	0
16	0
16	0
1	0
16	0
16	0
16	0
16	0
3	0
1	0
12	0
13	0
13	13
6	6
12	0
12	12
13	13
6	6
12	0
12	12
8	0
8	0
8	0
8	12
13	13
17	0
11	4
1	0
17	0
17	0
17	0
17	3
17	0
17	3
17	0
17	0
1	1
13	13
13	0
1	0
1	0
8	0
8	0
8	0
3	0
1	0
1	0
1	0
1	0
1	0
17	0
1	0
1	0
1	0
1	0
1	0
17	0
1	0
1	0
1	0
8	0
8	0
8	0
1	0
1	0
1	0
8	0
8	0
8	0
8	0
16	0
12	0
11	11
16	0
16	0
16	0
16	16
1	6
8	0
8	0
8	0
8	0
8	8
13	13
13	0
1	0
8	0
8	0
8	0
1	0
1	0
1	0
1	0
8	0
8	0
16	0
8	0
3	0
1	0
1	0
8	0
8	0
8	0
8	0
8	0
1	0
8	0
8	0
8	0
8	0
1	0
1	0
1	0
1	0
8	0
8	0
8	0
1	0
16	0
16	0
16	0
1	0
3	0
1	0
8	0
8	0
8	0
8	0
8	0
8	0
1	0
12	0
11	11
4	0
11	4
6	6
8	8
8	2
12	6
12	0
12	0
12	0
12	12
13	13
13	0
1	0
1	0
8	0
8	0
8	0
8	0
8	0
8	0
12	0
1	0
8	0
1	0
8	0
8	0
8	0
8	0
12	0
12	0
8	0
8	0
1	0
1	0
1	0
12	0
8	0
8	0
8	0
8	0
1	0
12	0
12	0
8	0
8	0
16	0
16	0
1	0
8	0
8	0
8	0
8	0
12	0
12	0
8	0
8	0
1	0
1	0
12	0
11	11
16	0
16	0
4	4
11	0
11	6
8	0
8	0
8	0
8	8
1	0
1	1
8	0
8	0
8	0
8	8
13	13
13	0
1	0
1	0
8	0
8	0
8	0
8	0
16	0
16	0
16	0
16	0
16	0
16	0
16	0
1	0
8	0
8	0
8	0
8	0
8	0
16	0
16	0
16	0
1	0
8	0
8	0
8	0
8	0
3	0
16	0
16	0
16	0
16	0
16	0
16	0
16	0
16	0
16	0
16	0
1	0
1	0
8	0
13	0
13	13
13	13
17	0
5	5
3	0
3	3
4	0
11	4
6	6
8	0
8	8
13	13
13	13
13	0
1	0
16	0
16	0
16	0
16	0
1	0
16	0
1	0
1	0
16	0
16	0
16	0
16	0
16	0
1	0
1	0
1	0
1	0
1	0
1	0
1	0
1	0
8	0
1	0
16	0
1	0
1	0
1	0
1	0
1	0
8	0
16	0
1	0
1	0
1	0
16	0
16	0
16	0
1	0
1	0
1	0
1	0
1	0
1	0
1	0
13	0
13	13
6	11
1	0
12	16
17	0
8	11
16	0
4	0
4	10
16	0
4	0
16	16
13	13
11	14
3	11
8	11
17	0
4	0
4	10
4	0
4	0
16	0
16	16
13	13
13	0
1	0
1	0
16	0
16	0
16	0
16	0
16	0
16	0
1	0
1	0
1	0
16	0
16	0
16	0
16	0
16	0
16	0
16	0
16	0
16	0
16	0
1	0
1	0
1	0
1	0
1	0
16	0
16	0
16	0
16	0
16	0
16	0
16	0
1	0
12	0
11	11
16	0
4	0
4	4
8	0
8	0
8	8
13	13
8	0
8	8
8	12
13	13
3	0
11	11
4	0
4	4
3	11
1	0
1	0
1	0
1	0
1	0
1	0
16	16
13	13
13	0
1	0
1	0
16	0
1	0
16	0
16	0
16	0
8	0
8	0
4	0
16	0
1	0
1	0
1	0
1	0
1	0
1	0
16	0
16	0
1	0
16	0
16	0
16	0
16	0
16	0
16	0
16	0
1	0
1	0
1	0
1	0
8	0
3	0
12	0
12	11
12	0
17	0
12	16
16	0
17	0
17	0
16	0
16	0
16	1
12	0
11	0
11	4
13	13
13	0
8	0
12	0
8	0
1	0
8	0
8	0
8	0
17	0
12	0
1	0
1	0
1	0
1	0
1	0
16	0
8	0
8	0
8	0
8	0
8	0
8	0
8	0
12	0
8	0
1	0
8	0
8	0
8	0
8	0
17	0
12	0
12	0
12	0
12	0
12	0
16	0
1	0
1	0
1	0
16	0
8	0
12	0
8	0
8	0
12	0
11	0
11	11
3	0
16	0
3	16
16	0
4	0
4	10
1	6
8	0
8	0
8	8
8	0
12	0
8	8
16	2
12	6
12	0
12	8
16	0
12	0
12	16
13	13
5	0
5	5
3	11
4	0
11	4
17	0
17	0
12	11
17	0
17	0
3	3
13	13
13	0
1	0
1	0
16	0
16	0
16	0
16	0
16	0
1	0
1	0
12	0
16	0
16	0
16	0
16	0
16	0
16	0
1	0
1	0
1	0
1	0
1	0
16	0
16	0
13	0
1	0
16	0
16	0
16	16
3	11
11	0
11	11
8	11
13	13
13	0
1	0
1	0
1	0
8	0
8	0
1	0
16	0
16	0
16	0
1	0
8	0
8	0
8	0
16	0
16	0
16	0
16	0
1	0
8	0
8	0
8	0
1	0
1	0
8	0
8	0
8	0
16	0
16	0
16	0
16	0
1	0
8	0
8	0
8	0
1	0
1	0
16	0
16	0
16	0
16	0
16	0
3	0
1	0
8	0
8	0
8	0
1	0
1	0
1	0
13	0
12	13
13	13
8	11
16	0
4	0
4	4
4	0
4	0
2	6
8	0
8	0
8	8
13	13
13	13
13	0
1	0
16	0
8	0
4	0
1	0
8	0
16	0
8	0
16	0
4	0
16	0
16	0
8	0
8	0
1	0
1	0
8	0
16	0
13	0
1	0
8	0
8	0
16	0
16	0
16	0
1	0
16	0
1	0
16	0
8	0
16	0
1	0
8	0
8	0
16	0
16	0
16	0
17	0
8	0
1	0
2	0
8	0
16	0
12	0
13	0
13	13
12	7
13	13
13	0
1	0
1	0
1	0
1	0
8	0
1	0
1	0
1	0
1	0
1	0
12	0
8	0
8	0
1	0
1	0
1	0
1	0
8	0
8	0
8	0
1	0
1	0
1	0
1	0
8	0
8	0
1	0
1	0
1	0
1	0
1	0
12	0
8	0
1	0
1	0
1	0
1	0
1	0
12	0
8	0
1	0
1	0
1	0
8	0
8	0
8	0
1	0
1	0
1	0
8	0
8	0
1	0
1	0
1	0
1	0
12	0
5	0
5	5
11	11
16	0
1	0
12	4
5	11
3	0
11	11
1	0
12	0
4	10
1	0
12	0
12	0
12	0
12	16
13	13
12	0
11	0
4	10
3	0
6	16
8	0
8	0
8	16
13	13
13	0
16	0
1	0
16	0
1	0
1	0
1	0
1	0
1	0
8	0
1	0
16	0
16	0
16	0
16	0
1	0
8	0
8	0
8	0
16	0
16	0
16	0
1	0
1	0
16	0
1	0
1	0
1	0
1	0
1	0
1	0
1	0
11	0
11	11
16	0
16	16
3	3
13	13
14	0
11	14
3	0
11	11
3	11
1	0
1	0
16	0
1	0
16	16
13	13
13	0
16	0
8	0
16	0
16	0
16	0
16	0
1	0
8	0
16	0
8	0
16	0
16	0
16	0
16	0
1	0
1	0
16	0
16	0
16	0
16	0
16	0
16	0
16	0
16	0
16	0
16	0
16	0
1	0
8	0
8	0
16	0
11	0
11	0
8	0
16	0
16	0
16	0
16	0
16	0
1	0
1	0
16	0
13	0
12	13
13	13
8	0
8	0
2	2
3	0
17	0
3	11
3	0
1	16
1	11
8	0
1	0
8	0
8	0
8	0
8	0
8	0
8	8
13	13
13	0
1	0
1	0
1	0
1	0
1	0
1	0
1	0
3	0
1	0
1	0
1	0
1	0
1	0
1	0
1	0
1	0
1	0
8	0
16	0
1	0
1	0
1	0
1	0
8	0
16	0
1	0
1	0
1	0
1	0
1	0
16	0
16	0
16	0
1	0
1	0
1	0
1	0
1	0
11	0
11	11
16	0
4	0
16	16
11	0
11	11
5	6
8	0
8	0
8	8
3	0
10	0
2	0
16	0
1	0
16	16
13	13
13	0
16	0
16	0
1	0
16	0
16	0
16	0
1	0
16	0
16	0
16	0
1	0
8	0
16	0
1	0
1	0
1	0
16	0
16	0
16	0
16	0
16	0
16	0
16	0
1	0
16	0
16	0
16	0
3	0
16	0
16	0
16	0
16	0
16	0
1	0
1	0
8	0
8	0
16	0
1	0
1	0
16	0
3	0
11	11
16	0
16	16
11	11
3	3
1	0
11	0
1	1
13	13
13	0
1	0
1	0
1	0
16	0
8	0
8	0
1	0
8	0
8	0
1	0
1	0
1	0
8	0
3	0
8	0
1	0
1	0
1	0
1	0
1	0
1	0
1	0
1	0
1	0
16	0
1	0
1	0
8	0
1	0
1	0
1	0
1	0
1	0
8	0
1	0
1	0
16	0
16	0
3	0
3	0
8	0
1	0
1	0
1	0
1	0
1	0
1	0
1	0
1	0
13	0
13	13
13	13
11	11
4	0
4	4
3	0
2	11
3	3
1	0
1	0
16	16
13	13
13	0
1	0
1	0
16	0
16	0
16	0
8	0
3	0
8	0
8	0
8	0
16	0
8	0
3	0
3	0
8	0
1	0
1	0
1	0
16	0
16	0
8	0
1	0
8	0
16	0
16	0
16	0
8	0
3	0
8	0
8	0
1	0
16	0
16	0
16	0
8	0
8	0
8	0
4	0
3	0
8	0
1	0
1	0
16	0
16	0
16	0
8	0
12	0
5	6
8	0
8	0
8	0
8	0
8	0
8	8
1	0
12	0
12	0
12	16
16	0
1	0
16	0
16	11
13	13
16	0
16	0
16	0
16	16
11	11
13	13
13	0
1	0
8	0
3	0
1	0
8	0
8	0
1	0
1	0
1	0
16	0
16	0
16	0
8	0
8	0
3	0
3	0
16	0
16	0
3	0
3	0
3	0
8	0
16	0
1	0
1	0
1	0
8	0
8	0
8	0
1	0
8	0
1	0
8	0
1	0
16	0
16	0
11	0
11	11
16	0
12	0
16	0
16	0
16	16
8	0
2	2
8	0
8	0
8	0
8	8
13	13
13	0
1	0
1	0
8	0
8	0
16	0
8	0
8	0
1	0
1	0
16	0
16	0
16	0
8	0
8	0
8	0
8	0
8	0
8	0
8	0
8	0
8	0
1	0
8	0
8	0
8	0
8	0
8	0
8	0
1	0
8	0
8	0
16	0
16	0
16	0
1	0
1	0
8	0
8	0
8	0
8	0
8	0
8	0
8	0
8	0
8	0
13	0
13	13
13	13
3	0
3	11
8	0
1	0
1	0
1	16
17	0
2	11
1	3
1	0
4	0
4	10
11	0
11	0
1	16
13	13
13	0
1	0
1	0
1	0
16	0
1	0
1	0
1	0
1	0
8	0
8	0
16	0
8	0
1	0
16	0
1	0
1	0
1	0
1	0
16	0
1	0
1	0
1	0
1	0
1	0
16	0
16	0
1	0
1	0
1	0
1	0
1	0
1	0
1	0
8	0
8	0
16	0
8	0
1	0
16	0
16	0
13	0
1	0
8	0
8	0
8	0
8	16
17	0
12	0
3	3
13	13
13	0
1	0
1	0
1	0
8	0
1	0
1	0
1	0
1	0
16	0
17	0
1	0
1	0
1	0
1	0
16	0
16	0
17	0
17	0
12	0
1	0
1	0
1	0
1	0
1	0
1	0
1	0
1	0
1	0
17	0
12	0
17	0
1	0
1	0
1	0
1	0
1	0
1	0
1	0
1	0
8	0
17	0
17	0
17	0
1	0
1	0
1	0
1	0
1	0
1	0
13	0
12	0
4	0
2	14
8	11
17	0
4	0
4	10
12	0
4	0
17	0
17	16
13	13
3	0
3	0
3	0
3	0
3	3
6	6
8	0
8	8
8	0
8	0
8	16
13	13
14	2
3	0
3	6
1	0
1	8
17	0
12	16
17	11
17	6
8	0
8	0
8	8
1	0
10	0
1	0
16	0
16	0
16	16
13	13
13	13
13	0
3	0
16	0
17	0
16	0
16	0
16	0
8	0
16	0
1	0
16	0
16	0
16	0
16	0
3	0
13	0
13	13
8	0
8	0
8	0
8	3
13	13
13	13
16	0
16	0
16	16
6	6
8	0
13	0
1	0
1	8
3	10
3	0
2	0
1	0
1	16
13	13
13	0
1	0
1	0
1	0
1	0
8	0
8	0
3	0
16	0
8	0
8	0
8	0
8	0
8	0
8	0
8	0
1	0
1	0
8	0
8	0
8	0
8	0
8	0
1	0
1	0
1	0
1	0
8	0
8	0
8	0
8	0
3	0
3	0
16	0
8	0
8	0
8	0
8	0
12	0
11	11
1	0
1	0
1	0
1	16
16	0
4	0
4	10
16	0
3	3
3	0
11	0
3	0
3	3
13	13
13	0
1	0
1	0
16	0
16	0
16	0
16	0
1	0
1	0
1	0
16	0
16	0
16	0
16	0
3	0
3	0
1	0
1	0
16	0
16	0
16	0
1	0
1	0
16	0
16	0
16	0
16	0
16	0
1	0
1	0
1	0
1	0
1	0
1	0
16	0
16	0
16	0
16	0
3	0
3	0
3	0
1	0
1	0
16	0
13	0
13	13
5	0
5	5
11	11
4	0
4	0
4	0
4	16
11	11
3	2
1	0
1	0
1	0
2	11
13	13
13	0
13	0
1	0
1	0
1	0
1	0
1	0
1	0
1	0
1	0
1	0
4	0
4	0
16	0
8	0
1	0
1	0
1	0
1	0
1	0
1	0
1	0
1	0
1	0
16	0
4	0
1	0
1	0
1	0
1	0
1	0
1	0
16	0
1	0
3	0
1	0
4	0
1	0
3	0
3	0
1	0
1	0
1	0
1	0
13	0
1	0
8	1
13	13
13	0
1	0
1	0
1	0
1	0
1	0
1	0
1	0
1	0
1	0
1	0
16	0
16	0
1	0
1	0
1	0
1	0
1	0
1	0
16	0
1	0
1	0
1	0
1	0
1	0
16	0
1	0
1	0
1	0
1	0
1	0
1	0
16	0
16	0
1	0
1	0
1	0
1	0
1	0
1	0
1	0
1	0
1	0
1	0
16	0
16	0
1	0
1	0
1	0
1	0
1	0
16	0
1	0
1	0
1	0
1	0
13	0
13	13
13	13
12	0
16	0
4	16
16	11
6	6
8	0
8	8
3	0
3	3
1	0
2	10
13	13
13	0
1	0
1	0
16	0
16	0
16	0
16	0
16	0
16	0
1	0
16	0
16	0
16	0
16	0
16	0
3	0
1	0
1	0
1	0
16	0
16	0
1	0
3	0
1	0
16	0
16	0
16	0
1	0
8	0
16	0
1	0
16	0
16	0
16	0
16	0
16	0
16	0
16	0
16	0
8	0
3	0
3	0
3	0
1	0
16	0
3	0
3	3
1	0
1	0
1	1
13	13
13	0
1	0
1	0
1	0
1	0
1	0
1	0
1	0
1	0
1	0
1	0
1	0
1	0
1	0
1	0
1	0
1	0
1	0
1	0
1	0
1	0
1	0
1	0
1	0
1	0
1	0
1	0
1	0
1	0
1	0
1	0
1	0
1	0
1	0
1	0
1	0
1	0
1	0
1	0
1	0
1	0
1	0
1	0
1	0
1	0
1	0
1	0
1	0
1	0
1	0
1	0
1	0
1	0
1	0
12	0
1	0
16	0
16	0
16	16
11	11
11	0
11	11
13	13
3	11
11	0
11	4
1	0
12	0
12	11
17	0
17	0
3	3
13	13
13	0
1	0
1	0
1	0
1	0
1	0
1	0
1	0
1	0
1	0
1	0
3	0
1	0
1	0
1	0
1	0
1	0
1	0
1	0
1	0
1	0
1	0
1	0
1	0
1	0
1	0
1	0
1	0
1	0
16	0
16	0
16	0
16	0
1	0
1	0
3	0
1	0
1	0
1	0
1	0
1	0
11	0
5	0
5	5
16	0
16	0
16	0
16	16
3	11
1	0
12	0
1	10
13	13
14	0
11	14
11	0
11	11
5	0
11	2
2	0
2	6
8	0
8	8
16	0
16	0
16	0
16	0
16	16
13	13
13	0
1	0
1	0
1	0
16	0
16	0
16	0
8	0
1	0
1	0
3	0
1	0
1	0
8	0
1	0
16	0
16	0
16	0
1	0
16	0
3	0
16	0
16	0
16	0
1	0
1	0
1	0
1	0
1	0
16	0
1	0
16	0
13	0
12	13
13	13
12	0
17	0
8	8
13	13
13	0
1	0
1	0
1	0
8	0
16	0
1	0
1	0
1	0
1	0
8	0
8	0
8	0
1	0
1	0
1	0
1	0
1	0
8	0
8	0
1	0
1	0
1	0
8	0
8	0
8	0
1	0
1	0
1	0
1	0
1	0
8	0
8	0
8	0
1	0
1	0
1	0
1	0
8	0
8	0
1	0
1	0
1	0
8	0
8	0
8	0
1	0
1	0
1	0
8	0
8	0
8	0
1	0
13	0
11	0
11	11
16	0
16	16
1	11
13	13
13	0
1	0
3	0
1	0
1	0
1	0
1	0
16	0
16	0
16	0
16	0
1	0
1	0
16	0
16	0
16	0
16	0
16	0
1	0
1	0
16	0
16	0
16	0
1	0
8	0
1	0
1	0
1	0
16	0
16	0
16	0
1	0
1	0
8	0
1	0
3	0
3	0
16	0
16	0
16	0
16	0
16	0
16	0
16	0
1	0
1	0
1	0
16	0
1	0
16	0
16	0
16	0
16	0
13	0
8	0
8	0
8	0
8	0
8	0
8	1
13	13
13	0
1	0
1	0
1	0
1	0
1	0
1	0
1	0
1	0
1	0
1	0
1	0
1	0
1	0
1	0
1	0
1	0
8	0
8	0
1	0
8	0
8	0
8	0
8	0
8	0
1	0
1	0
1	0
1	0
1	0
8	0
8	0
8	0
8	0
1	0
1	0
1	0
1	0
1	0
1	0
1	0
8	0
8	0
8	0
8	0
8	0
1	0
1	0
1	0
1	0
1	0
1	0
13	0
13	13
6	6
8	0
13	0
1	0
8	8
16	0
16	0
16	16
13	13
13	0
1	0
16	0
16	0
8	0
16	0
8	0
8	0
1	0
16	0
16	0
16	0
8	0
1	0
8	0
8	0
16	0
16	0
16	0
8	0
8	0
8	0
16	0
1	0
1	0
8	0
1	0
8	0
8	0
16	0
16	0
16	0
16	0
8	0
1	0
1	0
1	0
1	0
8	0
8	0
8	0
16	0
16	0
16	0
8	0
8	0
1	0
1	0
1	0
13	0
13	13
3	11
3	0
2	0
1	0
1	16
16	0
4	0
4	10
16	0
2	0
6	0
11	16
13	13
6	6
8	0
8	8
16	0
2	0
17	0
2	4
1	0
11	11
1	0
1	0
1	0
1	0
1	0
1	0
1	1
13	13
13	0
1	0
16	0
1	0
1	0
1	0
8	0
1	0
16	0
16	0
16	0
1	0
8	0
1	0
16	0
1	0
1	0
1	0
1	0
16	0
16	0
16	0
16	0
1	0
3	0
1	0
1	0
8	0
12	0
16	0
11	11
16	0
16	0
2	0
2	16
6	6
12	0
12	12
8	0
8	0
8	0
8	12
16	0
17	0
17	2
17	0
1	0
1	6
8	8
13	13
13	0
1	0
1	0
16	0
1	0
1	0
8	0
16	0
1	0
8	0
8	0
16	0
16	0
16	0
16	0
1	0
16	0
1	0
1	0
8	0
8	0
1	0
16	0
1	0
1	0
16	0
16	0
16	0
16	0
16	0
16	0
8	0
1	0
16	0
8	0
8	0
16	0
16	0
12	0
3	3
4	0
11	4
11	11
3	0
1	0
1	0
1	0
1	3
3	0
3	2
8	0
8	0
17	0
2	11
12	0
12	16
13	13
13	0
17	0
17	0
17	0
12	0
12	0
8	0
1	0
3	0
16	0
1	0
8	0
1	0
8	0
8	0
17	0
17	0
12	0
12	0
8	0
12	0
8	0
17	0
12	0
12	0
12	0
12	0
3	0
3	0
16	0
12	0
3	0
3	0
1	0
1	0
1	0
1	0
1	0
8	0
8	0
17	0
13	0
11	11
8	0
8	0
12	0
12	0
3	16
16	0
16	0
2	0
2	16
13	13
13	0
1	0
16	0
8	0
16	0
1	0
1	0
1	0
8	0
16	0
16	0
8	0
8	0
8	0
8	0
8	0
16	0
16	0
16	0
16	0
16	0
1	0
1	0
8	0
8	0
16	0
1	0
16	0
16	0
16	0
16	0
16	0
16	0
1	0
1	0
8	0
8	0
8	0
8	0
8	0
16	0
16	0
16	0
16	0
16	0
16	0
1	0
1	0
13	0
8	0
12	0
4	10
1	0
1	0
1	0
1	1
13	13
13	0
1	0
1	0
1	0
1	0
1	0
1	0
8	0
8	0
1	0
1	0
1	0
1	0
8	0
8	0
1	0
1	0
1	0
1	0
1	0
1	0
1	0
8	0
1	0
8	0
1	0
1	0
8	0
1	0
1	0
1	0
1	0
1	0
1	0
1	0
8	0
1	0
1	0
1	0
1	0
1	0
1	0
1	0
1	0
1	0
1	0
1	0
1	0
1	0
1	0
1	0
12	0
5	5
3	11
16	0
11	11
3	3
16	0
16	0
16	0
16	16
3	2
8	0
8	0
8	0
8	1
1	0
1	0
16	0
17	0
17	0
17	8
13	13
13	0
16	0
16	0
16	0
16	0
16	0
16	0
16	0
16	0
1	0
1	0
1	0
16	0
16	0
16	0
16	0
16	0
16	0
17	0
16	0
16	0
16	0
16	0
16	0
17	0
16	0
16	0
16	0
16	0
16	0
16	0
16	0
16	0
16	0
1	0
1	0
16	0
16	0
1	0
5	0
5	5
11	0
11	11
3	0
2	0
2	0
9	4
3	0
2	2
1	0
1	0
1	0
1	1
8	0
8	0
8	8
1	0
16	0
16	0
16	0
16	0
16	16
13	13
5	0
5	5
3	0
11	11
4	0
11	4
3	0
3	3
1	1
3	0
3	0
11	3
13	13
13	0
1	0
16	0
1	0
1	0
16	0
1	0
1	0
16	0
16	0
16	0
16	0
16	0
3	0
1	0
8	0
1	0
1	0
1	0
1	0
1	0
1	0
13	0
13	13
11	11
16	0
16	0
17	0
12	16
16	0
4	0
4	10
13	13
17	0
11	11
17	0
17	0
4	4
2	0
3	0
3	3
1	0
1	0
1	0
1	0
1	0
16	16
13	13
16	0
16	16
2	0
2	6
8	0
8	0
8	0
8	0
8	0
8	8
1	0
2	0
2	10
13	13
13	0
16	0
16	0
1	0
1	0
16	0
1	0
1	0
1	0
16	0
16	0
16	0
16	0
16	0
16	0
16	0
16	0
12	0
12	0
8	0
12	0
12	12
12	0
12	0
12	12
8	6
12	12
4	0
2	6
9	9
8	0
8	0
8	0
8	8
13	13
9	9
13	13
8	0
12	0
12	11
16	0
4	0
17	0
17	16
3	0
4	0
1	3
2	0
2	6
8	0
8	0
8	0
8	0
8	0
8	8
13	13
11	11
11	11
3	10
1	0
2	0
1	16
16	0
16	0
16	4
13	13
13	0
1	0
12	0
16	0
16	0
16	0
12	0
12	0
16	0
1	0
1	0
8	0
8	0
8	0
12	0
3	3
4	14
6	0
6	6
8	0
8	12
6	6
8	0
8	0
8	0
8	0
8	0
8	0
8	8
16	0
16	0
16	0
16	16
13	13
13	0
3	0
8	0
16	0
16	0
16	0
16	0
1	0
1	0
1	0
1	0
1	0
1	0
1	0
16	0
16	0
16	0
16	0
16	0
16	0
16	0
16	0
16	0
1	0
16	0
16	0
16	0
3	0
3	0
3	0
1	0
1	0
1	0
1	0
1	0
1	0
8	0
8	0
8	0
16	0
12	0
8	0
11	2
11	0
1	6
8	0
8	0
8	0
8	0
8	0
8	0
8	0
8	8
2	0
4	0
4	0
4	0
1	16
5	6
8	0
8	0
8	0
8	0
8	0
8	8
13	13
13	0
16	0
8	0
16	0
8	0
16	0
16	0
8	0
16	0
4	0
16	0
16	0
16	0
1	0
8	0
8	0
8	0
8	0
16	0
16	0
16	0
16	0
16	0
16	0
1	0
1	0
8	0
8	0
8	0
8	0
8	0
8	0
8	0
1	0
17	0
9	9
8	6
1	0
17	0
1	0
1	0
8	0
1	0
1	1
8	0
8	0
8	0
8	8
4	0
11	4
3	0
1	2
1	12
13	13
13	0
1	0
1	0
1	0
1	0
1	0
8	0
1	0
1	0
1	0
1	0
1	0
8	0
3	0
16	0
16	0
1	0
1	0
1	0
1	0
1	0
1	0
1	0
1	0
1	0
8	0
1	0
1	0
1	0
1	0
1	0
1	0
1	0
1	0
1	0
1	0
8	0
8	0
8	0
16	0
12	0
17	0
17	2
8	0
8	8
4	0
16	0
16	16
11	11
5	6
8	8
1	0
2	0
17	0
17	0
12	16
13	13
13	0
1	0
1	0
1	0
16	0
1	0
1	0
1	0
1	0
1	0
16	0
16	0
16	0
1	0
1	0
1	0
1	0
1	0
16	0
16	0
1	0
1	0
1	0
1	0
1	0
16	0
16	0
1	0
1	0
1	0
1	0
1	0
1	0
16	0
16	0
16	0
8	0
8	0
1	0
1	0
1	0
1	0
1	0
13	0
11	11
1	0
3	0
1	16
16	0
16	16
13	13
4	0
4	0
14	0
14	14
6	6
8	0
13	0
1	0
1	8
2	0
16	0
16	16
13	13
13	0
1	0
16	0
8	0
1	0
1	0
16	0
1	0
3	0
4	0
4	0
16	0
8	0
8	0
8	0
8	0
8	0
8	0
1	0
16	0
16	0
8	0
8	0
16	0
8	0
16	0
1	0
1	0
1	0
1	0
1	0
16	0
3	0
16	0
4	0
4	0
16	0
8	0
8	0
13	0
13	13
5	6
12	0
12	8
5	0
16	14
5	6
8	0
12	0
12	0
8	8
13	13
13	13
16	0
16	0
16	0
16	0
16	16
11	0
6	6
8	12
13	13
13	13
11	11
3	0
11	0
11	11
1	0
11	0
4	10
2	2
8	0
8	0
8	8
2	0
2	0
16	0
16	16
13	13
3	0
3	0
3	16
2	3
16	0
2	0
4	10
3	0
3	0
3	0
11	3
13	13
13	0
16	0
8	0
16	0
16	0
16	0
8	0
16	0
13	0
11	17
4	0
11	0
3	17
1	0
1	0
16	17
13	13
14	0
4	0
14	0
2	4
11	0
11	0
6	6
8	0
8	0
8	0
8	0
8	0
8	0
8	0
8	8
16	0
16	0
16	16
13	13
13	13
13	0
1	0
14	0
14	0
14	0
16	0
16	0
1	0
1	0
16	0
8	0
8	0
16	0
1	0
1	0
8	0
16	0
16	0
16	0
16	0
16	0
16	0
16	0
1	0
8	0
3	0
14	0
14	0
14	0
14	0
14	0
13	0
13	13
17	0
16	0
16	0
17	16
17	11
16	0
2	0
2	3
17	0
17	0
17	0
3	3
17	0
12	6
8	0
8	8
13	13
13	13
13	0
16	0
12	0
1	0
1	0
16	0
16	0
16	0
16	0
16	0
17	0
8	0
17	0
1	0
17	0
17	0
1	0
17	0
16	0
16	0
13	0
17	0
16	0
12	0
1	0
16	0
13	0
1	0
16	0
16	0
16	0
16	0
16	0
16	0
1	0
17	0
8	0
17	0
1	0
17	0
13	0
17	6
12	0
12	8
12	0
12	12
12	0
1	0
1	0
1	0
16	0
16	0
16	16
2	2
2	0
2	6
8	0
8	0
8	0
8	0
8	8
2	0
2	2
8	0
8	0
8	0
8	8
17	0
2	2
17	0
2	6
12	12
17	0
12	6
17	0
17	1
1	0
1	0
1	0
1	0
16	8
13	13
13	13
3	0
1	3
5	0
4	0
4	0
4	16
16	0
11	11
1	0
12	0
12	0
11	11
17	0
2	2
5	6
11	0
13	0
3	0
6	0
6	6
8	0
8	0
8	0
8	0
8	12
16	16
1	0
1	1
13	13
3	5
1	0
6	0
6	8
3	11
1	0
1	0
1	0
1	0
1	0
1	16
4	0
4	4
13	13
14	0
11	14
11	11
3	0
6	0
6	6
1	0
1	2
5	6
1	0
1	0
1	1
8	0
8	0
8	8
16	0
16	16
13	13
13	0
1	0
16	0
16	0
1	0
1	0
8	0
8	0
8	0
8	0
1	0
1	0
8	0
8	0
1	0
1	0
12	0
8	0
17	0
1	0
8	1
8	0
8	0
8	8
16	0
16	0
16	0
16	0
1	16
1	0
1	3
17	0
2	2
8	0
8	0
8	8
2	0
2	10
13	13
13	0
1	0
1	0
1	0
1	0
1	0
8	0
1	0
1	0
16	0
16	0
8	0
8	0
1	0
1	0
1	0
8	0
8	0
16	0
12	0
8	0
1	0
1	0
1	0
1	0
1	0
1	0
1	0
16	0
16	0
16	0
16	0
16	0
16	0
16	0
1	0
1	0
1	0
11	11
4	0
11	4
1	0
1	0
1	1
13	13
13	0
1	0
1	0
1	0
1	0
1	0
1	0
1	0
1	0
1	0
1	0
1	0
1	0
1	0
1	0
1	0
1	0
1	0
1	0
1	0
1	0
1	0
1	0
1	0
1	0
1	0
1	0
1	0
1	0
1	0
1	0
1	0
1	0
1	0
1	0
1	0
1	0
1	0
1	0
8	0
1	0
1	0
1	0
1	0
1	0
1	0
1	0
1	0
1	0
1	0
1	0
1	0
12	0
3	2
12	0
17	0
17	0
8	0
1	8
4	0
4	4
17	11
12	6
12	0
8	0
8	0
8	0
8	0
8	0
8	0
8	8
5	5
17	0
2	2
17	0
8	0
8	8
17	0
17	0
17	0
17	0
17	16
17	11
13	13
3	11
2	3
12	0
12	6
8	0
12	0
12	0
12	8
4	0
4	0
4	0
4	16
17	0
17	0
1	16
13	13
1	0
5	5
3	0
3	0
3	0
1	0
3	3
1	0
2	0
6	6
8	0
13	0
12	0
3	0
5	5
11	0
4	0
4	0
4	3
16	0
16	16
3	11
3	3
1	0
3	0
3	0
1	3
13	13
6	11
1	0
1	0
1	0
1	0
1	16
17	0
17	3
17	0
17	0
1	10
13	13
13	0
3	0
16	0
8	0
1	0
1	0
1	0
16	0
16	0
1	0
1	0
1	0
16	0
1	0
8	0
16	0
1	0
1	0
1	0
16	0
3	0
3	0
16	0
16	0
16	0
16	0
16	0
8	0
8	0
1	0
1	0
1	0
1	0
5	5
11	0
11	0
1	6
3	3
13	13
13	0
16	0
1	0
16	0
16	0
16	0
16	0
16	0
16	0
16	0
16	0
16	0
16	0
16	0
16	0
16	0
16	0
16	0
16	0
16	0
16	0
16	0
1	0
16	0
16	0
16	0
1	0
16	0
16	0
16	0
16	0
16	0
16	0
16	0
16	0
1	0
16	0
16	0
16	0
16	0
16	0
16	0
16	0
16	0
16	0
16	0
16	0
1	0
16	0
16	0
16	0
16	0
16	0
13	0
13	13
11	11
16	0
16	16
16	0
11	11
8	0
8	11
3	3
12	0
3	3
3	6
3	0
3	0
6	1
8	0
8	0
8	8
13	13
13	0
13	0
3	0
1	0
1	0
1	0
8	0
16	0
16	0
12	0
12	0
12	0
12	0
12	0
1	0
1	0
1	0
1	0
1	0
8	0
1	0
1	0
1	0
12	0
1	0
8	0
16	0
3	0
3	0
16	0
16	0
16	0
1	0
3	0
12	0
12	0
12	0
12	0
12	0
1	0
12	0
3	11
3	0
16	0
1	0
1	16
1	6
1	0
8	0
8	0
8	0
8	0
8	0
8	0
1	8
1	0
1	0
1	0
12	0
1	0
12	16
13	13
13	0
1	0
1	0
1	0
1	0
16	0
1	0
1	0
1	0
1	0
1	0
1	0
1	0
1	0
1	0
1	0
1	0
17	0
1	0
16	0
1	0
1	0
1	0
1	0
16	0
8	0
1	0
1	0
1	0
1	0
1	0
1	0
1	0
1	0
1	0
1	0
1	0
1	0
12	0
11	0
11	11
16	0
16	0
16	0
4	16
17	11
3	0
17	0
3	3
17	0
17	10
17	2
17	0
6	0
6	6
8	0
8	0
8	0
12	8
12	12
13	13
13	0
1	0
16	0
16	0
16	0
1	0
16	0
16	0
1	0
1	0
12	0
12	0
1	0
1	0
1	0
1	0
8	0
17	0
12	0
16	0
16	0
8	0
1	0
17	0
16	0
3	0
16	0
16	0
16	0
16	0
1	0
3	0
1	0
1	0
17	0
12	0
12	0
13	0
13	13
6	6
8	0
8	0
8	0
8	0
8	0
8	8
16	0
16	16
3	2
2	6
12	0
12	0
12	8
5	5
16	0
16	0
16	16
3	0
3	3
6	6
8	0
8	0
8	0
8	8
17	0
17	16
2	2
2	6
8	0
8	0
8	0
8	0
8	0
8	0
8	8
13	13
13	0
1	0
1	0
1	0
1	0
8	0
8	0
3	0
1	0
1	0
1	0
8	0
8	0
8	0
8	0
3	0
1	0
1	0
1	0
12	0
1	0
13	0
13	13
8	0
8	0
8	7
13	13
13	13
13	0
8	0
16	0
8	0
16	0
16	0
16	0
16	0
1	0
8	0
16	0
16	0
16	0
16	0
16	0
1	0
8	0
8	0
8	0
16	0
8	0
16	0
16	0
8	0
16	0
16	0
16	0
16	0
8	0
8	0
8	0
16	0
16	0
16	0
8	0
16	0
8	0
8	0
8	0
16	0
1	0
1	0
8	0
8	0
16	0
16	0
16	0
1	0
8	0
8	0
16	0
16	0
16	0
13	0
3	0
16	0
16	0
16	16
6	6
8	0
8	8
12	0
12	12
5	5
1	0
1	0
1	16
17	0
12	0
2	10
13	13
13	13
3	11
3	0
1	0
1	0
1	0
1	16
16	0
11	11
16	0
2	0
2	3
17	0
17	0
17	0
3	3
3	0
2	14
17	6
8	0
8	0
8	8
16	0
16	0
16	16
1	0
1	0
1	1
2	0
3	0
1	16
1	0
5	5
13	13
14	0
11	11
3	4
3	0
2	2
12	0
8	0
13	0
13	0
12	13
12	6
8	0
8	8
2	0
2	2
8	0
8	8
8	0
8	12
17	0
12	16
3	11
16	0
4	0
4	10
16	0
1	0
16	0
16	16
13	13
13	0
1	0
8	0
16	0
16	0
1	0
1	0
16	0
16	0
16	0
16	0
16	0
16	0
1	0
4	0
16	0
16	0
16	0
16	0
16	0
16	0
1	0
8	0
1	0
1	0
1	0
1	0
16	0
16	0
16	0
16	0
16	0
16	0
16	0
16	0
16	0
16	0
16	0
12	0
1	0
1	0
1	0
8	0
8	0
3	8
3	0
4	0
4	0
4	0
16	16
11	11
1	0
3	3
17	0
12	0
12	4
13	13
13	0
1	0
8	0
1	0
17	0
12	0
16	0
1	0
3	0
3	0
16	0
4	0
16	0
3	0
3	0
1	0
1	0
17	0
12	0
8	0
1	0
1	0
8	0
1	0
1	0
16	0
1	0
1	0
1	0
1	0
1	0
1	0
1	0
3	0
16	0
4	0
4	0
16	0
3	0
3	0
1	0
12	0
9	0
8	0
3	0
8	1
16	0
16	0
4	16
11	11
3	0
3	6
8	12
2	10
13	13
9	0
1	0
3	0
1	1
2	2
3	0
6	0
6	1
8	0
8	8
13	13
5	6
12	0
8	0
8	8
13	13
5	6
12	0
12	0
12	0
12	8
13	13
12	0
12	0
12	16
13	13
5	6
12	0
12	0
12	8
13	13
5	6
12	0
12	0
12	8
2	2
1	0
6	6
8	0
8	0
8	0
8	0
8	8
13	13
13	0
1	0
12	0
14	14
11	11
3	3
1	0
1	0
1	0
1	16
4	0
11	4
13	13
3	0
3	0
11	0
16	0
16	16
11	11
1	0
1	0
1	0
1	0
1	1
13	13
5	5
11	11
11	0
11	4
13	13
13	0
16	0
16	0
16	0
1	0
16	0
16	0
16	0
3	0
1	0
1	0
1	0
1	0
1	0
16	0
16	0
16	0
1	0
1	0
1	0
8	0
1	0
1	0
1	0
1	0
1	0
1	0
1	0
16	0
3	0
16	0
16	0
12	0
3	0
9	6
12	0
12	0
8	8
16	0
16	0
16	16
3	0
2	0
1	0
16	1
2	0
3	10
13	13
14	0
11	0
4	10
1	0
1	3
2	0
11	0
11	2
11	11
3	0
1	0
1	0
3	0
1	3
16	0
16	0
16	16
13	13
13	0
1	0
16	0
16	0
16	0
16	0
3	0
3	0
16	0
1	0
3	0
1	0
1	0
1	0
1	0
16	0
16	0
16	0
16	0
3	0
1	0
1	0
1	0
1	0
1	0
3	0
12	0
12	6
12	0
8	8
1	0
1	0
12	0
8	0
12	0
8	3
4	0
4	4
1	0
1	0
1	0
1	1
1	0
1	0
12	0
1	16
13	13
13	0
1	0
1	0
1	0
1	0
1	0
1	0
1	0
8	0
8	0
8	0
1	0
1	0
1	0
1	0
1	0
1	0
1	0
1	0
1	0
1	0
1	0
1	0
1	0
1	0
1	0
1	0
1	0
1	0
1	0
1	0
1	0
8	0
8	0
8	0
8	0
3	0
1	0
1	0
12	0
3	11
16	0
16	0
16	16
11	0
11	0
4	10
2	2
8	0
2	6
8	0
8	0
8	0
8	0
8	12
13	13
13	0
8	0
8	0
8	0
8	0
8	0
8	0
1	0
1	0
8	0
8	0
8	0
8	0
8	0
8	0
8	0
8	0
8	0
8	0
8	0
8	0
8	0
8	0
8	0
8	0
8	0
8	0
8	0
1	0
3	0
8	0
8	0
16	0
1	0
1	0
8	0
8	0
8	0
8	0
8	0
8	0
8	0
8	0
12	0
6	6
8	0
8	0
8	0
8	0
8	0
8	8
16	0
16	0
16	16
1	11
13	13
14	6
1	0
1	0
1	0
16	1
8	0
8	8
16	0
17	0
1	4
5	6
8	0
8	8
16	0
2	0
2	2
12	0
12	0
12	11
3	3
13	13
13	0
1	0
1	0
8	0
1	0
1	0
1	0
16	0
12	0
16	0
1	0
8	0
1	0
1	0
8	0
8	0
8	0
8	0
1	0
16	0
1	0
1	0
3	0
1	0
3	0
3	0
12	0
2	3
3	6
12	0
12	0
8	0
8	0
8	0
8	0
8	0
8	0
8	8
2	2
2	0
9	0
9	0
11	6
12	0
8	0
17	0
17	0
17	8
17	0
17	0
17	0
17	16
17	0
4	0
4	10
4	0
2	0
16	2
16	0
2	11
13	13
13	0
1	0
1	0
16	0
16	0
16	0
17	0
8	0
16	0
16	0
17	0
12	0
16	0
1	0
1	0
17	0
16	0
16	0
16	0
1	0
16	0
16	0
16	0
16	0
16	0
12	0
17	6
12	0
17	0
17	0
17	4
4	0
4	4
8	0
8	0
8	0
8	0
8	0
8	0
8	0
8	8
17	0
5	5
8	0
8	0
8	0
8	0
8	0
8	8
13	13
17	0
14	0
14	0
14	4
3	11
1	6
8	0
8	0
8	0
8	8
1	0
1	0
1	0
16	0
1	0
16	16
4	0
4	4
13	13
13	0
1	0
1	0
1	0
17	0
17	0
17	0
1	0
1	0
1	0
1	0
1	0
1	0
1	0
8	0
8	0
12	0
14	6
12	0
12	0
8	8
2	2
2	0
6	6
8	0
8	0
8	0
8	0
8	8
17	0
17	0
16	0
17	16
17	6
12	0
17	0
1	0
1	8
3	0
3	0
3	3
3	0
3	11
1	0
2	10
13	13
13	0
1	0
1	0
1	0
16	0
16	0
16	0
16	0
16	0
12	0
16	0
1	0
1	0
16	0
16	0
16	0
16	0
1	0
12	0
16	0
16	0
16	0
1	0
1	0
8	0
8	0
16	0
16	0
16	0
17	0
12	0
12	6
12	0
12	0
12	8
4	0
4	4
3	0
11	0
1	1
8	0
12	0
9	6
8	0
8	8
17	0
11	2
17	0
1	6
8	0
8	0
8	0
8	0
8	0
8	0
8	8
13	13
13	0
1	0
8	0
8	0
8	0
1	0
1	0
1	0
1	0
8	0
1	0
1	0
1	0
17	0
1	0
8	0
1	0
17	0
8	0
8	0
1	0
12	0
12	0
8	0
3	0
3	0
3	0
8	0
8	0
8	0
12	0
12	0
1	0
13	0
4	0
11	4
11	11
5	6
8	0
8	0
8	0
8	0
8	0
8	0
8	0
8	8
13	13
13	0
16	0
16	0
1	0
1	0
16	0
16	0
16	0
16	0
16	0
1	0
1	0
1	0
8	0
16	0
1	0
1	0
8	0
1	0
16	0
1	0
16	0
16	0
1	0
1	0
1	0
1	0
8	0
16	0
16	0
1	0
16	0
16	0
16	0
16	0
1	0
1	0
1	0
8	0
8	0
1	0
8	0
8	0
1	0
16	0
1	0
13	0
5	6
8	0
8	0
8	0
8	8
13	13
13	0
8	0
8	0
8	0
8	0
8	0
1	0
1	0
8	0
8	0
8	0
8	0
8	0
8	0
1	0
8	0
8	0
8	0
8	0
8	0
8	0
8	0
8	0
8	0
8	0
8	0
8	0
1	0
8	0
8	0
8	0
8	0
8	0
8	0
8	0
8	0
8	0
8	0
8	0
8	0
1	0
8	0
8	0
8	0
8	0
8	0
8	0
8	0
8	0
8	0
8	0
8	0
1	0
13	0
5	6
8	0
8	0
8	0
8	0
8	0
8	8
13	13
13	0
8	0
8	0
8	0
8	0
8	0
8	0
8	0
8	0
8	0
8	0
8	0
8	0
8	0
8	0
8	0
8	0
8	0
8	0
8	0
8	0
8	0
8	0
8	0
8	0
1	0
8	0
8	0
8	0
8	0
8	0
8	0
8	0
8	0
8	0
8	0
8	0
8	0
1	0
8	0
8	0
8	0
8	0
8	0
8	0
8	0
1	0
8	0
8	0
8	0
1	0
13	0
5	6
8	0
8	0
8	0
8	0
8	8
13	13
13	0
1	0
1	0
8	0
8	0
1	0
1	0
1	0
1	0
1	0
1	0
8	0
8	0
8	0
1	0
1	0
1	0
1	0
8	0
8	0
8	0
8	0
1	0
8	0
8	0
8	0
1	0
1	0
1	0
1	0
8	0
8	0
8	0
8	0
1	0
8	0
8	0
1	0
8	0
1	0
1	0
1	0
1	0
8	0
8	0
8	0
1	0
8	0
8	0
1	0
8	0
1	0
12	0
8	0
12	0
16	0
12	0
8	1
16	0
6	0
11	8
2	2
2	0
6	6
1	0
1	1
8	0
8	8
13	13
3	11
1	0
1	0
1	3
1	0
1	0
1	0
1	0
1	16
5	5
8	0
8	0
8	0
8	0
8	8
1	0
1	0
1	0
16	0
16	16
13	13
13	0
1	0
1	0
1	0
1	0
1	0
8	0
1	0
1	0
1	0
1	0
16	0
16	0
16	0
1	0
16	0
8	0
8	0
8	0
1	0
1	0
1	0
12	0
8	0
8	0
8	0
8	16
2	3
2	6
8	0
8	0
8	0
8	8
3	2
4	0
4	6
8	0
8	0
8	0
8	0
8	8
5	5
2	0
4	6
8	0
8	0
8	0
8	0
8	0
8	0
8	0
8	8
13	13
13	0
3	0
1	0
1	0
1	0
1	0
1	0
1	0
1	0
1	0
1	0
1	0
1	0
1	0
1	0
1	0
8	0
8	0
8	0
8	0
8	0
1	0
1	0
8	0
16	0
3	0
3	0
1	0
1	0
12	0
6	0
6	6
8	12
16	0
16	16
17	0
11	0
4	10
1	0
1	0
1	0
1	16
17	0
17	16
17	0
2	11
13	13
13	0
1	0
8	0
1	0
8	0
8	0
8	0
1	0
1	0
16	0
8	0
1	0
1	0
1	0
1	0
1	0
8	0
1	0
1	0
8	0
8	0
1	0
1	0
1	0
1	0
1	0
8	0
8	0
1	0
1	0
1	0
8	0
8	0
1	0
1	0
1	0
1	0
1	0
1	0
1	0
1	0
8	0
13	0
13	13
14	0
11	11
16	0
12	16
11	11
2	2
6	0
2	6
8	0
8	8
8	0
8	0
8	8
8	0
8	0
12	0
8	0
8	12
16	0
16	16
13	13
3	0
4	0
14	0
14	14
11	11
16	0
4	0
4	0
4	16
13	13
13	0
1	0
16	0
16	0
16	0
16	0
1	0
1	0
16	0
16	0
16	0
16	0
4	0
8	0
16	0
14	0
16	0
16	0
16	0
1	0
1	0
1	0
1	0
1	0
1	0
1	0
1	0
13	0
5	0
5	5
11	11
3	0
1	0
6	16
8	0
8	11
16	11
3	0
3	0
1	3
16	0
16	0
16	16
13	13
13	0
1	0
1	0
16	0
16	0
16	0
16	0
16	0
16	0
1	0
1	0
1	0
8	0
16	0
16	0
1	0
16	0
16	0
16	0
16	0
16	0
16	0
1	0
1	0
16	0
16	0
16	0
16	0
1	0
1	0
16	0
16	0
16	0
16	0
1	0
1	0
8	0
8	0
16	0
16	0
1	0
16	0
16	0
12	0
3	0
12	0
3	8
16	0
16	0
4	16
12	2
12	6
12	0
12	0
8	0
8	0
8	8
2	2
2	6
1	13
8	0
8	0
8	8
8	13
13	13
13	0
1	0
1	0
8	0
8	0
8	0
8	0
12	0
12	0
12	0
12	0
12	0
3	0
1	0
1	0
1	0
8	0
8	0
8	0
8	0
12	0
1	0
1	0
1	0
1	0
8	0
3	0
3	0
3	0
12	0
12	0
12	0
12	0
12	0
12	0
12	0
8	0
8	0
12	0
5	0
3	3
13	13
13	0
1	0
1	0
1	0
8	0
1	0
1	0
1	0
1	0
1	0
1	0
1	0
1	0
1	0
1	0
1	0
1	0
1	0
1	0
1	0
1	0
1	0
1	0
1	0
1	0
1	0
1	0
1	0
1	0
1	0
1	0
1	0
1	0
1	0
1	0
1	0
1	0
1	0
1	0
1	0
1	0
1	0
1	0
1	0
1	0
1	0
1	0
1	0
1	0
1	0
1	0
1	0
1	0
1	0
1	0
1	0
13	0
1	0
16	0
16	0
16	0
16	16
3	11
11	11
3	3
1	0
2	0
1	0
1	3
13	13
13	13
13	0
1	0
16	0
16	0
16	0
1	0
16	0
1	0
1	0
16	0
16	0
16	0
16	0
16	0
1	0
1	0
1	0
1	0
1	0
1	0
1	0
1	0
16	0
16	0
16	0
16	0
1	0
8	0
1	0
1	0
1	0
1	0
1	0
1	0
16	0
16	0
16	0
16	0
3	0
1	0
1	0
1	0
1	0
1	0
1	0
11	0
11	11
4	0
11	4
3	0
3	2
8	0
8	0
8	0
8	0
8	0
8	0
8	8
13	13
13	0
1	0
1	0
1	0
1	0
1	0
1	0
16	0
1	0
1	0
1	0
1	0
1	0
1	0
1	0
1	0
8	0
8	0
16	0
16	0
1	0
1	0
1	0
8	0
1	0
1	0
1	0
1	0
1	0
1	0
1	0
8	0
16	0
16	0
1	0
1	0
1	0
3	0
1	0
1	0
1	0
8	0
8	0
1	0
1	0
1	0
13	0
13	13
11	0
11	1
16	0
4	0
4	0
4	10
13	13
8	0
8	0
8	8
13	13
8	0
5	5
11	11
11	11
4	0
4	4
13	13
13	0
1	0
1	0
1	0
1	0
1	0
1	0
1	0
1	0
16	0
16	0
16	0
16	0
16	0
1	0
1	0
1	0
1	0
1	0
16	0
1	0
1	0
1	0
1	0
1	0
1	0
1	0
1	0
1	0
1	0
16	0
16	0
16	0
1	0
1	0
8	0
16	0
16	0
16	0
16	0
12	0
11	0
11	11
16	0
16	0
1	0
16	16
3	0
11	0
1	0
1	0
16	3
2	0
2	6
12	12
17	0
2	2
12	6
12	0
8	0
8	8
13	13
13	0
8	0
1	0
1	0
12	0
8	0
8	0
16	0
1	0
8	0
2	0
1	0
8	0
8	0
17	0
12	0
1	0
12	0
8	0
8	0
8	0
8	0
1	0
1	0
1	0
8	0
16	0
16	0
16	0
1	0
8	0
1	0
1	0
1	0
3	0
2	0
1	0
8	0
13	0
12	0
12	0
12	7
13	13
12	13
13	0
1	0
8	0
8	0
16	0
1	0
16	0
1	0
1	0
8	0
8	0
16	0
16	0
16	0
1	0
8	0
1	0
8	0
16	0
16	0
16	0
16	0
1	0
8	0
16	0
1	0
16	0
1	0
1	0
1	0
8	0
16	0
1	0
16	0
1	0
1	0
1	0
8	0
8	0
16	0
16	0
16	0
1	0
8	0
8	0
1	0
1	0
1	0
8	0
8	0
16	0
16	0
1	0
16	0
12	0
6	6
12	12
4	0
11	4
6	6
8	0
8	0
8	0
8	8
13	13
6	6
12	12
12	0
12	0
12	12
13	13
16	0
2	6
8	12
3	0
2	0
6	6
1	0
1	0
1	0
1	0
1	1
8	0
8	8
13	13
13	0
1	0
1	0
12	0
16	0
16	0
1	0
1	0
1	0
8	0
3	0
1	0
8	0
1	0
1	0
8	0
8	0
8	0
16	0
1	0
1	0
1	0
1	0
16	0
16	0
8	0
8	0
8	0
5	0
3	0
11	0
6	6
8	12
16	0
16	0
16	16
13	13
3	11
6	0
6	6
8	8
17	6
8	0
8	0
8	0
8	8
3	0
3	0
2	0
1	0
16	0
16	0
16	16
13	13
3	3
14	0
4	0
14	14
11	11
8	11
11	0
16	0
16	0
16	16
4	0
4	0
4	4
13	13
13	0
3	0
1	0
16	0
16	0
16	0
16	0
3	0
16	0
8	0
8	0
8	0
1	0
16	0
16	0
1	0
1	0
1	0
1	0
1	0
12	0
13	0
3	11
1	1
16	16
1	11
16	0
4	1
13	13
14	2
6	6
8	0
8	0
8	0
8	8
12	0
12	0
12	12
2	0
2	6
1	0
13	0
1	0
1	8
1	0
1	0
1	0
16	0
16	0
16	16
13	13
6	6
8	0
13	0
1	0
1	8
2	0
2	6
8	0
8	0
8	0
8	0
8	12
5	5
6	6
8	0
8	0
8	0
8	0
8	12
16	11
5	5
16	0
16	0
12	0
16	16
13	13
13	0
3	0
16	0
1	0
13	0
13	13
1	0
1	0
8	0
8	0
8	0
12	8
13	13
1	0
3	0
3	0
1	0
1	16
3	11
8	0
9	2
6	6
8	0
8	0
8	8
3	0
2	2
8	0
8	0
17	0
2	11
3	0
3	0
11	3
13	13
13	13
13	0
16	0
8	0
8	0
8	0
8	0
1	0
8	0
1	0
8	0
8	0
1	0
8	0
8	0
16	0
8	0
1	0
1	0
1	0
1	0
1	0
1	0
1	0
1	0
1	0
16	0
1	0
8	0
12	0
3	0
5	5
4	0
4	0
4	14
11	11
11	0
4	0
4	0
4	3
13	13
16	0
4	0
4	10
2	0
2	2
11	0
1	6
8	0
8	0
8	0
8	0
8	8
13	13
1	2
12	6
12	0
12	0
12	8
2	0
2	2
1	13
8	8
1	13
16	0
16	0
16	16
13	13
3	0
16	0
16	16
11	0
11	0
8	3
6	6
8	0
8	8
12	0
12	0
12	0
12	0
12	12
13	13
1	0
1	0
1	0
1	16
5	6
13	0
12	0
17	0
5	5
12	6
12	0
12	0
1	8
13	13
6	6
8	0
8	8
16	0
16	0
16	0
16	16
2	0
2	2
8	0
8	0
8	0
8	8
2	2
2	0
6	6
8	0
8	0
8	0
8	0
8	0
8	0
8	0
8	8
13	13
16	11
11	11
1	0
17	0
12	10
3	0
3	0
3	0
3	0
1	0
2	0
3	16
13	13
3	3
2	3
8	6
17	0
17	0
9	8
2	0
2	2
8	0
12	0
8	0
8	8
2	0
13	0
13	0
12	12
12	0
12	0
12	12
8	6
1	0
1	1
8	0
8	0
8	0
8	0
8	0
8	8
2	0
2	2
8	12
13	13
9	9
13	13
6	6
12	0
8	0
8	0
8	12
16	0
16	0
16	16
5	0
11	0
4	10
11	0
11	0
11	3
2	2
6	6
8	0
8	0
8	8
13	13
6	0
11	6
1	12
12	0
17	0
1	16
16	0
2	2
11	0
1	6
8	0
8	0
8	0
8	0
8	0
8	0
8	0
8	0
8	0
13	0
13	0
9	9
8	0
6	6
8	12
16	16
6	6
12	0
12	0
12	0
12	0
12	0
8	12
2	10
11	0
11	2
11	0
1	6
8	0
8	8
2	0
2	2
12	0
12	0
12	0
12	12
13	13
3	3
3	0
1	0
1	16
1	11
13	13
13	0
16	0
16	0
16	0
1	0
1	0
16	0
8	0
16	0
1	0
8	0
1	0
1	0
8	0
16	0
8	0
8	0
8	0
8	0
8	0
12	0
12	0
12	0
8	0
8	0
8	0
12	0
12	0
12	6
1	0
1	1
8	0
8	0
8	0
8	0
8	0
8	8
16	0
16	0
16	16
12	0
12	0
3	3
13	13
13	0
1	0
1	0
1	0
8	0
1	0
8	0
1	0
1	0
1	0
1	0
1	0
8	0
8	0
8	0
1	0
1	0
1	0
1	0
1	0
1	0
1	0
1	0
1	0
1	0
1	0
8	0
8	0
1	0
1	0
1	0
1	0
1	0
1	0
1	0
8	0
8	0
8	0
8	0
1	0
1	0
1	0
1	0
13	0
13	13
12	6
8	0
8	8
16	0
16	0
1	0
1	0
1	0
16	0
16	16
5	0
11	2
6	6
8	0
8	0
8	0
8	0
8	0
8	8
13	13
13	0
1	0
1	0
1	0
8	0
1	0
1	0
1	0
1	0
16	0
16	0
16	0
16	0
1	0
1	0
1	0
8	0
8	0
1	0
16	0
16	0
1	0
1	0
8	0
8	0
1	0
1	0
16	0
16	0
16	0
1	0
1	0
1	0
16	0
16	0
16	0
16	0
1	0
13	0
5	0
2	0
14	0
14	14
3	0
6	0
11	3
1	0
1	0
3	0
1	0
1	1
8	0
8	0
8	0
8	8
8	0
8	0
8	16
5	5
8	0
8	0
8	0
8	8
16	0
16	16
13	13
1	0
1	0
1	0
1	16
5	11
1	6
8	0
8	8
5	5
8	0
8	8
16	0
2	10
13	13
13	0
1	0
1	0
16	0
16	0
16	0
2	0
16	0
16	0
16	0
1	0
1	0
1	0
1	0
1	0
1	0
1	0
1	0
13	0
1	13
8	0
8	0
8	0
8	11
4	0
11	4
13	13
13	0
1	0
1	0
1	0
1	0
1	0
1	0
8	0
8	0
8	0
8	0
1	0
1	0
1	0
1	0
8	0
8	0
1	0
1	0
1	0
1	0
1	0
1	0
1	0
1	0
1	0
1	0
1	0
8	0
8	0
8	0
1	0
1	0
1	0
1	0
1	0
1	0
1	0
1	0
8	0
8	0
8	0
8	0
1	0
1	0
1	0
1	0
1	0
1	0
1	0
1	0
13	0
4	0
1	16
13	13
12	13
13	0
12	0
8	0
8	0
8	0
12	0
12	0
1	0
1	0
1	0
8	0
12	0
12	0
12	0
12	0
1	0
8	0
8	0
8	0
12	0
12	0
12	0
8	0
8	0
8	0
12	0
12	0
1	0
1	0
1	0
8	0
8	0
12	0
12	0
12	0
8	0
1	0
8	0
8	0
12	0
12	0
12	0
8	0
8	0
12	0
12	0
12	0
12	0
1	0
8	0
12	0
12	0
1	0
1	0
1	0
12	0
12	0
12	0
12	3
4	0
4	0
17	16
2	6
8	0
8	0
8	0
8	8
17	0
2	10
1	0
3	0
1	0
1	1
13	13
13	0
8	0
8	0
1	0
1	0
1	0
8	0
1	0
17	0
1	0
1	0
1	0
16	0
17	0
1	0
1	0
1	0
1	0
1	0
1	0
8	0
1	0
8	0
1	0
1	0
1	0
8	0
1	0
1	0
12	0
12	0
12	0
17	0
1	0
1	0
1	0
1	0
16	0
1	0
1	0
1	0
13	0
5	0
4	0
14	14
5	6
1	0
1	0
1	0
1	0
1	0
1	0
1	8
16	0
16	0
16	0
16	16
13	13
1	0
17	0
17	16
12	11
5	11
12	0
12	10
13	13
13	0
1	0
1	0
12	0
12	0
12	0
1	0
1	0
16	0
16	0
17	0
12	0
16	0
1	0
1	0
16	0
12	0
12	0
12	0
12	0
12	0
1	0
8	0
17	0
12	0
1	0
1	0
1	0
1	0
1	0
1	0
1	0
16	0
16	0
16	0
13	0
1	13
3	0
11	11
17	0
17	0
12	16
4	0
4	16
13	13
13	0
1	0
16	0
1	0
16	0
16	0
16	0
1	0
16	0
16	0
16	0
16	0
16	0
16	0
1	0
1	0
16	0
16	0
16	0
16	0
16	0
16	0
16	0
1	0
1	0
1	0
1	0
16	0
1	0
16	0
16	0
16	0
16	0
16	0
16	0
1	0
1	0
1	0
8	0
8	0
8	0
16	0
16	0
16	0
16	0
16	0
16	0
1	0
1	0
1	0
12	0
8	0
8	0
16	0
2	11
3	3
13	13
12	13
13	0
12	0
8	0
8	0
8	0
8	0
12	0
8	0
16	0
8	0
8	0
8	0
8	0
12	0
8	0
8	0
8	0
8	0
8	0
8	0
12	0
12	0
12	0
8	0
8	0
12	0
8	0
8	0
16	0
8	0
8	0
8	0
12	0
12	0
12	0
12	0
8	0
8	0
8	0
8	0
8	0
16	0
16	0
8	0
12	0
12	0
12	0
8	0
8	0
8	0
8	0
8	0
13	0
5	0
14	0
14	3
14	6
17	0
1	0
3	1
8	0
8	0
12	0
12	0
12	8
2	2
17	0
6	6
8	0
8	0
8	8
17	0
17	0
12	16
12	0
12	10
12	0
12	0
16	0
16	16
13	13
3	0
12	0
16	0
16	0
16	16
3	11
13	13
13	0
16	0
16	0
16	0
17	0
16	0
16	0
12	0
1	0
16	0
17	0
16	0
16	0
16	0
16	0
16	0
16	0
16	0
16	0
16	0
12	0
16	0
16	0
17	0
13	0
13	13
8	0
8	16
2	10
13	13
12	13
13	0
12	0
8	0
8	0
16	0
12	0
16	0
8	0
16	0
16	0
8	0
8	0
8	0
12	0
16	0
8	0
8	0
16	0
16	0
8	0
1	0
12	0
16	0
8	0
8	0
12	0
16	0
12	0
16	0
8	0
8	0
8	0
12	0
12	0
12	0
1	0
8	0
8	0
8	0
1	0
1	0
16	0
8	0
16	0
8	0
12	0
12	0
1	0
8	0
8	0
8	0
1	0
12	0
12	0
4	14
12	2
17	0
1	11
3	3
3	0
3	0
3	3
17	0
1	0
1	0
16	11
3	10
1	0
1	16
11	0
11	4
13	13
13	0
1	0
1	0
1	0
1	0
1	0
1	0
1	0
1	0
1	0
1	0
1	0
1	0
1	0
1	0
1	0
1	0
1	0
1	0
1	0
1	0
1	0
1	0
1	0
1	0
1	0
1	0
1	0
1	0
8	0
17	0
17	0
3	0
1	0
1	0
1	0
1	0
1	0
1	0
1	0
1	0
12	0
8	0
8	0
8	0
3	0
3	3
1	0
1	0
1	0
16	0
16	0
16	16
12	6
17	0
8	8
2	0
2	6
8	0
8	8
8	0
8	0
8	8
5	5
8	0
8	0
3	0
12	0
12	8
13	13
14	0
11	14
11	0
11	11
16	0
4	0
4	10
16	0
11	0
2	0
16	0
16	16
13	13
3	11
1	11
17	0
12	0
12	0
12	0
12	16
3	0
12	0
4	0
4	0
16	4
5	5
14	0
11	14
11	0
11	11
13	0
12	0
17	6
1	0
1	0
1	0
17	1
1	0
1	0
17	16
3	3
3	0
3	0
16	0
16	11
11	0
11	2
2	0
2	0
3	0
2	6
8	0
8	0
8	0
8	8
13	13
11	14
1	6
1	0
8	0
8	0
8	0
8	0
8	0
8	0
8	0
8	8
4	0
4	4
5	5
1	0
17	0
17	0
17	0
17	16
13	13
17	0
17	11
17	0
17	0
17	0
17	16
17	0
17	0
17	11
13	13
5	5
3	0
3	0
14	11
13	0
12	0
11	11
16	0
4	0
4	16
2	0
11	6
8	0
8	0
8	0
8	0
8	0
8	8
1	0
1	0
1	1
16	0
16	0
16	16
5	5
16	0
16	16
13	13
13	13
5	5
14	0
4	0
4	16
11	0
11	11
2	2
3	0
16	0
16	11
2	0
2	2
6	6
8	0
8	8
4	0
16	0
16	0
16	16
13	13
13	0
3	0
3	0
3	0
16	0
16	0
1	0
3	0
8	0
1	0
1	0
1	0
1	0
1	0
3	0
3	0
12	0
1	11
1	0
1	0
1	0
1	0
1	0
1	0
1	1
8	0
8	8
4	0
11	4
2	0
2	11
3	0
3	0
8	0
1	0
2	0
2	1
13	13
5	5
14	6
8	0
8	0
8	0
8	0
8	8
16	0
16	0
4	0
4	16
16	0
16	16
13	13
11	11
16	11
4	0
4	0
4	0
4	16
13	13
13	0
1	0
1	0
16	0
1	0
1	0
1	0
16	0
1	0
16	0
1	0
1	0
8	0
16	0
16	0
1	0
1	0
13	0
3	11
11	0
16	0
16	0
16	16
2	2
2	6
8	0
8	0
8	0
8	8
3	3
13	13
14	0
11	14
1	6
8	0
8	8
4	0
4	0
4	16
13	13
14	0
11	14
16	11
1	0
17	11
4	0
1	1
1	0
1	0
16	0
16	16
5	5
14	0
6	14
3	11
1	0
1	0
1	1
8	0
8	0
8	0
8	0
8	0
8	8
4	0
4	0
4	16
13	13
13	13
13	0
1	0
1	0
8	0
1	0
16	0
1	0
1	0
13	0
13	13
3	0
3	0
3	0
3	0
3	11
16	0
16	0
1	3
3	0
17	0
11	11
4	0
2	3
13	13
13	13
13	0
8	0
1	0
1	0
1	0
1	0
16	0
1	0
1	0
8	0
1	0
1	0
1	0
16	0
16	0
16	0
1	0
1	0
16	0
1	0
1	0
16	0
1	0
1	0
1	0
16	0
1	0
16	0
1	0
1	0
1	0
1	0
8	0
8	0
8	0
1	0
1	0
16	0
16	0
16	0
1	0
8	0
1	0
12	0
3	0
1	0
16	0
16	0
16	16
12	6
12	0
12	0
12	0
12	0
12	0
12	12
13	13
16	11
2	0
2	2
8	0
8	8
1	0
1	0
1	16
13	13
16	0
2	2
2	0
2	6
8	0
8	8
13	13
5	6
12	0
12	8
2	0
2	2
8	12
12	16
5	5
11	0
11	3
3	0
3	0
1	1
1	0
1	0
16	0
16	16
13	13
13	0
1	0
16	0
16	0
16	0
1	0
1	0
12	0
12	0
12	0
12	0
3	0
12	0
1	0
12	0
1	0
17	0
3	3
4	0
4	4
17	11
17	0
17	0
17	10
17	6
12	0
12	0
12	0
12	12
13	13
3	11
4	0
4	4
17	6
17	0
17	0
17	0
17	1
1	1
17	0
17	0
17	1
17	12
13	13
16	11
11	0
11	11
17	0
6	6
8	12
1	0
12	0
12	0
1	16
8	0
8	0
8	0
8	8
12	0
12	0
12	16
13	13
3	3
1	0
12	0
1	0
17	0
3	3
13	13
13	0
1	0
12	0
12	0
11	0
6	6
8	12
16	0
16	0
16	0
16	16
2	2
12	0
12	0
12	8
12	0
12	0
12	3
2	0
2	0
11	3
3	0
2	2
8	0
9	0
9	0
6	6
8	0
8	8
13	13
2	2
12	0
12	0
8	8
13	13
11	14
11	11
2	0
2	2
12	6
12	8
1	6
12	0
8	0
8	0
12	8
3	0
1	0
1	0
16	16
16	0
16	0
16	4
13	13
13	0
1	0
1	0
8	0
12	0
8	0
1	0
1	0
1	0
12	0
8	0
5	5
12	0
12	0
12	8
13	13
16	0
5	5
16	0
16	3
17	0
12	0
12	6
8	0
8	0
8	0
8	0
8	8
13	13
13	0
1	0
1	0
1	0
8	0
8	0
8	0
1	0
1	0
1	0
1	0
1	0
1	0
1	0
1	0
1	0
1	0
1	0
8	0
8	0
8	0
1	0
1	0
1	0
8	0
8	0
8	0
1	0
1	0
1	0
12	0
8	0
1	0
1	0
1	0
1	0
1	0
1	0
1	0
1	0
13	0
14	0
2	2
3	0
6	6
8	8
16	0
17	0
16	0
16	16
3	11
17	0
2	11
17	0
11	10
13	13
3	0
4	0
14	14
11	11
2	0
11	0
6	6
8	0
8	0
8	8
3	0
17	0
3	16
17	0
17	0
1	3
1	0
2	0
11	3
1	0
6	0
1	0
1	0
1	16
13	13
13	0
1	0
1	0
1	0
1	0
8	0
16	0
16	0
1	0
1	0
1	0
1	0
1	0
1	0
3	0
1	0
1	0
1	0
1	0
13	0
13	13
3	0
12	0
11	11
16	0
16	0
16	4
6	6
12	0
8	0
8	0
8	12
17	6
8	0
8	0
8	0
8	0
8	0
8	0
8	8
2	0
1	0
16	0
16	16
2	0
2	2
9	9
13	13
13	13
16	0
16	0
12	0
16	16
11	11
13	13
13	0
16	0
16	0
16	0
16	0
8	0
3	0
3	0
16	0
16	0
3	0
1	0
3	0
3	0
3	0
16	0
16	0
16	0
8	0
8	0
8	0
8	0
1	0
1	0
13	0
13	13
3	3
17	0
17	0
16	0
4	4
11	11
5	11
3	3
1	0
1	0
1	0
1	0
1	16
1	4
13	13
13	13
16	16
12	6
12	0
12	0
12	0
12	0
12	0
12	12
1	0
17	0
1	0
1	0
1	3
13	13
13	13
11	0
11	11
16	0
11	0
4	0
4	16
3	3
1	0
1	3
5	5
1	0
4	0
4	3
13	13
13	0
3	0
16	0
16	0
16	0
1	0
16	0
16	0
8	0
1	0
1	0
1	0
1	0
13	0
8	7
13	13
13	0
1	0
1	0
16	0
8	0
8	0
8	0
16	0
1	0
16	0
8	0
8	0
8	0
16	0
1	0
1	0
16	0
8	0
8	0
8	0
8	0
16	0
1	0
16	0
8	0
8	0
8	0
8	0
16	0
1	0
8	0
8	0
8	0
8	0
1	0
1	0
1	0
8	0
8	0
8	0
8	0
16	0
1	0
16	0
8	0
8	0
8	0
8	0
16	0
16	0
8	0
8	0
16	0
1	0
1	0
16	0
8	0
13	0
3	0
5	5
3	0
3	0
3	0
3	0
1	0
1	8
16	0
16	0
4	4
11	11
3	0
3	3
3	0
3	3
1	0
17	0
17	0
1	16
13	13
13	13
13	0
1	0
1	0
1	0
1	0
1	0
1	0
16	0
16	0
16	0
17	0
1	0
17	0
1	0
1	0
1	0
1	0
1	0
16	0
16	0
1	0
1	0
1	0
1	0
1	0
1	0
1	0
1	0
1	0
1	0
8	0
8	0
16	0
16	0
17	0
17	0
3	0
13	0
13	13
11	0
11	11
4	4
3	6
1	0
3	3
17	0
17	0
12	1
17	0
9	2
17	0
17	0
17	3
1	0
17	0
17	0
17	0
16	16
13	13
5	0
5	5
16	0
11	0
4	10
1	0
1	0
16	0
16	1
13	13
13	0
3	0
1	0
1	0
1	0
1	0
1	0
1	0
1	0
1	0
8	0
1	0
1	0
16	0
16	0
16	0
3	0
3	0
3	0
1	0
1	0
17	0
17	0
1	0
1	0
1	0
17	0
17	0
13	0
17	0
17	17
17	0
17	17
16	0
16	0
16	16
11	11
2	0
3	3
13	13
16	0
5	5
13	13
13	13
13	0
13	0
3	0
3	0
1	0
13	0
8	0
13	0
3	0
3	0
3	0
17	0
11	0
11	0
3	0
1	0
16	0
16	0
8	0
8	0
13	0
1	0
1	0
16	0
8	0
3	0
1	0
13	0
13	0
3	0
1	0
17	0
17	0
17	0
17	0
1	0
3	0
11	0
11	0
3	0
3	0
16	0
16	0
16	0
13	0
13	13
11	0
1	0
17	0
2	11
3	0
16	0
16	0
16	16
6	6
8	0
8	0
8	8
3	3
3	3
1	0
1	0
1	1
13	13
11	14
11	11
3	3
1	0
1	0
1	0
1	16
13	13
14	0
1	0
2	0
1	0
1	16
3	0
1	10
8	0
8	0
8	0
8	0
8	0
8	8
4	0
16	16
13	13
13	0
1	0
1	0
1	0
1	0
1	0
1	0
1	0
3	0
1	0
16	0
3	0
8	0
1	0
3	0
3	0
13	0
13	13
13	13
11	0
16	16
16	11
3	3
13	13
13	13
16	0
16	0
16	0
16	0
16	0
16	16
6	0
6	6
8	12
13	13
13	0
1	0
1	0
8	0
8	0
8	0
8	0
8	0
8	0
8	0
8	0
16	0
16	0
16	0
16	0
16	0
8	0
1	0
8	0
8	0
8	0
8	0
8	0
8	0
8	0
8	0
8	0
8	0
1	0
1	0
16	0
16	0
16	0
8	0
8	0
3	0
16	0
16	0
16	0
16	0
16	0
11	0
3	2
4	0
1	0
1	6
8	0
8	0
8	8
4	0
11	4
11	11
3	3
1	0
4	0
4	10
1	0
1	0
1	0
1	1
3	0
2	0
3	3
13	13
16	0
16	0
16	0
16	0
16	16
12	6
12	0
12	0
12	0
12	0
12	0
12	12
13	13
1	0
1	0
16	0
16	0
16	16
2	0
3	3
13	13
13	0
1	0
1	0
3	0
1	0
1	0
1	0
12	0
1	0
1	0
1	0
1	0
1	0
1	0
1	0
1	0
12	0
11	0
11	11
1	0
1	0
1	0
1	0
1	0
16	0
16	16
11	0
11	6
8	0
8	0
8	0
8	8
1	0
4	0
1	0
4	10
13	13
13	0
1	0
8	0
1	0
1	0
16	0
8	0
8	0
8	0
1	0
1	0
1	0
8	0
8	0
8	0
1	0
1	0
1	0
16	0
16	0
16	0
8	0
1	0
1	0
1	0
16	0
16	0
8	0
3	0
1	0
1	0
1	0
16	0
16	0
1	0
1	0
1	0
8	0
8	0
12	0
5	0
14	0
2	14
11	0
11	0
6	6
8	0
8	0
8	0
8	0
8	0
8	8
8	0
12	0
12	16
13	13
5	0
3	0
3	0
3	0
3	0
16	0
16	16
11	0
12	11
1	0
1	0
3	3
2	0
2	6
8	0
8	0
8	0
8	0
8	8
5	5
12	6
12	0
8	0
8	0
8	0
8	0
8	0
8	0
8	0
17	0
1	0
1	8
17	0
12	2
1	0
1	0
2	0
1	0
1	0
16	0
16	16
5	5
13	0
13	0
13	13
11	11
16	0
16	0
16	16
3	0
11	11
1	0
3	3
1	0
1	0
1	1
13	13
13	13
16	0
16	0
16	16
12	0
11	11
1	0
1	3
2	10
13	13
13	0
1	0
12	0
12	0
3	0
8	0
1	0
1	0
1	0
1	0
1	0
3	0
1	0
1	0
12	0
12	0
12	0
1	0
3	0
8	0
3	0
12	0
12	0
12	0
3	0
3	0
16	0
1	0
8	0
8	0
1	0
1	0
1	0
1	0
1	0
1	0
13	0
13	13
3	11
1	0
16	0
1	0
1	16
3	3
4	0
4	0
4	16
13	13
3	0
1	6
8	0
8	0
8	0
8	8
3	11
1	0
17	0
16	0
12	16
13	13
13	13
13	0
16	0
16	0
16	0
16	0
16	0
16	0
3	0
16	0
16	0
1	0
16	0
16	0
16	0
16	0
16	0
16	0
1	0
16	0
16	0
13	0
16	0
16	0
1	0
1	0
1	0
16	0
16	0
16	0
16	0
16	0
16	0
3	0
3	0
1	0
13	0
6	6
8	0
8	0
8	0
8	0
8	0
8	12
16	0
17	0
16	0
16	0
16	16
11	11
1	0
12	10
13	13
11	11
11	0
12	11
12	0
12	0
17	0
1	3
1	0
1	0
2	0
1	0
16	16
13	13
13	0
3	0
16	0
16	0
1	0
1	0
1	0
1	0
1	0
1	0
1	0
1	0
1	0
12	0
1	0
1	0
1	0
1	0
1	0
8	0
16	0
8	0
8	0
16	0
16	0
16	0
16	0
16	0
16	0
1	0
12	0
11	11
16	0
16	0
16	4
3	3
5	6
8	0
8	0
8	0
8	8
13	13
13	0
1	0
16	0
16	0
16	0
16	0
1	0
8	0
16	0
16	0
16	0
16	0
16	0
16	0
3	0
1	0
16	0
16	0
16	0
16	0
8	0
1	0
8	0
16	0
16	0
16	0
1	0
1	0
16	0
16	0
16	0
16	0
16	0
16	0
8	0
16	0
16	0
16	0
16	0
3	0
16	0
16	0
16	0
16	0
16	0
8	0
1	0
1	0
13	0
8	0
8	0
8	16
17	0
17	0
17	0
16	16
11	0
11	11
3	3
13	13
13	0
1	0
12	0
8	0
8	0
1	0
1	0
1	0
8	0
12	0
12	0
3	0
17	0
8	0
17	0
16	0
12	0
12	0
12	0
3	0
3	0
1	0
1	0
1	0
8	0
8	0
1	0
8	0
16	0
12	0
12	0
12	0
3	0
8	0
1	0
8	0
8	0
8	0
8	0
17	0
16	0
12	0
11	0
12	0
3	0
3	0
1	0
1	0
13	0
13	13
11	0
11	11
16	0
16	0
16	0
16	16
3	3
13	13
14	0
11	14
11	0
11	11
1	0
1	0
1	0
1	0
1	0
8	1
16	0
16	0
16	4
13	13
3	0
11	11
16	0
16	16
3	0
11	11
13	13
13	0
1	0
8	0
1	0
1	0
1	0
1	0
8	0
16	0
16	0
16	0
16	0
16	0
1	0
3	0
8	0
16	0
16	0
16	0
16	0
16	0
16	0
1	0
16	0
16	0
16	0
11	0
8	0
1	0
13	0
13	13
11	0
5	5
16	0
16	0
16	16
16	2
17	0
2	6
8	0
8	0
8	0
8	8
3	0
3	0
3	3
13	13
3	11
2	3
1	0
12	6
12	0
8	0
8	8
3	0
2	3
3	0
6	0
1	16
8	0
12	0
12	0
8	16
5	5
6	6
8	0
8	0
8	8
1	0
1	0
16	0
16	16
13	13
13	0
3	0
3	0
1	0
16	0
8	0
1	0
1	0
1	0
1	0
1	0
1	0
1	0
1	0
3	0
1	0
6	0
5	6
3	0
1	1
8	8
2	0
2	2
8	12
13	13
9	9
13	13
8	0
8	0
8	2
2	0
1	0
1	0
1	1
8	0
8	0
8	0
8	8
16	0
16	0
16	16
2	0
6	6
8	12
5	6
3	0
17	0
9	1
8	0
8	0
8	8
3	2
4	0
1	6
8	0
8	0
8	0
12	8
5	5
3	0
4	0
4	0
2	0
1	4
1	0
3	0
1	0
16	1
13	13
13	0
3	0
1	0
1	0
1	0
1	0
1	0
12	0
17	0
2	2
17	6
17	0
12	8
17	0
17	3
17	0
16	0
16	16
17	6
1	0
1	0
1	1
12	0
8	0
8	8
17	0
17	10
17	0
17	0
17	16
17	0
2	2
17	0
2	6
12	0
8	0
8	12
13	13
13	0
3	0
1	0
1	0
8	0
1	0
1	0
17	0
1	0
1	0
1	0
17	0
12	0
17	0
8	0
17	0
1	0
17	0
1	0
1	0
1	0
1	0
1	0
12	0
1	0
3	0
1	0
12	0
17	0
12	0
3	3
1	0
12	0
17	0
12	1
13	13
13	0
1	0
1	0
1	0
1	0
1	0
1	0
1	0
1	0
1	0
1	0
1	0
1	0
1	0
1	0
1	0
1	0
17	0
1	0
17	0
1	0
1	0
1	0
1	0
1	0
1	0
1	0
1	0
1	0
1	0
1	0
1	0
1	0
1	0
1	0
1	0
1	0
1	0
1	0
1	0
1	0
1	0
1	0
17	0
1	0
1	0
1	0
1	0
1	0
1	0
1	0
1	0
1	0
12	0
11	2
4	0
4	0
1	3
1	0
2	0
1	0
1	0
1	3
1	0
1	0
1	0
1	0
1	16
11	0
6	6
8	12
5	6
8	0
12	8
1	0
2	0
2	0
2	0
16	16
13	13
13	0
1	0
1	0
1	0
1	0
1	0
1	0
1	0
1	0
1	0
8	0
8	0
8	0
1	0
8	0
1	0
1	0
1	0
1	0
16	0
8	0
12	0
1	0
1	0
1	0
1	0
1	0
1	0
1	0
1	0
1	0
1	0
1	0
12	0
4	6
12	0
12	0
12	0
12	0
12	0
12	12
16	0
1	0
1	0
1	0
16	0
16	16
3	3
13	13
3	0
16	0
16	0
16	0
16	16
1	0
6	0
1	0
1	0
1	0
1	0
3	3
2	2
12	0
12	0
8	0
8	8
13	13
13	0
1	0
1	0
1	0
1	0
16	0
1	0
8	0
1	0
1	0
1	0
1	0
16	0
16	0
16	0
16	0
16	0
8	0
16	0
16	0
1	0
1	0
1	0
16	0
16	0
16	0
12	0
9	0
8	0
3	0
3	3
16	0
16	16
3	11
6	6
8	0
8	0
8	0
8	8
17	0
2	2
2	0
2	2
8	0
8	0
8	0
8	0
8	12
13	13
2	0
2	2
8	0
8	0
8	0
8	0
8	0
8	0
8	0
8	12
13	13
2	0
2	2
8	0
8	0
8	0
8	0
8	0
8	12
13	13
2	2
6	6
8	0
8	0
8	0
8	0
8	0
8	12
13	13
13	0
1	0
1	0
8	0
8	0
8	0
1	0
3	0
11	0
11	11
16	0
16	0
16	16
5	0
3	2
1	6
8	0
8	0
8	0
8	8
5	5
16	0
16	0
16	0
16	16
11	0
11	11
13	13
13	0
1	0
1	0
1	0
3	0
11	0
3	0
3	0
3	0
1	0
1	0
8	0
8	0
8	0
16	0
16	0
16	0
3	0
11	0
3	0
1	0
1	0
1	0
1	0
1	0
8	0
1	0
3	0
16	0
16	0
1	0
1	0
1	0
1	0
1	0
1	0
8	0
8	0
8	0
8	0
12	0
8	0
8	0
12	6
8	0
8	0
8	0
8	0
8	8
17	0
2	2
8	0
8	8
13	13
13	0
1	0
16	0
1	0
8	0
16	0
8	0
8	0
16	0
16	0
16	0
8	0
8	0
8	0
16	0
16	0
16	0
8	0
1	0
8	0
8	0
8	0
1	0
1	0
8	0
8	0
1	0
8	0
1	0
16	0
16	0
16	0
16	0
16	0
8	0
16	0
16	0
8	0
8	0
16	0
16	0
16	0
1	0
1	0
8	0
8	0
12	0
3	2
17	0
8	0
8	0
8	0
8	0
8	0
8	12
16	0
2	0
17	3
17	0
16	16
5	6
1	0
1	0
1	0
1	0
1	1
8	8
17	10
13	13
17	6
12	0
12	0
8	0
8	0
8	0
8	8
17	0
12	3
13	13
13	0
1	0
1	0
1	0
1	0
16	0
1	0
1	0
16	0
8	0
8	0
1	0
1	0
1	0
1	0
1	0
8	0
16	0
16	0
16	0
8	0
16	0
16	0
16	0
8	0
8	0
1	0
12	0
17	6
17	0
12	8
17	0
12	0
1	0
1	0
1	16
1	0
1	3
17	0
17	0
17	2
17	6
17	0
17	8
2	0
2	2
12	0
12	0
12	0
12	0
12	8
13	13
13	0
12	0
1	0
16	0
8	0
8	0
17	0
17	0
16	0
17	0
17	0
12	0
1	0
17	0
1	0
12	0
12	0
12	0
8	0
8	0
8	0
1	0
1	0
12	0
16	0
16	0
16	0
17	0
16	0
16	0
1	0
17	0
17	0
17	0
17	0
12	0
2	2
1	0
1	0
1	0
1	0
1	0
1	0
1	0
1	3
16	0
16	0
16	0
16	0
16	16
11	11
2	2
8	0
8	0
8	8
13	13
13	0
1	0
3	0
1	0
1	0
1	0
1	0
1	0
1	0
3	0
1	0
1	0
1	0
3	0
3	0
3	0
1	0
1	0
8	0
8	0
1	0
3	0
3	0
1	0
1	0
8	0
1	0
1	0
1	0
1	0
1	0
1	0
1	0
8	0
8	0
1	0
1	0
16	0
3	0
12	0
11	11
16	0
16	0
16	0
16	16
11	0
11	0
11	10
13	13
4	16
3	0
3	5
8	0
2	0
2	6
8	0
8	0
8	8
16	0
11	0
11	0
11	16
13	13
13	0
1	0
16	0
16	0
16	0
16	0
16	0
8	0
8	0
8	0
3	0
1	0
1	0
8	0
16	0
8	0
16	0
16	0
16	0
16	0
16	0
8	0
16	0
16	0
16	0
16	0
16	0
16	0
16	0
16	0
16	0
3	0
3	0
8	0
8	0
3	0
11	0
1	6
12	0
8	8
2	2
2	6
8	8
4	0
4	4
3	0
11	0
11	3
13	13
3	0
3	3
1	0
1	3
5	6
8	0
8	0
8	8
13	13
13	0
1	0
1	0
1	0
1	0
8	0
8	0
1	0
1	0
1	0
1	0
1	0
1	0
1	0
1	0
1	0
1	0
1	0
1	0
8	0
1	0
1	0
1	0
1	0
1	0
1	0
1	0
8	0
16	0
8	0
8	0
8	0
1	0
1	0
1	0
1	0
1	0
1	0
12	0
12	3
5	6
12	0
8	0
8	8
3	3
13	13
5	5
3	11
16	0
16	0
16	0
16	0
16	16
11	11
2	3
13	13
13	0
8	0
1	0
3	0
3	0
8	0
8	0
1	0
8	0
8	0
16	0
16	0
3	0
3	0
3	0
16	0
1	0
11	0
3	0
1	0
1	0
8	0
8	0
8	0
8	0
1	0
8	0
8	0
8	0
8	0
16	0
16	0
12	0
16	0
16	0
16	0
3	0
3	0
3	0
16	0
16	0
1	0
12	0
12	0
12	3
13	13
16	0
2	2
8	0
2	6
12	0
8	0
8	12
13	13
5	5
6	6
1	0
1	0
1	1
8	0
8	0
8	0
8	0
8	0
8	0
8	0
8	8
17	0
2	2
13	13
13	0
1	0
8	0
8	0
8	0
16	0
1	0
1	0
1	0
8	0
8	0
8	0
8	0
1	0
1	0
8	0
8	0
16	0
1	0
1	0
8	0
8	0
8	0
1	0
8	0
1	0
1	0
8	0
8	0
8	0
16	0
1	0
12	0
11	11
1	0
1	0
1	0
1	0
16	0
16	0
16	16
1	0
17	0
17	0
12	1
12	0
12	10
13	13
13	0
12	0
8	0
12	0
8	0
12	0
8	0
12	0
1	0
17	0
1	0
8	0
8	0
8	0
1	0
17	0
12	0
12	0
12	0
12	0
12	0
1	0
17	0
12	0
12	0
12	0
12	0
12	0
1	0
1	0
8	0
16	0
16	0
1	0
1	0
1	0
8	0
8	0
1	0
1	0
17	0
17	0
12	0
12	0
12	0
8	11
12	0
17	0
17	16
8	0
8	0
8	8
16	0
12	0
9	4
13	13
13	0
8	0
16	0
16	0
12	0
16	0
8	0
16	0
16	0
16	0
16	0
16	0
16	0
16	0
16	0
16	0
16	0
16	0
16	0
16	0
8	0
8	0
8	0
16	0
8	0
12	0
8	0
1	0
16	0
16	0
16	0
16	0
16	0
16	0
16	0
16	0
12	0
16	0
16	0
16	0
16	0
16	0
16	0
16	0
8	0
12	0
12	0
8	0
13	0
3	0
3	0
8	0
3	0
3	2
16	2
6	6
8	0
8	0
8	0
8	0
8	8
13	13
13	0
1	0
1	0
1	0
8	0
16	0
1	0
1	0
8	0
1	0
8	0
16	0
16	0
16	0
16	0
1	0
8	0
8	0
8	0
8	0
8	0
1	0
1	0
8	0
16	0
8	0
16	0
8	0
1	0
8	0
1	0
1	0
1	0
1	0
3	0
16	0
8	0
16	0
16	0
8	0
1	0
8	0
8	0
8	0
8	0
8	0
12	0
3	0
2	2
6	6
8	0
8	0
8	8
16	0
16	0
12	16
17	0
2	6
12	6
8	0
8	0
8	0
8	0
8	8
1	0
1	3
5	5
12	0
12	8
2	10
13	13
1	0
1	0
1	0
1	1
13	13
13	0
1	0
1	0
1	0
1	0
1	0
1	0
16	0
16	0
1	0
1	0
1	0
1	0
1	0
16	0
1	0
1	0
1	0
16	0
16	0
1	0
8	0
16	0
16	0
16	0
17	0
17	0
8	0
12	0
1	0
12	0
5	0
5	5
1	11
4	0
11	4
12	0
8	0
8	8
13	13
13	0
1	0
1	0
1	0
16	0
16	0
1	0
1	0
16	0
1	0
1	0
1	0
1	0
16	0
16	0
16	0
16	0
1	0
1	0
1	0
1	0
1	0
1	0
1	0
1	0
16	0
1	0
1	0
1	0
16	0
1	0
1	0
1	0
1	0
1	0
1	0
1	0
1	0
16	0
16	0
16	0
1	0
1	0
1	0
1	0
1	0
1	0
1	0
1	0
1	0
1	0
2	2
6	6
8	0
8	8
4	0
4	4
11	0
11	11
1	1
13	13
3	0
3	3
3	0
1	0
9	9
13	13
9	9
8	0
8	8
13	13
3	5
16	11
11	0
11	11
1	0
1	0
2	0
1	0
3	3
16	0
16	16
13	13
13	0
1	0
16	0
16	0
16	0
1	0
1	0
16	0
16	0
1	0
16	0
16	0
8	0
1	0
16	0
1	0
8	0
16	0
16	0
11	0
3	0
3	0
1	0
1	0
1	0
1	0
1	0
12	0
12	0
12	0
12	0
12	0
12	16
12	6
1	0
1	0
1	0
1	0
1	1
8	0
8	0
8	0
8	0
8	8
13	13
12	6
12	0
8	0
8	0
8	0
8	0
8	0
8	0
8	0
8	8
13	13
12	6
12	0
8	0
8	0
8	0
8	0
8	0
8	8
13	13
12	6
8	0
8	0
8	0
8	0
8	8
16	2
6	6
12	0
8	0
8	8
13	13
16	0
2	2
6	6
8	0
8	0
8	0
8	8
13	13
13	0
1	0
12	0
5	0
5	3
3	0
12	6
12	0
8	0
8	8
13	13
13	0
1	0
1	0
1	0
1	0
16	0
8	0
1	0
1	0
1	0
1	0
8	0
8	0
16	0
8	0
1	0
1	0
1	0
1	0
8	0
8	0
8	0
8	0
1	0
1	0
1	0
16	0
8	0
1	0
1	0
1	0
8	0
8	0
8	0
8	0
8	0
1	0
1	0
3	0
16	0
3	0
12	0
1	0
8	0
8	0
8	0
1	0
1	0
1	0
1	0
1	0
12	0
2	2
12	6
8	0
1	0
8	0
8	0
8	0
8	8
16	0
16	0
16	16
3	11
17	0
12	10
12	0
12	0
12	16
13	13
17	14
17	6
17	0
8	0
8	8
17	6
12	0
12	8
1	0
1	0
17	0
17	0
16	16
13	13
13	0
17	0
1	0
1	0
1	0
17	0
1	0
17	0
1	0
12	0
17	0
8	0
1	0
12	0
1	0
1	0
16	0
16	0
16	0
1	0
8	0
3	0
16	0
3	0
3	0
12	0
12	0
12	0
3	3
16	0
11	6
8	0
8	0
8	0
8	8
2	0
2	2
8	0
8	8
13	13
13	0
1	0
1	0
16	0
8	0
16	0
8	0
16	0
16	0
16	0
16	0
16	0
8	0
16	0
16	0
16	0
16	0
1	0
8	0
8	0
8	0
8	0
16	0
1	0
8	0
8	0
16	0
8	0
16	0
16	0
16	0
1	0
8	0
16	0
16	0
16	0
16	0
16	0
8	0
16	0
16	0
16	0
1	0
8	0
8	0
8	0
1	0
12	0
3	0
1	2
8	0
8	0
8	8
4	0
4	0
4	16
11	11
11	0
11	11
2	2
8	0
8	8
13	13
13	0
1	0
1	0
16	0
16	0
16	0
16	0
16	0
1	0
16	0
16	0
16	0
16	0
16	0
16	0
1	0
1	0
8	0
16	0
16	0
16	0
8	0
16	0
1	0
16	0
16	0
16	0
16	0
1	0
1	0
1	0
1	0
1	0
1	0
16	0
16	0
3	0
3	0
3	0
1	0
1	0
1	0
1	0
1	0
1	0
11	11
11	0
11	4
3	0
2	11
1	0
3	3
1	1
1	0
17	0
17	10
1	0
1	0
16	16
13	13
13	0
1	0
1	0
1	0
1	0
1	0
1	0
1	0
1	0
1	0
1	0
1	0
1	0
1	0
1	0
1	0
17	0
1	0
16	0
16	0
1	0
1	0
1	0
1	0
1	0
1	0
1	0
1	0
1	0
1	0
3	0
3	0
1	0
1	0
1	0
1	0
1	0
1	0
1	0
1	0
1	0
17	0
1	0
1	0
12	0
11	11
16	0
4	0
16	4
12	0
12	0
8	8
3	0
2	14
1	6
8	0
8	8
1	0
1	0
16	16
13	13
13	0
1	0
1	0
8	0
16	0
16	0
16	0
1	0
3	0
1	0
8	0
8	0
3	0
1	0
1	0
8	0
1	0
8	0
16	0
16	0
8	0
8	0
8	0
8	0
8	0
16	0
8	0
8	0
1	0
3	0
16	0
16	0
16	0
16	0
1	0
8	0
8	0
3	0
1	0
1	0
8	0
1	0
8	0
12	0
8	0
8	0
12	0
12	1
12	0
12	0
12	8
13	13
13	0
1	0
1	0
1	0
1	0
16	0
8	0
1	0
16	0
16	0
16	0
12	0
8	0
16	0
8	0
1	0
16	0
16	0
8	0
8	0
8	0
1	0
8	0
1	0
8	0
1	0
8	0
8	0
1	0
1	0
1	0
8	0
8	0
8	0
1	0
8	0
1	0
16	0
8	0
8	0
8	0
12	0
16	0
8	0
16	0
8	0
1	0
1	0
1	0
1	0
8	0
1	0
5	0
5	5
1	0
11	0
16	0
3	3
1	0
1	0
16	0
16	1
4	0
11	4
11	11
1	0
4	0
1	0
4	10
13	13
13	0
1	0
1	0
1	0
1	0
16	0
16	0
1	0
1	0
1	0
1	0
16	0
16	0
1	0
1	0
1	0
1	0
1	0
16	0
16	0
16	0
1	0
1	0
1	0
1	0
16	0
16	0
1	0
1	0
16	0
1	0
1	0
1	0
1	0
1	0
16	0
16	0
1	0
1	0
1	0
1	0
1	0
6	6
8	0
8	8
4	0
11	4
3	10
1	0
1	0
1	1
13	13
13	0
1	0
1	0
1	0
1	0
1	0
1	0
1	0
1	0
1	0
1	0
1	0
1	0
1	0
1	0
1	0
1	0
1	0
1	0
1	0
1	0
1	0
1	0
1	0
1	0
1	0
1	0
1	0
1	0
1	0
1	0
1	0
1	0
1	0
1	0
1	0
1	0
8	0
8	0
1	0
1	0
3	0
1	0
1	0
1	0
1	0
1	0
1	0
1	0
12	0
8	11
16	0
16	16
3	6
1	0
1	0
1	0
8	0
1	8
16	0
4	0
4	0
4	10
13	13
13	0
8	0
8	0
1	0
1	0
8	0
16	0
8	0
8	0
1	0
1	0
1	0
1	0
1	0
1	0
1	0
16	0
16	0
16	0
16	0
16	0
16	0
16	0
16	0
1	0
1	0
16	0
16	0
1	0
8	0
1	0
1	0
8	0
8	0
1	0
1	0
1	0
1	0
1	0
8	0
16	0
16	0
4	0
4	0
16	0
12	0
5	0
5	5
8	0
12	0
12	16
12	3
12	0
4	0
16	0
16	3
2	10
13	13
13	0
8	0
8	0
8	0
8	0
8	0
8	0
8	0
12	0
16	0
8	0
8	0
8	0
12	0
8	0
12	0
12	0
16	0
3	0
3	0
8	0
8	0
1	0
8	0
8	0
8	0
1	0
8	0
8	0
8	0
16	0
3	0
8	0
1	0
8	0
1	0
8	0
8	0
12	0
12	0
16	0
16	0
3	0
3	0
8	0
8	0
1	0
13	0
11	11
16	0
16	0
16	16
8	11
13	13
13	0
1	0
1	0
16	0
8	0
8	0
8	0
8	0
16	0
16	0
8	0
8	0
8	0
8	0
8	0
8	0
16	0
16	0
8	0
8	0
8	0
8	0
8	0
8	0
8	0
8	0
1	0
8	0
16	0
16	0
16	0
8	0
8	0
8	0
1	0
8	0
8	0
16	0
16	0
16	0
16	0
16	0
16	0
8	0
8	0
8	0
1	0
8	0
1	0
16	0
16	0
8	0
16	0
12	0
11	11
16	0
16	0
16	0
16	16
1	6
8	0
12	0
12	0
8	8
3	0
2	10
5	5
16	16
3	0
2	2
8	0
12	0
12	0
12	0
8	0
8	12
2	0
3	10
1	0
17	0
17	0
17	0
17	1
17	10
12	0
12	0
12	0
12	8
1	0
17	16
13	13
13	0
1	0
3	0
1	0
1	0
3	0
16	0
1	0
1	0
17	0
16	0
16	0
1	0
1	0
17	0
1	0
17	0
1	0
1	0
1	0
1	0
3	0
12	0
3	0
3	14
11	11
3	0
1	2
3	0
3	0
1	0
1	0
3	8
16	0
1	0
16	16
6	6
8	0
8	8
8	0
11	2
2	0
6	6
8	0
8	0
8	0
8	8
17	0
17	0
12	16
13	13
11	0
11	4
1	0
17	0
17	0
17	11
17	0
17	0
17	3
13	13
13	0
17	0
1	0
1	0
1	0
1	0
16	0
16	0
1	0
16	0
16	0
3	0
1	0
17	0
1	0
1	0
1	0
1	0
3	0
16	0
1	0
13	0
13	13
11	0
11	0
3	0
16	0
16	16
3	3
2	3
1	6
8	0
8	8
13	13
13	13
16	0
16	0
16	0
16	0
16	16
11	11
13	13
13	0
3	0
16	0
16	0
16	0
12	0
3	0
3	0
8	0
1	0
1	0
8	0
8	0
3	0
16	0
16	0
16	0
16	0
12	0
3	0
3	0
3	0
3	0
1	0
8	0
8	0
1	0
1	0
1	0
16	0
16	0
8	0
8	0
1	0
1	0
1	0
8	0
8	0
16	0
12	0
12	0
12	3
16	0
16	0
16	16
12	6
12	0
12	0
12	0
12	0
12	0
12	12
17	0
2	2
8	0
8	8
13	13
3	0
3	0
16	0
16	16
12	6
17	0
17	0
17	0
17	0
17	1
13	13
8	0
8	8
13	13
13	13
13	0
1	0
1	0
8	0
1	0
8	0
16	0
16	0
1	0
8	0
3	0
12	0
12	0
16	0
1	0
8	0
16	0
8	0
16	0
1	0
12	0
12	0
12	0
12	0
12	0
12	0
1	0
13	0
5	0
5	5
16	0
11	0
16	0
16	0
16	16
11	0
11	11
5	11
1	0
3	0
3	0
3	0
3	3
13	13
13	0
1	0
1	0
16	0
8	0
1	0
8	0
1	0
16	0
16	0
16	0
3	0
1	0
8	0
8	0
1	0
1	0
1	0
8	0
8	0
1	0
1	0
1	0
8	0
1	0
8	0
8	0
1	0
1	0
1	0
16	0
16	0
16	0
16	0
16	0
16	0
3	0
1	0
8	0
1	0
1	0
1	0
1	0
12	0
3	0
11	0
3	0
1	0
3	8
16	0
16	0
16	16
11	0
11	11
2	2
2	0
2	6
8	0
8	0
8	8
1	0
1	3
1	6
12	0
12	0
12	8
5	5
3	0
4	0
4	0
12	3
1	6
12	0
12	8
13	13
13	0
1	0
1	0
1	0
8	0
1	0
1	0
1	0
1	0
1	0
1	0
8	0
8	0
3	0
1	0
1	0
1	0
1	0
8	0
3	0
3	0
16	0
11	0
3	0
3	0
2	0
1	0
1	0
12	0
6	0
6	6
8	12
8	0
16	0
16	0
4	16
3	0
2	0
2	3
3	0
16	0
16	16
13	13
14	11
17	0
17	0
1	4
3	0
1	0
1	0
1	0
1	0
1	1
16	0
16	3
13	13
13	0
1	0
8	0
8	0
1	0
16	0
16	0
1	0
1	0
1	0
16	0
16	0
1	0
1	0
1	0
1	0
1	0
1	0
1	0
8	0
8	0
8	0
8	0
16	0
8	0
3	0
3	0
8	0
8	0
1	0
1	0
16	0
12	0
17	0
17	5
12	6
12	0
12	0
12	0
12	0
12	0
12	12
3	0
3	16
2	0
2	11
8	11
1	0
12	1
13	13
11	14
8	0
2	0
2	2
12	0
11	0
9	11
2	0
2	2
2	0
2	6
12	0
12	0
8	0
12	8
2	0
2	2
12	0
8	8
16	0
12	0
16	0
16	11
5	0
3	16
1	0
1	0
1	1
12	0
12	0
11	4
13	13
13	0
1	0
1	0
1	0
8	0
16	0
16	0
1	0
1	0
1	0
12	0
5	0
3	3
4	0
4	0
16	16
11	11
1	6
8	0
8	8
13	13
13	0
1	0
1	0
8	0
8	0
8	0
1	0
1	0
1	0
3	0
1	0
8	0
8	0
8	0
8	0
3	0
1	0
8	0
1	0
8	0
8	0
8	0
1	0
1	0
8	0
8	0
8	0
1	0
3	0
1	0
1	0
1	0
8	0
8	0
8	0
1	0
3	0
8	0
8	0
11	0
11	0
1	0
8	0
8	0
8	0
8	0
1	0
1	0
1	0
12	0
5	0
5	3
8	0
8	0
8	2
5	6
12	0
12	0
8	8
17	0
9	2
1	6
8	0
8	8
16	0
17	0
16	4
17	0
12	11
12	0
12	0
17	0
16	11
13	13
5	5
2	0
2	2
1	0
6	0
1	0
1	0
1	1
8	0
8	0
8	8
16	0
16	16
12	11
1	0
1	3
17	0
17	0
17	11
13	13
13	0
1	0
8	0
16	0
8	0
1	0
1	0
8	0
8	0
8	0
16	0
16	0
1	0
1	0
8	0
12	0
12	12
12	0
12	0
12	12
8	0
8	0
8	0
8	8
2	0
2	0
2	2
6	0
6	6
8	12
8	0
12	2
17	6
12	0
8	0
8	0
12	0
12	0
8	0
8	12
13	13
9	9
13	13
8	6
8	0
8	0
8	0
8	0
8	8
8	0
8	0
12	12
12	0
12	0
12	0
12	0
12	12
12	0
16	0
16	0
16	16
2	0
2	2
8	12
13	13
13	0
1	0
1	0
1	0
8	0
2	0
2	0
2	0
8	0
8	0
12	0
8	6
8	0
8	8
8	0
8	0
8	0
8	8
3	2
1	0
12	0
12	0
1	3
12	0
11	2
8	0
8	0
12	0
8	0
8	0
8	0
8	12
16	0
17	0
16	4
2	2
11	0
11	0
6	6
8	0
8	8
2	2
8	0
8	0
8	0
8	12
13	13
13	0
1	0
8	0
8	0
16	0
8	0
16	0
8	0
1	0
8	0
1	0
8	0
1	0
16	0
16	0
16	0
16	0
1	0
1	0
1	0
1	0
1	0
1	0
13	0
4	0
11	4
3	0
6	11
1	0
3	0
3	0
3	0
3	3
5	6
8	8
8	0
2	0
2	2
6	6
8	0
8	0
8	0
8	0
8	0
8	0
8	8
13	13
13	0
1	0
8	0
1	0
1	0
1	0
1	0
8	0
1	0
8	0
8	0
8	0
1	0
1	0
1	0
8	0
8	0
8	0
8	0
8	0
16	0
1	0
8	0
16	0
16	0
16	0
8	0
8	0
8	0
1	0
3	0
1	0
8	0
1	0
2	0
2	0
11	0
6	0
6	6
1	0
1	0
8	8
8	0
8	0
8	0
8	0
8	0
8	12
16	0
16	16
11	0
11	11
3	0
3	3
3	0
3	3
1	0
12	10
13	13
13	0
1	0
1	0
1	0
1	0
1	0
1	0
1	0
8	0
3	0
16	0
11	0
16	0
1	0
1	0
1	0
3	0
1	0
1	0
12	0
12	0
1	0
1	0
1	0
1	0
1	0
1	0
1	0
1	0
1	0
1	0
1	0
8	0
8	0
3	0
16	0
11	0
1	0
6	11
1	0
8	0
8	16
1	3
4	0
4	0
4	10
1	0
1	0
1	1
13	13
13	0
1	0
1	0
8	0
8	0
1	0
16	0
16	0
1	0
16	0
1	0
8	0
16	0
16	0
16	0
16	0
4	0
16	0
1	0
16	0
16	0
1	0
1	0
1	0
1	0
1	0
1	0
16	0
16	0
16	0
16	0
1	0
1	0
1	0
1	0
1	0
16	0
16	0
16	0
16	0
4	0
4	0
1	0
1	0
16	0
16	0
1	0
12	0
9	9
8	0
6	6
8	12
16	0
16	0
16	16
3	6
1	1
8	0
8	0
12	12
12	0
12	0
12	0
12	0
12	12
13	13
13	0
1	0
1	0
1	0
8	0
8	0
8	0
8	0
3	0
3	0
3	0
1	0
1	0
17	0
1	0
1	0
12	0
12	0
1	0
8	0
1	0
1	0
1	0
1	0
1	0
8	0
8	0
8	0
1	0
8	0
1	0
8	0
8	0
3	0
3	0
1	0
1	0
1	0
17	0
2	0
1	0
12	0
8	6
12	0
12	0
12	12
16	0
16	0
16	16
5	6
13	13
8	0
8	0
8	0
8	0
8	8
13	13
1	0
2	0
16	0
16	0
16	16
13	13
13	0
1	0
1	0
1	0
16	0
16	0
16	0
16	0
1	0
1	0
8	0
8	0
8	0
8	0
16	0
1	0
1	0
12	0
1	0
16	0
16	0
8	0
1	0
1	0
16	0
16	0
12	0
12	0
16	0
16	0
16	0
16	0
16	0
1	0
1	0
8	0
8	0
8	0
12	0
5	6
8	0
8	0
8	0
8	8
2	0
2	2
8	12
4	0
11	4
1	0
1	0
1	0
1	16
13	13
13	0
1	0
1	0
1	0
1	0
1	0
8	0
1	0
1	0
1	0
1	0
1	0
8	0
8	0
8	0
1	0
1	0
1	0
1	0
1	0
1	0
1	0
1	0
1	0
1	0
8	0
8	0
8	0
1	0
1	0
1	0
1	0
1	0
8	0
8	0
8	0
16	0
8	0
8	0
1	0
1	0
1	0
1	0
1	0
13	0
13	13
1	16
13	13
12	0
12	0
12	12
13	13
11	0
11	11
4	4
3	3
6	6
8	0
8	0
8	0
8	8
2	0
2	2
8	0
8	8
13	13
13	13
16	0
16	0
12	0
12	16
12	6
12	0
12	12
12	0
12	0
8	0
8	12
2	2
2	6
8	0
12	0
12	0
8	0
8	0
8	0
8	0
8	0
8	8
13	13
13	13
11	11
3	0
3	0
3	16
2	0
2	2
1	6
8	0
1	0
8	8
5	6
8	0
13	0
12	0
12	6
16	13
12	0
12	0
12	0
12	0
12	8
12	13
17	0
12	16
17	0
12	11
12	3
17	0
12	0
12	10
17	0
17	0
17	0
1	16
13	13
11	11
17	0
17	0
17	16
17	11
17	0
12	10
13	13
13	0
17	0
12	0
12	0
17	0
17	0
17	0
12	0
17	0
17	0
17	0
17	0
1	0
1	0
17	0
17	0
17	0
17	0
16	0
1	0
12	0
12	0
12	0
12	0
17	0
17	0
12	0
12	0
12	0
17	0
13	0
8	0
1	16
11	0
11	11
16	0
4	0
4	10
2	0
1	0
16	16
13	13
13	13
13	0
1	0
8	0
8	0
8	0
1	0
16	0
8	0
8	0
8	0
8	0
8	0
8	0
16	0
8	0
8	0
8	0
16	0
8	0
8	0
1	0
1	0
8	0
8	0
16	0
8	0
1	0
16	0
8	0
4	0
8	0
16	0
8	0
8	0
16	0
8	0
8	0
8	0
8	0
8	0
8	0
1	0
16	0
16	0
1	0
1	0
1	0
13	0
13	13
11	0
3	16
16	0
11	11
16	0
11	11
3	3
1	0
3	3
13	13
13	13
16	16
11	0
6	6
8	12
5	5
16	0
16	16
1	0
2	2
6	6
8	0
8	0
8	0
8	8
13	13
13	0
8	0
1	0
1	0
8	0
8	0
1	0
1	0
8	0
8	0
8	0
16	0
8	0
1	0
3	0
1	0
8	0
8	0
8	0
1	0
16	0
16	0
16	0
16	0
8	0
8	0
1	0
1	0
1	0
16	0
1	0
1	0
13	0
13	13
4	0
4	4
12	0
12	11
3	0
3	0
2	0
1	0
1	0
1	0
1	0
1	1
13	13
13	13
13	0
13	0
8	0
8	0
1	0
13	0
8	0
13	0
16	0
8	0
8	0
1	0
1	0
1	0
1	0
1	0
1	0
1	0
16	0
1	0
13	0
1	0
1	0
8	0
1	0
1	0
1	0
1	0
8	0
8	0
8	0
1	0
16	0
16	0
16	0
8	0
1	0
1	0
1	0
1	0
1	0
1	0
1	0
16	0
13	0
3	0
12	0
12	0
16	0
16	16
11	11
13	13
14	3
3	0
2	3
11	11
3	0
11	0
6	6
8	0
8	8
12	0
12	16
16	0
16	0
16	16
13	13
13	13
3	0
11	11
11	0
11	4
1	6
8	0
12	0
12	0
12	1
12	0
8	8
13	13
13	0
8	0
8	0
1	0
16	0
16	0
16	0
16	0
16	0
1	0
16	0
1	0
3	0
8	0
12	0
1	0
1	0
1	0
8	0
3	0
8	0
3	0
3	0
1	0
13	0
13	13
11	11
16	0
16	0
17	0
16	16
16	11
1	0
1	0
1	1
13	13
13	0
16	0
16	0
16	0
16	0
16	0
16	0
16	0
16	0
16	0
16	0
16	0
16	0
16	0
16	0
16	0
16	0
16	0
16	0
1	0
16	0
13	0
16	0
16	0
16	0
1	0
13	0
16	0
3	0
16	0
1	0
1	0
1	0
16	0
16	0
16	0
16	0
16	0
16	0
16	0
16	0
1	0
1	0
16	0
1	0
1	0
1	0
16	0
12	0
17	0
12	11
1	0
1	0
1	0
1	0
1	0
16	16
13	13
13	0
1	0
8	0
8	0
8	0
8	0
8	0
8	0
1	0
8	0
8	0
8	0
8	0
8	0
8	0
8	0
1	0
8	0
8	0
8	0
8	0
8	0
8	0
8	0
8	0
8	0
12	0
1	0
8	0
1	0
8	0
8	0
8	0
8	0
8	0
8	0
8	0
8	0
8	0
8	0
1	0
1	0
1	0
8	0
8	0
8	0
1	0
8	0
8	0
8	0
13	0
13	13
17	0
17	0
17	16
17	11
13	13
13	13
16	0
16	0
17	0
16	16
11	11
5	5
1	0
1	0
16	0
1	16
2	0
2	2
1	6
8	0
8	0
8	8
13	13
13	0
8	0
1	0
1	0
16	0
16	0
16	0
1	0
1	0
16	0
1	0
16	0
16	0
1	0
2	0
1	0
1	0
1	0
16	0
8	0
1	0
8	0
1	0
17	0
17	0
17	0
8	0
3	0
16	0
16	0
16	0
16	0
16	0
1	0
1	0
12	0
12	6
12	0
12	0
12	8
12	0
12	0
12	0
16	0
16	16
3	0
2	2
6	0
1	6
8	0
8	0
8	12
12	0
12	0
12	0
12	0
12	12
17	2
17	6
8	0
8	0
8	0
8	0
8	0
8	0
8	0
13	0
8	0
17	0
1	0
3	12
13	13
13	0
1	0
1	0
1	0
12	0
12	0
17	0
1	0
1	0
1	0
1	0
12	0
1	0
8	0
1	0
3	0
8	0
8	0
3	0
3	0
1	0
1	0
1	0
13	0
6	6
8	0
8	8
3	2
2	6
8	0
8	0
8	8
16	0
16	0
17	0
16	16
2	0
2	11
8	0
8	0
8	0
8	11
13	13
13	0
1	0
1	0
8	0
8	0
8	0
8	0
16	0
16	0
16	0
16	0
16	0
16	0
2	0
16	0
8	0
8	0
8	0
8	0
8	0
16	0
1	0
8	0
1	0
16	0
8	0
16	0
1	0
1	0
16	0
16	0
16	0
1	0
8	0
16	0
16	0
16	0
16	0
2	0
1	0
13	0
6	6
8	0
8	8
2	2
2	6
8	0
8	0
8	0
8	0
8	8
16	0
16	3
13	13
13	0
1	0
16	0
16	0
16	0
16	0
8	0
16	0
16	0
16	0
16	0
16	0
16	0
1	0
8	0
8	0
8	0
16	0
8	0
16	0
1	0
1	0
16	0
16	0
1	0
16	0
1	0
8	0
16	0
8	0
16	0
16	0
16	0
1	0
8	0
16	0
16	0
1	0
1	0
8	0
8	0
8	0
8	0
8	0
1	0
16	0
13	0
13	13
1	0
4	0
4	0
4	16
3	11
16	0
4	0
4	10
3	0
3	2
8	0
8	0
17	0
2	11
12	0
12	16
13	13
13	13
13	0
16	0
17	0
12	0
12	0
8	0
12	0
16	0
16	0
16	0
16	0
1	0
8	0
8	0
17	0
17	0
12	0
12	0
8	0
12	0
8	0
16	0
16	0
12	0
12	0
12	0
12	0
1	0
16	0
16	0
16	0
16	0
16	0
16	0
16	0
16	0
16	0
8	0
8	0
17	0
12	0
16	0
16	0
17	0
16	16
17	6
12	8
12	0
12	0
12	0
12	0
12	12
13	13
13	13
14	0
11	11
16	0
3	16
16	0
4	0
4	10
3	0
2	2
6	6
8	0
8	8
13	13
14	0
11	11
3	0
1	0
4	0
2	4
1	0
3	0
16	16
13	13
13	13
13	0
1	0
16	0
16	0
16	0
16	0
1	0
8	0
16	0
16	0
16	0
16	0
16	0
1	0
8	0
8	0
16	0
1	0
1	0
1	0
16	0
16	0
13	0
13	13
11	2
4	0
4	0
1	11
13	13
13	13
13	0
16	0
16	0
8	0
16	0
16	0
16	0
8	0
16	0
1	0
1	0
1	0
16	0
16	0
16	0
16	0
16	0
1	0
1	0
1	0
16	0
16	0
16	0
8	0
16	0
16	0
16	0
16	0
16	0
16	0
1	0
1	0
1	0
16	0
1	0
16	0
8	0
16	0
1	0
1	0
8	0
16	0
1	0
1	0
1	0
16	0
16	0
16	0
8	0
16	0
8	0
1	0
13	0
13	13
11	11
17	0
4	0
17	0
17	16
8	11
16	0
4	0
4	0
4	10
13	13
13	0
1	0
8	0
16	0
16	0
1	0
1	0
1	0
16	0
16	0
16	0
17	0
16	0
16	0
16	0
1	0
16	0
16	0
16	0
16	0
16	0
1	0
1	0
1	0
1	0
16	0
1	0
8	0
16	0
16	0
16	0
16	0
16	0
1	0
1	0
1	0
1	0
17	0
17	0
1	0
16	0
16	0
1	0
16	0
16	0
1	0
1	0
12	0
12	0
12	0
12	10
12	0
12	0
12	1
13	13
13	0
1	0
12	0
1	0
1	0
1	0
1	0
1	0
1	0
1	0
1	0
1	0
1	0
1	0
1	0
1	0
12	0
12	0
12	0
12	0
12	0
12	0
12	0
1	0
1	0
1	0
1	0
1	0
1	0
12	0
12	0
12	0
12	0
8	0
1	0
1	0
1	0
1	0
1	0
1	0
12	0
1	0
12	0
12	0
12	0
12	0
1	0
1	0
1	0
1	0
1	0
1	0
12	0
8	11
17	0
17	0
17	0
17	16
8	0
8	0
8	0
8	8
16	0
11	2
6	6
8	0
8	0
8	0
8	0
8	0
8	0
8	12
16	0
12	0
9	4
13	13
13	0
1	0
1	0
1	0
16	0
16	0
16	0
16	0
16	0
1	0
1	0
8	0
8	0
16	0
16	0
16	0
16	0
16	0
12	0
12	0
16	0
12	0
16	0
16	0
17	0
17	0
17	0
16	0
8	0
8	0
16	0
16	0
16	0
16	0
1	0
1	0
12	0
3	11
17	0
17	0
17	0
17	4
8	0
12	0
12	6
8	0
8	8
1	0
12	0
2	0
16	0
16	0
16	16
13	13
13	0
1	0
1	0
8	0
16	0
16	0
16	0
16	0
17	0
16	0
8	0
16	0
16	0
8	0
16	0
16	0
16	0
16	0
16	0
16	0
16	0
16	0
1	0
1	0
16	0
16	0
16	0
1	0
1	0
1	0
17	0
17	0
17	0
17	0
8	0
16	0
16	0
8	0
1	0
16	0
16	0
16	0
12	0
8	11
2	2
11	0
11	11
16	0
16	0
16	16
11	0
11	3
16	3
11	0
11	11
3	0
3	0
3	3
13	13
14	0
4	0
14	3
1	11
17	16
17	10
1	0
1	0
16	0
16	16
13	13
13	0
1	0
8	0
3	0
3	0
3	0
1	0
1	0
1	0
1	0
16	0
4	0
16	0
1	0
17	0
1	0
1	0
1	0
16	0
1	0
8	0
11	0
11	0
8	0
8	0
3	0
8	0
3	0
3	0
3	0
3	0
3	0
11	0
5	0
5	5
3	0
16	0
16	16
13	13
2	14
16	11
4	0
6	3
1	0
1	0
1	0
1	16
13	13
13	0
1	0
1	0
1	0
1	0
1	0
1	0
1	0
1	0
1	0
1	0
8	0
3	0
16	0
1	0
1	0
1	0
1	0
1	0
16	0
1	0
1	0
1	0
1	0
1	0
1	0
1	0
1	0
1	0
1	0
1	0
1	0
3	0
8	0
1	0
8	0
3	0
16	0
8	0
1	0
1	0
1	0
1	0
1	0
13	0
12	0
12	0
12	0
12	3
3	2
2	6
8	0
8	0
8	8
13	13
16	0
2	2
8	0
8	0
8	8
13	13
13	0
1	0
1	0
8	0
8	0
16	0
16	0
16	0
16	0
16	0
16	0
1	0
1	0
1	0
16	0
16	0
1	0
8	0
8	0
16	0
16	0
16	0
1	0
8	0
8	0
16	0
16	0
16	0
1	0
16	0
16	0
16	0
16	0
16	0
16	0
8	0
8	0
8	0
8	0
16	0
16	0
1	0
1	0
13	0
3	2
8	0
8	0
8	0
8	0
8	0
8	0
8	0
8	12
13	13
13	0
1	0
1	0
1	0
8	0
1	0
1	0
1	0
1	0
1	0
1	0
8	0
8	0
1	0
1	0
1	0
1	0
8	0
8	0
8	0
8	0
12	0
1	0
1	0
1	0
8	0
1	0
1	0
1	0
8	0
8	0
8	0
8	0
8	0
1	0
1	0
1	0
1	0
8	0
8	0
8	0
8	0
8	0
8	0
8	0
8	0
1	0
1	0
1	0
13	0
12	13
11	11
16	0
1	0
1	0
1	0
16	0
16	16
13	13
13	0
1	0
1	0
1	0
1	0
1	0
1	0
1	0
1	0
1	0
1	0
1	0
1	0
1	0
1	0
1	0
1	0
16	0
1	0
1	0
1	0
8	0
1	0
1	0
1	0
1	0
1	0
1	0
1	0
1	0
1	0
1	0
1	0
1	0
1	0
1	0
16	0
1	0
1	0
1	0
1	0
1	0
1	0
1	0
1	0
8	0
1	0
1	0
1	0
1	0
13	0
13	13
11	0
11	11
3	16
3	0
11	11
1	0
4	0
16	10
17	0
2	10
13	13
13	0
1	0
8	0
16	0
8	0
8	0
1	0
8	0
1	0
1	0
16	0
16	0
8	0
16	0
8	0
1	0
1	0
17	0
17	0
17	0
8	0
1	0
16	0
16	0
17	0
8	0
1	0
8	0
8	0
1	0
16	0
8	0
16	0
16	0
16	0
16	0
16	0
16	0
16	0
8	0
1	0
1	0
17	0
17	0
17	0
8	0
1	0
11	0
11	0
11	11
4	0
4	0
16	0
16	16
16	0
4	0
4	10
13	13
11	11
11	11
4	0
4	0
4	0
4	16
13	13
13	0
1	0
16	0
16	0
16	0
16	0
16	0
1	0
16	0
16	0
16	0
16	0
16	0
16	0
1	0
16	0
16	0
16	0
16	0
16	0
1	0
16	0
16	0
16	0
16	0
16	0
16	0
16	0
14	0
16	0
16	0
16	0
16	0
16	0
16	0
16	0
16	0
16	0
16	0
1	0
16	0
16	0
12	0
3	11
17	0
1	0
1	16
17	6
3	0
3	0
1	1
8	0
8	8
17	0
17	10
13	13
5	5
1	0
1	0
1	0
1	0
1	0
1	16
1	0
1	0
1	0
1	0
1	0
1	0
16	1
13	13
13	0
1	0
1	0
16	0
1	0
1	0
1	0
1	0
16	0
16	0
1	0
1	0
1	0
1	0
1	0
1	0
1	0
1	0
1	0
1	0
16	0
16	0
8	0
8	0
1	0
1	0
8	0
17	0
1	0
1	0
1	0
13	0
2	2
12	0
12	0
1	0
1	6
8	0
8	8
13	13
13	0
1	0
1	0
1	0
8	0
8	0
12	0
1	0
1	0
1	0
1	0
8	0
8	0
16	0
8	0
1	0
1	0
1	0
12	0
8	0
8	0
16	0
8	0
1	0
8	0
8	0
12	0
12	0
1	0
1	0
1	0
1	0
8	0
8	0
8	0
8	0
1	0
1	0
12	0
12	0
12	0
1	0
1	0
1	0
8	0
8	0
8	0
1	0
1	0
1	0
1	0
12	0
17	0
5	5
17	0
17	11
17	0
17	0
17	0
17	4
17	0
8	8
13	13
13	0
17	0
17	0
8	0
8	0
1	0
8	0
17	0
17	0
17	0
1	0
17	0
8	0
8	0
17	0
17	0
17	0
17	0
8	0
8	0
8	0
1	0
17	0
8	0
8	0
8	0
1	0
8	0
17	0
17	0
17	0
1	0
8	0
8	0
1	0
17	0
8	0
17	0
17	0
8	0
17	0
17	0
1	0
8	0
16	0
8	0
1	0
17	0
13	0
8	0
8	0
8	8
5	5
8	0
8	0
8	0
8	0
8	8
13	13
13	0
1	0
1	0
8	0
8	0
16	0
8	0
1	0
8	0
8	0
8	0
8	0
8	0
16	0
8	0
16	0
8	0
8	0
8	0
16	0
16	0
8	0
8	0
8	0
8	0
8	0
8	0
8	0
1	0
8	0
8	0
8	0
8	0
8	0
8	0
1	0
8	0
8	0
8	0
8	0
1	0
8	0
8	0
16	0
16	0
8	0
1	0
1	0
1	0
13	0
1	0
4	0
4	16
3	11
3	0
17	0
17	0
17	0
1	3
16	0
4	0
4	10
1	0
1	0
1	0
1	16
13	13
13	0
1	0
1	0
1	0
1	0
1	0
16	0
1	0
3	0
1	0
1	0
1	0
16	0
16	0
16	0
1	0
1	0
1	0
1	0
16	0
1	0
1	0
1	0
1	0
1	0
16	0
16	0
1	0
16	0
16	0
16	0
1	0
1	0
1	0
1	0
1	0
1	0
16	0
16	0
16	0
1	0
1	0
13	0
13	13
11	11
16	0
1	0
1	0
1	0
16	16
13	13
3	11
11	0
11	11
1	0
1	0
1	0
1	0
1	0
16	0
16	16
13	13
13	0
1	0
16	0
1	0
16	0
16	0
16	0
1	0
1	0
16	0
1	0
1	0
8	0
1	0
1	0
1	0
1	0
1	0
16	0
16	0
16	0
16	0
16	0
16	0
16	0
16	0
16	0
1	0
1	0
1	0
1	0
16	0
16	0
8	0
8	0
1	0
8	0
8	0
1	0
1	0
13	0
11	0
11	4
17	0
11	6
17	0
12	9
17	2
17	0
12	6
8	0
8	0
8	0
8	0
8	0
8	8
13	13
3	11
2	2
8	0
8	0
8	8
3	0
2	2
8	0
8	0
8	8
1	0
1	0
1	0
1	0
1	16
13	13
13	0
16	0
16	0
16	0
1	0
16	0
1	0
1	0
1	0
8	0
1	0
1	0
8	0
1	0
1	0
16	0
16	0
16	0
16	0
17	0
1	0
1	0
1	0
1	0
1	0
1	0
1	0
3	0
3	0
3	11
3	0
3	3
3	2
3	0
2	0
1	0
1	0
1	1
3	2
3	0
1	0
1	1
1	0
1	0
1	0
1	0
1	16
13	13
3	3
17	0
17	0
12	11
17	0
17	0
17	0
12	1
13	13
13	0
1	0
1	0
1	0
1	0
8	0
1	0
1	0
1	0
17	0
17	0
1	0
1	0
1	0
17	0
12	0
17	0
17	0
16	0
1	0
1	0
1	0
1	0
1	0
1	0
1	0
1	0
1	0
1	0
1	0
13	0
3	0
3	14
11	11
16	0
11	11
1	0
1	3
1	0
2	0
16	0
16	0
1	0
16	16
13	13
14	0
16	14
12	0
12	0
8	8
13	13
8	0
8	0
8	8
8	0
5	5
8	0
8	0
8	0
8	8
16	0
17	0
16	4
13	13
13	0
3	0
16	0
16	0
1	0
16	0
16	0
1	0
16	0
16	0
8	0
16	0
1	0
16	0
16	0
16	0
16	0
16	0
1	0
1	0
1	0
1	0
1	0
16	0
16	0
16	0
13	0
11	11
4	0
11	4
1	0
1	0
1	3
13	13
13	0
1	0
16	0
1	0
1	0
1	0
3	0
16	0
1	0
1	0
1	0
1	0
1	0
1	0
1	0
1	0
1	0
1	0
1	0
16	0
1	0
13	0
16	0
1	0
1	0
1	0
1	0
1	0
1	0
1	0
1	0
16	0
1	0
1	0
1	0
1	0
1	0
1	0
1	0
1	0
11	0
11	0
1	0
1	0
1	0
1	0
1	0
1	0
1	0
1	0
1	0
1	0
3	0
3	6
1	0
1	0
1	1
8	0
8	0
8	0
13	0
16	0
8	0
8	8
2	0
2	2
8	8
13	13
13	0
1	0
1	0
1	0
8	0
8	0
8	0
8	0
1	0
1	0
16	0
8	0
8	0
8	0
8	0
8	0
1	0
1	0
8	0
8	0
8	0
8	0
1	0
1	0
8	0
8	0
8	0
8	0
8	0
1	0
1	0
8	0
1	0
16	0
1	0
1	0
8	0
8	0
8	0
8	0
8	0
1	0
1	0
1	0
12	0
17	6
12	8
12	0
12	0
12	0
12	0
12	12
16	0
4	0
4	0
4	16
1	0
1	0
1	0
1	0
1	0
16	1
13	13
5	0
5	5
16	0
11	0
4	10
1	0
1	0
1	0
16	1
13	13
13	0
8	0
8	0
8	0
16	0
16	0
1	0
1	0
16	0
16	0
8	0
16	0
16	0
16	0
16	0
1	0
16	0
1	0
12	0
12	0
12	0
12	0
8	0
8	0
8	0
8	0
16	0
8	0
1	0
1	0
1	0
12	0
11	11
16	0
12	0
12	0
12	16
13	13
16	0
16	0
17	0
16	16
17	0
6	6
8	12
13	13
13	0
1	0
1	0
8	0
8	0
8	0
16	0
1	0
16	0
16	0
16	0
8	0
16	0
16	0
16	0
16	0
16	0
1	0
8	0
8	0
8	0
8	0
16	0
16	0
1	0
8	0
1	0
1	0
1	0
16	0
16	0
16	0
16	0
16	0
16	0
1	0
1	0
16	0
16	0
16	0
8	0
2	0
1	0
8	0
8	0
13	0
13	13
17	0
16	0
16	0
16	16
11	11
3	0
2	2
8	0
12	0
12	0
8	8
13	13
11	0
11	0
11	11
4	0
11	4
1	2
6	6
8	0
8	0
8	0
8	0
8	0
8	0
8	0
8	0
8	12
13	13
14	0
11	3
1	16
17	11
17	0
11	0
3	3
16	0
4	10
13	13
13	0
1	0
1	0
16	0
1	0
1	0
1	0
1	0
16	0
16	0
16	0
16	0
1	0
1	0
1	0
1	0
1	0
16	0
3	0
12	0
5	0
5	5
3	0
3	0
3	0
16	0
16	16
3	11
16	2
12	6
12	0
8	8
2	0
2	10
13	13
13	0
1	0
1	0
16	0
16	0
16	0
16	0
16	0
16	0
1	0
1	0
16	0
16	0
16	0
16	0
12	0
12	0
1	0
16	0
16	0
16	0
1	0
16	0
16	0
16	0
16	0
16	0
16	0
1	0
1	0
16	0
16	0
16	0
3	0
3	0
1	0
16	0
16	0
16	0
12	0
12	0
12	0
1	0
16	0
13	0
12	13
12	0
9	6
8	0
8	0
8	0
8	8
16	0
16	0
16	4
11	0
11	11
1	0
1	0
1	0
1	16
13	13
13	0
1	0
1	0
8	0
16	0
8	0
8	0
1	0
1	0
1	0
8	0
16	0
16	0
3	0
12	0
8	0
1	0
1	0
1	0
8	0
8	0
1	0
3	0
1	0
8	0
16	0
8	0
8	0
1	0
1	0
1	0
1	0
1	0
8	0
3	0
16	0
16	0
16	0
12	0
12	0
12	0
1	0
12	0
11	11
16	16
1	0
1	0
1	0
1	0
3	3
5	6
1	0
2	0
1	0
1	0
1	0
1	1
8	0
12	0
12	0
8	0
8	8
13	13
13	0
1	0
1	0
1	0
1	0
1	0
8	0
1	0
1	0
1	0
1	0
1	0
1	0
1	0
1	0
1	0
1	0
1	0
1	0
8	0
8	0
8	0
1	0
1	0
1	0
8	0
8	0
8	0
8	0
1	0
1	0
1	0
1	0
1	0
1	0
1	0
1	0
1	0
1	0
12	0
6	6
8	0
8	0
8	0
8	0
8	0
8	8
3	0
16	0
16	0
16	0
16	16
11	0
11	11
2	10
3	0
2	2
1	0
1	0
1	0
1	1
8	0
8	0
8	8
13	13
5	5
1	6
8	0
8	0
8	0
8	0
8	8
1	0
1	0
1	0
1	0
1	3
3	0
3	0
16	16
11	11
3	2
6	6
12	0
8	0
8	0
8	0
8	0
8	0
8	0
8	0
8	12
2	2
5	6
1	0
1	0
9	0
1	0
13	0
13	0
13	13
8	11
17	0
17	0
17	0
17	4
17	0
17	0
16	0
16	16
2	0
17	0
2	3
13	13
13	13
16	0
16	0
16	0
16	16
11	0
6	6
8	12
5	5
16	0
16	0
16	16
11	0
11	11
2	10
13	13
13	0
1	0
16	0
1	0
3	0
8	0
16	0
16	0
16	0
16	0
16	0
8	0
8	0
16	0
16	0
16	0
16	0
8	0
17	0
17	0
17	0
17	0
8	0
1	0
1	0
1	0
1	0
1	0
1	0
13	0
11	11
3	0
16	0
17	0
2	0
16	4
11	0
12	11
17	0
12	0
9	4
13	13
1	0
1	0
1	0
1	0
1	0
1	0
1	0
1	0
3	1
13	13
13	0
1	0
16	0
16	0
16	0
16	0
12	0
12	0
12	0
1	0
1	0
1	0
1	0
12	0
1	0
1	0
1	0
1	0
1	0
1	0
1	0
16	0
1	0
1	0
16	0
3	0
16	0
16	0
16	0
17	0
8	0
12	0
12	0
12	0
12	0
1	0
1	0
13	0
3	0
12	0
12	0
12	0
12	0
12	1
13	13
13	0
1	0
1	0
8	0
8	0
1	0
1	0
1	0
1	0
1	0
1	0
8	0
8	0
1	0
1	0
1	0
1	0
12	0
1	0
8	0
8	0
1	0
1	0
8	0
8	0
8	0
8	0
1	0
1	0
1	0
12	0
8	0
8	0
1	0
1	0
1	0
8	0
8	0
8	0
1	0
1	0
12	0
12	0
8	0
8	0
1	0
1	0
1	0
8	0
1	0
8	0
8	0
12	0
2	2
8	0
1	6
1	0
16	0
1	1
8	0
8	0
8	0
8	0
8	0
8	0
8	8
13	13
14	0
14	6
1	0
1	0
1	1
1	0
1	0
1	0
1	1
8	0
8	0
8	8
3	0
12	0
12	0
2	0
16	4
17	0
9	11
12	0
11	6
8	0
8	0
8	0
8	0
8	0
8	8
3	0
1	0
1	0
1	16
16	4
13	13
13	0
8	0
8	0
8	0
8	0
12	0
1	0
1	0
16	0
8	0
8	0
8	0
12	0
5	0
3	3
1	0
11	3
17	0
9	0
17	0
17	0
17	0
1	1
13	13
13	0
3	0
1	0
8	0
8	0
8	0
8	0
1	0
1	0
8	0
1	0
8	0
8	0
8	0
8	0
1	0
1	0
1	0
8	0
8	0
8	0
1	0
3	0
8	0
8	0
8	0
8	0
8	0
1	0
1	0
8	0
8	0
8	0
8	0
16	0
3	0
8	0
8	0
8	0
8	0
17	0
1	0
1	0
8	0
8	0
8	0
1	0
3	0
13	0
5	0
5	5
1	0
11	3
2	3
17	0
12	0
17	0
12	3
13	13
13	0
1	0
16	0
1	0
1	0
1	0
1	0
1	0
1	0
1	0
1	0
1	0
12	0
1	0
8	0
8	0
1	0
1	0
17	0
1	0
12	0
1	0
16	0
16	0
16	0
1	0
1	0
1	0
8	0
1	0
1	0
1	0
1	0
1	0
1	0
16	0
16	0
16	0
1	0
1	0
1	0
1	0
1	0
1	0
1	0
12	0
1	0
1	0
1	0
12	0
2	2
8	0
1	6
8	0
8	0
8	8
1	13
1	0
1	17
8	13
16	16
17	0
12	11
12	6
12	0
8	0
8	0
8	8
8	0
12	0
2	10
13	13
13	0
1	0
8	0
1	0
8	0
8	0
1	0
8	0
8	0
17	0
12	0
1	0
8	0
1	0
8	0
8	0
8	0
8	0
1	0
8	0
8	0
8	0
8	0
1	0
1	0
8	0
1	0
1	0
8	0
1	0
1	0
1	0
8	0
8	0
17	0
12	0
12	0
12	0
11	11
4	0
4	0
4	0
16	0
16	16
1	1
1	0
1	0
1	1
13	13
13	0
8	0
1	0
1	0
1	0
1	0
1	0
8	0
1	0
1	0
1	0
1	0
1	0
1	0
1	0
8	0
1	0
1	0
1	0
1	0
1	0
1	0
1	0
1	0
1	0
1	0
1	0
1	0
1	0
1	0
1	0
1	0
1	0
1	0
8	0
8	0
3	0
1	0
1	0
1	0
1	0
1	0
1	0
1	0
1	0
1	0
1	0
3	0
12	0
6	2
8	0
8	0
8	0
8	0
8	0
8	0
8	8
4	0
11	4
3	0
12	0
1	3
2	3
8	6
1	0
1	0
16	8
13	13
3	11
17	0
12	11
17	0
17	0
17	0
12	16
13	13
13	0
1	0
3	0
1	0
1	0
1	0
1	0
1	0
8	0
17	0
1	0
1	0
16	0
16	0
17	0
1	0
17	0
17	0
1	0
1	0
1	0
1	0
1	0
8	0
1	0
8	0
16	0
16	0
1	0
1	0
12	0
1	0
13	0
13	13
3	11
1	0
1	0
1	0
1	16
1	0
1	0
16	0
16	16
13	13
11	0
8	8
16	12
13	13
14	0
11	14
8	11
12	6
12	0
12	0
12	0
8	8
16	0
16	0
16	16
4	4
13	13
1	3
13	13
13	0
1	0
1	0
16	0
16	0
16	0
16	0
1	0
16	0
12	0
12	0
12	0
12	0
16	0
8	0
8	0
8	0
8	0
1	0
1	0
1	0
1	0
1	0
1	0
16	0
1	0
1	0
1	0
16	0
11	0
5	0
5	5
3	11
4	0
11	4
1	0
3	0
1	0
1	0
1	0
16	1
13	13
3	11
16	0
16	0
11	0
1	16
3	0
6	11
8	11
1	0
16	0
16	0
16	16
13	13
13	0
1	0
8	0
1	0
16	0
16	0
1	0
1	0
1	0
1	0
16	0
16	0
1	0
1	0
1	0
8	0
1	0
1	0
16	0
16	0
16	0
1	0
16	0
3	0
8	0
1	0
1	0
1	0
1	0
1	0
1	0
1	0
1	0
1	0
13	0
13	13
11	11
1	0
1	0
1	0
1	0
16	0
16	0
16	16
17	0
2	10
13	13
17	6
3	0
3	0
6	1
8	0
8	0
8	8
13	13
13	0
1	0
1	0
1	0
1	0
1	0
16	0
16	0
8	0
17	0
1	0
12	0
3	0
16	0
1	0
1	0
1	0
1	0
8	0
16	0
16	0
1	0
1	0
1	0
8	0
8	0
16	0
3	0
3	0
1	0
1	0
16	0
16	0
1	0
17	0
1	0
12	0
3	0
3	0
13	0
13	13
1	0
16	0
16	0
16	16
11	11
11	0
11	11
13	13
11	11
1	0
1	0
16	16
4	0
11	4
13	13
13	0
1	0
1	0
1	0
1	0
1	0
1	0
1	0
16	0
16	0
16	0
1	0
1	0
1	0
1	0
1	0
1	0
1	0
1	0
1	0
1	0
1	0
16	0
1	0
1	0
1	0
1	0
1	0
1	0
1	0
16	0
1	0
16	0
16	0
16	0
3	0
1	0
1	0
1	0
1	0
1	0
1	0
1	0
13	0
13	13
13	13
3	2
1	0
1	0
1	1
8	0
8	0
8	8
13	13
4	4
3	11
17	0
2	2
9	0
9	9
17	10
17	0
16	0
16	16
13	13
5	5
3	0
6	6
8	0
8	0
8	8
13	13
4	0
4	4
11	0
11	0
11	11
1	0
1	0
1	0
2	0
16	0
16	16
13	13
4	0
4	4
1	0
1	0
1	0
1	16
12	6
17	0
8	8
17	0
11	0
17	3
17	0
17	0
1	1
16	0
16	16
13	13
13	0
11	0
17	0
11	11
17	16
17	0
17	0
17	3
17	10
17	0
17	0
17	16
13	13
11	11
1	0
1	0
16	16
4	0
11	4
13	13
14	14
16	0
11	0
11	0
11	16
3	11
9	9
17	0
17	0
12	1
17	0
8	8
13	13
11	11
2	0
2	2
1	6
1	0
8	8
16	0
16	0
16	0
4	0
4	16
13	13
13	0
1	0
16	0
16	0
17	0
16	0
17	0
17	0
17	0
17	0
17	0
1	0
1	0
1	0
17	0
1	0
12	0
3	11
16	0
11	0
17	0
16	0
16	16
11	11
13	13
16	0
14	0
16	0
16	16
17	0
9	2
11	11
3	0
2	0
2	10
13	13
2	0
2	3
8	11
3	0
3	3
1	0
12	16
16	0
6	0
6	0
1	0
11	16
5	5
3	0
3	0
16	0
16	16
11	11
1	0
2	2
12	0
12	8
13	13
13	0
1	0
3	0
1	0
1	0
16	0
16	0
16	0
16	0
3	0
1	0
3	0
16	0
16	0
16	0
1	0
3	0
12	0
8	11
17	0
4	0
16	4
17	0
6	11
17	0
17	3
1	6
1	0
1	0
1	0
1	8
1	0
2	0
1	0
1	0
1	0
8	16
13	13
13	0
1	0
8	0
1	0
8	0
16	0
8	0
8	0
16	0
1	0
1	0
1	0
1	0
1	0
1	0
1	0
1	0
1	0
1	0
8	0
8	0
1	0
1	0
8	0
1	0
8	0
8	0
17	0
16	0
16	0
16	0
1	0
1	0
1	0
1	0
1	0
1	0
1	0
1	0
13	0
5	0
3	0
3	11
16	0
16	0
16	0
16	16
3	3
1	0
12	0
12	11
13	13
13	0
1	0
1	0
1	0
8	0
1	0
1	0
1	0
8	0
1	0
1	0
1	0
3	0
3	0
1	0
11	0
8	0
1	0
1	0
8	0
8	0
1	0
1	0
1	0
8	0
8	0
1	0
8	0
3	0
1	0
1	0
1	0
8	0
1	0
16	0
1	0
8	0
8	0
1	0
11	0
3	0
1	0
1	0
1	0
8	0
8	0
1	0
13	0
17	0
12	0
12	0
12	3
13	0
13	13
13	0
1	0
8	0
8	0
8	0
1	0
1	0
1	0
1	0
8	0
1	0
1	0
1	0
1	0
1	0
1	0
1	0
8	0
8	0
1	0
8	0
12	0
8	0
8	0
8	0
1	0
1	0
1	0
1	0
1	0
8	0
8	0
8	0
8	0
1	0
1	0
1	0
1	0
1	0
1	0
1	0
12	0
1	0
8	0
8	0
12	0
1	0
8	0
8	0
8	0
1	0
1	0
1	0
11	0
11	0
11	11
3	4
16	3
3	0
1	0
1	0
1	0
3	16
13	13
4	4
4	0
11	0
4	10
3	0
3	3
1	0
1	0
1	0
1	0
16	0
16	16
13	13
13	0
1	0
1	0
1	0
1	0
1	0
8	0
8	0
4	0
1	0
3	0
3	0
3	0
1	0
1	0
1	0
1	0
1	0
1	0
16	0
16	0
1	0
1	0
16	0
16	0
16	0
16	0
1	0
1	0
1	0
1	0
8	0
3	0
4	0
4	0
4	0
13	0
1	13
8	0
3	0
3	0
3	0
1	4
3	3
1	0
1	3
1	0
1	0
1	16
13	13
12	13
13	0
12	0
8	0
8	0
8	0
12	0
8	0
12	0
8	0
1	0
8	0
8	0
1	0
1	0
1	0
1	0
1	0
8	0
1	0
8	0
12	0
12	0
8	0
1	0
8	0
8	0
12	0
12	0
12	0
8	0
8	0
8	0
1	0
8	0
3	0
3	0
1	0
1	0
1	0
1	0
1	0
1	0
8	0
1	0
12	0
12	0
1	0
12	0
12	0
1	16
12	11
12	6
12	0
8	8
16	0
12	0
12	16
13	13
5	0
3	5
5	6
8	0
8	0
8	0
8	8
13	13
13	0
1	0
1	0
1	0
1	0
8	0
1	0
1	0
1	0
8	0
1	0
1	0
8	0
8	0
8	0
1	0
8	0
8	0
8	0
16	0
16	0
1	0
8	0
1	0
8	0
16	0
1	0
1	0
1	0
1	0
1	0
12	0
12	0
8	0
12	0
1	0
1	0
8	0
8	0
13	0
1	13
8	0
3	0
8	11
4	0
4	4
11	11
13	13
12	13
13	0
12	0
1	0
1	0
1	0
12	0
12	0
12	0
8	0
1	0
1	0
1	0
1	0
12	0
1	0
1	0
1	0
1	0
1	0
1	0
12	0
12	0
12	0
12	0
1	0
12	0
12	0
8	0
8	0
1	0
8	0
1	0
8	0
12	0
12	0
8	0
1	0
1	0
1	0
8	0
1	0
1	0
8	0
1	0
12	0
12	0
12	0
8	0
1	0
1	0
13	0
3	0
1	0
1	0
16	0
16	16
11	11
1	0
6	0
11	11
13	13
5	5
16	0
11	11
16	0
1	0
1	16
17	0
2	11
8	11
13	13
5	13
13	0
1	0
3	0
16	0
8	0
8	0
8	0
1	0
8	0
8	0
16	0
16	0
16	0
16	0
16	0
16	0
16	0
1	0
8	0
8	0
1	0
1	0
16	0
1	0
8	0
8	0
3	0
16	0
16	0
16	0
1	0
1	0
1	0
8	0
1	0
16	0
16	0
16	0
13	0
13	13
8	0
2	2
8	0
8	0
8	0
8	8
13	13
13	13
13	0
8	0
8	0
8	0
8	0
8	0
1	0
1	0
8	0
8	0
8	0
8	0
8	0
8	0
8	0
8	0
8	0
8	0
8	0
8	0
16	0
8	0
8	0
8	0
1	0
8	0
16	0
8	0
8	0
8	0
8	0
8	0
8	0
8	0
8	0
8	0
8	0
8	0
8	0
8	0
1	0
8	0
8	0
8	0
8	0
16	0
1	0
8	0
8	0
1	0
12	0
16	0
17	0
16	0
16	16
17	6
8	0
8	0
8	0
8	0
8	0
8	8
12	0
2	10
13	13
13	0
12	0
8	0
1	0
16	0
8	0
8	0
16	0
16	0
16	0
16	0
16	0
8	0
8	0
8	0
8	0
8	0
8	0
8	0
12	0
12	0
16	0
1	0
8	0
1	0
8	0
8	0
8	0
12	0
16	0
16	0
16	0
16	0
16	0
16	0
16	0
8	0
8	0
8	0
8	0
8	0
8	0
8	0
8	0
8	0
13	0
13	13
11	11
4	0
16	0
16	16
3	0
3	3
1	0
1	3
3	0
17	3
1	0
1	0
17	16
13	13
11	11
16	16
11	5
11	0
3	0
1	0
2	11
13	13
13	0
1	0
8	0
8	0
1	0
8	0
8	0
1	0
1	0
1	0
1	0
1	0
8	0
3	0
1	0
8	0
3	0
1	0
1	0
1	0
8	0
1	0
8	0
1	0
1	0
16	0
16	0
16	0
3	0
1	0
1	0
1	0
1	0
1	0
1	0
1	0
12	0
11	11
11	0
11	4
11	0
11	0
1	11
13	13
3	11
3	0
11	11
1	0
1	3
1	0
16	0
16	0
16	16
13	13
2	2
2	0
2	2
2	6
12	0
12	0
12	0
8	8
13	13
13	0
1	0
1	0
1	0
1	0
1	0
1	0
1	0
1	0
1	0
8	0
1	0
1	0
1	0
1	0
1	0
12	0
12	0
8	0
8	0
16	0
16	0
1	0
1	0
1	0
1	0
1	0
1	0
1	0
1	0
1	0
1	0
1	0
12	0
3	0
3	3
16	0
4	0
4	16
11	11
16	0
4	0
4	10
13	13
6	6
8	0
8	8
16	0
2	2
8	0
8	0
8	8
1	16
5	11
16	0
4	0
4	10
1	10
13	13
5	5
1	0
12	2
8	0
8	0
8	8
16	16
3	0
3	0
3	3
1	0
1	0
1	0
1	11
13	13
13	0
16	0
16	0
1	0
1	0
16	0
1	0
16	0
16	0
16	0
16	0
1	0
16	0
16	0
16	0
16	0
1	0
8	0
16	0
11	0
11	11
16	0
16	0
16	16
2	0
2	2
12	0
8	0
8	8
3	0
2	0
11	3
2	0
2	2
8	0
8	0
8	0
8	0
8	0
8	0
8	0
8	12
13	13
13	0
1	0
1	0
3	0
1	0
8	0
8	0
8	0
8	0
2	0
1	0
1	0
1	0
1	0
1	0
1	0
1	0
8	0
8	0
8	0
8	0
8	0
1	0
8	0
16	0
16	0
3	0
3	0
3	0
8	0
8	0
3	0
3	0
3	0
2	0
1	0
11	0
5	0
5	5
11	11
16	0
16	0
16	16
3	0
1	0
3	0
1	0
1	3
3	0
2	0
1	9
8	0
8	0
8	8
16	2
3	0
11	11
3	0
3	0
3	3
2	2
12	0
12	0
12	8
13	13
13	0
1	0
1	0
1	0
1	0
1	0
1	0
1	0
1	0
8	0
8	0
1	0
3	0
3	0
3	0
8	0
1	0
8	0
8	0
8	0
8	0
8	0
8	0
1	0
1	0
3	0
1	0
3	0
1	0
3	0
1	0
8	0
8	0
8	8
13	13
8	0
8	8
13	13
8	0
8	0
8	0
8	0
8	0
8	8
13	13
11	11
16	16
1	0
11	0
11	11
2	10
13	13
13	0
8	0
8	0
1	0
8	0
8	0
8	0
8	0
8	0
8	0
8	0
8	0
8	0
8	0
8	0
1	0
1	0
8	0
8	0
8	0
8	0
8	0
8	0
8	0
8	0
8	0
8	0
8	0
1	0
1	0
8	0
8	0
8	0
8	0
8	0
8	0
8	0
8	0
8	0
12	0
11	11
16	0
4	0
4	4
11	0
11	11
6	0
6	6
8	0
8	0
8	8
16	0
16	0
16	16
13	13
13	0
1	0
1	0
16	0
3	0
8	0
1	0
3	0
3	0
16	0
16	0
3	0
1	0
1	0
1	0
8	0
1	0
1	0
16	0
16	0
8	0
8	0
8	0
16	0
16	0
1	0
8	0
8	0
1	0
1	0
3	0
16	0
16	0
16	0
16	0
3	0
3	0
1	0
1	0
8	0
8	0
1	0
1	0
16	0
13	0
3	0
5	5
4	0
9	2
11	6
8	0
8	0
8	8
16	0
16	0
16	0
16	16
13	13
3	11
17	11
17	0
17	2
17	0
11	11
16	0
17	0
17	0
17	4
13	13
13	13
13	0
17	0
1	0
1	0
16	0
16	0
16	0
1	0
3	0
1	0
1	0
1	0
1	0
16	0
1	0
16	0
16	0
1	0
1	0
16	0
1	0
16	0
8	0
16	0
16	0
1	0
1	0
16	0
16	0
16	0
16	0
16	0
1	0
16	0
13	0
13	13
3	11
16	0
4	0
16	0
16	0
16	16
11	11
13	13
13	13
13	0
1	0
1	0
1	0
16	0
16	0
16	0
8	0
16	0
16	0
16	0
16	0
16	0
1	0
16	0
16	0
16	0
16	0
16	0
16	0
16	0
1	0
1	0
1	0
1	0
16	0
1	0
16	0
16	0
16	0
16	0
16	0
16	0
16	0
1	0
1	0
1	0
16	0
1	0
16	0
16	0
16	0
16	0
16	0
1	0
16	0
1	0
1	0
1	0
13	0
13	13
11	11
3	0
4	0
17	0
17	16
16	11
4	0
4	0
4	10
13	13
13	0
1	0
16	0
16	0
16	0
1	0
1	0
1	0
16	0
16	0
16	0
16	0
1	0
16	0
16	0
16	0
16	0
16	0
16	0
16	0
16	0
8	0
1	0
1	0
16	0
16	0
1	0
1	0
16	0
16	0
16	0
16	0
16	0
16	0
1	0
1	0
8	0
1	0
17	0
17	0
16	0
16	0
16	0
16	0
16	0
16	0
1	0
1	0
12	0
3	11
1	0
17	0
17	0
9	4
16	0
11	11
1	0
11	0
4	10
1	0
1	0
1	0
16	0
16	16
13	13
13	0
1	0
1	0
1	0
16	0
16	0
16	0
1	0
16	0
16	0
16	0
1	0
16	0
16	0
1	0
1	0
1	0
16	0
16	0
16	0
16	0
16	0
16	0
16	0
1	0
16	0
16	0
16	0
1	0
1	0
1	0
1	0
16	0
16	0
16	0
16	0
1	0
16	0
1	0
1	0
1	0
1	0
1	0
13	0
2	6
12	0
12	0
8	8
16	0
16	0
16	16
11	11
1	0
4	0
4	0
4	10
13	13
14	0
11	11
3	0
4	0
16	0
16	16
16	0
4	0
4	10
13	13
3	0
9	6
8	0
8	0
8	8
17	6
12	0
12	0
8	8
4	0
4	4
13	13
13	13
13	0
1	0
8	0
16	0
16	0
16	0
16	0
1	0
8	0
1	0
1	0
12	0
12	0
12	0
1	0
16	0
1	0
1	0
1	0
16	0
16	0
16	0
14	0
13	0
13	13
3	0
3	0
3	0
3	0
3	11
1	0
2	0
3	0
1	0
1	16
8	11
13	13
13	13
13	0
1	0
1	0
1	0
1	0
1	0
1	0
1	0
1	0
1	0
8	0
1	0
1	0
1	0
1	0
1	0
1	0
1	0
8	0
1	0
1	0
1	0
1	0
1	0
8	0
1	0
1	0
1	0
1	0
1	0
8	0
1	0
1	0
1	0
8	0
1	0
1	0
1	0
1	0
1	0
1	0
1	0
1	0
8	0
1	0
13	0
13	13
3	0
3	3
13	13
5	11
1	11
1	0
2	0
1	0
3	0
1	0
1	0
1	16
13	13
2	2
6	6
12	0
8	0
8	0
8	12
13	13
16	0
12	11
16	0
1	0
16	0
16	0
1	16
2	3
8	0
11	2
17	6
8	0
8	0
8	0
8	0
8	0
8	0
8	12
17	0
12	0
12	4
13	13
3	0
11	0
3	0
1	0
3	3
2	2
12	0
12	0
12	0
8	8
17	0
17	0
17	0
17	3
13	13
13	0
13	0
13	13
11	11
4	0
4	0
4	0
4	16
11	11
3	2
8	0
8	11
13	13
13	0
1	0
1	0
1	0
16	0
13	0
16	0
16	0
1	0
3	0
1	0
1	0
4	0
16	0
4	0
1	0
3	0
3	0
1	0
16	0
16	0
13	0
1	0
1	0
1	0
16	0
13	0
4	0
3	0
1	0
3	0
1	0
1	0
16	0
1	0
1	0
3	0
3	0
4	0
4	0
11	0
1	0
1	0
1	0
16	0
16	0
13	0
1	0
13	0
3	0
4	16
1	11
12	0
8	8
13	13
13	13
13	0
1	0
1	0
8	0
16	0
1	0
16	0
16	0
16	0
16	0
1	0
16	0
8	0
1	0
16	0
1	0
1	0
16	0
1	0
8	0
13	0
13	0
1	0
1	0
8	0
1	0
1	0
16	0
16	0
1	0
16	0
1	0
13	0
13	0
1	0
1	0
1	0
16	0
16	0
16	0
16	0
1	0
1	0
1	0
13	0
13	0
1	0
1	0
1	0
16	0
16	0
8	0
13	0
13	13
12	0
12	0
12	10
13	13
13	0
1	0
8	0
8	0
8	0
8	0
8	0
1	0
1	0
8	0
8	0
8	0
12	0
8	0
1	0
1	0
8	0
8	0
8	0
8	0
8	0
1	0
1	0
8	0
8	0
8	0
8	0
1	0
1	0
1	0
8	0
8	0
8	0
12	0
8	0
1	0
1	0
8	0
8	0
8	0
1	0
1	0
12	0
12	0
8	0
12	0
8	0
1	0
8	0
8	0
8	0
8	0
1	0
1	0
12	0
1	0
8	0
8	0
8	11
13	13
13	0
1	0
8	0
8	0
8	0
1	0
1	0
1	0
1	0
8	0
8	0
8	0
1	0
1	0
1	0
1	0
8	0
8	0
8	0
8	0
8	0
1	0
1	0
8	0
8	0
8	0
1	0
1	0
1	0
1	0
8	0
8	0
8	0
8	0
1	0
1	0
1	0
8	0
8	0
8	0
1	0
1	0
8	0
8	0
8	0
8	0
1	0
1	0
1	0
8	0
8	0
1	0
1	0
1	0
12	0
8	6
12	0
12	8
17	0
17	0
17	16
17	10
17	0
16	0
16	16
13	13
17	0
17	0
17	16
17	0
17	0
17	16
8	0
2	0
2	2
1	11
13	13
1	0
6	0
3	0
1	16
2	2
3	0
1	0
1	0
1	11
8	16
13	13
6	6
8	0
8	8
16	0
16	0
16	0
16	0
16	16
3	0
3	0
12	3
17	0
12	0
12	0
1	3
13	13
5	5
3	0
6	0
6	11
1	0
1	0
1	16
1	0
2	3
13	0
12	0
8	11
16	0
16	0
17	0
17	16
1	11
17	0
2	2
1	0
1	0
1	0
1	1
8	0
8	8
1	0
1	0
16	0
16	0
16	16
5	5
16	0
16	0
3	0
3	0
1	3
16	0
4	0
17	4
2	0
6	0
6	11
8	0
8	8
13	13
4	2
1	0
12	11
13	13
14	0
14	2
8	0
8	0
8	0
8	0
8	0
8	8
13	13
1	6
1	0
1	8
17	0
17	0
17	16
16	0
16	0
16	0
16	16
13	13
13	0
12	0
11	11
1	0
1	0
1	0
16	0
16	0
16	16
16	0
11	11
2	10
13	13
13	0
1	0
1	0
1	0
1	0
1	0
3	0
8	0
16	0
16	0
1	0
1	0
1	0
16	0
16	0
16	0
16	0
16	0
1	0
1	0
1	0
1	0
1	0
1	0
1	0
16	0
1	0
16	0
16	0
16	0
16	0
1	0
1	0
1	0
1	0
1	0
1	0
1	0
1	0
16	0
16	0
16	0
16	0
1	0
1	0
1	0
1	0
1	0
13	0
11	11
4	0
4	4
1	0
1	0
1	1
1	0
1	0
1	0
1	0
16	16
13	13
13	13
13	0
1	0
8	0
8	0
1	0
1	0
3	0
8	0
1	0
8	0
1	0
1	0
1	0
1	0
1	0
1	0
1	0
1	0
1	0
1	0
3	0
1	0
8	0
16	0
1	0
1	0
1	0
1	0
1	0
1	0
1	0
16	0
8	0
8	0
8	0
1	0
3	0
1	0
1	0
1	0
1	0
1	0
1	0
1	0
1	0
3	0
13	0
13	13
3	0
11	11
4	0
11	4
6	6
8	0
8	8
13	13
13	13
13	0
1	0
1	0
1	0
16	0
16	0
16	0
16	0
1	0
1	0
8	0
1	0
16	0
16	0
16	0
16	0
1	0
1	0
8	0
1	0
16	0
1	0
1	0
1	0
1	0
1	0
16	0
16	0
16	0
1	0
1	0
8	0
1	0
1	0
16	0
1	0
1	0
16	0
16	0
16	0
1	0
1	0
1	0
1	0
1	0
16	0
16	0
1	0
1	0
12	0
2	2
8	0
2	6
8	12
16	0
4	0
4	16
1	6
8	0
8	0
8	8
2	0
3	10
13	13
9	9
13	13
8	6
8	0
8	0
8	0
8	0
8	0
8	0
8	8
12	0
12	0
12	0
2	0
12	4
1	0
1	0
16	0
16	16
13	13
13	0
1	0
1	0
8	0
16	0
12	0
8	0
8	0
1	0
1	0
8	0
16	0
8	0
8	0
8	0
8	0
8	0
16	0
1	0
8	0
8	0
8	0
8	0
8	0
8	0
12	0
1	0
1	0
8	0
1	0
1	0
1	8
5	5
1	0
1	0
1	0
1	8
1	0
1	0
1	0
4	16
2	3
2	0
2	2
3	0
6	6
8	12
12	2
17	0
1	6
1	0
1	0
1	0
16	0
16	8
13	13
13	0
1	0
8	0
1	0
8	0
1	0
1	0
8	0
8	0
8	0
8	0
8	0
8	0
12	0
8	0
8	0
8	0
8	0
1	0
8	0
1	0
1	0
1	0
8	0
1	0
8	0
8	0
8	0
1	0
12	0
3	0
3	0
5	0
8	3
3	0
4	0
4	0
2	0
16	16
11	11
3	0
2	3
1	0
1	0
1	1
13	13
13	0
8	0
1	0
1	0
4	0
8	0
8	0
8	0
1	0
3	0
4	0
4	0
4	0
8	0
8	0
3	0
1	0
1	0
8	0
8	0
8	0
8	0
8	0
4	0
1	0
4	0
8	0
8	0
1	0
1	0
3	0
3	0
12	0
3	0
3	0
4	0
4	0
16	0
8	0
3	0
3	0
1	0
8	0
17	0
9	9
8	6
1	0
17	0
1	0
1	0
17	0
17	0
17	8
17	0
17	0
17	16
17	0
17	0
17	1
17	2
17	0
17	6
17	0
17	0
17	0
17	0
17	8
13	13
13	0
17	0
1	0
17	0
17	0
17	0
17	0
17	0
17	0
17	0
17	0
17	0
17	0
17	0
17	0
17	0
17	0
17	0
17	0
17	0
17	0
17	0
17	0
8	0
17	0
17	0
17	0
17	0
17	0
17	0
17	0
17	0
17	0
17	0
17	0
13	0
5	6
8	0
8	0
8	0
8	0
8	0
13	0
1	0
1	0
1	0
1	0
1	0
1	0
1	0
8	8
13	13
13	0
1	0
1	0
1	0
8	0
8	0
8	0
1	0
1	0
1	0
1	0
1	0
1	0
1	0
1	0
1	0
1	0
1	0
8	0
8	0
16	0
1	0
1	0
1	0
1	0
8	0
1	0
1	0
1	0
1	0
1	0
1	0
1	0
1	0
1	0
8	0
1	0
1	0
1	0
1	0
1	0
1	0
1	0
12	0
6	0
6	6
8	12
16	0
16	0
16	16
1	11
13	13
3	11
14	2
1	0
6	0
1	0
1	1
8	0
8	0
8	8
3	0
11	3
4	0
4	4
13	13
5	5
2	3
8	0
3	6
3	3
13	0
13	0
13	13
8	0
12	11
8	0
8	0
8	0
8	0
8	8
2	0
2	2
8	8
4	0
4	4
1	0
1	0
1	0
1	1
1	0
1	0
1	0
16	16
13	13
13	0
3	0
1	0
1	0
1	0
1	0
1	0
1	0
12	0
8	11
17	0
17	0
12	4
5	6
3	0
3	0
3	0
3	3
5	6
1	0
1	0
1	0
1	1
8	0
8	8
17	0
12	0
12	0
12	16
17	0
2	2
12	0
12	0
12	8
13	13
13	0
1	0
1	0
1	0
1	0
1	0
1	0
1	0
1	0
16	0
1	0
1	0
17	0
1	0
8	0
17	0
1	0
12	0
12	0
8	0
1	0
1	0
17	0
17	0
1	0
1	0
1	0
1	0
1	0
1	0
1	0
1	0
1	0
12	0
1	0
1	0
16	0
12	11
4	0
11	4
1	0
1	0
1	16
2	0
2	2
12	0
8	8
5	5
2	0
2	2
1	0
1	1
8	0
8	8
4	0
11	4
11	11
3	0
3	3
3	0
3	3
2	2
12	0
12	0
9	0
11	6
8	0
8	0
8	8
1	0
17	0
16	0
16	16
13	13
1	13
13	0
1	0
1	0
1	0
1	0
3	0
1	0
16	0
16	0
1	0
1	0
8	0
1	0
2	0
1	0
1	0
1	0
1	0
12	0
1	3
1	0
1	0
1	1
12	13
13	13
16	0
16	0
16	0
16	0
16	16
11	11
13	13
16	14
11	11
6	6
1	13
8	0
8	12
8	13
5	5
6	6
1	13
8	0
8	0
8	0
13	0
5	0
3	0
2	0
3	0
1	12
8	13
5	5
3	6
12	13
12	0
12	0
12	0
13	0
3	0
3	0
3	0
1	12
1	13
1	0
1	0
1	0
1	0
16	16
13	13
13	0
1	0
3	0
16	0
16	0
16	0
8	0
3	0
12	0
12	6
8	0
8	0
8	0
8	0
8	0
8	0
8	8
16	0
1	16
3	0
2	2
1	0
1	0
11	11
8	0
2	2
8	0
12	0
8	0
8	8
13	13
16	0
16	0
16	16
1	11
12	11
13	13
13	0
12	0
1	0
1	0
1	0
1	0
12	0
16	0
1	0
1	0
1	0
12	0
12	0
16	0
16	0
16	0
16	0
1	0
1	0
1	0
1	0
16	0
16	0
16	0
16	0
16	0
16	0
16	0
16	0
1	0
1	0
12	0
17	0
5	5
2	0
2	2
8	0
8	0
8	0
8	0
8	8
16	0
16	0
16	16
17	0
2	11
17	0
1	3
3	0
6	6
8	0
8	0
8	0
8	0
8	8
1	0
2	0
2	10
13	13
3	11
16	11
17	0
11	2
6	6
8	0
8	0
8	0
8	8
1	0
1	16
16	0
17	0
2	0
1	4
13	13
13	0
1	0
1	0
16	0
1	0
16	0
16	0
1	0
1	0
8	0
16	0
16	0
16	0
3	0
1	0
3	0
12	0
13	13
1	6
8	0
8	0
8	8
13	13
13	13
16	0
16	0
16	0
16	16
11	11
5	5
16	0
16	0
16	16
16	2
1	6
12	0
12	0
8	0
8	0
8	0
8	0
8	0
8	8
13	13
3	11
3	0
3	3
1	1
1	0
1	0
1	0
1	0
1	0
1	1
8	0
8	0
12	0
12	8
16	0
1	0
1	16
13	13
5	5
16	0
16	0
16	16
17	0
11	10
3	0
2	0
1	0
1	0
1	16
13	13
13	0
3	0
13	0
16	6
12	0
12	8
17	0
2	2
1	6
11	1
1	0
1	0
16	0
16	0
16	0
16	16
11	11
2	2
1	0
2	0
1	0
1	0
1	0
1	0
1	1
8	0
8	0
8	8
5	5
16	0
16	0
16	16
11	11
2	2
5	6
1	0
1	0
1	0
1	1
8	0
8	0
8	8
13	13
13	0
1	0
1	0
1	0
1	0
8	0
16	0
12	0
16	0
16	0
1	0
1	0
8	0
1	0
1	0
16	0
16	0
16	0
16	0
12	0
6	6
8	0
8	8
8	0
16	0
16	16
11	11
17	0
2	2
11	0
11	6
12	0
8	0
8	8
13	13
16	11
11	11
3	0
1	0
1	3
3	0
1	0
3	16
1	0
2	0
1	0
16	0
2	0
1	0
16	16
13	13
13	0
1	0
16	0
16	0
16	0
1	0
1	0
1	0
1	0
8	0
1	0
1	0
3	0
1	0
1	0
8	0
16	0
16	0
1	0
16	0
16	0
17	0
8	0
1	0
8	0
1	0
1	0
8	0
12	0
1	0
1	0
1	0
1	0
8	0
8	3
16	16
11	11
6	6
12	0
12	0
8	0
8	8
2	0
3	10
13	13
14	0
11	14
11	0
11	11
16	0
4	0
4	10
3	10
12	0
12	0
12	0
12	1
3	0
4	0
4	0
4	0
16	4
13	13
13	0
1	0
1	0
16	0
16	0
16	0
16	0
16	0
16	0
16	0
1	0
16	0
16	0
1	0
16	0
16	0
16	0
16	0
16	0
16	0
1	0
1	0
1	0
1	0
1	0
12	0
17	3
1	6
12	0
12	0
12	8
16	0
16	0
16	0
16	0
16	16
1	1
13	13
13	0
1	0
1	0
8	0
8	0
1	0
8	0
8	0
1	0
1	0
1	0
17	0
8	0
8	0
8	0
8	0
1	0
8	0
3	0
3	0
1	0
1	0
1	0
17	0
8	0
1	0
1	0
8	0
1	0
1	0
1	0
8	0
8	0
1	0
8	0
1	0
12	0
12	0
1	0
12	0
16	0
1	0
3	0
3	0
3	0
1	0
1	0
13	0
13	13
6	6
8	0
17	0
8	0
8	8
3	0
1	0
1	16
1	0
1	0
17	3
17	0
17	0
17	0
17	11
17	0
4	0
4	16
2	2
3	0
11	11
13	13
13	13
3	0
16	0
16	0
16	0
16	16
11	11
2	2
11	0
11	11
3	0
3	0
1	0
2	3
13	13
13	0
1	0
8	0
3	0
3	0
3	0
3	0
3	0
1	0
1	0
1	0
1	0
12	0
8	0
1	0
1	0
1	0
1	0
1	0
1	0
1	0
12	0
3	3
16	0
16	0
16	0
16	0
16	16
11	11
2	0
2	6
8	0
12	0
12	0
12	0
12	12
12	0
12	10
13	13
16	16
2	2
17	0
2	11
2	10
17	0
9	2
17	6
12	0
12	0
12	0
12	8
2	2
1	13
8	0
8	0
8	0
8	0
8	0
8	0
8	0
8	12
16	13
13	13
13	0
1	0
12	0
8	0
1	0
8	0
16	0
3	0
16	0
16	0
1	0
1	0
1	0
1	0
1	0
12	0
12	0
12	0
12	0
3	2
3	0
3	0
1	0
9	9
2	0
2	2
12	0
8	8
1	0
16	0
16	16
3	11
3	0
2	0
1	3
13	13
13	0
1	0
1	0
1	0
8	0
1	0
8	0
1	0
8	0
16	0
8	0
8	0
8	0
8	0
16	0
3	0
8	0
1	0
8	0
1	0
1	0
1	0
16	0
1	0
1	0
8	0
1	0
1	0
1	0
8	0
3	0
3	0
3	0
16	0
16	0
8	0
8	0
8	0
8	0
16	0
16	0
8	0
13	0
1	6
8	0
12	0
12	0
12	8
13	13
13	0
1	0
8	0
8	0
8	0
1	0
1	0
1	0
12	0
12	0
12	0
12	0
1	0
12	0
1	0
1	0
12	0
12	0
12	0
12	0
1	0
12	0
12	0
12	0
8	0
12	0
1	0
1	0
8	0
12	0
12	0
8	0
8	0
12	0
1	0
1	0
1	0
8	0
8	0
1	0
1	0
12	0
12	0
12	0
12	0
12	0
1	0
1	0
8	0
12	0
12	0
1	0
1	0
13	0
13	13
8	11
16	0
17	0
17	0
17	4
2	3
5	6
1	0
1	0
1	0
1	0
1	0
1	0
1	0
1	0
1	1
8	0
8	0
8	0
8	0
8	8
2	2
6	6
8	0
8	0
8	0
8	0
8	0
8	0
8	0
8	12
9	0
9	9
13	13
13	0
8	0
1	0
8	0
8	0
8	0
8	0
8	0
8	0
1	0
8	0
1	0
8	0
16	0
17	0
16	0
8	0
8	0
1	0
1	0
1	0
1	0
1	0
1	0
13	0
8	0
1	0
1	1
8	0
8	0
8	8
16	0
16	0
16	0
11	3
13	13
13	0
1	0
16	0
16	0
8	0
16	0
1	0
1	0
16	0
16	0
16	0
16	0
8	0
16	0
1	0
8	0
16	0
16	0
16	0
16	0
16	0
16	0
16	0
16	0
16	0
8	0
16	0
1	0
16	0
16	0
16	0
16	0
16	0
1	0
1	0
1	0
1	0
1	0
1	0
16	0
16	0
16	0
16	0
16	0
8	0
16	0
1	0
1	0
13	0
3	0
3	0
16	0
16	16
11	11
2	3
13	13
13	13
13	0
1	0
8	0
1	0
1	0
1	0
16	0
16	0
16	0
16	0
8	0
16	0
8	0
16	0
16	0
16	0
16	0
8	0
8	0
16	0
16	0
1	0
1	0
1	0
8	0
1	0
16	0
16	0
16	0
8	0
8	0
8	0
8	0
1	0
1	0
16	0
16	0
16	0
16	0
16	0
16	0
16	0
1	0
16	0
16	0
1	0
1	0
16	0
1	0
8	0
1	0
13	0
8	0
8	16
11	11
13	13
13	0
1	0
1	0
16	0
16	0
16	0
1	0
1	0
1	0
16	0
16	0
16	0
16	0
1	0
1	0
1	0
16	0
16	0
16	0
16	0
1	0
16	0
1	0
16	0
16	0
16	0
1	0
1	0
1	0
1	0
16	0
16	0
16	0
1	0
1	0
1	0
1	0
16	0
16	0
16	0
16	0
1	0
1	0
16	0
16	0
1	0
1	0
1	0
1	0
16	0
16	0
16	0
16	0
1	0
1	0
13	0
14	0
1	16
11	11
16	0
4	0
4	0
4	10
13	13
13	0
1	0
1	0
1	0
1	0
16	0
16	0
16	0
16	0
16	0
16	0
16	0
16	0
16	0
16	0
16	0
16	0
16	0
16	0
16	0
16	0
16	0
16	0
1	0
1	0
1	0
16	0
16	0
16	0
16	0
16	0
16	0
16	0
16	0
16	0
1	0
1	0
8	0
8	0
16	0
16	0
16	0
16	0
16	0
16	0
16	0
16	0
1	0
1	0
8	0
8	0
12	0
1	6
1	0
12	0
1	0
1	1
8	0
8	0
8	0
8	0
8	0
8	8
4	16
3	0
3	3
5	6
8	0
8	0
8	8
1	0
1	0
1	0
1	0
16	16
13	13
13	0
1	0
1	0
1	0
1	0
16	0
8	0
8	0
1	0
1	0
16	0
16	0
1	0
1	0
1	0
16	0
1	0
1	0
16	0
16	0
16	0
1	0
1	0
1	0
1	0
1	0
1	0
1	0
8	0
8	0
16	0
8	0
16	0
16	0
1	0
13	0
13	13
11	0
11	11
16	0
16	0
16	16
3	0
3	3
6	6
8	0
8	0
8	8
2	0
2	10
13	13
13	13
16	0
16	0
12	0
12	16
11	11
13	13
13	0
1	0
16	0
16	0
16	0
16	0
3	0
1	0
1	0
16	0
16	0
16	0
16	0
16	0
16	0
16	0
16	0
16	0
16	0
3	0
16	0
16	0
16	0
16	0
16	0
16	0
16	0
16	0
16	0
3	0
3	0
3	0
1	0
1	0
16	0
16	0
16	0
11	0
2	2
2	0
2	2
12	0
12	0
12	0
12	8
4	0
11	4
11	11
1	0
1	0
1	0
1	0
1	0
3	3
4	0
3	3
3	0
16	0
1	10
13	13
13	0
1	0
1	0
1	0
1	0
1	0
16	0
1	0
1	0
1	0
1	0
1	0
1	0
1	0
1	0
1	0
1	0
1	0
1	0
16	0
16	0
1	0
1	0
1	0
8	0
2	0
1	0
1	0
12	0
16	0
16	0
16	0
16	0
3	0
1	0
1	0
1	0
1	0
11	11
4	0
11	4
5	6
8	0
8	0
8	0
8	0
8	0
8	0
8	0
8	8
13	13
13	0
1	0
1	0
1	0
1	0
1	0
1	0
1	0
1	0
1	0
1	0
1	0
1	0
1	0
1	0
1	0
8	0
1	0
1	0
1	0
1	0
1	0
1	0
1	0
1	0
1	0
1	0
1	0
1	0
1	0
1	0
1	0
1	0
1	0
1	0
1	0
1	0
1	0
1	0
1	0
1	0
8	0
8	0
8	0
1	0
1	0
12	0
3	0
1	0
1	2
8	0
8	0
8	0
8	0
8	8
8	0
16	0
16	0
16	6
8	0
8	0
8	0
8	0
8	0
8	0
8	0
8	0
8	0
8	8
13	13
13	0
1	0
1	0
1	0
1	0
8	0
8	0
16	0
16	0
16	0
1	0
1	0
8	0
8	0
16	0
1	0
1	0
1	0
8	0
8	0
8	0
1	0
1	0
1	0
1	0
1	0
1	0
1	0
1	0
8	0
8	0
16	0
16	0
16	0
16	0
1	0
13	0
13	13
12	0
17	16
16	3
1	0
16	0
16	0
1	0
1	1
2	10
13	13
13	13
16	0
16	16
11	11
6	6
8	0
8	0
8	0
8	0
8	12
2	0
2	2
1	0
1	0
1	0
1	1
8	0
8	0
8	8
13	13
13	13
14	0
6	0
6	11
17	0
17	0
17	16
3	3
6	6
8	0
8	8
1	0
1	0
1	0
1	16
1	0
1	0
16	3
13	13
13	13
13	0
1	0
3	0
16	0
8	0
8	0
3	0
3	0
12	0
12	6
8	0
8	0
8	0
8	0
12	0
12	0
12	8
16	0
16	0
16	16
17	0
12	0
12	11
13	13
3	11
11	11
1	0
4	0
4	10
1	0
16	0
16	16
13	13
16	0
11	0
1	1
3	0
3	5
16	0
16	0
16	0
16	0
16	16
13	13
11	11
16	0
16	4
12	0
12	0
12	0
8	8
3	10
1	0
2	0
2	16
13	13
13	0
1	0
16	0
16	0
16	0
8	0
8	0
1	0
1	0
1	0
1	0
1	0
11	0
11	11
3	3
3	0
3	11
1	0
1	0
16	16
5	5
17	2
17	0
2	11
13	13
13	0
1	0
1	0
1	0
16	0
1	0
1	0
1	0
1	0
1	0
1	0
1	0
1	0
1	0
1	0
1	0
1	0
1	0
1	0
17	0
16	0
1	0
1	0
1	0
1	0
16	0
1	0
1	0
1	0
1	0
1	0
1	0
1	0
1	0
1	0
1	0
1	0
1	0
1	0
1	0
1	0
1	0
1	0
1	0
17	0
16	0
1	0
12	0
2	2
6	6
8	0
8	0
8	0
8	0
8	0
8	0
8	0
8	12
9	0
9	9
8	0
2	2
8	0
8	0
8	0
8	8
16	0
11	6
8	0
8	0
13	0
12	8
5	5
2	0
2	6
8	13
12	8
16	13
2	0
2	0
6	6
1	0
1	0
1	1
8	13
12	12
16	13
13	13
13	0
8	0
8	0
8	0
8	0
16	0
16	0
1	0
1	0
16	0
16	0
12	0
16	0
16	0
16	0
16	0
8	0
8	0
1	0
12	0
1	6
12	13
8	0
8	0
8	8
12	13
16	0
16	0
16	16
3	0
2	0
2	0
3	0
3	3
3	2
12	6
8	0
12	0
12	0
8	0
8	8
13	13
5	5
16	0
16	6
1	1
8	0
8	0
8	8
13	13
17	0
17	0
12	0
12	1
12	0
12	0
8	0
8	8
13	13
16	0
16	0
16	0
1	0
16	0
1	16
3	0
3	0
1	0
1	0
3	3
2	6
12	0
12	0
12	0
8	0
8	8
13	13
13	0
1	0
12	0
1	11
16	0
12	2
8	0
8	0
8	0
8	0
8	0
8	8
5	0
11	2
6	6
8	0
8	0
8	0
8	0
8	0
8	8
13	13
13	0
12	0
16	0
16	0
16	0
1	0
1	0
16	0
16	0
8	0
8	0
16	0
16	0
1	0
1	0
16	0
1	0
16	0
1	0
8	0
16	0
1	0
1	0
16	0
1	0
8	0
16	0
16	0
16	0
16	0
1	0
1	0
8	0
8	0
8	0
16	0
16	0
16	0
1	0
1	0
13	0
12	0
12	6
8	0
8	0
8	0
8	8
16	0
17	0
16	0
16	0
16	0
16	0
16	16
2	0
2	2
6	6
8	0
8	0
8	0
8	8
13	13
14	2
6	6
8	0
8	0
8	0
8	8
4	0
16	0
16	16
8	11
5	6
8	0
8	0
8	0
8	8
8	0
12	0
12	10
13	13
2	2
1	0
1	0
1	0
1	0
1	0
1	0
1	0
1	1
8	0
8	0
8	8
13	13
12	6
12	0
12	0
8	0
12	8
13	0
13	0
3	11
1	0
16	0
16	0
1	16
16	0
11	11
1	0
2	0
12	0
1	0
16	16
13	13
13	0
1	0
16	0
1	0
16	0
16	0
16	0
16	0
1	0
1	0
16	0
16	0
16	0
16	0
1	0
1	0
1	0
1	0
16	0
16	0
16	0
1	0
1	0
1	0
16	0
16	0
16	0
16	0
16	0
1	0
1	0
16	0
16	0
16	0
1	0
3	0
16	0
16	0
16	0
1	0
1	0
1	0
1	0
16	0
16	0
16	0
12	0
6	2
1	0
1	0
1	1
8	0
8	0
8	8
14	0
3	3
1	0
1	0
1	0
1	0
1	16
1	11
16	0
4	0
4	10
4	0
2	10
13	13
14	14
6	0
6	6
8	0
8	0
8	0
8	0
8	0
8	0
8	0
8	8
3	0
11	0
6	6
1	0
1	0
1	1
8	0
8	8
2	0
2	2
1	8
2	0
1	0
1	0
1	0
16	16
16	0
4	0
16	4
13	13
13	0
1	0
1	0
1	0
1	0
1	0
16	0
12	0
17	2
17	0
17	0
17	3
3	0
1	0
16	0
16	0
16	16
3	11
6	6
8	0
8	0
8	8
8	0
8	0
12	0
12	0
12	0
12	12
13	13
13	0
1	0
1	0
1	0
1	0
8	0
3	0
16	0
16	0
3	0
1	0
1	0
1	0
1	0
8	0
8	0
1	0
12	0
1	0
16	0
16	0
1	0
16	0
12	0
16	0
17	0
17	0
17	0
12	0
8	0
3	0
3	0
16	0
3	0
3	0
1	0
1	0
1	0
13	0
13	13
1	0
1	0
8	0
8	0
8	0
8	0
8	0
8	0
8	7
13	13
13	0
1	0
1	0
1	0
8	0
16	0
1	0
1	0
1	0
1	0
8	0
8	0
8	0
1	0
1	0
1	0
8	0
8	0
8	0
8	0
8	0
1	0
1	0
1	0
8	0
8	0
1	0
1	0
1	0
8	0
1	0
8	0
8	0
8	0
1	0
1	0
1	0
1	0
1	0
8	0
8	0
8	0
8	0
8	0
8	0
8	0
1	0
1	0
13	0
12	6
12	0
16	0
16	1
8	0
8	0
8	0
8	8
2	2
2	6
8	0
8	0
8	0
8	0
8	8
12	0
1	16
4	0
2	3
5	0
3	3
3	2
1	0
1	6
8	0
8	0
8	8
16	0
16	10
13	13
13	0
1	0
1	0
16	0
1	0
16	0
16	0
1	0
16	0
16	0
3	0
1	0
1	0
1	0
1	0
1	0
1	0
17	0
1	0
1	0
1	0
1	0
16	0
16	0
16	0
1	0
1	0
8	0
3	0
11	0
11	11
13	13
3	11
3	11
3	0
2	10
1	0
1	0
1	1
1	0
4	0
4	0
4	0
4	16
4	0
4	0
4	16
13	13
16	0
16	0
16	16
3	0
3	3
3	0
3	3
1	6
8	0
8	0
8	0
8	0
8	8
13	13
13	0
1	0
1	0
8	0
3	0
8	0
1	0
1	0
1	0
8	0
1	0
3	0
3	0
1	0
1	0
8	0
3	0
1	0
1	0
1	0
1	0
8	0
8	0
8	0
8	0
1	0
16	0
13	0
3	0
17	0
17	0
12	16
16	11
3	3
16	0
11	0
11	3
13	13
13	0
1	0
16	0
16	0
16	0
16	0
1	0
16	0
16	0
16	0
16	0
1	0
16	0
16	0
16	0
16	0
16	0
16	0
16	0
16	0
16	0
1	0
1	0
16	0
16	0
16	0
16	0
16	0
16	0
16	0
16	0
16	0
16	0
16	0
16	0
1	0
16	0
16	0
16	0
16	0
16	0
16	0
1	0
16	0
16	0
16	0
1	0
1	0
16	0
13	0
1	0
1	3
4	0
4	4
11	11
3	3
2	2
5	6
8	8
16	0
16	0
16	16
13	13
13	13
13	0
1	0
1	0
8	0
3	0
1	0
8	0
8	0
8	0
8	0
3	0
3	0
3	0
8	0
8	0
8	0
8	0
1	0
16	0
1	0
1	0
8	0
1	0
1	0
1	0
8	0
1	0
8	0
1	0
8	0
1	0
1	0
1	0
8	0
8	0
3	0
3	0
3	0
1	0
8	0
8	0
8	0
1	0
16	0
1	0
12	0
3	0
8	0
12	0
12	3
8	0
8	0
12	16
17	0
11	6
8	0
8	0
8	0
8	8
13	13
13	0
1	0
1	0
1	0
8	0
1	0
8	0
1	0
8	0
1	0
1	0
1	0
8	0
16	0
16	0
16	0
1	0
8	0
8	0
16	0
8	0
8	0
1	0
1	0
8	0
8	0
16	0
16	0
1	0
16	0
1	0
1	0
1	0
12	0
12	0
1	0
1	0
16	0
8	0
16	0
1	0
1	0
8	0
8	0
16	0
13	0
3	0
5	5
3	0
4	0
4	0
4	3
4	0
3	3
6	6
8	0
8	0
8	0
8	0
8	0
8	12
13	13
13	0
16	0
16	0
16	0
16	0
16	0
16	0
16	0
16	0
16	0
16	0
16	0
3	0
8	0
8	0
8	0
8	0
8	0
16	0
16	0
16	0
16	0
16	0
16	0
16	0
16	0
16	0
16	0
1	0
16	0
16	0
16	0
3	0
4	0
4	0
16	0
16	0
3	0
8	0
1	0
8	0
8	0
8	0
13	0
13	13
1	0
1	0
16	0
16	16
3	11
1	0
1	0
1	3
13	13
8	0
12	8
8	0
8	0
8	0
8	8
13	13
3	0
11	11
4	4
11	11
1	3
16	0
4	0
4	10
1	0
11	0
17	0
11	16
13	13
13	0
1	0
1	0
1	0
16	0
16	0
1	0
16	0
16	0
3	0
16	0
1	0
1	0
16	0
16	0
1	0
1	0
1	0
1	0
16	0
16	0
1	0
1	0
1	0
1	0
1	0
1	0
1	0
1	0
13	0
5	0
5	5
16	0
4	0
4	16
11	11
16	0
16	3
1	0
3	0
3	3
1	0
11	0
11	3
13	13
13	13
13	0
16	0
16	0
16	0
16	0
16	0
16	0
1	0
1	0
16	0
16	0
16	0
16	0
16	0
16	0
16	0
16	0
16	0
16	0
16	0
1	0
16	0
16	0
16	0
16	0
16	0
16	0
1	0
1	0
1	0
16	0
16	0
16	0
16	0
16	0
16	0
1	0
16	0
16	0
16	0
16	0
16	0
16	0
12	0
8	6
8	0
8	0
8	0
8	0
8	0
8	8
3	0
16	0
16	0
16	16
16	0
11	11
1	0
2	0
3	0
16	0
16	0
16	1
12	0
12	10
13	13
13	0
12	0
1	0
1	0
16	0
12	0
8	0
12	0
16	0
16	0
16	0
16	0
1	0
3	0
1	0
16	0
16	0
16	0
12	0
3	0
12	0
1	0
1	0
1	0
1	0
1	0
1	0
1	0
16	0
16	0
16	0
16	0
16	0
16	0
16	0
16	0
16	0
12	0
3	11
16	0
16	0
16	0
16	0
16	16
1	0
2	0
6	6
8	0
8	8
13	13
3	11
3	0
1	0
1	3
2	0
1	6
8	0
8	8
2	0
2	0
11	6
8	0
8	8
16	0
16	0
16	4
13	13
13	0
1	0
1	0
1	0
1	0
16	0
1	0
8	0
8	0
1	0
1	0
8	0
8	0
12	0
1	0
1	0
8	0
16	0
16	0
16	0
16	0
16	0
1	0
1	0
1	0
1	0
1	0
8	0
16	0
1	0
12	0
5	6
8	0
8	0
8	0
8	0
8	0
8	0
8	0
8	8
3	0
11	11
11	0
11	4
3	0
3	0
3	3
1	0
1	0
1	0
9	1
8	0
8	0
8	8
13	13
13	0
1	0
1	0
1	0
16	0
16	0
16	0
16	0
1	0
1	0
1	0
1	0
16	0
1	0
16	0
1	0
1	0
1	0
8	0
8	0
1	0
1	0
1	0
1	0
1	0
1	0
1	0
8	0
16	0
16	0
16	0
16	0
16	0
3	0
16	0
12	0
3	0
12	3
3	0
16	0
3	16
3	11
1	0
11	0
4	10
3	10
3	0
1	3
1	0
1	0
1	0
1	16
13	13
14	0
14	2
8	0
8	0
8	0
8	0
8	0
8	8
17	6
8	8
3	0
3	0
1	0
1	0
1	0
1	3
3	0
3	0
9	3
2	0
16	0
16	0
16	0
16	0
16	16
13	13
13	0
1	0
3	0
1	0
3	0
16	0
16	0
1	0
1	0
1	0
16	0
1	0
3	0
1	0
1	0
1	0
12	0
6	6
8	0
8	0
8	0
8	0
8	0
8	0
8	0
8	8
13	13
6	6
8	0
8	0
8	8
12	0
12	0
12	0
12	0
12	12
13	13
16	0
16	16
11	0
11	11
3	0
2	0
1	0
1	0
2	2
6	6
8	0
8	0
8	0
8	0
8	0
8	8
1	10
5	5
16	0
16	0
16	0
16	0
16	16
1	0
2	2
6	6
8	0
8	0
8	0
8	8
13	13
13	0
1	0
8	0
8	0
1	0
1	0
1	0
1	0
12	0
6	0
6	6
8	12
16	0
16	0
16	16
5	11
16	0
16	3
2	10
13	13
13	0
1	0
1	0
8	0
8	0
1	0
1	0
1	0
8	0
8	0
16	0
8	0
8	0
16	0
1	0
8	0
16	0
16	0
1	0
1	0
1	0
1	0
1	0
1	0
8	0
1	0
1	0
1	0
1	0
1	0
1	0
16	0
1	0
1	0
1	0
8	0
1	0
8	0
8	0
1	0
8	0
16	0
16	0
1	0
1	0
1	0
1	0
1	0
13	0
6	6
8	0
8	0
8	8
12	0
12	0
12	0
12	0
12	12
16	16
11	0
11	11
13	13
5	5
1	0
1	0
1	0
1	0
1	0
1	0
1	3
13	13
16	0
3	0
4	10
16	0
2	2
6	6
1	0
8	8
16	0
11	0
11	3
13	13
13	0
16	0
16	0
16	0
16	0
1	0
1	0
16	0
16	0
16	0
16	0
1	0
1	0
1	0
8	0
16	0
16	0
16	0
1	0
16	0
16	0
16	0
16	0
16	0
16	0
13	0
13	13
11	0
8	0
8	16
1	6
8	0
8	0
8	8
2	10
12	0
12	0
12	4
13	13
13	0
1	0
12	0
12	0
12	0
1	0
1	0
1	0
16	0
16	0
12	0
16	0
16	0
1	0
16	0
16	0
12	0
12	0
12	0
12	0
12	0
8	0
16	0
12	0
12	0
12	0
1	0
8	0
1	0
16	0
16	0
12	0
1	0
1	0
1	0
16	0
16	0
16	0
1	0
16	0
16	0
12	0
12	0
12	0
12	0
12	0
12	0
8	6
8	0
12	0
8	0
12	8
16	0
16	0
16	16
2	3
8	0
9	2
8	0
2	6
8	0
8	0
8	8
13	13
13	0
8	0
1	0
8	0
8	0
8	0
8	0
8	0
8	0
8	0
8	0
1	0
8	0
8	0
8	0
8	0
8	0
8	0
8	0
8	0
8	0
8	0
1	0
1	0
8	0
8	0
8	0
8	0
1	0
1	0
1	0
12	0
8	0
8	0
8	0
1	0
3	0
8	0
8	0
8	0
8	0
8	0
13	0
12	0
12	0
8	8
13	13
13	0
1	0
8	0
8	0
8	0
8	0
1	0
1	0
1	0
1	0
8	0
8	0
8	0
1	0
1	0
1	0
8	0
8	0
8	0
8	0
8	0
1	0
1	0
8	0
8	0
8	0
8	0
1	0
1	0
1	0
8	0
8	0
8	0
8	0
1	0
1	0
1	0
8	0
8	0
8	0
1	0
1	0
12	0
8	0
8	0
8	0
8	0
1	0
1	0
8	0
8	0
8	0
1	0
1	0
1	0
13	0
17	0
12	0
8	1
17	0
17	0
1	9
8	0
8	0
8	8
17	0
17	0
17	1
13	13
13	0
1	0
8	0
1	0
1	0
16	0
1	0
1	0
17	0
16	0
16	0
16	0
16	0
1	0
1	0
17	0
17	0
17	0
1	0
1	0
1	0
1	0
8	0
16	0
1	0
1	0
1	0
1	0
1	0
8	0
16	0
16	0
16	0
8	0
17	0
17	0
16	0
16	0
1	0
1	0
17	0
17	0
17	0
1	0
1	0
1	0
13	0
17	0
12	0
12	3
1	0
16	0
1	1
13	13
13	0
1	0
1	0
1	0
16	0
16	0
1	0
1	0
16	0
16	0
16	0
1	0
1	0
1	0
1	0
16	0
16	0
1	0
1	0
1	0
1	0
1	0
1	0
1	0
1	0
16	0
1	0
1	0
1	0
16	0
1	0
1	0
16	0
1	0
1	0
1	0
1	0
1	0
1	0
1	0
1	0
16	0
16	0
1	0
1	0
1	0
1	0
1	0
1	0
16	0
16	0
1	0
13	0
8	3
8	0
8	0
12	8
8	0
8	0
8	0
8	0
8	0
8	8
13	13
13	13
13	0
1	0
1	0
8	0
8	0
1	0
1	0
1	0
16	0
16	0
16	0
8	0
16	0
16	0
12	0
12	0
12	0
8	0
8	0
8	0
1	0
1	0
1	0
8	0
8	0
8	0
1	0
8	0
8	0
16	0
8	0
8	0
16	0
16	0
16	0
16	0
8	0
12	0
12	0
8	0
8	0
8	0
8	0
8	0
8	0
1	0
1	0
12	0
11	11
16	0
16	0
16	16
2	0
2	11
5	6
1	0
1	0
1	0
1	0
1	0
1	1
8	0
8	8
2	0
2	2
2	0
6	6
8	0
8	0
8	0
8	8
5	5
3	0
3	0
3	16
12	0
12	2
8	0
8	0
8	0
8	8
13	13
3	0
3	14
11	11
3	0
11	0
1	3
17	0
12	2
8	0
8	0
8	0
8	8
12	0
12	16
4	0
4	4
13	13
13	0
12	0
1	0
1	0
1	0
1	0
1	0
1	0
12	0
6	0
6	6
8	12
16	0
16	0
16	4
2	3
3	3
8	8
5	0
3	0
3	4
13	13
13	0
1	0
16	0
16	0
12	0
16	0
8	0
1	0
1	0
8	0
16	0
16	0
16	0
3	0
1	0
8	0
12	0
16	0
16	0
16	0
16	0
1	0
8	0
16	0
16	0
12	0
16	0
1	0
1	0
1	0
16	0
16	0
16	0
8	0
8	0
8	0
8	0
16	0
3	0
1	0
1	0
5	0
16	0
16	0
16	0
16	0
13	0
11	11
16	0
16	0
16	16
8	0
2	6
8	0
8	0
12	0
8	0
8	12
13	13
13	0
1	0
1	0
16	0
8	0
16	0
8	0
1	0
8	0
8	0
8	0
8	0
8	0
8	0
8	0
8	0
8	0
8	0
8	0
8	0
8	0
8	0
8	0
16	0
8	0
8	0
16	0
8	0
8	0
8	0
8	0
8	0
16	0
16	0
16	0
16	0
8	0
8	0
8	0
1	0
8	0
8	0
8	0
8	0
8	0
8	0
8	0
13	0
13	13
12	0
12	0
12	16
13	13
11	0
11	11
16	0
4	0
4	16
4	0
2	2
6	6
8	0
8	0
8	0
8	8
13	13
14	3
3	0
1	0
1	0
1	0
1	16
3	0
11	11
3	3
1	1
1	0
4	0
4	10
2	0
2	10
13	13
13	0
16	0
16	0
16	0
16	0
16	0
1	0
1	0
1	0
1	0
8	0
1	0
1	0
1	0
16	0
16	0
16	0
16	0
16	0
16	0
16	0
16	0
16	0
1	0
8	0
13	0
6	6
8	0
8	8
1	0
16	0
16	16
4	11
3	3
17	0
4	0
4	10
17	0
17	0
3	10
13	13
13	13
13	0
1	0
1	0
1	0
1	0
1	0
1	0
1	0
1	0
1	0
1	0
1	0
1	0
1	0
1	0
17	0
17	0
1	0
1	0
1	0
1	0
1	0
1	0
1	0
1	0
1	0
1	0
1	0
1	0
1	0
1	0
1	0
8	0
1	0
1	0
1	0
1	0
1	0
1	0
1	0
17	0
17	0
1	0
12	0
8	6
12	8
12	0
12	12
16	16
11	0
11	11
6	6
8	0
8	0
8	8
3	0
3	14
1	0
3	0
1	0
16	16
13	13
13	0
16	0
1	0
1	0
16	0
16	0
16	0
1	0
1	0
16	0
1	0
1	0
8	0
1	0
1	0
1	0
1	0
1	0
16	0
16	0
16	0
1	0
16	0
1	0
1	0
16	0
16	0
1	0
12	0
12	0
12	0
12	0
16	0
16	0
1	0
1	0
1	0
8	0
1	0
1	0
1	0
11	0
8	0
2	2
2	0
2	6
8	0
8	0
8	8
16	0
16	0
16	16
11	0
11	6
8	0
8	0
8	0
8	0
8	0
13	0
1	0
1	8
13	13
1	0
3	0
17	0
1	1
13	13
13	0
1	0
3	0
16	0
16	0
16	0
1	0
1	0
1	0
16	0
16	0
1	0
1	0
1	0
8	0
1	0
1	0
1	0
1	0
1	0
1	0
8	0
2	0
2	0
1	0
8	0
8	0
16	0
16	0
11	0
1	0
1	0
1	0
13	0
13	13
17	0
1	0
1	0
16	0
1	16
3	11
13	13
2	0
5	5
16	0
11	11
17	0
17	0
17	16
1	0
1	3
1	0
6	0
6	11
8	4
13	13
13	13
13	0
16	0
16	0
16	0
8	0
8	0
16	0
16	0
16	0
16	0
16	0
16	0
16	0
16	0
16	0
1	0
1	0
8	0
8	0
8	0
8	0
1	0
1	0
1	0
8	0
1	0
1	0
16	0
16	0
16	0
16	0
16	0
16	0
16	0
16	0
16	0
12	0
5	0
3	0
3	11
3	3
17	0
17	0
17	3
17	0
17	16
13	13
13	0
1	0
1	0
1	0
16	0
16	0
16	0
1	0
17	0
16	0
16	0
1	0
16	0
16	0
17	0
17	0
17	0
17	0
17	0
17	0
17	0
1	0
8	0
1	0
1	0
16	0
1	0
17	0
17	0
17	0
17	0
12	0
1	0
17	0
1	0
16	0
16	0
16	0
16	0
16	0
17	0
17	0
17	0
17	0
17	0
17	0
1	0
1	0
1	0
13	0
13	13
8	11
13	13
13	0
16	0
1	0
1	0
16	0
16	0
16	0
16	0
16	0
1	0
1	0
16	0
16	0
16	0
16	0
16	0
1	0
1	0
8	0
16	0
16	0
16	0
16	0
1	0
1	0
16	0
16	0
16	0
16	0
16	0
1	0
1	0
16	0
16	0
16	0
16	0
1	0
1	0
1	0
8	0
16	0
16	0
16	0
1	0
8	0
8	0
1	0
1	0
1	0
1	0
8	0
16	0
16	0
16	0
16	0
1	0
13	0
3	11
16	0
17	0
2	0
17	0
17	16
17	6
12	12
12	0
12	0
12	0
12	12
16	0
4	0
4	10
13	13
13	0
16	0
16	0
16	0
16	0
16	0
16	0
16	0
16	0
16	0
16	0
1	0
1	0
12	0
12	0
16	0
16	0
16	0
16	0
16	0
16	0
16	0
16	0
16	0
16	0
16	0
16	0
16	0
16	0
1	0
8	0
16	0
17	0
17	0
16	0
1	0
1	0
1	0
12	0
16	0
16	0
16	0
16	0
8	0
8	6
8	0
8	0
8	0
8	0
8	0
8	8
13	13
13	0
8	0
8	0
8	0
8	0
12	0
8	0
8	0
1	0
8	0
16	0
1	0
8	0
12	0
8	0
1	0
16	0
8	0
16	0
8	0
8	0
8	0
8	0
8	0
8	0
8	0
12	0
8	0
8	0
8	0
8	0
8	0
8	0
8	0
8	0
8	0
8	0
1	0
12	0
12	0
8	0
8	0
8	0
8	0
8	0
8	0
8	0
8	0
8	0
1	0
12	0
12	0
8	0
8	0
8	3
2	3
8	0
17	0
16	4
11	0
12	11
1	0
1	0
1	0
8	16
13	13
17	0
14	2
8	0
12	0
8	0
8	0
8	0
13	0
12	0
8	0
8	12
13	13
13	0
8	0
8	0
8	0
8	0
8	0
8	0
1	0
1	0
16	0
1	0
16	0
16	0
16	0
8	0
8	0
1	0
8	0
8	0
16	0
1	0
8	0
8	0
8	0
8	0
16	0
12	0
12	0
8	0
8	0
1	0
1	0
8	0
8	0
2	2
1	0
1	0
1	1
8	0
8	8
13	13
13	0
1	0
1	0
1	0
8	0
16	0
1	0
16	0
1	0
16	0
1	0
8	0
8	0
16	0
1	0
16	0
1	0
1	0
1	0
8	0
8	0
8	0
1	0
1	0
1	0
16	0
1	0
1	0
1	0
1	0
8	0
1	0
8	0
8	0
8	0
1	0
8	0
1	0
8	0
8	0
1	0
1	0
1	0
1	0
16	0
8	0
8	0
1	0
1	0
1	0
8	0
1	0
12	0
8	0
8	0
8	0
8	8
5	5
8	0
8	0
8	8
2	0
2	2
8	0
8	0
8	0
8	8
8	0
8	0
8	0
8	8
8	0
8	11
3	0
6	0
3	0
3	3
2	0
2	6
8	0
8	0
8	0
8	0
8	8
1	0
16	16
13	13
3	0
11	0
4	0
4	16
3	2
3	0
2	0
1	0
1	1
1	0
1	0
1	0
1	0
1	0
1	0
1	0
1	1
8	0
8	0
8	8
12	0
12	0
12	0
12	0
13	0
8	0
8	0
8	0
8	8
13	13
8	0
8	8
5	5
8	0
8	8
4	0
4	4
1	0
2	2
8	0
8	0
8	8
13	13
13	0
1	0
8	0
8	0
1	0
1	0
16	0
1	0
1	0
8	0
1	0
8	0
8	0
16	0
1	0
1	0
1	0
8	0
1	0
16	0
1	0
1	0
1	0
8	0
1	0
1	0
16	0
8	0
1	0
8	0
8	0
8	0
8	0
1	0
8	0
1	0
8	0
8	0
16	0
1	0
1	0
1	0
12	0
12	0
12	11
16	0
1	0
16	0
16	16
3	0
6	0
3	0
3	3
8	0
12	0
8	0
8	12
17	0
4	0
16	2
6	6
1	0
1	0
1	0
1	0
1	0
1	1
8	0
8	0
8	8
13	13
13	0
1	0
1	0
1	0
8	0
8	0
8	0
1	0
16	0
1	0
1	0
1	0
1	0
1	0
1	0
16	0
1	0
1	0
1	0
12	0
16	0
16	0
1	0
3	0
1	0
1	0
3	0
3	0
1	0
8	0
3	0
16	0
5	3
8	0
8	8
13	13
13	0
16	0
16	0
16	0
16	0
16	0
16	0
16	0
16	0
16	0
1	0
16	0
16	0
16	0
16	0
16	0
16	0
16	0
16	0
16	0
16	0
16	0
16	0
16	0
16	0
16	0
16	0
1	0
16	0
16	0
16	0
16	0
16	0
16	0
16	0
16	0
16	0
16	0
16	0
16	0
16	0
16	0
16	0
16	0
16	0
16	0
16	0
16	0
16	0
16	0
16	0
16	0
16	0
16	0
16	0
12	0
8	0
2	2
6	6
17	0
8	8
12	0
12	0
12	0
12	0
12	0
12	0
12	12
4	0
16	0
16	16
11	0
11	6
8	0
8	0
8	0
8	0
8	0
8	8
2	0
2	2
1	0
1	6
1	0
1	1
8	0
8	0
8	0
8	0
8	0
8	0
13	0
8	8
13	13
13	0
1	0
1	0
1	0
8	0
8	0
8	0
1	0
1	0
16	0
1	0
1	0
8	0
12	0
12	0
5	0
12	0
12	0
12	0
12	0
12	0
12	0
1	0
12	0
12	0
12	0
8	0
8	8
4	0
4	0
4	4
11	0
2	2
6	6
8	0
8	0
8	8
2	2
2	0
2	0
1	0
1	0
1	1
8	0
8	0
8	0
8	0
8	8
13	13
8	0
8	0
8	0
8	8
13	13
8	0
8	0
8	8
13	13
8	0
8	0
8	8
5	5
8	0
8	0
8	0
8	0
8	0
8	0
8	8
13	13
3	0
3	0
1	0
16	0
16	16
13	13
13	0
3	0
3	0
1	0
8	0
12	0
1	0
8	0
8	0
8	0
8	0
8	8
4	0
11	4
13	13
3	0
17	0
14	0
14	14
17	0
17	0
1	10
1	0
1	0
1	0
1	0
1	1
1	0
16	0
16	1
13	13
3	0
3	0
4	0
1	1
13	13
13	0
1	0
1	0
1	0
1	0
1	0
1	0
1	0
1	0
1	0
1	0
1	0
1	0
1	0
1	0
1	0
1	0
1	0
1	0
1	0
1	0
1	0
1	0
1	0
1	0
3	0
17	0
16	0
17	0
12	0
3	3
17	0
17	0
17	16
17	0
1	16
13	13
13	0
1	0
1	0
1	0
1	0
1	0
8	0
1	0
1	0
3	0
3	0
17	0
1	0
1	0
8	0
1	0
3	0
17	0
17	0
1	0
1	0
1	0
1	0
1	0
1	0
1	0
8	0
1	0
1	0
1	0
17	0
1	0
1	0
1	0
1	0
1	0
1	0
1	0
1	0
3	0
3	0
17	0
17	0
3	0
1	0
1	0
1	0
1	0
1	0
1	0
1	0
8	0
12	0
11	0
11	11
1	0
1	0
1	3
8	0
8	8
12	0
12	0
12	12
16	0
16	0
16	0
16	16
13	13
16	0
4	0
4	16
2	0
1	0
1	0
1	0
1	0
16	16
13	13
3	3
3	11
2	0
2	0
11	2
1	0
1	1
13	13
17	0
17	0
8	0
8	12
17	0
12	0
12	8
13	13
16	0
16	0
16	0
16	16
13	13
13	0
1	0
1	0
1	0
1	0
1	0
8	0
1	0
12	0
1	0
16	0
16	0
16	0
12	0
11	11
4	0
4	0
4	4
2	0
2	2
11	0
11	11
11	0
11	2
8	0
12	0
12	0
12	12
13	13
12	12
13	13
12	12
13	13
12	12
5	5
12	0
12	0
12	12
16	0
2	0
2	0
16	0
16	0
16	16
13	13
13	0
1	0
16	0
1	0
16	0
16	0
16	0
12	0
1	0
12	0
1	0
12	0
16	0
16	0
16	0
16	0
16	0
16	0
16	0
1	0
3	0
8	0
8	0
8	0
8	0
8	0
12	0
12	0
13	0
2	2
12	0
12	0
12	0
12	12
4	0
4	4
3	3
9	9
8	0
8	0
8	8
1	0
1	0
1	0
1	0
16	16
4	0
16	4
13	13
13	0
1	0
1	0
1	0
1	0
1	0
1	0
1	0
8	0
1	0
1	0
8	0
8	0
1	0
12	0
1	0
1	0
8	0
1	0
16	0
1	0
1	0
8	0
8	0
1	0
16	0
1	0
12	0
12	0
12	0
8	0
8	0
3	0
3	0
8	0
1	0
8	0
8	0
1	0
13	0
17	0
2	6
8	0
8	0
8	0
8	0
8	8
16	0
16	0
17	16
17	3
17	0
6	0
11	11
13	13
13	0
8	0
17	0
8	0
8	0
16	0
8	0
8	0
1	0
8	0
8	0
17	0
16	0
16	0
16	0
17	0
16	0
16	0
8	0
8	0
8	0
8	0
16	0
8	0
16	0
16	0
8	0
8	0
1	0
8	0
1	0
1	0
1	0
8	0
8	0
8	0
16	0
16	0
16	0
16	0
17	0
16	0
17	0
1	0
12	0
1	0
1	1
8	0
8	0
8	8
4	0
4	4
8	0
8	0
8	0
8	0
8	0
8	0
8	0
8	0
8	8
2	2
12	6
8	0
8	0
8	8
5	5
8	0
8	0
8	0
8	8
13	13
13	0
1	0
1	0
1	0
1	0
1	0
1	0
1	0
1	0
1	0
1	0
1	0
8	0
8	0
8	0
1	0
1	0
12	0
8	0
8	0
1	0
1	0
8	0
8	0
1	0
1	0
1	0
1	0
1	0
1	0
1	0
1	0
12	0
5	0
11	0
3	0
3	3
3	0
3	0
12	0
1	16
1	0
1	1
8	0
8	0
13	0
1	0
12	0
1	8
5	5
8	0
8	0
8	8
13	13
8	0
8	0
8	0
8	8
5	5
8	0
8	0
8	0
8	0
8	0
8	0
8	0
8	0
8	8
13	13
13	0
1	0
1	0
1	0
1	0
1	0
8	0
1	0
8	0
8	0
1	0
1	0
3	0
3	0
1	0
1	0
16	0
1	0
1	0
1	0
1	0
1	0
1	0
12	0
8	0
8	8
2	2
12	0
12	12
16	0
4	0
4	0
4	0
16	16
11	0
11	11
2	0
2	2
6	6
8	0
8	0
8	8
2	2
8	8
3	0
3	16
13	13
13	0
1	0
1	0
1	0
8	0
16	0
16	0
16	0
16	0
3	0
3	0
3	0
1	0
8	0
16	0
16	0
1	0
12	0
16	0
16	0
16	0
16	0
1	0
8	0
16	0
1	0
1	0
16	0
16	0
16	0
16	0
16	0
11	0
16	0
3	0
3	0
12	0
8	0
8	0
8	3
16	0
2	0
2	0
16	16
2	6
12	0
8	0
8	0
8	0
8	8
16	0
16	0
16	0
16	0
3	3
12	0
12	12
17	0
2	2
8	0
8	0
8	8
13	13
13	0
1	0
1	0
1	0
1	0
16	0
3	0
16	0
1	0
16	0
16	0
8	0
16	0
16	0
16	0
1	0
1	0
1	0
1	0
8	0
16	0
16	0
16	0
16	0
16	0
16	0
16	0
16	0
1	0
16	0
16	0
16	0
16	0
11	0
11	6
8	0
8	0
8	0
8	8
13	13
3	11
3	11
1	0
1	0
1	1
16	0
16	0
1	0
4	0
1	16
16	0
16	0
16	16
13	13
13	0
1	0
1	0
1	0
16	0
16	0
16	0
16	0
1	0
1	0
1	0
16	0
16	0
16	0
16	0
16	0
1	0
16	0
16	0
16	0
16	0
16	0
1	0
1	0
16	0
16	0
1	0
16	0
1	0
1	0
16	0
1	0
1	0
1	0
1	0
1	0
16	0
16	0
16	0
12	0
8	0
12	0
8	0
8	16
16	0
4	0
4	0
4	16
11	11
2	3
1	0
2	2
1	0
1	0
1	0
1	1
8	0
8	8
13	13
13	0
1	0
1	0
1	0
1	0
16	0
16	0
8	0
8	0
16	0
16	0
3	0
3	0
1	0
1	0
1	0
1	0
1	0
1	0
16	0
16	0
1	0
1	0
1	0
1	0
16	0
16	0
1	0
1	0
8	0
8	0
16	0
16	0
16	0
3	0
3	0
3	0
1	0
1	0
1	0
12	0
2	3
3	0
3	3
4	0
11	4
11	0
11	6
12	1
8	0
8	8
1	0
1	0
16	0
1	0
16	0
16	0
3	16
2	2
17	0
2	6
17	0
17	8
12	0
12	12
13	13
13	0
1	0
1	0
1	0
1	0
1	0
1	0
1	0
1	0
1	0
1	0
16	0
1	0
3	0
1	0
1	0
1	0
8	0
8	0
16	0
8	0
1	0
1	0
3	0
3	0
16	0
1	0
1	0
1	0
1	0
1	0
1	0
1	0
1	0
12	0
3	0
5	5
2	2
1	0
12	0
8	12
16	0
4	0
4	0
4	16
3	11
6	6
8	0
8	0
8	8
1	0
1	0
1	0
1	16
2	0
1	0
2	2
12	0
12	0
12	8
8	0
13	0
12	0
12	0
1	0
12	8
13	13
13	0
1	0
1	0
16	0
16	0
1	0
1	0
8	0
1	0
1	0
1	0
1	0
1	0
1	0
1	0
1	0
1	0
1	0
16	0
3	0
1	0
16	0
16	0
3	0
3	0
1	0
1	0
12	0
8	0
8	0
8	0
8	8
4	0
4	4
4	0
11	0
4	10
1	0
1	0
1	0
1	1
13	13
11	0
4	14
11	0
11	0
11	11
16	0
11	11
5	5
8	0
8	0
8	0
8	8
16	0
16	0
16	0
16	16
13	13
13	0
1	0
3	0
3	0
16	0
16	0
16	0
16	0
16	0
16	0
16	0
16	0
1	0
3	0
1	0
16	0
1	0
16	0
16	0
3	0
16	0
1	0
1	0
1	0
1	0
1	0
1	0
16	0
12	0
11	11
16	0
16	0
16	16
8	0
8	8
5	5
16	0
16	0
16	16
13	13
13	0
3	0
3	0
16	0
1	0
1	0
1	0
3	0
1	0
8	0
16	0
16	0
1	0
1	0
1	0
1	0
1	0
8	0
8	0
8	0
8	0
1	0
3	0
1	0
16	0
8	0
1	0
1	0
1	0
8	0
8	0
16	0
8	0
16	0
3	0
16	0
16	0
16	0
1	0
1	0
8	0
8	0
8	0
8	0
8	0
1	0
1	0
3	0
12	0
3	3
16	0
16	0
16	3
14	0
3	3
11	11
3	0
1	0
1	16
5	5
6	6
8	0
8	8
2	2
8	0
8	0
8	0
8	0
8	0
8	0
8	0
8	0
8	0
8	0
8	0
8	0
8	8
16	0
16	16
13	13
13	0
1	0
1	0
1	0
16	0
1	0
1	0
1	0
1	0
1	0
16	0
1	0
1	0
8	0
1	0
3	0
16	0
16	0
16	0
16	0
1	0
1	0
1	0
1	0
1	0
1	0
1	0
1	0
8	0
8	0
8	2
12	12
12	0
12	0
12	12
2	2
2	0
2	0
1	0
1	12
8	12
13	0
8	0
1	0
16	0
16	0
8	0
12	0
8	0
16	0
1	0
1	0
16	0
12	0
12	0
16	0
1	0
1	0
1	0
1	0
8	0
8	0
8	0
8	0
1	0
8	0
8	0
8	0
16	0
8	0
1	0
1	0
1	0
8	0
8	0
8	0
16	0
16	0
16	0
12	0
16	0
1	0
1	0
1	0
1	0
8	0
8	0
8	0
13	0
8	0
1	0
8	0
8	0
8	16
2	2
12	0
12	0
12	12
16	0
12	3
3	3
5	5
2	2
8	0
8	0
8	0
8	12
13	13
13	0
1	0
16	0
1	0
8	0
16	0
8	0
16	0
16	0
16	0
16	0
16	0
16	0
16	0
1	0
1	0
1	0
8	0
8	0
16	0
16	0
16	0
1	0
16	0
16	0
16	0
16	0
1	0
8	0
8	0
8	0
8	0
16	0
16	0
16	0
16	0
16	0
16	0
16	0
1	0
12	0
3	0
1	0
1	8
2	0
2	2
8	0
8	8
9	2
2	0
2	0
2	0
9	1
8	0
8	8
13	13
1	0
1	0
16	16
13	13
16	0
11	0
11	11
2	3
3	2
12	0
12	0
12	12
5	0
3	3
13	13
13	0
1	0
1	0
16	0
8	0
8	0
1	0
1	0
16	0
16	0
16	0
16	0
8	0
8	0
1	0
16	0
16	0
16	0
8	0
8	0
8	0
16	0
16	0
16	0
16	0
2	0
16	0
16	0
16	0
12	0
3	0
12	12
12	2
12	0
12	0
12	12
12	0
12	4
17	0
17	11
12	6
12	0
12	0
8	8
2	0
2	1
13	13
13	0
16	0
16	0
16	0
16	0
12	0
16	0
16	0
16	0
16	0
16	0
16	0
12	0
12	0
12	0
12	0
8	0
8	0
1	0
16	0
1	0
16	0
16	0
16	0
16	0
16	0
8	0
8	0
1	0
16	0
16	0
16	0
16	0
16	0
16	0
16	0
16	0
12	0
12	0
12	0
12	0
12	0
12	0
3	2
3	0
2	0
1	0
1	0
1	1
8	0
8	8
4	0
4	0
4	4
1	6
8	0
8	0
8	0
8	0
8	0
8	8
1	0
1	0
16	0
16	0
16	16
13	13
13	0
1	0
1	0
8	0
8	0
16	0
3	0
1	0
1	0
1	0
1	0
16	0
1	0
1	0
1	0
1	0
16	0
16	0
16	0
16	0
16	0
1	0
1	0
1	0
1	0
1	0
1	0
1	0
8	0
8	0
16	0
3	0
3	0
1	0
1	0
11	0
2	2
8	0
8	0
8	0
8	12
16	0
11	4
16	0
16	0
16	0
1	0
16	16
13	13
14	0
11	11
3	0
1	16
1	6
12	0
12	0
8	0
8	8
3	2
2	0
11	0
6	6
8	0
8	8
16	0
16	16
13	13
13	0
1	0
1	0
3	0
16	0
16	0
1	0
1	0
8	0
8	0
8	0
8	0
8	0
2	0
1	0
1	0
1	0
16	0
16	0
8	0
8	0
8	0
8	0
1	0
16	0
1	0
16	0
16	0
12	0
8	0
8	2
8	12
12	0
12	12
17	0
12	2
8	0
12	0
12	0
12	12
12	12
12	6
12	0
8	0
8	8
16	0
9	4
17	0
17	0
11	10
1	0
1	1
13	13
13	0
1	0
16	0
16	0
16	0
16	0
16	0
16	0
16	0
12	0
12	0
16	0
16	0
16	0
16	0
1	0
17	0
8	0
1	0
1	0
16	0
17	0
8	0
16	0
16	0
16	0
16	0
16	0
16	0
16	0
8	0
1	0
12	0
17	0
12	0
12	0
2	2
8	0
8	0
8	0
8	12
16	0
16	0
16	0
16	16
12	6
12	0
12	0
8	8
2	0
2	2
12	6
8	0
8	0
8	0
8	8
13	13
8	0
8	0
8	0
8	0
8	0
8	0
8	8
5	5
12	0
12	8
12	10
13	13
13	0
8	0
1	0
1	0
1	0
1	0
8	0
17	0
1	0
1	0
1	0
1	0
1	0
1	0
1	0
8	0
8	0
16	0
8	0
16	0
1	0
1	0
1	0
1	0
8	0
17	0
13	0
12	0
12	0
12	0
12	1
12	0
12	0
12	8
13	13
13	0
8	0
8	0
8	0
8	0
8	0
12	0
12	0
12	0
16	0
16	0
8	0
8	0
16	0
12	0
16	0
16	0
16	0
8	0
8	0
8	0
8	0
8	0
1	0
8	0
8	0
8	0
8	0
1	0
16	0
1	0
8	0
8	0
8	0
8	0
12	0
12	0
12	0
12	0
12	0
12	0
12	0
16	0
8	0
8	0
8	0
8	0
8	0
1	0
8	0
8	0
13	0
2	0
11	0
6	6
8	0
8	0
8	0
8	0
8	0
8	0
8	8
8	0
8	0
8	8
8	0
8	8
13	13
13	0
8	0
16	0
16	0
16	0
16	0
16	0
16	0
1	0
1	0
8	0
8	0
8	0
16	0
16	0
16	0
16	0
16	0
16	0
16	0
16	0
1	0
1	0
8	0
8	0
16	0
16	0
8	0
8	0
8	0
16	0
1	0
1	0
1	0
8	0
8	0
8	0
8	0
8	0
16	0
16	0
16	0
16	0
13	0
9	9
8	0
8	0
8	8
8	0
16	2
6	6
9	0
9	9
8	0
8	0
8	8
12	0
3	4
3	0
1	0
16	0
16	0
16	16
13	13
14	0
14	14
13	13
17	0
17	8
17	11
17	0
17	0
17	1
13	13
2	2
8	0
12	0
8	0
8	8
3	10
1	0
11	0
16	0
16	0
16	0
16	16
13	13
13	0
3	0
1	0
1	0
8	0
8	0
16	0
3	0
8	0
8	0
8	0
1	0
1	0
16	0
16	0
3	0
12	0
8	0
3	3
3	0
3	0
1	0
9	9
8	0
8	8
1	0
1	0
1	3
13	13
2	0
2	2
9	0
1	1
8	8
13	13
3	0
16	0
17	16
3	0
3	3
5	0
3	3
1	6
8	0
8	0
13	0
12	0
12	8
13	13
13	0
1	0
1	0
8	0
1	0
8	0
1	0
16	0
16	0
16	0
1	0
1	0
1	0
1	0
1	0
16	0
16	0
8	0
8	0
1	0
1	0
1	0
1	0
16	0
16	0
16	0
16	0
13	0
6	0
3	0
8	6
12	2
12	0
12	0
12	12
13	13
13	0
1	0
1	0
1	0
1	0
16	0
8	0
8	0
16	0
16	0
1	0
12	0
8	0
16	0
8	0
1	0
16	0
16	0
1	0
12	0
8	0
8	0
8	0
1	0
1	0
1	0
1	0
8	0
1	0
1	0
16	0
8	0
8	0
8	0
16	0
8	0
1	0
1	0
1	0
1	0
16	0
16	0
12	0
12	0
12	0
8	0
1	0
1	0
1	0
1	0
1	0
12	0
5	0
5	5
3	0
12	3
3	0
4	0
4	3
17	0
12	4
12	6
17	0
8	0
8	0
8	8
1	0
3	0
1	0
1	1
13	13
13	0
1	0
1	0
1	0
1	0
16	0
16	0
1	0
17	0
12	0
12	0
12	0
12	0
8	0
1	0
1	0
1	0
1	0
1	0
16	0
1	0
8	0
12	0
1	0
1	0
16	0
16	0
1	0
1	0
1	0
1	0
8	0
12	0
12	0
12	0
12	0
12	0
12	0
8	0
3	0
12	0
11	0
11	11
16	0
17	0
2	0
2	16
17	0
9	11
12	12
13	13
8	0
8	8
17	0
17	0
17	2
1	0
1	0
1	1
8	0
8	0
8	0
8	0
8	8
13	13
8	5
3	0
12	0
17	0
16	0
16	16
2	2
8	0
8	8
5	5
2	0
2	2
8	8
3	0
2	2
13	13
1	0
8	0
8	0
1	0
1	1
8	0
8	0
8	0
8	0
8	0
8	0
8	0
8	8
13	13
1	0
2	10
13	13
13	0
3	0
13	0
11	0
11	0
11	6
8	0
8	8
13	13
13	0
8	0
1	0
16	0
16	0
16	0
11	0
1	0
16	0
16	0
16	0
16	0
16	0
16	0
11	0
1	0
1	0
16	0
16	0
16	0
16	0
16	0
1	0
16	0
16	0
16	0
1	0
1	0
11	0
1	0
8	0
8	0
16	0
8	0
1	0
1	0
1	0
1	0
8	0
1	0
11	0
8	0
1	0
16	0
16	0
16	0
1	0
1	0
1	0
16	0
16	0
1	0
1	0
13	0
13	13
8	0
12	0
1	0
8	0
12	1
12	0
1	1
8	0
8	0
8	0
8	0
8	8
5	0
16	5
12	0
12	12
12	5
12	6
12	0
12	0
8	8
12	0
12	0
12	0
12	12
1	0
16	0
16	16
13	13
14	6
1	0
1	0
1	0
1	1
8	0
8	0
8	0
8	0
8	8
2	0
2	2
8	0
8	12
4	0
4	4
1	0
2	0
2	0
2	0
1	0
1	0
3	1
8	5
2	0
2	2
8	0
8	0
13	0
12	0
2	5
6	6
8	0
8	0
8	0
8	8
4	0
11	4
5	5
3	2
8	0
8	0
8	0
8	12
1	0
2	0
2	0
1	0
16	1
13	13
3	5
3	6
13	13
12	0
12	0
12	0
1	1
8	0
8	8
13	13
16	0
16	0
1	3
1	0
16	0
16	16
13	13
13	0
1	0
1	0
1	0
1	0
1	0
16	0
1	0
1	0
1	0
1	0
1	0
16	0
16	0
1	0
1	0
1	0
1	0
1	0
1	0
8	0
8	0
12	0
8	0
2	2
2	6
8	0
8	0
8	0
8	0
8	8
13	13
12	0
12	12
13	13
17	0
17	0
17	0
17	0
17	0
17	0
17	16
17	0
17	0
17	0
8	8
17	6
12	0
12	0
12	0
12	0
8	8
2	2
2	6
8	0
8	8
12	0
12	0
12	12
13	13
14	0
14	14
2	2
8	0
11	0
11	0
11	11
11	2
8	0
12	0
8	0
8	8
3	10
16	0
12	16
13	13
13	0
1	0
1	0
17	0
1	0
16	0
12	0
8	6
8	0
8	0
8	0
8	0
8	8
12	12
12	0
12	0
12	12
2	0
2	16
2	0
2	2
8	0
8	8
13	13
13	0
1	0
1	0
16	0
16	0
8	0
8	0
8	0
16	0
16	0
16	0
16	0
12	0
16	0
16	0
8	0
1	0
1	0
8	0
8	0
8	0
8	0
16	0
16	0
16	0
12	0
8	0
8	0
1	0
12	0
12	0
16	0
8	0
16	0
16	0
12	0
12	0
12	0
12	0
16	0
8	0
1	0
13	0
13	13
17	6
12	0
8	0
8	8
17	0
12	2
8	0
8	0
8	0
8	12
16	0
16	16
3	0
6	11
1	0
3	3
17	0
1	0
12	3
8	0
8	0
8	8
13	13
13	13
13	0
1	0
1	0
1	0
8	0
8	0
8	0
8	0
1	0
3	0
3	0
1	0
3	0
17	0
1	0
1	0
1	0
8	0
8	0
8	0
1	0
1	0
1	0
12	0
8	0
17	0
1	0
1	0
8	0
8	0
8	0
8	0
8	0
3	0
12	0
11	0
11	11
16	0
16	0
3	16
3	0
3	0
1	0
1	3
2	0
2	0
2	0
2	0
6	2
1	0
1	0
1	0
1	0
1	0
1	1
8	0
8	0
8	0
8	0
8	0
8	0
8	0
8	8
13	13
13	0
1	0
1	0
1	0
1	0
8	0
16	0
1	0
1	0
1	0
1	0
1	0
1	0
1	0
1	0
1	0
1	0
1	0
16	0
16	0
16	0
1	0
1	0
1	0
1	0
1	0
1	0
1	0
1	0
1	0
12	0
8	6
12	12
12	0
12	0
12	12
11	4
3	0
2	0
16	3
2	0
2	0
6	2
8	8
2	2
9	6
8	0
8	0
8	0
8	8
12	0
12	0
12	12
3	5
16	0
16	0
16	16
13	13
2	2
11	6
8	0
8	0
8	0
8	8
1	2
8	0
8	0
8	8
3	10
16	0
2	0
16	0
16	0
16	16
13	13
13	0
8	0
4	0
4	0
16	0
16	0
3	0
3	0
1	0
1	0
1	0
1	0
1	0
1	0
1	0
13	0
11	0
11	11
11	4
3	0
3	0
1	0
1	16
16	0
16	0
4	16
13	13
11	3
11	0
11	0
11	11
8	0
2	0
2	2
8	0
8	0
8	0
8	0
8	0
8	8
12	0
12	4
13	13
11	3
11	0
11	0
11	11
3	2
9	6
8	0
8	8
16	0
16	0
16	16
5	5
11	4
2	2
1	0
1	0
1	0
1	11
3	0
3	0
1	0
1	16
1	0
1	0
1	16
13	13
3	11
1	0
1	0
16	0
16	0
13	0
13	0
12	6
12	0
12	0
12	8
13	13
13	0
12	0
12	0
12	0
12	0
12	0
8	0
12	0
12	0
12	0
12	0
12	0
12	0
12	0
12	0
12	0
12	0
12	0
12	0
12	0
8	0
8	0
12	0
8	0
8	0
8	0
8	0
8	0
12	0
12	0
12	0
12	0
12	0
8	0
8	0
12	0
12	0
12	0
12	0
12	0
12	0
12	0
12	0
12	0
8	0
8	0
8	0
12	0
12	0
12	0
12	0
12	0
12	0
12	0
12	0
12	0
12	11
4	0
11	4
3	0
3	2
8	0
8	8
1	0
1	0
16	0
16	16
13	13
13	0
1	0
1	0
1	0
1	0
1	0
1	0
1	0
1	0
1	0
1	0
1	0
1	0
1	0
1	0
1	0
1	0
1	0
1	0
16	0
1	0
1	0
1	0
1	0
1	0
1	0
1	0
1	0
1	0
1	0
1	0
16	0
16	0
3	0
3	0
16	0
1	0
1	0
1	0
1	0
1	0
1	0
1	0
1	0
16	0
1	0
13	0
1	0
1	0
1	3
12	0
3	4
6	6
1	0
1	0
1	0
1	1
8	0
8	0
8	8
8	0
12	0
8	8
16	0
3	4
13	13
3	6
12	0
12	0
8	0
8	8
2	2
3	0
1	0
1	1
8	0
8	0
8	8
16	0
16	0
1	16
16	0
16	0
16	16
13	13
3	3
11	0
12	11
12	0
2	2
13	13
12	0
12	12
13	13
1	0
16	0
16	16
13	13
13	0
1	0
1	0
1	0
1	0
1	0
8	0
16	0
12	0
8	0
1	0
8	1
8	0
12	0
8	8
13	13
2	0
2	2
8	0
8	0
8	0
8	8
13	13
16	4
16	0
16	0
16	0
17	0
1	3
1	0
17	3
17	0
1	3
1	6
8	0
8	0
8	0
12	8
2	2
12	0
12	0
12	12
16	0
2	0
2	0
2	0
16	0
16	0
16	16
13	13
13	0
1	0
1	0
1	0
1	0
1	0
16	0
16	0
16	0
12	0
12	0
16	0
1	0
1	0
1	0
8	0
8	0
16	0
12	0
9	9
8	0
8	0
8	8
12	0
12	4
17	0
9	11
17	6
8	8
17	0
2	2
12	6
12	0
8	0
8	8
8	0
8	0
8	0
8	16
12	5
17	0
17	0
12	3
1	0
12	0
1	0
1	0
16	16
13	13
13	0
8	0
17	0
1	0
8	0
1	0
1	0
17	0
1	0
1	0
1	0
8	0
1	0
17	0
1	0
1	0
1	0
8	0
17	0
16	0
16	0
16	0
17	0
1	0
1	0
1	0
17	0
17	0
12	0
4	0
6	6
8	0
8	8
4	0
11	4
1	0
1	0
1	0
1	0
1	0
1	1
1	0
1	0
1	16
13	13
2	0
5	5
2	0
2	2
8	0
8	0
8	0
8	8
2	2
9	9
8	0
8	0
8	0
8	8
2	0
1	0
16	0
16	0
16	16
4	0
4	4
13	13
13	0
1	0
1	0
1	0
1	0
8	0
16	0
3	0
1	0
1	0
8	0
8	0
16	0
1	0
3	0
1	0
1	0
1	0
1	0
1	0
1	0
1	0
13	0
16	0
16	0
8	0
16	16
3	0
3	4
3	0
6	11
9	0
9	9
8	0
8	0
8	8
13	13
13	0
1	0
8	0
1	0
16	0
16	0
8	0
8	0
16	0
16	0
16	0
16	0
16	0
16	0
8	0
8	0
1	0
1	0
8	0
8	0
8	0
8	0
1	0
8	0
16	0
16	0
8	0
8	0
8	0
8	0
1	0
16	0
16	0
16	0
16	0
16	0
16	0
16	0
8	0
8	0
1	0
1	0
1	0
8	0
16	0
12	0
17	6
12	0
12	0
1	1
8	0
8	0
8	0
8	0
8	0
8	0
8	8
4	0
11	4
2	0
2	0
2	0
11	2
12	12
1	0
2	0
1	0
1	0
1	0
1	0
1	1
13	13
13	0
1	0
1	0
1	0
8	0
16	0
1	0
8	0
2	0
8	0
8	0
1	0
1	0
1	0
1	0
2	0
1	0
1	0
1	0
8	0
1	0
1	0
1	0
1	0
1	0
1	0
8	0
8	0
8	0
8	0
16	0
16	0
8	0
13	0
13	13
11	14
11	0
11	11
12	0
12	11
12	6
12	0
12	0
8	8
2	0
2	2
1	0
1	0
1	0
1	0
1	1
8	0
8	0
8	0
8	0
8	0
8	0
8	0
8	8
2	0
2	0
2	0
11	2
8	0
8	0
8	8
9	9
3	0
2	0
16	0
16	16
13	13
16	0
16	0
16	16
3	0
11	11
11	0
11	11
13	13
3	3
1	0
1	1
1	6
8	0
8	0
8	0
8	0
8	0
8	8
4	0
4	4
13	0
12	0
11	0
11	11
16	0
16	0
16	0
16	0
16	16
3	0
2	6
8	0
8	0
8	0
8	8
12	0
2	10
13	13
13	13
14	0
14	2
8	0
8	0
12	8
13	13
9	0
1	1
8	8
9	9
3	0
1	1
3	10
3	0
1	16
8	5
17	0
11	3
3	10
2	0
2	0
16	16
13	13
13	13
13	0
3	0
1	0
8	0
8	0
8	0
8	0
16	0
16	0
16	0
8	0
1	0
8	0
1	0
1	0
8	0
8	0
8	0
12	0
2	0
2	2
6	6
8	0
8	0
8	8
2	0
11	2
8	0
8	0
8	0
8	12
4	0
4	0
4	4
3	0
9	11
17	0
6	11
1	6
8	0
8	8
2	0
2	2
12	0
12	0
12	12
2	0
3	5
3	0
3	0
3	0
1	0
1	3
1	0
2	0
1	0
16	16
13	0
8	0
1	0
8	0
8	0
1	0
1	0
8	0
1	0
8	0
1	0
1	0
1	0
16	0
1	0
1	0
8	0
8	0
8	0
3	0
3	0
12	0
8	0
8	0
8	8
8	6
12	12
12	0
12	12
13	13
9	9
13	13
4	0
11	4
12	0
12	0
13	0
12	0
12	8
13	13
13	0
1	0
1	0
1	0
1	0
8	0
1	0
1	0
12	0
12	0
12	0
8	0
8	0
1	0
1	0
1	0
1	0
8	0
8	0
1	0
1	0
1	0
12	0
1	0
1	0
8	0
1	0
1	0
1	0
1	0
1	0
8	0
8	0
12	0
12	0
8	0
8	0
8	0
1	0
1	0
1	0
12	0
3	0
9	6
1	0
1	0
1	0
8	0
8	0
8	0
8	0
1	1
8	0
8	0
8	8
16	0
16	0
4	16
2	0
2	2
12	6
12	0
8	0
8	0
8	8
13	13
13	0
1	0
1	0
8	0
8	0
16	0
8	0
1	0
16	0
16	0
16	0
16	0
16	0
8	0
1	0
1	0
16	0
16	0
16	0
16	0
16	0
1	0
1	0
1	0
1	0
1	0
1	0
8	0
8	0
8	0
1	0
8	0
1	0
8	0
16	0
13	0
17	2
17	6
12	12
12	0
12	0
12	12
17	0
11	2
12	0
12	0
12	12
5	11
16	0
16	0
16	16
6	6
6	0
1	0
1	0
1	0
1	0
1	0
1	0
1	1
8	0
8	8
2	0
2	2
8	0
8	8
13	13
13	0
1	0
16	0
16	0
16	0
1	0
1	0
1	0
16	0
1	0
8	0
1	0
8	0
1	0
1	0
8	0
8	0
1	0
16	0
16	0
16	0
16	0
16	0
1	0
1	0
12	0
16	0
16	0
12	0
12	6
12	0
8	0
8	8
4	0
11	4
1	1
13	13
13	0
1	0
1	0
1	0
1	0
1	0
1	0
8	0
8	0
1	0
1	0
1	0
1	0
1	0
17	0
8	0
16	0
1	0
1	0
1	0
1	0
1	0
1	0
1	0
1	0
1	0
12	0
1	0
8	0
16	0
1	0
1	0
1	0
1	0
1	0
1	0
1	0
1	0
12	0
12	0
12	0
8	0
1	0
1	0
1	0
1	0
1	0
1	0
1	0
1	0
12	0
12	0
17	11
17	4
17	7
17	0
17	6
8	0
8	0
8	0
8	8
2	2
8	0
8	0
8	0
8	0
8	0
8	0
8	0
8	0
8	0
8	8
5	5
8	0
8	0
8	0
8	0
8	0
8	0
8	8
5	5
8	0
8	0
8	0
8	0
8	0
8	0
8	0
8	0
8	8
13	13
13	0
1	0
1	0
1	0
1	0
8	0
1	0
17	0
17	0
16	0
17	0
1	0
1	0
8	0
3	0
1	0
1	0
1	0
8	0
8	0
12	0
17	11
17	0
16	16
17	0
17	5
1	0
1	0
1	1
13	13
13	0
14	0
14	14
12	0
12	11
17	0
2	2
8	0
8	0
8	0
8	0
8	8
16	0
2	2
8	0
8	8
1	0
16	0
16	16
5	5
3	3
1	0
1	3
13	13
13	0
3	0
1	0
1	0
8	0
1	0
1	0
1	0
8	0
1	0
1	0
8	0
8	0
1	0
17	0
16	0
17	0
1	0
16	0
16	0
1	0
1	0
1	0
16	0
8	0
8	0
13	0
8	0
8	0
8	0
8	16
1	0
2	6
8	0
8	0
8	0
8	0
8	8
16	0
16	0
2	0
16	3
13	13
13	0
1	0
16	0
16	0
8	0
1	0
16	0
1	0
1	0
1	0
1	0
1	0
1	0
8	0
1	0
16	0
16	0
16	0
16	0
16	0
16	0
8	0
8	0
1	0
1	0
16	0
16	0
8	0
1	0
1	0
1	0
8	0
8	0
8	0
1	0
1	0
1	0
1	0
8	0
16	0
16	0
16	0
16	0
12	0
3	0
16	0
10	3
11	0
4	0
4	0
4	3
4	4
11	11
1	0
1	0
1	0
1	1
13	13
3	11
4	4
4	0
6	6
8	0
8	0
8	8
16	0
4	0
2	0
16	3
13	13
13	0
3	0
8	0
1	0
1	0
1	0
16	0
16	0
3	0
3	0
1	0
1	0
1	0
16	0
8	0
16	0
16	0
16	0
16	0
16	0
16	0
16	0
16	0
16	0
16	0
3	0
3	0
3	0
3	0
3	0
1	0
1	0
1	0
12	0
3	0
5	5
11	0
11	0
14	14
11	11
12	0
12	0
12	11
16	0
17	0
11	10
16	0
4	0
4	0
16	3
4	4
13	13
17	3
11	0
17	4
17	0
17	11
17	6
17	0
12	8
13	13
3	11
1	0
11	11
16	0
16	16
17	0
5	5
12	6
12	0
12	0
8	8
13	13
3	11
1	0
3	0
16	0
16	16
4	0
4	0
4	0
4	4
13	13
2	0
5	5
1	0
1	0
1	0
1	0
1	0
1	0
1	0
13	0
13	0
12	0
1	4
8	0
8	0
8	0
8	0
8	8
13	13
13	0
1	0
1	0
1	0
8	0
16	0
1	0
1	0
1	0
1	0
1	0
8	0
8	0
16	0
1	0
1	0
1	0
1	0
16	0
1	0
16	0
8	0
8	0
8	0
8	0
8	0
1	0
1	0
1	0
1	0
8	0
8	0
8	0
8	0
1	0
1	0
1	0
1	0
1	0
1	0
1	0
1	0
1	0
16	0
16	0
8	0
1	0
1	0
1	0
1	0
1	0
11	0
11	11
3	0
16	0
16	16
1	0
3	3
13	13
3	0
5	5
11	0
11	11
3	0
1	0
1	0
16	0
16	16
13	13
13	0
1	0
16	0
16	0
16	0
16	0
16	0
1	0
16	0
16	0
1	0
16	0
16	0
16	0
8	0
1	0
1	0
16	0
16	0
16	0
16	0
1	0
1	0
16	0
16	0
16	0
16	0
16	0
1	0
16	0
16	0
16	0
16	0
16	0
1	0
1	0
16	0
16	0
16	0
8	0
1	0
1	0
12	0
11	11
16	0
17	4
1	0
1	0
1	0
1	0
1	3
1	0
3	3
3	0
1	0
1	0
16	0
16	0
2	1
8	0
8	0
8	8
13	13
3	0
2	2
8	0
8	0
8	0
8	0
8	8
12	0
11	6
8	0
8	0
8	8
13	13
3	11
17	0
17	0
12	3
2	0
2	2
8	0
8	0
8	0
8	8
11	0
11	4
13	13
13	0
16	0
16	0
1	0
1	0
1	0
1	0
1	0
1	0
1	0
1	0
1	0
1	0
13	0
8	0
8	0
8	0
8	0
8	8
13	13
13	0
8	0
1	0
1	0
8	0
1	0
1	0
1	0
1	0
8	0
8	0
8	0
8	0
1	0
1	0
1	0
1	0
8	0
8	0
8	0
8	0
1	0
1	0
8	0
8	0
1	0
8	0
1	0
1	0
1	0
1	0
8	0
8	0
8	0
1	0
1	0
1	0
1	0
1	0
8	0
1	0
1	0
8	0
8	0
8	0
8	0
1	0
1	0
1	0
8	0
1	0
8	0
1	0
13	0
11	6
3	0
3	0
3	0
1	0
1	1
8	0
8	0
8	8
13	13
13	0
1	0
16	0
16	0
16	0
16	0
1	0
1	0
1	0
1	0
1	0
8	0
16	0
16	0
1	0
1	0
1	0
1	0
8	0
16	0
16	0
1	0
1	0
1	0
16	0
16	0
16	0
16	0
1	0
1	0
1	0
16	0
8	0
16	0
16	0
16	0
16	0
3	0
3	0
1	0
1	0
1	0
1	0
16	0
16	0
16	0
1	0
1	0
1	0
3	0
3	0
2	2
8	0
8	0
8	0
8	0
8	0
8	0
8	0
8	8
16	0
4	0
4	16
3	0
3	0
1	0
1	3
11	11
1	0
1	1
13	13
13	0
1	0
3	0
16	0
16	0
16	0
16	0
1	0
8	0
16	0
16	0
16	0
1	0
1	0
1	0
3	0
1	0
16	0
16	0
16	0
16	0
1	0
1	0
8	0
1	0
1	0
1	0
1	0
8	0
8	0
8	0
8	0
8	0
8	0
16	0
16	0
16	0
1	0
13	0
1	0
3	0
3	3
6	0
1	4
8	0
8	0
8	0
8	8
2	2
3	0
6	6
8	0
8	0
8	0
8	0
8	8
13	13
13	0
1	0
1	0
1	0
8	0
16	0
8	0
16	0
16	0
8	0
8	0
16	0
1	0
1	0
1	0
1	0
1	0
1	0
8	0
8	0
8	0
1	0
1	0
8	0
8	0
8	0
16	0
1	0
16	0
3	0
16	0
16	0
1	0
8	0
8	0
8	0
16	0
1	0
1	0
1	0
1	0
12	0
11	11
8	0
16	0
16	0
16	16
3	11
3	3
1	0
1	3
13	13
5	5
1	11
17	0
12	16
12	3
1	0
17	0
17	0
1	3
17	0
17	0
12	10
1	0
1	0
1	16
13	13
14	14
12	6
17	0
17	0
17	0
12	1
12	0
12	0
12	8
3	0
3	0
3	3
1	0
1	0
1	1
16	0
4	0
12	16
17	0
12	4
17	0
2	5
5	6
8	0
8	0
8	8
13	13
13	0
16	0
1	0
1	0
17	0
17	0
12	0
1	0
1	0
8	0
1	0
1	3
3	0
1	0
16	0
16	0
16	0
11	16
3	11
17	0
12	5
17	0
12	0
12	3
1	0
1	0
1	16
13	13
11	14
3	0
11	11
6	6
8	0
8	0
8	8
16	0
16	0
16	16
13	13
13	0
1	0
12	0
17	0
17	0
1	0
1	0
1	0
1	0
17	0
16	0
16	0
3	0
1	0
1	0
1	0
1	0
16	0
16	0
1	0
1	0
16	0
16	0
16	0
3	0
3	0
17	0
12	0
6	11
1	0
12	0
1	16
4	0
4	0
4	3
8	0
8	0
8	0
8	0
8	0
8	0
8	8
13	13
11	3
6	0
3	4
3	0
3	3
2	2
8	0
8	8
17	0
12	2
12	0
12	0
16	16
13	13
13	0
1	0
1	0
16	0
16	0
16	0
1	0
16	0
1	0
8	0
1	0
1	0
1	0
1	0
8	0
16	0
12	0
1	0
1	0
1	0
8	0
8	0
1	0
1	0
1	0
8	0
8	0
8	0
8	0
8	0
11	0
17	11
17	0
16	0
17	16
13	13
17	0
17	17
13	13
6	0
11	11
16	0
16	0
16	0
1	0
1	16
2	0
2	2
8	0
8	0
8	8
2	10
13	13
13	0
1	0
1	0
8	0
16	0
16	0
16	0
1	0
1	0
1	0
1	0
1	0
16	0
1	0
1	0
1	0
1	0
8	0
8	0
16	0
8	0
1	0
1	0
1	0
16	0
16	0
16	0
16	0
16	0
1	0
16	0
16	0
16	0
16	0
1	0
1	0
1	0
13	0
13	0
11	0
14	14
3	11
1	6
12	0
12	0
12	0
8	8
16	0
16	16
13	13
11	3
11	0
11	4
3	0
6	11
1	6
1	0
1	0
1	0
1	0
1	0
1	0
1	1
17	0
8	0
1	0
1	8
17	2
17	6
17	0
1	0
17	0
1	0
17	0
12	1
12	0
12	0
12	8
13	13
13	0
1	0
1	0
1	0
1	0
1	0
16	0
3	0
3	0
1	0
1	0
1	0
1	0
1	0
1	0
1	0
16	0
16	0
12	0
11	11
12	0
12	0
12	0
12	16
13	13
17	11
17	0
17	0
17	0
17	16
3	0
17	0
3	3
17	0
17	0
17	11
17	0
17	16
13	13
14	0
6	0
14	14
12	6
12	0
8	0
8	8
2	0
2	2
8	0
8	0
8	8
8	0
6	6
8	0
8	0
8	0
8	0
8	8
12	0
12	4
13	13
11	0
11	11
16	0
4	0
4	16
1	0
3	0
1	0
1	3
3	3
6	0
6	0
3	0
3	0
3	3
1	0
13	0
12	0
17	11
17	0
17	16
17	0
12	5
1	0
2	0
1	0
1	0
1	0
1	1
1	0
1	0
1	0
1	0
2	2
2	0
2	0
3	0
2	2
8	0
8	0
8	0
8	8
8	0
5	5
8	0
8	8
13	13
3	11
1	1
17	0
8	0
8	8
17	0
3	16
17	0
16	16
13	13
5	0
5	5
4	0
4	0
4	2
11	0
6	0
11	6
12	0
12	0
12	0
13	0
1	0
6	0
3	0
3	0
3	8
1	0
3	0
13	0
11	0
11	11
4	0
11	4
5	5
3	3
1	0
2	6
1	0
1	0
1	0
1	0
1	0
1	0
1	0
1	0
1	1
8	0
8	0
8	0
8	8
13	13
11	0
11	0
14	14
3	3
3	0
3	3
1	0
11	0
11	0
12	0
16	16
4	0
4	0
4	4
13	13
6	6
8	0
8	0
8	0
8	8
16	0
3	4
1	0
1	1
5	5
11	11
8	0
12	4
17	0
12	0
12	10
1	0
1	1
13	13
13	0
1	0
1	0
1	0
12	0
1	0
3	0
3	0
1	3
16	0
16	0
16	16
11	0
11	11
13	13
17	0
2	3
17	0
11	0
14	0
11	14
11	0
17	0
11	10
16	0
2	0
16	0
16	0
16	16
13	13
13	0
3	0
16	0
8	0
8	0
16	0
1	0
16	0
16	0
17	0
16	0
16	0
16	0
16	0
8	0
16	0
16	0
16	0
16	0
16	0
8	0
1	0
1	0
1	0
1	0
16	0
1	0
11	0
11	0
1	0
1	0
16	0
17	0
17	0
11	0
11	0
11	11
16	0
16	16
1	0
1	0
1	0
1	0
1	0
1	0
1	8
1	0
1	0
1	0
1	16
1	0
1	0
1	1
13	13
16	0
16	0
16	0
14	16
11	0
11	11
1	0
1	1
13	13
13	0
16	0
1	0
1	0
1	0
1	0
1	0
16	0
1	0
1	0
1	0
1	0
16	0
16	0
16	0
3	0
3	0
1	0
16	0
8	0
16	0
1	0
1	0
1	0
1	0
1	0
1	0
3	0
3	0
1	0
1	0
11	0
11	11
4	0
11	4
3	0
11	0
3	0
3	3
1	0
1	0
1	0
1	0
1	0
1	1
13	13
13	0
1	0
1	0
1	0
16	0
1	0
1	0
1	0
1	0
1	0
16	0
3	0
1	0
1	0
1	0
1	0
1	0
1	0
1	0
1	0
1	0
1	0
1	0
1	0
1	0
1	0
1	0
1	0
1	0
1	0
1	0
1	0
16	0
16	0
1	0
3	0
3	0
1	0
1	0
1	0
1	0
1	0
1	0
1	0
1	0
12	0
11	11
4	4
4	0
11	11
2	2
6	6
8	0
8	0
8	8
12	0
12	0
12	11
3	5
1	0
2	6
8	0
8	0
8	0
8	0
8	8
1	0
16	0
16	0
16	16
13	13
13	0
3	0
3	0
8	0
12	0
16	0
12	0
1	0
1	0
1	0
1	0
16	0
1	0
3	0
1	0
8	0
1	0
1	0
16	0
16	0
16	0
3	0
8	0
1	0
1	0
3	0
1	0
8	0
1	0
12	0
12	0
12	0
1	0
1	0
13	0
3	2
12	0
12	0
8	8
4	4
4	0
12	11
12	11
3	0
1	3
17	2
2	0
6	0
6	6
8	0
8	0
8	8
1	0
12	0
16	0
16	16
13	13
3	3
17	0
4	0
1	16
16	11
11	0
11	11
3	0
6	0
3	3
1	0
1	0
1	0
16	16
13	13
13	0
1	0
16	0
1	0
16	0
16	0
16	0
1	0
1	0
1	0
1	0
16	0
3	0
3	0
3	0
12	0
17	0
1	0
3	0
1	0
1	0
1	0
13	0
2	2
1	0
12	0
17	0
8	8
13	13
13	0
1	0
8	0
8	0
8	0
1	0
8	0
1	0
1	0
1	0
1	0
8	0
8	0
1	0
1	0
1	0
1	0
1	0
8	0
8	0
8	0
1	0
1	0
8	0
8	0
8	0
1	0
1	0
1	0
1	0
8	0
8	0
8	0
8	0
1	0
8	0
1	0
1	0
1	0
8	0
8	0
8	0
1	0
1	0
8	0
8	0
1	0
1	0
8	0
8	0
8	0
8	0
1	0
13	0
2	2
8	17
13	13
13	0
1	0
1	0
8	0
8	0
16	0
1	0
1	0
1	0
1	0
8	0
8	0
8	0
1	0
1	0
1	0
1	0
8	0
8	0
8	0
1	0
1	0
1	0
1	0
8	0
8	0
1	0
1	0
1	0
8	0
16	0
8	0
8	0
1	0
1	0
1	0
1	0
1	0
8	0
8	0
8	0
1	0
1	0
8	0
8	0
8	0
1	0
1	0
1	0
8	0
8	0
8	0
1	0
1	0
1	0
8	0
13	0
2	2
3	0
3	0
1	0
1	9
8	17
13	13
13	0
1	0
1	0
1	0
8	0
8	0
8	0
8	0
1	0
1	0
8	0
1	0
8	0
8	0
8	0
8	0
1	0
1	0
8	0
8	0
8	0
8	0
8	0
1	0
8	0
8	0
8	0
8	0
1	0
1	0
1	0
8	0
8	0
8	0
8	0
1	0
8	0
8	0
1	0
8	0
8	0
3	0
1	0
1	0
8	0
8	0
8	0
1	0
1	0
1	0
1	0
8	0
12	0
2	2
6	0
6	6
8	8
4	0
4	0
4	4
11	11
2	2
11	0
6	11
1	0
1	0
1	0
1	3
17	0
2	2
17	0
9	6
8	0
8	0
8	0
8	0
8	0
8	8
2	2
8	0
8	0
8	8
12	0
17	0
3	10
17	0
6	0
11	16
13	13
13	0
8	0
8	0
1	0
1	0
8	0
8	0
8	0
17	0
1	0
8	0
8	0
1	0
1	0
16	0
3	0
3	0
8	0
1	0
8	0
1	0
1	0
1	0
12	0
5	0
5	5
11	0
11	11
16	0
16	0
16	0
16	16
3	0
3	0
2	0
3	0
3	0
3	3
12	3
1	0
2	10
13	13
14	0
11	0
14	14
3	11
12	6
12	0
12	0
12	0
8	8
2	0
16	0
16	0
16	16
5	5
6	0
6	6
8	0
8	0
8	8
2	0
2	16
13	13
13	0
3	0
16	0
1	0
16	0
16	0
16	0
16	0
16	0
8	0
8	0
16	0
16	0
16	0
16	0
16	0
3	0
3	0
3	0
13	0
1	16
13	13
14	11
17	0
17	4
17	3
17	3
17	0
6	6
1	0
1	0
1	0
1	1
8	0
8	0
8	8
2	0
2	2
3	0
3	0
9	0
9	9
8	0
5	5
3	0
1	9
1	0
1	0
1	1
8	0
8	8
1	0
16	0
16	0
16	16
13	13
13	0
1	0
1	0
1	0
1	0
1	0
1	0
8	0
1	0
1	0
1	0
16	0
14	0
16	0
1	0
1	0
12	0
1	0
1	0
1	0
1	0
1	0
1	0
12	0
11	11
16	0
16	0
16	16
8	0
12	11
17	0
5	3
17	0
12	0
12	3
17	0
2	2
3	0
1	0
1	0
1	1
8	0
8	0
8	0
8	8
1	0
1	0
2	0
16	0
16	16
13	13
2	0
2	5
8	0
2	2
1	3
8	0
8	0
8	8
13	13
13	0
1	0
1	0
8	0
8	0
8	0
1	0
8	0
1	0
1	0
8	0
1	0
8	0
8	0
8	0
1	0
8	0
1	0
1	0
8	0
1	0
8	0
1	0
13	0
13	0
6	0
14	14
8	11
3	0
2	2
8	0
8	0
8	0
8	0
8	8
16	0
16	0
16	16
13	13
12	6
12	0
12	8
12	0
12	0
12	12
13	13
13	13
11	3
16	0
16	0
4	16
11	0
11	11
5	5
13	13
12	0
12	6
12	0
12	0
12	12
13	13
13	13
2	0
5	5
1	0
1	0
1	0
1	16
17	0
12	0
12	16
17	0
9	11
1	0
1	0
1	3
13	13
12	6
12	0
12	8
12	0
12	0
13	0
13	0
3	0
3	0
17	14
16	11
17	0
17	0
12	10
4	0
16	0
3	16
13	13
14	0
11	0
14	14
6	0
6	6
8	0
8	0
8	0
8	8
17	0
17	0
17	16
17	10
17	0
16	0
16	16
13	13
11	11
11	0
11	11
16	0
16	0
4	0
16	0
16	16
11	0
11	16
13	13
13	0
3	0
16	0
16	0
17	0
8	0
17	0
1	0
1	0
16	0
16	0
16	0
16	0
16	0
16	0
16	0
16	0
16	0
16	0
14	0
13	0
3	11
3	0
16	0
16	16
16	0
11	11
3	0
3	3
1	0
1	3
16	0
8	8
3	16
8	0
2	0
2	2
3	0
6	0
9	6
8	0
8	0
8	0
8	0
8	0
8	8
13	13
1	0
1	0
1	16
2	3
13	13
13	0
1	0
1	0
1	0
1	0
1	0
16	0
3	0
1	0
1	0
1	0
17	0
1	0
8	0
1	0
1	0
16	0
16	0
16	0
16	0
16	0
3	0
3	0
1	0
1	0
1	0
3	0
3	0
11	0
11	11
16	0
16	0
16	0
16	0
16	16
13	13
11	11
16	0
16	16
17	0
12	0
12	3
3	0
3	3
13	13
5	0
2	5
11	0
11	0
14	14
8	11
4	0
4	0
4	0
4	4
1	0
1	0
1	0
1	0
1	1
1	0
1	0
1	0
16	16
13	13
13	0
16	0
1	0
16	0
3	0
8	0
16	0
16	0
1	0
8	0
8	0
8	0
1	0
1	0
3	0
3	0
3	0
3	0
8	0
17	0
17	0
17	0
3	0
12	0
6	2
8	0
8	0
8	0
8	0
8	0
8	8
16	0
16	16
3	11
3	7
1	0
17	0
12	10
1	0
1	0
1	0
1	0
1	3
13	13
1	0
11	11
4	0
11	4
3	0
3	3
5	5
1	0
11	0
6	6
8	0
8	0
8	0
8	8
2	2
2	0
6	6
8	0
8	8
13	13
13	0
16	0
3	0
1	0
1	0
8	0
1	0
1	0
1	0
1	0
8	0
8	0
16	0
3	0
3	0
3	0
1	0
1	0
1	0
12	0
1	6
8	0
8	0
12	0
8	0
8	8
16	0
16	0
16	16
3	11
2	0
2	2
12	0
8	0
8	8
3	0
1	3
5	0
3	3
5	5
1	0
2	6
8	0
8	0
8	0
8	0
8	0
8	0
8	8
16	0
4	0
4	0
4	16
13	13
8	0
8	0
8	8
8	0
2	0
2	2
8	0
8	0
8	8
13	13
13	0
1	0
1	0
1	0
8	0
1	0
16	0
1	0
1	0
16	0
16	0
3	0
1	0
1	0
1	0
13	0
5	0
5	5
3	0
11	11
4	0
11	4
3	0
1	0
1	0
1	3
6	6
1	0
1	0
1	0
1	1
8	0
8	0
8	0
8	0
8	0
8	8
13	13
3	11
17	0
12	11
1	0
1	6
8	0
8	0
8	0
8	8
10	0
10	0
2	0
1	0
16	0
16	0
16	16
13	13
13	0
1	0
1	0
1	0
1	0
1	0
1	0
16	0
16	0
16	0
8	0
8	0
1	0
1	0
1	0
1	0
1	0
1	0
1	0
1	0
12	0
11	11
16	0
16	0
16	16
13	13
8	0
8	0
8	8
3	0
11	0
4	16
6	6
8	0
8	0
8	8
3	0
3	3
12	0
12	0
12	11
3	0
10	0
2	0
1	0
16	0
16	0
16	16
13	13
11	0
11	11
11	0
11	4
1	0
12	0
12	10
5	6
1	0
1	0
1	0
1	0
1	1
8	0
8	0
8	0
8	0
8	0
8	8
13	13
13	0
1	0
1	0
1	0
1	0
3	0
16	0
1	0
1	0
1	0
8	0
12	0
3	0
3	14
1	0
1	0
1	0
1	9
13	13
6	0
1	9
12	8
16	0
16	16
11	4
13	13
6	3
6	0
17	4
17	0
6	6
8	0
8	0
8	0
8	0
8	8
13	13
3	11
3	0
3	4
1	6
17	0
12	0
12	0
12	1
12	0
12	0
12	8
1	0
1	0
1	0
1	0
16	16
16	0
16	0
17	0
17	16
13	13
13	0
1	0
1	0
1	0
1	0
1	0
1	0
1	0
1	0
1	0
16	0
16	0
1	0
13	0
12	0
12	0
12	6
8	0
8	0
8	0
8	8
4	0
4	0
4	0
4	4
3	0
2	0
2	0
16	0
16	0
1	0
16	16
2	0
2	2
8	0
8	0
8	0
8	0
8	8
13	13
12	0
12	0
8	0
8	0
8	8
13	13
8	0
1	8
13	0
17	0
13	13
12	10
13	13
3	0
11	11
11	0
11	4
1	0
11	0
3	0
3	0
1	1
13	13
13	0
1	0
1	0
16	0
16	0
16	0
16	0
3	0
3	0
3	0
12	0
11	11
17	0
17	0
16	0
16	16
3	0
3	3
17	6
12	0
8	0
8	8
1	0
1	0
17	16
13	13
12	0
12	8
16	0
12	0
16	0
16	16
3	11
3	0
3	3
3	0
17	0
12	10
1	0
2	0
2	0
16	0
16	0
16	16
13	13
13	0
1	0
1	0
1	0
16	0
16	0
1	0
1	0
8	0
1	0
3	0
1	0
1	0
1	0
1	0
16	0
16	0
16	0
1	0
1	0
12	0
12	0
1	0
1	0
1	0
13	0
11	0
11	0
11	0
12	1
8	0
8	8
13	13
13	0
1	0
1	0
1	0
1	0
16	0
16	0
16	0
16	0
16	0
16	0
8	0
8	0
16	0
11	0
1	0
16	0
16	0
16	0
16	0
16	0
16	0
1	0
1	0
1	0
16	0
1	0
16	0
1	0
16	0
1	0
1	0
16	0
16	0
1	0
1	0
16	0
16	0
16	0
16	0
16	0
16	0
16	0
16	0
16	0
16	0
1	0
1	0
1	0
1	0
16	0
16	0
13	0
3	0
3	11
17	0
6	0
17	16
3	0
11	11
17	0
17	0
11	10
16	0
16	0
16	0
4	0
4	16
13	13
13	0
16	0
16	0
16	0
16	0
16	0
16	0
1	0
16	0
16	0
16	0
16	0
1	0
1	0
16	0
16	0
16	0
16	0
16	0
16	0
16	0
16	0
16	0
16	0
16	0
16	0
16	0
16	0
1	0
1	0
16	0
16	0
16	0
17	0
16	0
1	0
1	0
1	0
1	0
16	0
16	0
16	0
16	0
12	0
17	0
12	6
8	0
12	0
12	8
17	0
12	16
3	11
1	0
2	0
11	0
16	0
16	0
16	16
13	13
13	0
1	0
1	0
1	0
16	0
16	0
16	0
1	0
1	0
16	0
17	0
17	0
17	0
16	0
1	0
1	0
1	0
1	0
16	0
16	0
16	0
1	0
1	0
16	0
16	0
17	0
16	0
16	0
1	0
1	0
16	0
1	0
16	0
16	0
12	0
17	0
17	0
12	0
1	0
1	0
1	0
1	0
1	0
16	0
12	0
3	0
1	3
3	16
3	3
16	0
12	0
12	3
17	0
12	0
12	11
1	0
16	16
13	13
1	0
1	0
1	0
1	0
1	3
3	0
3	3
13	13
1	0
1	0
1	0
1	0
1	3
3	0
3	0
3	3
13	13
5	0
5	5
3	0
11	11
11	0
11	4
3	2
2	0
2	0
2	6
8	0
8	0
8	8
3	3
13	13
14	0
11	11
16	0
3	0
16	0
16	16
17	0
2	2
17	6
12	0
12	0
12	0
8	0
13	0
12	0
3	11
16	0
1	0
1	16
16	0
2	0
1	0
3	3
13	13
14	0
11	0
14	14
1	11
1	0
2	0
2	0
16	0
16	0
16	0
16	16
4	0
4	0
4	4
13	13
13	0
1	0
16	0
16	0
16	0
16	0
16	0
16	0
8	0
1	0
1	0
16	0
16	0
16	0
16	0
16	0
16	0
16	0
16	0
16	0
16	0
16	0
16	0
16	0
16	0
16	0
16	0
16	0
16	0
16	0
16	0
16	0
16	0
1	0
1	0
13	0
11	11
16	0
16	0
16	16
11	0
11	11
13	13
13	0
1	0
1	0
1	0
1	0
8	0
8	0
8	0
8	0
3	0
3	0
3	0
1	0
8	0
8	0
8	0
1	0
3	0
3	0
1	0
1	0
8	0
8	0
1	0
1	0
1	0
1	0
8	0
16	0
1	0
3	0
1	0
1	0
8	0
1	0
1	0
1	0
8	0
8	0
8	0
8	0
3	0
11	0
3	0
8	0
8	0
1	0
1	0
1	0
1	0
1	0
8	0
12	0
12	6
8	0
8	8
16	0
16	0
16	0
16	16
17	0
12	3
12	6
12	0
12	0
8	8
2	2
3	0
1	0
1	0
3	3
2	2
3	0
12	0
2	6
8	0
12	0
8	0
8	0
8	0
8	8
13	13
13	0
1	0
1	0
12	0
8	0
1	0
1	0
1	0
1	0
3	0
8	0
1	0
12	0
1	0
1	0
1	0
1	0
1	0
1	0
16	0
1	0
1	0
8	0
8	0
8	0
12	0
12	0
12	0
12	0
12	0
12	0
17	0
12	0
12	6
8	0
8	8
4	0
4	4
17	0
17	0
17	10
17	0
1	3
8	0
8	8
13	13
3	3
1	0
16	0
1	16
6	11
1	0
8	3
13	13
13	0
1	0
1	0
1	0
1	0
1	0
1	0
1	0
1	0
1	0
1	0
1	0
1	0
16	0
1	0
1	0
1	0
1	0
1	0
8	0
1	0
1	0
1	0
1	0
1	0
1	0
1	0
1	0
1	0
17	0
17	0
17	0
1	0
1	0
1	0
1	0
12	0
17	11
17	4
17	0
17	0
1	0
1	3
1	0
6	0
1	1
1	2
17	0
6	0
6	6
8	0
8	8
13	13
3	11
17	0
12	11
1	0
1	0
1	0
1	0
1	16
13	13
2	0
2	5
3	0
16	0
4	16
3	0
11	11
11	0
6	0
14	14
12	6
12	0
12	0
8	0
8	0
8	8
8	0
8	0
8	0
8	0
8	0
8	0
8	0
8	0
8	8
16	0
5	5
8	0
8	0
8	0
8	0
8	8
2	0
13	0
13	0
11	11
16	0
16	0
16	16
1	0
3	3
17	0
1	3
1	0
1	0
1	0
1	0
1	11
13	13
2	0
5	5
3	11
16	0
16	0
16	0
16	0
16	0
16	16
17	0
17	11
12	0
12	0
1	11
3	0
11	0
11	3
13	13
13	0
3	0
1	0
1	0
1	0
1	0
1	0
1	0
1	0
17	0
1	0
16	0
16	0
12	0
8	0
17	0
17	0
1	0
1	0
1	0
1	0
1	0
1	0
1	0
1	0
1	0
1	0
13	0
3	0
16	3
17	0
11	4
17	0
12	3
12	0
12	0
12	3
17	0
6	0
3	3
3	10
1	0
1	0
2	16
13	13
14	0
11	0
14	14
8	11
11	0
6	6
8	0
8	0
8	0
8	0
8	8
4	4
13	13
17	0
8	0
8	8
3	11
17	0
12	0
12	3
8	0
8	0
8	0
8	0
8	0
8	0
8	0
8	0
8	8
16	0
11	16
13	13
3	0
17	0
17	0
16	16
3	0
3	0
3	3
1	2
8	0
13	0
11	0
11	11
4	4
3	0
6	0
6	6
8	8
1	6
8	0
8	0
8	0
8	0
8	0
8	0
8	8
13	13
11	0
14	0
14	14
3	2
1	0
2	6
8	0
8	0
8	0
8	8
2	2
3	0
11	11
1	0
1	11
4	0
4	4
13	13
3	11
3	0
1	0
1	3
3	3
1	0
16	16
5	5
3	0
3	0
1	0
1	0
1	3
4	0
2	16
13	13
13	0
1	0
1	0
1	0
1	0
1	0
16	0
1	0
1	0
16	0
12	0
3	7
13	13
6	0
11	11
4	0
11	4
3	0
2	0
3	3
8	0
8	0
8	8
13	13
13	0
1	0
1	0
16	0
1	0
16	0
1	0
1	0
1	0
1	0
1	0
16	0
16	0
1	0
1	0
1	0
1	0
1	0
1	0
1	0
1	0
1	0
1	0
1	0
16	0
1	0
1	0
1	0
1	0
1	0
1	0
1	0
16	0
1	0
16	0
16	0
16	0
1	0
1	0
1	0
1	0
1	0
1	0
1	0
1	0
1	0
13	0
11	11
16	0
17	4
6	6
8	0
8	0
8	8
13	13
3	11
17	0
12	11
1	0
1	0
1	0
1	0
1	16
13	13
1	0
1	0
1	1
13	13
3	0
1	0
1	0
3	3
13	0
17	0
13	13
8	0
8	4
12	6
12	0
12	0
8	8
5	0
3	0
3	3
1	0
1	0
1	0
16	3
13	13
16	0
16	16
3	11
13	13
13	0
16	0
16	0
16	0
1	0
1	0
16	0
16	0
16	0
16	0
1	0
1	0
1	0
12	0
3	11
17	0
16	0
16	16
1	0
3	3
2	2
3	0
17	0
2	6
8	0
12	0
8	0
8	8
17	0
12	0
2	3
17	0
6	6
8	0
8	0
8	8
3	2
3	16
13	13
3	0
3	0
1	14
8	11
12	0
6	6
8	0
8	0
8	0
8	0
8	8
4	4
13	13
3	11
3	0
4	0
16	0
1	3
3	0
1	4
1	0
1	3
17	0
2	2
8	0
8	0
8	0
8	0
8	0
8	8
1	0
2	0
2	0
13	0
12	0
6	6
8	0
8	0
8	0
1	0
1	0
8	8
13	13
3	3
3	6
8	0
8	0
8	0
8	8
1	2
8	0
8	0
8	0
8	0
8	0
8	0
8	8
13	13
14	0
11	11
3	0
3	0
3	4
3	0
2	11
13	13
13	0
1	0
16	0
16	0
16	0
16	0
1	0
1	0
1	0
16	0
16	0
16	0
16	0
16	0
16	0
1	0
1	0
1	0
16	0
1	0
1	0
16	0
8	0
1	0
1	0
1	0
1	0
1	0
12	0
11	11
16	0
16	16
1	0
1	0
1	1
11	0
11	4
13	13
5	0
5	5
17	0
12	4
17	0
17	0
12	10
13	13
13	0
1	0
16	0
16	0
17	0
1	0
12	0
1	0
16	0
12	0
1	0
1	0
12	0
16	0
17	0
12	0
17	0
17	0
17	0
12	0
1	0
16	0
12	0
12	0
1	0
17	0
1	0
1	0
1	0
8	0
16	0
3	0
3	0
1	0
12	0
1	0
12	0
17	0
16	0
17	0
12	0
17	0
13	0
17	0
5	5
17	3
4	4
3	11
17	0
12	3
1	0
1	0
1	1
13	13
13	0
14	0
14	14
17	6
12	0
8	0
8	8
12	2
11	0
11	11
17	0
11	6
8	0
8	8
3	0
10	0
2	0
16	0
16	0
16	0
16	17
13	13
13	0
16	0
3	0
16	0
16	0
12	0
3	0
1	0
8	0
8	0
1	0
8	0
12	0
1	0
17	0
3	0
3	0
3	0
1	0
1	0
1	0
1	0
1	0
3	0
16	0
16	0
12	0
17	11
17	4
17	0
2	2
17	0
6	11
1	0
1	0
1	0
1	16
13	13
5	5
17	3
17	0
17	0
17	0
17	0
17	16
17	0
17	3
17	0
17	0
17	3
17	0
9	2
17	6
8	0
8	0
8	8
3	0
10	0
2	0
1	0
3	16
13	13
13	0
17	0
17	0
1	0
17	0
17	0
17	0
17	0
17	0
17	0
17	0
17	0
17	0
17	0
17	0
1	0
1	0
1	0
1	0
1	0
1	0
1	0
1	0
17	0
13	0
3	2
3	0
11	11
17	0
16	0
16	16
3	0
11	11
1	0
12	0
12	10
13	13
14	0
11	0
14	14
8	11
16	0
16	0
16	16
13	13
13	0
1	0
8	0
8	0
16	0
16	0
16	0
16	0
16	0
1	0
1	0
1	0
16	0
16	0
8	0
8	0
8	0
16	0
16	0
16	0
16	0
8	0
8	0
16	0
16	0
16	0
16	0
16	0
16	0
16	0
16	0
16	0
16	0
8	0
1	0
1	0
1	0
16	0
16	0
11	0
2	2
3	0
12	0
12	11
16	16
8	11
12	0
12	0
2	0
2	10
13	13
3	0
3	0
1	14
3	0
1	11
11	4
3	0
11	11
5	5
3	0
6	11
1	0
8	16
13	13
13	0
1	0
8	0
1	0
1	0
8	0
8	0
3	0
16	0
16	0
1	0
1	0
8	0
8	0
1	0
8	0
1	0
1	0
8	0
16	0
16	0
8	0
3	0
1	0
8	0
8	0
8	0
1	0
12	0
1	0
1	0
3	0
3	0
16	0
12	0
17	11
17	0
17	0
12	0
17	0
16	0
17	16
13	13
11	14
3	11
3	0
1	0
16	16
13	13
17	0
9	11
17	2
12	6
12	0
12	0
8	8
2	0
2	0
2	0
2	0
2	0
2	0
1	0
16	16
13	13
11	6
11	4
3	11
3	0
1	0
1	1
3	0
1	0
2	11
3	0
1	3
8	0
8	0
8	0
8	0
8	0
8	0
8	8
1	0
2	0
2	2
17	0
1	6
8	0
8	0
8	0
8	8
13	13
13	0
12	0
8	6
12	12
12	0
12	12
13	13
9	9
13	13
4	0
3	4
8	8
13	13
8	0
8	0
8	0
8	8
5	5
8	0
8	0
8	0
8	0
8	8
5	5
16	0
16	0
16	0
16	16
2	2
8	0
8	12
12	12
13	13
13	0
1	0
8	0
1	0
8	0
8	0
1	0
8	0
8	0
8	0
8	0
8	0
8	0
16	0
8	0
8	0
8	0
12	0
12	0
12	0
8	0
16	0
1	0
1	0
1	0
8	0
8	0
8	0
13	0
3	0
12	6
8	0
8	8
13	13
17	0
6	6
12	0
12	0
8	8
4	4
17	0
17	11
13	13
17	0
17	0
8	16
17	0
2	2
8	8
5	5
8	8
17	2
8	0
12	8
13	13
13	0
1	0
1	0
8	0
1	0
1	0
1	0
1	0
1	0
1	0
1	0
1	0
16	0
1	0
8	0
16	0
8	0
1	0
1	0
1	0
16	0
16	0
16	0
16	0
16	0
1	0
1	0
1	0
16	0
16	0
17	0
1	0
1	0
13	0
13	13
11	11
16	0
17	4
6	6
8	0
8	0
8	8
13	13
3	0
3	11
1	0
1	0
1	0
1	0
1	16
13	13
1	0
1	0
1	1
13	13
3	0
1	0
1	0
3	3
13	0
13	0
13	13
13	13
12	12
12	0
12	12
13	0
12	0
16	0
16	0
12	0
16	0
1	0
8	0
12	0
16	0
1	0
16	0
1	0
1	0
16	0
16	0
16	0
16	0
12	0
8	0
8	0
16	0
16	0
16	0
1	0
1	0
1	0
13	0
1	0
8	8
2	0
11	2
8	0
8	0
8	0
8	0
8	0
8	12
13	13
11	0
11	11
13	13
6	6
8	0
8	8
16	0
16	0
16	0
16	0
16	16
3	2
12	0
8	0
8	8
13	13
11	0
11	4
3	3
1	0
1	1
13	13
13	13
13	0
16	0
16	0
16	0
16	0
16	0
16	0
16	0
16	0
16	0
16	0
16	0
16	0
16	0
16	0
1	0
16	0
1	0
16	0
16	0
16	0
16	0
16	0
16	0
16	0
12	0
17	6
17	0
8	0
8	0
8	0
8	8
13	13
3	11
3	2
12	0
8	0
8	8
1	0
1	0
1	0
16	0
16	16
13	13
13	0
1	0
1	0
1	0
1	0
1	0
1	0
1	0
1	0
16	0
16	0
1	0
1	0
1	0
1	0
1	0
1	0
1	0
1	0
16	0
1	0
1	0
1	0
1	0
1	0
16	0
1	0
1	0
1	0
1	0
1	0
1	0
16	0
16	0
16	0
1	0
1	0
1	0
1	0
1	0
1	0
13	0
3	11
3	0
17	0
3	16
13	13
13	0
1	0
1	0
1	0
1	0
16	0
1	0
1	0
16	0
16	0
1	0
16	0
1	0
16	0
1	0
16	0
16	0
1	0
1	0
16	0
1	0
16	0
16	0
16	0
1	0
16	0
1	0
1	0
16	0
16	0
16	0
1	0
16	0
16	0
16	0
1	0
1	0
16	0
16	0
16	0
16	0
16	0
16	0
1	0
1	0
16	0
1	0
1	0
1	0
1	0
16	0
16	0
1	0
16	0
12	0
3	11
4	0
4	4
11	0
11	11
3	0
3	0
3	0
3	0
3	0
3	3
17	6
8	0
8	0
8	8
2	2
12	0
12	12
3	0
11	0
1	1
13	13
13	0
1	0
1	0
16	0
1	0
1	0
1	0
16	0
16	0
1	0
1	0
8	0
8	0
1	0
1	0
12	0
1	0
1	0
1	0
16	0
1	0
1	0
1	0
1	0
16	0
16	0
16	0
16	0
16	0
3	0
1	0
2	0
2	0
8	0
1	0
1	0
12	0
12	0
12	6
8	0
8	0
8	0
8	0
8	8
13	13
3	11
17	6
17	8
17	17
12	17
2	0
2	2
3	0
9	9
8	0
8	0
8	8
1	0
17	0
17	0
17	0
1	16
16	0
16	0
16	4
13	13
16	0
11	0
4	0
4	16
5	6
8	0
8	8
1	0
16	0
16	16
13	13
13	0
3	0
1	0
1	0
1	0
8	0
1	0
1	0
1	0
1	0
16	0
1	0
16	0
16	0
1	0
17	0
1	0
17	0
1	0
3	0
12	0
16	0
16	0
14	0
16	3
16	0
12	11
2	2
12	0
12	0
12	0
12	0
12	8
13	13
11	0
11	4
16	0
11	11
1	6
8	0
8	0
8	0
8	0
8	8
17	0
12	2
12	12
1	0
11	0
1	1
13	13
13	0
1	0
16	0
16	0
16	0
1	0
16	0
1	0
16	0
1	0
1	0
16	0
16	0
16	0
17	0
1	0
16	0
16	0
16	0
16	0
16	0
16	0
16	0
16	0
1	0
16	0
1	0
16	0
16	0
13	0
13	13
17	16
17	0
17	0
17	10
17	0
17	0
17	4
13	13
13	13
16	0
2	16
17	6
12	0
12	12
12	12
2	2
6	6
8	8
13	13
13	0
3	0
16	0
8	0
8	0
8	0
8	0
8	0
8	0
8	0
16	0
16	0
16	0
8	0
8	0
8	0
12	0
16	0
1	0
8	0
8	0
8	0
8	0
16	0
1	0
8	0
16	0
16	0
16	0
16	0
16	0
16	0
17	0
17	0
16	0
16	0
16	0
16	0
8	0
4	0
11	11
4	0
4	0
4	0
16	4
2	6
8	0
8	0
8	0
8	0
8	8
3	0
3	0
2	0
1	0
1	0
16	0
16	0
16	0
16	16
4	0
16	4
13	13
13	0
3	0
3	0
4	0
8	0
1	0
8	0
3	0
1	0
1	0
1	0
1	0
1	0
1	0
1	0
16	0
1	0
1	0
16	0
16	0
16	0
1	0
1	0
4	0
4	0
4	0
16	0
4	0
1	0
1	0
8	0
8	0
8	0
1	0
1	0
1	0
13	0
5	0
3	5
13	13
13	0
1	0
8	0
8	0
8	0
8	0
8	0
1	0
1	0
1	0
8	0
8	0
8	0
8	0
1	0
8	0
8	0
8	0
8	0
8	0
8	0
1	0
1	0
1	0
8	0
8	0
8	0
8	0
1	0
1	0
1	0
8	0
8	0
8	0
1	0
1	0
8	0
8	0
8	0
8	0
8	0
1	0
1	0
1	0
8	0
8	0
8	0
1	0
1	0
1	0
8	0
8	0
8	0
1	0
1	0
1	0
11	0
11	11
4	0
4	0
4	4
3	0
3	0
1	0
1	1
13	13
14	0
11	0
14	14
6	6
8	0
8	8
11	0
2	2
8	0
8	8
5	5
8	0
12	0
12	0
12	8
11	0
2	0
3	0
16	0
16	16
4	0
4	4
13	13
2	0
2	16
5	6
1	1
8	0
8	0
8	0
8	8
13	13
13	0
1	0
16	0
8	0
8	0
16	0
16	0
16	0
16	0
1	0
1	0
16	0
16	0
16	0
16	0
16	0
16	0
1	0
12	0
11	0
14	14
1	0
11	0
3	0
3	0
1	0
3	11
2	2
2	0
11	6
8	8
16	0
12	0
12	10
3	0
3	0
3	3
16	0
2	0
16	0
16	0
16	16
13	13
11	0
11	4
3	2
17	0
6	6
8	0
8	12
2	0
3	3
1	0
16	0
2	11
12	0
12	8
13	13
13	0
1	0
16	0
16	0
1	0
8	0
8	0
16	0
8	0
1	0
1	0
1	0
1	0
1	0
1	0
1	0
1	0
1	0
1	0
1	0
13	0
14	0
2	2
12	0
8	8
2	2
2	0
2	6
8	0
8	0
8	8
13	13
11	0
11	11
13	13
6	6
8	0
8	8
16	0
16	0
16	0
16	0
16	16
3	2
12	0
8	0
8	8
13	13
4	0
11	4
3	3
1	0
1	1
13	13
13	13
13	13
4	0
4	4
17	3
3	0
3	0
3	3
1	0
1	1
8	0
8	0
8	0
8	8
2	2
8	0
13	0
1	0
1	8
1	0
11	0
1	16
13	13
13	0
1	0
1	0
13	0
8	0
12	0
12	3
12	0
12	0
12	0
12	0
12	16
13	13
13	0
1	0
1	0
1	0
8	0
12	0
16	0
1	0
1	0
1	0
8	0
8	0
8	0
16	0
16	0
1	0
12	0
16	0
16	0
12	0
16	0
8	0
8	0
1	0
8	0
8	0
12	0
1	0
1	0
12	0
8	0
16	0
8	0
12	0
16	0
1	0
1	0
1	0
16	0
16	0
16	0
12	0
12	0
12	0
12	0
12	0
1	0
1	0
1	0
1	0
13	0
13	13
12	6
8	0
8	0
8	0
8	0
8	8
1	0
16	0
16	0
1	16
13	13
13	0
14	0
14	14
16	0
11	0
11	11
2	2
12	0
12	0
12	8
16	0
17	0
16	0
16	16
13	13
17	0
5	3
17	3
1	0
1	0
1	1
13	13
13	0
16	0
16	0
16	0
16	0
1	0
8	0
17	0
16	0
16	0
16	0
1	0
8	0
1	0
16	0
16	0
16	0
16	0
17	0
8	0
16	0
16	0
16	0
16	0
16	0
13	0
13	13
11	6
8	0
8	0
8	0
8	0
8	0
8	8
8	0
2	2
6	6
8	0
8	8
4	0
11	4
5	6
8	0
8	0
1	1
8	0
8	0
8	8
13	13
13	13
13	0
16	0
16	0
8	0
8	0
16	0
8	0
1	0
1	0
8	0
1	0
1	0
1	0
1	0
1	0
1	0
1	0
1	0
1	0
1	0
16	0
1	0
16	0
1	0
16	0
16	0
16	0
16	0
8	0
8	0
8	0
8	0
1	0
1	0
16	0
12	0
8	6
12	12
12	0
12	12
16	0
16	0
16	16
17	0
11	2
8	0
8	0
8	12
12	12
12	0
12	0
12	0
12	3
12	0
12	8
2	0
2	2
3	0
6	1
8	0
8	8
13	13
13	0
8	0
8	0
16	0
1	0
8	0
16	0
1	0
12	0
16	0
16	0
16	0
8	0
16	0
16	0
16	0
1	0
1	0
8	0
8	0
16	0
1	0
12	0
8	0
16	0
16	0
17	0
16	0
1	0
1	0
8	0
1	0
1	0
12	0
1	0
8	0
1	0
8	0
8	0
8	0
8	8
16	2
6	6
8	0
8	8
8	3
1	0
1	0
1	1
4	0
11	4
17	0
2	0
9	6
12	0
8	0
8	8
13	13
11	6
3	0
3	0
3	1
8	0
8	0
8	8
2	0
2	2
12	0
8	0
1	0
8	0
8	0
8	0
8	8
3	10
16	0
16	16
2	3
8	0
2	0
2	2
11	6
12	0
8	0
8	0
8	0
8	8
13	13
13	0
1	0
1	0
1	0
1	0
12	0
8	6
8	0
8	0
8	0
8	0
8	8
2	2
8	0
8	0
8	12
16	0
16	0
16	16
16	0
2	0
2	3
2	0
2	2
1	0
1	1
9	0
1	9
5	6
8	0
8	0
8	0
8	8
2	0
2	0
6	2
8	0
8	0
8	0
8	8
2	0
2	2
8	0
8	8
2	0
2	2
8	0
8	8
5	5
3	11
3	0
11	11
3	0
2	2
12	6
17	0
8	0
8	8
1	0
12	16
4	0
4	4
13	13
11	11
13	0
16	0
6	2
8	8
12	6
3	0
3	0
1	0
1	1
8	0
8	0
8	8
12	0
12	12
2	2
12	0
12	12
2	0
2	2
8	8
2	2
12	6
12	12
12	0
12	0
12	12
13	13
13	0
1	0
1	0
1	0
8	0
16	0
12	0
16	0
1	0
16	0
16	0
16	0
16	0
16	0
16	0
8	0
8	0
12	0
12	0
12	0
16	0
16	0
16	0
16	0
8	0
8	0
1	0
1	0
1	0
1	0
1	0
12	0
12	0
12	0
12	0
12	12
12	0
12	0
12	12
13	13
6	0
1	0
1	0
1	12
12	0
12	0
12	8
8	0
12	2
8	8
16	0
1	0
12	0
1	0
16	0
16	0
12	12
13	13
13	0
1	0
1	0
16	0
1	0
12	0
1	0
8	0
16	0
8	0
16	0
16	0
16	0
16	0
1	0
1	0
1	0
1	0
1	0
8	0
8	0
1	0
16	0
12	0
12	0
12	0
12	0
6	0
1	0
1	0
1	0
1	0
8	0
16	0
8	0
16	0
13	0
3	11
4	0
4	0
4	0
4	16
11	0
11	0
3	3
6	6
1	0
1	0
1	1
8	0
8	0
8	0
8	8
1	2
12	0
12	6
12	0
12	0
12	0
12	12
4	0
4	0
4	16
11	11
1	2
12	0
12	6
8	8
3	3
1	0
1	0
16	16
4	0
11	4
1	0
1	0
4	3
8	0
8	8
13	13
13	0
1	0
1	0
1	0
16	0
1	0
1	0
1	0
1	0
1	0
1	0
1	0
1	0
1	0
1	0
1	0
13	0
3	7
13	13
16	0
16	0
16	4
3	3
8	0
8	8
3	0
2	3
13	0
13	0
13	13
13	0
1	0
8	0
16	0
12	0
13	0
1	0
16	0
16	0
16	0
16	0
16	0
16	0
1	0
16	0
8	0
16	0
16	0
12	0
13	0
12	0
1	0
16	0
16	0
16	0
12	0
13	0
1	0
16	0
16	0
16	0
16	0
3	0
3	0
3	0
16	0
16	0
16	0
16	0
8	0
8	0
16	0
16	0
16	0
13	0
12	0
12	0
1	0
3	0
12	0
1	0
16	0
1	12
13	13
13	0
1	0
1	0
1	0
8	0
8	0
1	0
1	0
1	0
1	0
1	0
1	0
8	0
1	0
1	0
1	0
1	0
1	0
1	0
1	0
8	0
1	0
1	0
1	0
8	0
1	0
8	0
1	0
1	0
1	0
1	0
1	0
8	0
8	0
1	0
1	0
1	0
1	0
1	0
1	0
1	0
1	0
1	0
1	0
8	0
8	0
1	0
1	0
1	0
1	0
1	0
1	0
13	0
3	2
12	0
8	0
8	0
8	0
8	8
12	0
12	10
12	8
13	13
13	0
1	0
1	0
1	0
12	0
16	0
1	0
8	0
16	0
16	0
12	0
12	0
12	0
16	0
16	0
16	0
16	0
16	0
12	0
12	0
12	0
16	0
8	0
1	0
1	0
12	0
16	0
16	0
8	0
8	0
16	0
12	0
12	0
12	0
16	0
1	0
1	0
1	0
1	0
16	0
16	0
16	0
1	0
12	0
12	0
12	0
1	0
1	0
1	0
12	0
3	0
2	0
2	0
2	16
1	0
6	6
8	0
8	0
8	0
8	8
16	0
16	3
17	0
12	2
8	0
8	0
8	0
8	0
8	0
8	8
5	5
12	0
11	0
4	10
2	0
2	2
8	0
8	0
8	8
1	0
2	0
1	0
2	16
1	0
1	16
13	13
13	0
16	0
1	0
16	0
16	0
16	0
16	0
1	0
16	0
16	0
1	0
16	0
16	0
16	0
16	0
1	0
1	0
16	0
16	0
16	0
16	0
16	0
1	0
13	0
16	0
1	8
13	13
13	0
1	0
1	0
8	0
12	0
8	0
1	0
1	0
1	0
12	0
12	0
12	0
12	0
1	0
1	0
1	0
8	0
12	0
12	0
8	0
1	0
1	0
1	0
12	0
12	0
12	0
1	0
1	0
1	0
1	0
1	0
12	0
8	0
1	0
1	0
1	0
1	0
8	0
8	0
12	0
12	0
1	0
1	0
12	0
12	0
12	0
1	0
1	0
1	0
8	0
12	0
8	0
1	0
1	0
1	0
12	0
8	0
8	0
16	0
1	0
1	0
12	0
12	12
13	13
13	0
8	0
8	0
8	0
8	0
8	0
8	0
16	0
12	0
12	0
8	0
8	0
8	0
8	0
8	0
16	0
12	0
12	0
8	0
8	0
16	0
8	0
8	0
8	0
8	0
8	0
8	0
8	0
16	0
12	0
8	0
12	0
8	0
12	0
8	0
8	0
8	0
8	0
8	0
8	0
16	0
12	0
12	0
12	0
8	0
12	0
8	0
8	0
8	0
8	0
8	0
8	0
13	0
13	0
11	0
14	14
11	0
11	11
2	0
2	2
12	0
12	8
12	0
12	0
8	0
12	0
8	0
8	8
16	0
16	16
13	13
17	0
16	0
16	16
12	0
12	0
12	0
8	8
13	13
1	2
8	0
8	0
8	0
8	0
13	0
12	0
8	0
8	8
17	0
17	0
12	16
3	0
2	0
1	0
1	0
16	10
13	13
3	0
6	14
8	0
8	0
8	0
8	8
12	0
1	0
1	0
12	0
1	0
12	16
13	13
3	0
13	0
12	0
12	0
12	0
12	0
1	0
1	0
12	12
13	13
13	0
12	0
12	0
12	0
12	0
12	0
12	0
12	0
12	0
12	0
12	0
12	0
12	0
12	0
12	0
12	0
1	0
12	0
12	0
12	0
12	0
12	0
12	0
12	0
12	0
12	0
12	0
12	0
1	0
12	0
12	0
12	0
12	0
12	0
12	0
12	0
12	0
1	0
1	0
12	0
12	0
12	0
12	0
12	0
12	0
12	0
12	0
12	0
1	0
1	0
1	0
12	0
13	0
17	0
12	6
12	0
12	0
8	8
17	0
17	0
17	4
9	9
8	0
8	8
13	13
13	0
8	0
1	0
12	0
8	0
8	0
8	0
17	0
17	0
17	0
1	0
8	0
17	0
17	0
17	0
17	0
17	0
17	0
1	0
8	0
8	0
8	0
17	0
12	0
8	0
8	0
16	0
17	0
17	0
17	0
16	0
1	0
8	0
8	0
17	0
12	0
12	0
12	0
17	0
17	0
17	0
17	0
1	0
8	0
8	0
8	0
8	0
13	0
17	0
17	0
17	16
13	13
17	0
1	16
13	13
1	0
1	0
1	0
1	0
1	0
1	16
5	5
1	0
12	0
17	0
17	0
17	0
8	16
13	13
13	0
1	0
1	0
17	0
17	0
1	0
16	0
1	0
1	0
1	0
1	0
1	0
1	0
1	0
1	0
1	0
17	0
17	0
1	0
16	0
1	0
1	0
1	0
17	0
1	0
16	0
1	0
17	0
1	0
1	0
1	0
1	0
1	0
1	0
1	0
1	0
1	0
1	0
13	0
5	0
8	0
2	11
1	0
1	0
16	0
16	16
13	13
16	0
16	0
16	16
13	13
13	0
8	0
1	0
8	0
8	0
1	0
8	0
8	0
8	0
1	0
8	0
8	0
1	0
16	0
1	0
1	0
1	0
8	0
16	0
8	0
8	0
1	0
8	0
8	0
16	0
8	0
1	0
16	0
8	0
8	0
8	0
16	0
8	0
1	0
8	0
16	0
8	0
8	0
1	0
1	0
8	0
8	0
16	0
8	0
8	0
1	0
1	0
12	0
12	0
4	0
4	11
16	0
16	0
16	16
13	13
1	0
14	0
14	0
16	0
16	0
16	16
13	13
13	0
1	0
1	0
16	0
16	0
1	0
1	0
1	0
1	0
8	0
16	0
16	0
16	0
1	0
3	0
1	0
1	0
1	0
16	0
3	0
1	0
1	0
1	0
16	0
16	0
16	0
1	0
3	0
1	0
1	0
1	0
8	0
4	0
4	0
1	0
1	0
16	0
8	0
1	0
1	0
1	0
1	0
1	0
16	0
1	0
13	0
12	0
4	0
2	11
1	0
1	0
1	0
16	0
16	0
16	16
13	13
1	0
8	0
1	0
16	0
16	0
16	16
13	13
13	0
1	0
1	0
1	0
16	0
8	0
8	0
8	0
1	0
1	0
16	0
16	0
8	0
8	0
1	0
1	0
16	0
16	0
16	0
8	0
1	0
1	0
1	0
16	0
16	0
8	0
8	0
8	0
8	0
1	0
4	0
1	0
8	0
1	0
1	0
16	0
16	0
8	0
1	0
1	0
1	0
16	0
12	0
12	6
8	0
12	0
12	0
13	0
13	0
8	0
12	0
16	8
2	0
2	2
8	8
12	0
12	0
12	1
8	0
8	0
8	0
8	8
8	0
8	0
1	10
13	13
13	0
1	0
1	0
1	0
1	0
1	0
1	0
1	0
1	0
1	0
8	0
1	0
1	0
1	0
1	0
1	0
16	0
1	0
1	0
8	0
8	0
8	0
1	0
16	0
8	0
8	0
12	0
8	0
8	0
8	0
8	0
1	0
1	0
1	0
1	0
16	0
12	0
14	6
8	8
3	3
16	0
11	11
12	0
12	0
12	8
16	0
2	0
16	0
16	16
13	13
16	0
12	0
12	0
16	16
3	0
3	3
3	0
3	3
1	0
1	0
1	1
13	13
13	0
1	0
1	0
16	0
16	0
16	0
16	0
1	0
1	0
16	0
16	0
16	0
16	0
16	0
1	0
1	0
1	0
1	0
1	0
16	0
1	0
16	0
16	0
16	0
16	0
1	0
1	0
16	0
16	0
16	0
16	0
16	0
16	0
16	0
12	0
3	3
16	0
16	0
17	0
11	1
13	13
3	0
3	0
3	3
5	6
1	0
1	0
1	1
8	0
8	8
16	0
16	0
16	0
11	4
1	0
1	0
1	1
8	0
8	0
8	8
1	0
2	0
16	0
16	0
16	16
13	13
13	0
1	0
1	0
1	0
16	0
16	0
16	0
16	0
1	0
16	0
1	0
1	0
16	0
16	0
8	0
16	0
16	0
16	0
16	0
16	0
16	0
16	0
3	0
1	0
3	0
3	0
1	0
1	0
11	0
5	0
5	5
16	0
3	0
2	3
4	0
11	4
11	0
6	0
3	3
3	3
3	0
1	3
5	0
3	3
1	0
1	0
1	1
13	13
13	0
1	0
1	0
1	0
1	0
1	0
1	0
1	0
16	0
1	0
3	0
8	0
1	0
1	0
1	0
1	0
1	0
1	0
1	0
1	0
1	0
1	0
1	0
1	0
1	0
1	0
1	0
1	0
16	0
16	0
16	0
1	0
16	0
1	0
3	0
3	0
3	0
1	0
1	0
1	0
12	0
3	11
3	0
17	0
4	0
4	16
11	0
11	11
17	0
17	0
1	3
17	3
17	3
17	0
17	3
1	0
17	0
17	0
1	0
16	0
17	16
13	13
1	0
1	0
1	0
1	0
1	3
3	2
2	0
2	6
8	0
8	0
8	8
17	3
1	0
1	0
1	0
3	3
1	0
1	3
1	0
1	0
16	10
13	13
13	0
3	0
3	0
3	0
3	0
3	0
16	0
16	0
8	0
17	0
1	0
1	0
17	0
17	0
17	0
17	0
12	0
5	0
5	5
12	0
12	0
8	8
5	0
3	10
13	13
13	0
1	0
8	0
1	0
16	0
16	0
16	0
16	0
16	0
16	0
16	0
16	0
16	0
16	0
1	0
16	0
16	0
16	0
16	0
1	0
16	0
1	0
1	0
1	0
16	0
1	0
16	0
1	0
1	0
16	0
16	0
1	0
1	0
1	0
1	0
1	0
1	0
16	0
16	0
16	0
16	0
16	0
16	0
16	0
1	0
1	0
1	0
1	0
1	0
16	0
16	0
12	0
2	2
17	0
17	3
17	0
16	0
16	0
16	16
17	6
17	0
17	0
17	8
3	2
17	6
1	0
1	0
1	1
8	0
8	0
8	0
8	0
8	0
8	0
8	8
5	0
3	3
2	0
2	2
9	9
8	8
13	13
8	0
8	8
2	0
1	0
2	0
2	1
13	13
13	0
8	0
8	0
1	0
8	0
1	0
8	0
1	0
8	0
17	0
17	0
1	0
8	0
17	0
17	0
17	0
17	0
17	0
17	0
17	0
3	0
8	0
12	0
16	0
16	16
11	11
16	0
2	0
2	3
3	6
3	3
17	0
12	0
12	3
1	1
17	0
17	0
1	16
13	13
13	0
11	0
5	3
16	0
3	16
3	11
16	0
11	11
2	0
2	2
1	0
1	1
9	9
8	8
2	2
2	0
2	6
8	0
8	0
8	0
8	8
16	0
1	0
16	0
16	16
13	13
13	0
16	0
1	0
16	0
16	0
16	0
3	0
3	0
8	0
1	0
1	0
1	0
17	0
3	0
1	0
1	0
1	0
3	0
3	0
1	1
11	0
11	4
3	0
3	3
3	5
3	3
3	0
3	3
1	0
1	0
1	11
13	13
13	0
1	0
1	0
1	0
1	0
1	0
1	0
1	0
1	0
1	0
1	0
1	0
16	0
1	0
1	0
1	0
1	0
1	0
16	0
16	0
1	0
1	0
1	0
1	0
1	0
16	0
1	0
1	0
1	0
1	0
1	0
1	0
1	0
1	0
16	0
16	0
3	0
1	0
1	0
3	0
1	0
1	0
1	0
1	0
1	0
12	0
5	0
5	5
3	0
3	3
16	0
16	0
16	0
11	16
11	0
6	0
3	3
1	0
3	0
1	0
1	3
17	0
17	0
11	10
3	0
3	3
2	2
6	6
8	0
8	0
8	8
13	13
3	3
3	2
17	6
8	0
8	0
8	0
8	8
12	0
12	0
12	16
5	6
8	0
8	8
13	13
13	0
1	0
1	0
1	0
1	0
1	0
1	0
3	0
1	0
8	0
16	0
8	0
16	0
3	0
3	0
3	0
1	0
1	0
1	0
12	0
3	14
3	11
1	0
1	3
1	0
1	0
1	1
1	6
8	0
8	8
16	0
16	0
16	4
5	2
1	6
8	0
8	0
8	0
8	0
8	8
13	13
4	0
16	0
16	16
3	6
13	0
17	0
17	0
13	0
13	0
1	0
17	0
17	8
3	0
3	0
3	0
1	0
1	0
1	1
13	13
13	0
3	0
1	0
1	0
1	0
3	0
16	0
1	0
3	0
1	0
1	0
1	0
1	0
1	0
8	0
16	0
16	0
16	0
16	0
12	0
2	0
2	0
2	2
2	0
2	0
2	2
1	0
1	3
9	0
9	9
8	0
8	8
5	0
12	16
12	0
12	11
16	0
2	0
2	3
1	6
8	0
8	8
2	0
2	2
8	0
8	0
8	0
8	0
8	0
8	0
8	8
2	2
9	0
9	9
8	0
8	8
16	0
3	0
3	0
3	0
16	16
13	13
13	0
1	0
1	0
16	0
1	0
16	0
3	0
8	0
8	0
3	0
1	0
1	0
1	0
1	0
16	0
16	0
16	0
17	0
17	3
17	0
17	0
17	1
17	0
17	0
17	16
17	3
17	3
17	6
17	0
8	8
9	9
17	0
17	2
8	0
8	0
8	0
8	0
8	12
13	13
13	0
17	0
1	0
17	0
16	0
16	0
16	0
16	0
17	0
17	0
17	0
8	0
17	0
17	0
16	0
1	0
8	0
8	0
8	0
16	0
16	0
16	0
16	0
8	0
8	0
16	0
17	0
17	0
17	0
17	0
16	0
16	0
16	0
17	0
8	0
17	0
17	0
17	0
13	0
8	0
2	0
2	2
3	0
3	3
9	0
1	0
9	9
8	0
8	8
4	0
16	0
16	16
6	6
12	12
12	0
12	12
13	13
8	6
8	0
8	12
5	5
17	6
8	0
8	12
13	13
3	0
9	9
8	0
8	0
8	0
8	0
8	8
4	0
11	0
16	0
16	16
2	0
2	2
6	6
8	8
13	13
8	0
8	12
5	5
8	0
8	12
4	0
4	4
1	0
1	0
1	1
13	13
14	0
11	0
14	14
8	0
8	0
13	0
12	0
8	6
12	12
12	0
12	12
16	0
16	0
16	16
17	0
12	2
12	0
8	0
8	12
12	12
12	11
17	0
16	4
1	6
8	0
8	0
8	8
2	0
2	2
12	6
12	0
12	0
12	8
12	0
12	0
12	16
8	0
8	0
8	0
8	0
13	0
17	0
17	0
17	8
12	0
12	11
8	0
2	0
16	0
16	0
1	16
2	6
12	0
12	0
12	8
12	0
2	2
2	0
6	6
8	0
8	0
8	0
8	8
16	0
12	0
13	0
12	0
1	0
1	0
1	3
8	0
8	0
8	8
4	0
4	4
17	0
17	6
17	0
17	0
17	0
17	1
1	0
3	0
9	0
1	0
9	9
8	0
8	0
8	0
8	8
17	0
17	0
1	3
17	0
17	0
12	16
13	13
4	0
4	4
11	0
2	2
3	6
2	0
3	0
3	0
3	3
1	0
1	0
17	0
1	0
1	1
8	0
8	0
8	8
2	0
2	2
2	0
6	6
8	0
8	0
8	0
13	0
12	0
12	0
12	8
13	0
12	0
17	0
12	11
16	0
17	4
17	0
11	0
17	11
17	3
17	0
17	3
17	3
3	2
17	0
1	0
2	1
8	0
8	0
8	8
2	0
2	2
8	0
8	0
8	8
2	0
2	2
8	0
8	0
12	8
5	0
17	0
17	0
17	16
2	2
12	6
17	8
12	0
12	16
13	13
13	0
17	0
1	0
1	0
16	0
16	0
1	0
16	0
16	0
16	0
16	0
17	0
16	0
8	0
8	0
12	0
17	0
17	0
17	0
17	0
1	0
12	0
2	2
6	0
6	6
1	0
1	0
1	0
1	0
1	0
1	1
8	0
8	0
8	0
8	0
8	0
8	0
8	8
4	0
11	4
1	0
17	0
12	1
17	0
17	4
13	13
14	0
11	0
14	14
16	0
11	11
17	0
11	0
12	6
8	0
8	0
8	0
8	8
3	0
17	0
3	0
3	3
3	0
3	0
1	3
2	2
6	0
6	6
8	0
13	0
17	0
8	0
8	8
17	0
17	0
17	0
17	0
17	10
17	0
1	16
13	0
12	0
3	11
3	0
4	0
4	0
4	16
12	0
11	6
8	0
8	0
8	8
2	3
3	0
3	0
3	3
1	0
2	2
8	0
8	0
8	8
13	13
13	0
1	0
16	0
1	0
8	0
1	0
16	0
16	0
1	0
1	0
16	0
8	0
3	0
1	0
1	0
1	0
1	0
8	0
8	0
8	0
16	0
1	0
1	0
1	0
8	0
8	0
16	0
3	0
16	0
16	0
3	0
1	0
1	0
1	0
1	0
1	0
8	0
8	0
8	0
12	0
8	6
8	0
8	0
8	0
8	12
8	0
8	0
8	0
8	12
16	0
4	4
17	0
6	0
3	3
2	3
3	0
3	3
9	6
8	0
8	0
8	0
8	0
8	0
8	8
2	0
2	2
2	0
6	6
12	0
17	0
17	0
17	1
17	8
17	0
12	16
5	5
17	0
2	2
8	0
8	0
8	8
17	0
2	2
17	0
17	6
17	0
1	0
1	0
1	0
1	1
12	0
8	0
13	0
12	0
12	0
17	0
8	8
2	0
13	0
12	0
12	0
12	11
4	0
4	0
4	0
4	0
14	4
16	0
11	11
3	0
11	11
1	0
3	16
13	13
13	0
1	0
8	0
8	0
8	0
1	0
16	0
16	0
16	0
16	0
16	0
16	0
16	0
16	0
16	0
16	0
8	0
1	0
8	0
8	0
8	0
8	0
8	0
8	0
8	0
8	0
8	0
16	0
16	0
16	0
1	0
1	0
16	0
16	0
16	0
16	0
16	0
16	0
16	0
16	0
16	0
8	0
1	0
8	0
8	0
12	0
8	6
8	0
12	0
12	8
4	0
11	4
8	0
12	0
8	0
8	8
13	13
13	0
1	0
1	0
1	0
8	0
8	0
1	0
1	0
1	0
1	0
1	0
1	0
1	0
8	0
1	0
1	0
1	0
1	0
1	0
1	0
1	0
1	0
1	0
1	0
8	0
8	0
1	0
1	0
1	0
1	0
1	0
1	0
1	0
8	0
1	0
1	0
12	0
8	0
8	0
1	0
1	0
1	0
1	0
1	0
1	0
1	0
1	0
1	0
12	0
8	6
12	12
12	0
12	0
12	0
12	12
12	0
16	0
16	16
2	0
11	2
12	0
12	12
12	0
12	0
12	12
12	0
8	0
12	16
17	0
2	2
12	6
17	0
8	0
8	0
8	8
8	0
12	0
12	8
8	6
12	0
12	12
12	0
12	2
2	0
2	6
1	0
1	0
1	0
1	0
1	0
1	1
8	0
8	0
8	0
8	12
4	0
11	4
3	6
3	0
3	0
3	3
17	0
17	0
1	0
1	0
12	1
12	0
13	0
4	0
11	0
11	11
4	0
11	4
2	0
2	0
6	0
1	2
8	0
13	0
3	0
3	0
1	0
1	8
3	0
3	2
6	0
1	0
1	0
1	1
3	2
1	0
1	0
1	6
8	0
8	0
8	8
4	0
16	0
16	0
16	16
4	0
16	4
13	13
13	0
1	0
1	0
1	0
1	0
1	0
8	0
8	0
1	0
1	0
1	0
8	0
8	0
3	0
16	0
1	0
2	0
16	0
1	0
1	0
1	0
1	0
8	0
1	0
8	0
12	0
5	2
8	0
8	0
8	8
16	0
16	0
16	0
16	16
11	0
11	0
11	6
8	8
2	2
8	0
8	0
8	0
8	8
2	2
3	0
12	6
8	0
8	0
8	8
2	2
3	0
12	6
13	13
8	0
8	12
8	0
8	0
13	0
12	0
12	8
13	13
2	2
8	0
8	12
13	13
13	0
1	0
1	0
3	0
1	0
1	0
1	0
1	0
8	0
8	0
8	0
8	0
8	0
3	0
3	0
11	0
1	0
1	0
1	0
1	0
12	0
3	0
3	0
3	0
3	3
4	0
11	4
17	0
6	0
17	3
17	3
17	6
12	0
8	8
17	0
17	2
1	0
1	0
1	0
1	12
2	0
17	0
17	0
17	16
12	0
12	0
12	4
13	13
13	0
1	0
17	0
1	0
1	0
17	0
17	0
17	0
1	0
12	0
1	0
12	0
1	0
1	0
1	0
1	0
1	0
12	0
12	0
1	0
1	0
3	0
16	0
3	0
1	0
1	0
1	0
17	0
1	0
1	0
17	0
17	0
12	0
12	12
12	0
12	0
12	12
2	0
11	2
8	0
8	0
8	0
8	12
8	0
12	12
12	0
8	0
12	8
8	6
12	0
12	12
12	0
12	0
16	16
12	2
8	0
8	12
17	0
2	2
12	6
8	0
8	8
13	13
13	0
1	0
16	0
16	0
16	0
16	0
16	0
16	0
16	0
8	0
16	0
16	0
16	0
16	0
8	0
17	0
12	0
12	0
16	0
16	0
16	0
16	0
8	0
8	0
16	0
16	0
16	0
16	0
12	0
12	0
2	2
12	12
12	0
16	0
4	0
4	16
2	2
3	0
3	3
1	0
2	6
9	0
8	17
8	0
8	0
8	0
8	0
8	0
8	8
8	6
2	0
17	0
1	0
1	1
8	0
8	0
13	0
17	0
17	0
17	0
17	8
17	0
17	0
17	16
2	2
3	0
17	0
17	3
8	0
2	0
2	2
8	0
8	0
8	0
8	0
8	17
5	5
8	0
8	0
13	0
8	0
8	0
8	8
13	13
14	0
6	11
1	0
12	0
13	0
12	0
6	6
1	0
1	1
8	0
8	0
8	0
8	0
8	8
2	2
12	12
12	0
16	0
16	0
16	16
13	13
12	11
12	0
12	0
12	16
13	13
13	13
5	5
11	11
8	0
12	0
11	0
16	0
16	16
3	0
11	11
11	0
11	11
3	2
8	0
8	0
8	8
13	13
13	0
1	0
8	0
16	0
16	0
16	0
16	0
16	0
8	0
1	0
1	0
1	0
1	0
16	0
1	0
16	0
16	0
16	0
16	0
16	0
16	0
16	0
13	0
5	0
14	0
3	0
14	0
14	14
3	2
12	0
12	12
3	0
3	3
8	0
8	0
13	0
8	0
8	0
8	8
2	0
2	2
1	0
1	0
1	0
1	1
8	0
8	0
13	0
8	0
8	8
1	0
16	0
16	0
16	16
13	13
5	0
17	0
3	0
16	0
17	16
3	2
12	12
2	3
12	0
12	0
8	0
8	0
13	0
8	0
8	0
8	8
2	0
2	2
8	0
8	8
13	13
13	0
1	0
1	0
1	0
1	0
8	0
12	0
12	0
12	11
17	0
17	0
17	0
17	4
2	2
3	0
8	0
16	3
12	6
12	0
12	1
8	0
8	0
8	0
8	0
8	0
8	8
2	2
9	9
8	0
8	8
2	2
8	0
8	8
2	0
2	2
8	0
8	0
8	0
8	0
8	0
8	8
13	13
13	0
1	0
1	0
12	0
16	0
16	0
1	0
8	0
8	0
16	0
8	0
16	0
8	0
16	0
8	0
17	0
1	0
8	0
8	0
8	0
8	0
12	0
1	0
1	0
3	0
3	0
3	3
4	0
4	0
4	0
4	4
8	0
8	8
3	0
3	3
3	0
2	2
9	9
8	0
8	8
8	2
8	8
1	0
2	0
16	16
13	13
3	3
3	0
3	5
12	0
12	12
16	0
2	0
11	2
11	0
11	6
1	6
8	0
8	8
2	3
1	0
2	0
16	0
16	0
16	0
16	16
13	13
13	0
1	0
1	0
1	0
16	0
3	0
16	0
16	0
16	0
8	0
1	0
3	0
1	0
3	0
3	0
3	0
8	0
13	0
13	13
3	0
8	0
1	3
4	0
11	4
12	12
3	0
2	0
2	0
2	0
1	0
1	0
1	3
1	0
3	0
1	3
1	0
1	0
1	0
2	1
5	5
12	0
12	12
13	13
13	0
1	0
16	0
1	0
1	0
1	0
1	0
1	0
1	0
1	0
1	0
1	0
1	0
1	0
1	0
1	0
1	0
1	0
12	0
12	0
1	0
1	0
1	0
1	0
1	0
1	0
1	0
1	0
1	0
1	0
1	0
1	0
1	0
1	0
12	0
6	6
8	0
8	0
8	0
8	8
4	0
11	4
13	13
14	0
11	0
14	14
17	6
12	0
12	12
12	2
17	0
1	0
11	0
3	0
2	6
17	0
17	0
8	8
17	6
12	8
1	0
1	0
1	0
1	0
16	0
16	0
16	16
13	13
12	12
17	0
6	0
1	0
3	3
1	6
8	0
8	0
8	8
12	13
13	13
3	0
2	16
3	0
12	6
12	12
12	0
12	0
12	12
2	2
12	0
12	12
13	13
13	0
1	0
1	0
12	0
3	3
1	0
17	0
17	0
16	16
17	11
17	2
12	12
16	0
3	3
2	2
9	9
8	0
8	8
2	2
8	8
13	13
12	0
12	0
12	0
12	8
13	13
17	0
5	5
9	9
8	0
8	8
2	2
8	0
8	0
8	8
13	13
17	17
12	0
12	8
13	13
2	0
2	2
8	0
8	12
13	13
13	0
1	0
16	0
16	0
1	0
8	0
1	0
16	0
16	0
16	0
16	0
16	0
16	0
16	0
1	0
1	0
1	0
8	0
12	0
2	0
2	2
2	0
6	6
8	0
1	0
8	8
2	0
2	2
1	0
12	0
12	1
8	0
8	0
8	0
8	0
8	0
8	8
13	13
3	11
1	6
1	0
1	0
1	1
8	0
8	0
8	8
1	0
3	0
1	0
3	3
1	0
3	0
1	0
1	0
1	16
11	0
11	4
13	13
16	0
16	0
16	16
3	0
3	0
3	0
3	3
2	3
6	6
8	0
8	0
8	0
8	0
8	0
8	0
8	0
8	8
13	13
13	0
1	0
8	0
2	2
8	8
16	0
2	0
2	0
17	4
2	3
8	0
8	0
8	0
8	0
13	0
8	0
8	0
8	8
2	2
12	0
12	12
8	0
8	12
13	13
13	0
1	0
1	0
1	0
16	0
16	0
8	0
1	0
8	0
8	0
16	0
8	0
8	0
8	0
16	0
16	0
1	0
1	0
8	0
8	0
16	0
1	0
1	0
16	0
1	0
1	0
8	0
16	0
8	0
16	0
16	0
1	0
1	0
8	0
8	0
16	0
8	0
8	0
12	0
5	2
8	0
8	0
8	8
2	0
2	2
8	0
8	8
16	0
16	0
16	16
12	0
12	0
12	12
2	0
2	2
8	8
8	0
8	12
13	13
13	0
1	0
1	0
1	0
1	0
1	0
1	0
1	0
8	0
16	0
3	0
3	0
3	0
8	0
2	0
2	0
1	0
1	0
8	0
8	0
1	0
2	0
1	0
1	0
1	0
8	0
1	0
1	0
8	0
8	0
8	0
2	0
8	0
8	0
16	0
16	0
3	0
3	0
3	0
12	0
12	12
16	0
16	0
16	16
1	0
1	3
2	2
8	0
8	12
9	9
9	8
2	2
6	6
1	0
1	0
1	1
8	0
8	0
8	0
8	8
2	10
13	13
12	0
12	12
9	9
9	8
13	13
13	0
1	0
3	0
9	0
9	0
9	0
8	0
1	0
1	0
1	0
3	0
9	0
1	0
8	0
8	0
3	0
12	0
16	0
3	0
8	0
16	0
16	0
3	0
8	0
3	0
8	0
8	0
8	0
9	0
9	0
8	0
1	0
12	0
12	0
2	2
12	12
12	0
12	0
12	12
17	0
12	2
12	0
12	0
12	12
8	0
12	12
8	3
12	0
12	0
11	11
11	0
11	4
3	0
6	0
3	0
3	3
1	0
2	2
1	0
3	6
1	0
1	1
8	0
8	8
12	12
16	0
16	0
16	16
8	0
8	8
13	13
13	0
1	0
1	0
1	0
1	0
1	0
1	0
3	0
8	0
1	0
1	0
1	0
16	0
17	0
16	0
1	0
1	0
1	0
16	0
12	0
16	0
12	0
1	0
1	0
8	0
1	0
1	0
1	1
8	0
8	0
8	0
8	8
16	0
11	2
2	0
2	6
8	8
2	0
2	2
12	0
12	8
2	2
8	0
8	0
8	0
8	0
8	8
13	13
8	0
8	0
12	0
13	0
1	0
1	8
5	5
8	0
8	0
8	0
8	0
8	0
8	0
8	8
16	0
11	2
12	0
12	0
12	12
2	0
2	2
12	0
1	1
1	0
8	8
12	0
12	0
12	0
1	0
12	1
8	0
8	8
13	0
12	0
1	0
1	0
1	0
3	3
3	0
16	0
1	3
16	0
16	0
1	3
2	0
17	5
12	6
12	0
12	0
12	0
8	1
17	0
5	5
12	0
8	0
8	0
8	1
12	0
12	0
12	8
2	0
2	2
9	6
1	1
8	0
8	0
8	8
2	0
2	2
8	0
12	0
8	8
13	13
13	0
1	0
1	0
1	0
16	0
1	0
16	0
1	0
1	0
16	0
1	0
8	0
8	0
16	0
16	0
16	0
16	0
17	0
1	0
12	0
12	0
2	2
12	0
12	0
12	8
17	0
9	4
17	0
9	11
2	0
2	2
8	0
8	0
8	0
8	0
8	0
8	0
8	0
8	8
2	2
1	0
1	0
1	0
1	1
13	13
1	0
1	0
1	0
1	0
1	0
1	1
8	0
8	0
8	8
2	0
2	2
8	0
8	8
16	0
16	0
16	16
13	13
3	6
12	12
2	2
3	0
12	6
12	0
12	0
12	0
12	0
8	8
13	13
13	0
1	0
16	0
1	0
1	0
1	0
8	0
12	0
17	0
5	5
1	0
9	6
8	0
8	0
8	0
8	8
2	2
3	0
12	0
12	0
12	6
1	0
1	0
1	0
1	0
1	1
12	0
8	0
8	0
8	8
13	13
5	0
16	14
3	2
12	12
17	0
5	5
12	2
12	6
12	0
12	8
13	13
14	0
14	0
14	0
14	4
16	0
11	11
3	0
2	0
1	0
2	3
5	5
1	0
6	0
1	0
1	0
1	0
1	1
8	0
8	0
8	8
3	0
3	0
1	0
3	0
13	0
12	0
14	0
4	10
3	0
3	3
17	0
12	11
3	2
1	0
1	0
1	0
16	0
16	12
13	13
3	2
12	12
13	13
3	2
8	0
12	0
12	0
8	12
16	0
5	5
2	2
8	0
8	0
8	0
8	0
8	0
8	0
8	12
13	13
13	0
1	0
16	0
16	0
1	0
1	0
1	0
1	0
8	0
12	0
16	0
12	0
1	0
1	0
16	0
16	0
16	0
16	0
1	0
1	0
1	0
1	0
1	0
16	0
16	0
1	0
1	0
12	0
3	0
3	3
8	0
12	0
8	0
12	0
12	0
8	0
12	8
2	0
2	2
6	0
6	0
8	6
1	0
17	0
1	0
1	0
1	1
1	0
1	0
1	0
1	0
1	0
1	1
8	0
8	0
8	0
8	0
8	0
8	0
8	8
16	0
4	0
4	4
11	0
11	11
2	6
12	0
8	0
8	0
8	0
8	0
8	8
2	2
3	0
3	0
9	0
1	6
8	0
8	8
3	3
3	3
5	5
8	0
8	0
8	0
8	0
13	0
12	0
5	0
5	5
3	0
3	3
1	3
13	13
3	0
16	0
14	14
16	0
11	0
11	11
2	0
1	6
8	0
8	8
13	13
14	0
3	6
17	0
8	0
8	8
2	5
17	0
11	6
1	0
1	1
8	0
8	0
8	0
8	8
3	0
2	0
2	0
1	0
3	0
1	0
1	1
3	0
1	0
1	3
2	2
2	0
3	0
2	0
1	6
1	0
1	0
1	0
1	0
1	1
8	0
8	0
8	0
8	0
8	8
2	0
2	0
13	0
12	0
12	0
12	11
16	0
4	0
4	4
3	0
6	0
1	6
8	0
8	8
12	0
12	0
12	12
2	0
2	0
16	0
16	0
16	16
13	13
14	0
11	11
16	0
1	0
1	0
16	0
16	16
13	13
13	0
1	0
1	0
1	0
1	0
16	0
1	0
8	0
16	0
16	0
16	0
16	0
16	0
16	0
8	0
1	0
1	0
16	0
16	0
3	0
12	0
16	0
16	0
16	0
3	0
1	0
1	0
1	0
1	0
1	0
1	0
16	0
13	0
8	0
8	0
8	0
1	0
1	0
1	1
8	0
8	0
8	8
13	13
13	0
1	0
1	0
8	0
8	0
1	0
1	0
1	0
1	0
1	0
1	0
8	0
8	0
16	0
1	0
1	0
1	0
1	0
8	0
8	0
8	0
8	0
1	0
1	0
8	0
8	0
1	0
1	0
1	0
1	0
1	0
8	0
8	0
8	0
1	0
1	0
1	0
8	0
8	0
8	0
1	0
1	0
1	0
8	0
8	0
8	0
1	0
1	0
1	0
12	0
2	0
6	2
8	0
8	0
8	8
16	0
16	0
16	16
12	12
3	0
2	6
1	0
1	1
8	0
8	0
8	0
8	0
8	0
8	8
13	13
13	0
1	0
1	0
1	0
8	0
3	0
3	0
1	0
1	0
3	0
3	0
3	0
1	0
1	0
1	0
1	0
1	0
1	0
8	0
8	0
8	0
1	0
1	0
8	0
1	0
8	0
1	0
1	0
1	0
8	0
3	0
3	0
3	0
12	0
3	0
3	0
3	0
1	0
1	0
12	0
11	0
11	11
16	0
16	0
16	16
3	0
1	6
8	0
8	8
8	0
8	0
8	0
8	12
13	13
13	0
1	0
16	0
16	0
16	0
16	0
1	0
16	0
16	0
16	0
16	0
16	0
1	0
1	0
1	0
1	0
8	0
8	0
16	0
16	0
8	0
16	0
16	0
1	0
16	0
1	0
1	0
1	0
16	0
1	0
16	0
16	0
16	0
16	0
16	0
16	0
16	0
1	0
1	0
1	0
1	0
8	0
8	0
16	0
16	0
8	0
8	0
2	2
12	0
8	0
8	0
8	0
8	0
8	8
13	13
1	0
1	0
1	0
1	0
1	0
1	1
8	0
8	0
8	8
13	13
13	13
13	0
1	0
1	0
8	0
8	0
8	0
8	0
8	0
8	0
8	0
8	0
1	0
1	0
1	0
1	0
1	0
1	0
8	0
8	0
8	0
16	0
8	0
1	0
16	0
8	0
8	0
16	0
16	0
1	0
8	0
8	0
8	0
16	0
16	0
1	0
1	0
1	0
1	0
1	0
12	0
3	5
3	0
3	3
1	0
16	0
16	0
16	0
16	0
16	16
11	0
11	11
2	6
8	0
8	8
2	0
2	2
8	0
8	0
8	0
8	0
8	8
8	0
2	2
8	0
8	0
8	0
8	0
8	0
8	8
13	13
13	0
3	0
3	0
8	0
8	0
1	0
16	0
16	0
1	0
8	0
8	0
8	0
1	0
1	0
1	0
8	0
16	0
17	0
3	0
3	0
3	0
16	0
16	0
16	0
16	0
16	0
3	0
1	0
8	0
12	0
8	6
8	0
8	0
8	8
16	0
16	0
16	16
3	0
12	6
12	0
12	0
12	1
12	12
5	0
12	0
4	10
2	0
2	2
6	6
8	0
8	0
8	0
8	0
8	8
12	0
12	0
12	0
12	1
8	0
12	6
12	0
12	0
8	8
2	0
2	2
8	0
8	8
12	12
12	12
3	0
2	0
4	16
5	0
11	0
4	10
2	0
2	0
2	0
6	2
8	0
8	0
8	0
8	0
8	8
2	0
2	2
12	0
9	0
13	0
13	0
11	11
13	13
14	0
3	0
14	0
14	14
11	0
12	11
1	3
3	3
1	1
4	0
4	4
13	13
13	0
1	0
1	0
1	0
1	0
16	0
1	0
1	0
1	0
1	0
16	0
16	0
16	0
16	0
1	0
1	0
1	0
1	0
1	0
1	0
1	0
1	0
1	0
1	0
1	0
1	0
16	0
1	0
1	0
1	0
1	0
1	0
1	0
16	0
16	0
16	0
16	0
16	0
1	0
1	0
1	0
1	0
1	0
1	0
1	0
12	0
17	2
12	0
12	6
12	12
12	0
12	0
12	0
12	12
17	0
11	2
12	0
12	0
12	12
1	6
8	0
8	0
8	8
13	13
16	0
2	6
12	0
8	0
8	0
8	8
5	5
3	0
2	6
8	0
8	0
8	0
8	0
8	0
8	8
16	0
2	2
1	0
1	0
1	1
13	13
1	0
1	0
1	1
8	0
8	0
8	0
13	0
12	0
1	0
12	8
13	13
13	0
3	0
16	0
16	0
16	0
16	0
16	0
12	0
1	0
12	0
3	0
3	0
3	3
11	11
3	0
2	14
1	6
1	0
1	0
17	0
1	0
1	1
8	0
8	0
8	8
1	0
3	0
1	0
1	1
3	0
3	0
2	16
13	13
13	0
1	0
1	0
16	0
1	0
1	0
1	0
16	0
16	0
16	0
1	0
1	0
16	0
16	0
16	0
1	0
16	0
1	0
1	0
1	0
1	0
1	0
16	0
16	0
3	0
16	0
16	0
16	0
1	0
1	0
1	0
1	0
1	0
1	0
1	0
1	0
12	0
8	0
8	0
2	2
11	0
12	6
12	12
12	12
13	13
9	9
8	0
8	0
8	0
8	8
13	13
13	13
3	0
2	6
12	0
12	0
8	8
2	0
2	2
13	0
1	0
1	0
1	0
13	0
13	0
17	0
12	8
12	12
12	12
13	13
16	0
16	0
16	4
11	0
11	6
1	0
1	1
8	0
8	0
8	0
8	0
8	8
2	0
2	6
12	0
8	8
13	13
13	0
3	0
8	0
16	0
8	0
8	0
8	0
8	0
16	0
12	0
11	11
3	0
4	0
4	16
11	0
11	0
4	10
3	0
6	0
1	0
1	3
16	0
16	0
16	16
13	13
14	0
5	0
14	0
14	14
11	11
3	0
1	0
1	1
2	0
2	2
8	0
8	8
17	17
17	17
12	17
16	0
16	0
16	0
16	16
13	13
13	0
1	0
1	0
16	0
16	0
1	0
1	0
1	0
1	0
1	0
1	0
8	0
16	0
8	0
8	0
16	0
16	0
1	0
1	0
1	0
8	0
1	0
1	0
16	0
12	0
3	0
1	0
1	2
8	0
8	8
16	0
16	0
16	16
13	13
14	0
11	0
14	14
3	0
1	6
8	0
8	0
8	0
8	0
8	8
3	0
3	3
8	0
2	0
2	2
8	0
8	8
2	2
3	0
9	9
8	0
8	0
8	0
8	0
8	0
8	0
8	0
8	0
8	8
4	0
4	4
13	13
13	0
1	0
1	0
1	0
16	0
16	0
1	0
1	0
1	0
1	0
16	0
16	0
16	0
16	0
16	0
14	0
3	0
1	0
12	0
12	6
12	12
12	12
12	0
12	6
12	0
12	8
4	0
11	4
1	0
12	0
4	10
1	0
1	0
1	0
1	0
16	0
16	16
13	13
13	0
3	0
8	0
1	0
12	0
12	0
1	0
1	0
12	0
8	0
1	0
1	0
1	0
1	0
1	0
1	0
8	0
16	0
16	0
1	0
1	0
1	0
3	0
1	0
1	0
1	0
1	0
8	0
12	0
12	0
12	0
12	0
12	0
12	0
1	0
1	0
1	0
1	0
1	0
1	0
13	0
13	13
11	11
17	0
11	4
17	0
1	6
8	0
8	8
17	0
3	3
3	3
1	0
1	0
1	0
1	0
1	1
17	0
12	0
12	4
13	13
13	13
3	0
2	16
3	0
12	6
12	12
12	12
13	13
13	0
1	0
16	0
1	0
1	0
1	0
1	0
1	0
1	0
12	0
12	0
1	0
1	0
1	0
16	0
16	0
8	0
12	0
1	0
3	0
16	0
1	0
1	0
1	0
1	0
17	0
17	0
1	0
1	0
1	0
1	0
12	0
3	0
12	6
8	0
8	8
16	0
4	0
4	4
3	0
3	11
11	0
11	0
6	16
1	0
1	0
1	0
1	1
17	0
17	16
5	5
16	0
17	0
17	4
17	3
17	2
17	0
12	6
8	0
8	0
8	8
1	0
1	0
1	0
16	0
16	0
16	16
13	13
14	14
3	0
12	6
12	12
12	12
16	0
4	0
4	10
3	0
3	0
3	3
3	0
2	0
2	16
2	0
2	0
6	0
6	2
8	0
8	0
8	0
8	0
13	0
13	0
13	13
11	0
11	11
16	0
4	4
2	3
1	0
12	11
17	0
3	0
3	0
3	3
11	0
16	0
16	0
16	16
13	13
13	0
1	0
1	0
1	0
1	0
1	0
1	0
1	0
16	0
1	0
8	0
1	0
8	0
1	0
1	0
1	0
1	0
1	0
1	0
1	0
1	0
1	0
1	0
1	0
1	0
1	0
1	0
1	0
16	0
16	0
1	0
16	0
16	0
16	0
1	0
8	0
8	0
1	0
1	0
1	0
1	0
1	0
13	0
12	13
2	0
8	0
8	2
1	0
1	0
1	1
8	0
8	0
8	0
8	8
16	0
4	0
4	4
11	11
1	6
8	8
2	0
1	0
16	0
16	0
16	16
13	13
13	0
1	0
1	0
1	0
1	0
1	0
8	0
8	0
16	0
16	0
16	0
16	0
1	0
1	0
3	0
1	0
1	0
16	0
16	0
16	0
1	0
1	0
1	0
1	0
1	0
1	0
1	0
1	0
1	0
1	0
1	0
8	0
8	0
16	0
16	0
16	0
11	0
11	11
4	0
11	4
3	0
4	0
4	0
14	3
3	0
3	3
3	0
2	0
6	0
3	3
1	0
2	0
16	0
16	1
16	0
12	0
12	4
13	13
3	0
3	14
6	6
12	0
8	0
8	8
2	2
3	0
12	6
8	0
8	0
8	8
1	0
2	0
12	16
16	0
16	0
16	4
13	13
13	0
3	0
1	0
8	0
1	0
16	0
16	0
16	0
1	0
8	0
16	0
1	0
8	0
1	0
3	0
3	0
3	0
3	0
1	0
12	0
11	0
11	11
16	0
1	0
17	0
17	0
17	0
1	16
2	6
8	0
8	0
12	0
12	0
8	8
16	0
16	16
13	13
13	0
16	0
8	0
1	0
16	0
16	0
8	0
16	0
1	0
16	0
16	0
16	0
1	0
1	0
1	0
1	0
8	0
8	0
1	0
16	0
16	0
1	0
16	0
16	0
1	0
16	0
16	0
16	0
16	0
16	0
16	0
16	0
16	0
16	0
16	0
16	0
16	0
1	0
1	0
8	0
8	0
8	0
12	0
11	11
16	0
3	0
3	16
3	3
4	0
2	6
8	0
8	0
8	8
1	0
1	0
16	16
13	13
14	14
11	0
11	0
11	11
16	0
11	0
4	10
2	3
3	0
2	6
8	0
8	0
8	0
8	0
8	8
1	0
1	0
1	0
16	0
16	0
16	16
1	0
16	0
16	0
16	16
13	13
13	0
8	0
8	0
8	0
1	0
1	0
16	0
16	0
16	0
1	0
1	0
1	0
1	0
1	0
1	0
1	0
1	0
16	0
16	0
12	0
12	6
8	0
12	0
8	0
8	8
13	13
13	0
8	0
8	0
8	0
8	0
12	0
12	0
12	0
12	0
12	0
12	0
12	0
12	0
12	0
12	0
12	0
12	0
12	0
8	0
12	0
1	0
1	0
8	0
8	0
8	0
8	0
12	0
1	0
12	0
8	0
8	0
8	0
8	0
8	0
8	0
1	0
12	0
12	0
12	0
12	0
12	0
12	0
8	0
8	0
8	0
8	0
8	0
12	0
12	0
12	0
12	0
12	0
12	0
12	0
3	0
12	6
8	0
8	0
8	0
8	0
8	8
13	13
3	11
3	0
3	3
1	0
1	0
1	16
13	13
16	0
16	16
3	3
3	0
12	9
12	0
6	0
9	0
1	1
8	0
8	0
8	8
13	13
13	0
1	0
1	0
1	0
1	0
1	0
1	0
1	0
1	0
1	0
1	0
1	0
12	0
1	0
1	0
12	0
1	0
1	0
12	0
1	0
1	0
1	0
1	0
16	0
1	0
1	0
1	0
1	0
1	0
1	0
1	0
13	0
13	13
14	0
14	2
16	0
11	11
3	3
3	0
3	0
3	0
3	16
13	13
4	0
4	0
14	4
6	0
6	6
8	0
8	0
8	8
3	3
6	0
1	9
8	8
2	0
2	0
2	0
6	2
8	0
8	0
8	0
8	0
8	8
16	0
2	0
2	0
16	16
13	13
13	0
3	0
3	0
1	0
1	0
1	0
8	0
2	0
16	0
16	0
16	0
16	0
16	0
16	0
16	0
16	0
16	0
16	0
16	0
3	0
16	0
3	0
11	0
11	11
4	0
4	0
4	4
3	3
1	0
1	0
1	0
1	1
8	0
2	0
2	2
12	6
12	0
8	0
8	8
13	13
11	0
11	0
14	0
14	14
3	0
1	0
1	3
1	0
1	0
1	0
3	0
1	0
1	16
16	0
16	0
16	16
13	13
13	0
16	0
1	0
1	0
1	0
1	0
1	0
8	0
1	0
1	0
1	0
1	0
8	0
16	0
4	0
16	0
1	0
1	0
1	0
1	0
8	0
1	0
1	0
17	0
12	0
13	0
13	13
14	3
3	14
8	0
8	8
17	0
2	2
8	0
8	8
3	2
3	0
1	6
8	0
8	0
1	8
16	0
16	0
16	0
16	16
13	13
3	0
16	16
11	0
11	0
11	11
1	0
3	0
4	10
1	0
1	10
13	13
13	0
1	0
1	0
1	0
1	0
1	0
1	0
1	0
1	0
1	0
16	0
16	0
16	0
16	0
1	0
16	0
16	0
1	0
1	0
16	0
1	0
1	0
8	0
1	0
3	0
1	0
1	0
1	0
12	0
11	11
16	0
16	0
16	4
1	0
1	0
1	0
1	0
1	0
1	3
8	0
8	0
8	0
8	8
17	0
17	0
12	16
13	13
14	14
12	6
12	0
12	0
12	8
2	0
2	0
2	0
6	2
8	0
8	0
8	0
8	0
8	8
3	10
3	0
1	0
2	1
12	0
12	0
12	4
4	0
4	4
13	13
13	0
1	0
16	0
16	0
16	0
16	0
16	0
16	0
1	0
1	0
1	0
1	0
1	0
1	0
1	0
1	0
16	0
12	0
3	3
16	0
16	0
16	4
3	0
6	11
1	6
8	0
8	0
8	8
8	0
8	16
13	13
13	0
1	0
16	0
8	0
1	0
16	0
3	0
1	0
8	0
16	0
16	0
8	0
3	0
1	0
1	0
1	0
1	0
8	0
8	0
8	0
16	0
8	0
16	0
1	0
8	0
16	0
1	0
1	0
1	0
8	0
8	0
1	0
1	0
8	0
16	0
16	0
16	0
16	0
1	0
1	0
1	0
1	0
8	0
1	0
8	0
8	0
13	0
3	11
3	0
3	3
16	16
11	0
11	11
1	0
1	0
16	0
16	10
13	13
13	0
8	0
1	0
8	0
8	0
8	0
1	0
8	0
8	0
8	0
8	0
1	0
8	0
8	0
3	0
8	0
8	0
1	0
8	0
8	0
8	0
1	0
8	0
3	0
1	0
8	0
1	0
8	0
1	0
1	0
1	0
1	0
8	0
8	0
1	0
3	0
3	0
3	0
8	0
3	0
1	0
1	0
1	0
8	0
8	0
8	0
1	0
1	0
12	0
3	0
2	6
12	12
12	12
16	0
16	0
16	0
16	16
3	0
6	0
3	0
3	3
1	0
2	0
1	0
1	2
8	0
8	0
8	0
8	0
8	8
13	13
3	11
3	0
1	3
3	0
3	1
3	3
4	0
11	4
13	13
16	0
16	0
16	0
16	16
13	13
13	0
16	0
3	0
16	0
8	0
8	0
8	0
1	0
1	0
1	0
16	0
1	0
8	0
16	0
16	0
16	0
16	0
3	0
3	0
3	0
1	0
1	0
1	0
12	0
8	0
12	6
12	12
12	12
16	0
16	0
16	0
3	16
1	0
3	0
2	0
1	0
1	0
1	1
13	13
13	0
1	0
8	0
1	0
16	0
8	0
8	0
8	0
8	0
16	0
16	0
16	0
16	0
8	0
3	0
3	0
1	0
1	0
3	0
8	0
1	0
1	0
8	0
8	0
8	0
8	0
8	0
8	0
1	0
8	0
8	0
12	0
12	0
8	0
16	0
16	0
8	0
3	0
3	0
1	0
1	0
1	0
1	0
1	0
12	0
2	0
1	0
14	2
6	0
11	0
11	16
11	11
16	0
4	0
4	10
13	13
3	0
16	11
11	11
1	6
8	0
8	0
8	8
2	0
12	0
11	6
12	0
12	0
12	1
12	0
12	0
12	8
2	0
2	0
1	0
1	0
1	0
16	16
16	0
11	0
4	16
13	13
13	0
1	0
16	0
16	0
1	0
1	0
16	0
1	0
16	0
16	0
16	0
16	0
16	0
16	0
16	0
16	0
16	0
16	0
16	0
16	0
16	0
16	0
12	0
8	16
3	3
1	0
1	16
8	0
8	6
12	12
12	12
2	0
2	0
6	2
12	12
12	12
13	13
13	0
1	0
8	0
1	0
12	0
12	0
8	0
12	0
1	0
1	0
1	0
16	0
12	0
8	0
8	0
8	0
3	0
8	0
12	0
12	0
12	0
1	0
1	0
8	0
16	0
12	0
12	0
8	0
8	0
1	0
1	0
1	0
16	0
8	0
1	0
1	0
8	0
8	0
8	0
3	0
3	0
8	0
8	0
12	0
12	0
12	0
8	6
12	0
8	0
8	12
16	0
16	0
16	16
8	0
8	0
8	0
8	8
2	0
2	0
2	2
8	0
8	0
8	0
8	8
2	10
8	0
8	0
8	0
12	8
8	0
8	0
8	2
17	0
12	8
3	0
1	0
1	10
17	0
17	0
17	0
3	16
3	0
3	0
1	0
1	0
1	3
3	0
1	0
16	0
16	16
4	0
4	0
4	0
4	4
13	13
13	0
3	0
1	0
1	0
8	0
8	0
3	0
8	0
2	0
2	0
12	0
8	0
8	8
16	0
16	0
16	16
6	6
8	0
8	8
3	0
3	0
3	0
3	3
3	10
13	13
3	3
3	11
2	6
12	0
12	0
8	0
8	8
16	0
2	0
11	0
9	2
8	0
8	0
8	0
8	8
1	0
2	0
16	0
16	0
16	16
13	13
13	0
1	0
1	0
1	0
12	0
16	0
8	0
16	0
3	0
3	0
1	0
12	0
8	0
16	0
1	0
1	0
1	0
1	0
3	0
3	0
3	0
3	0
3	0
1	0
13	0
14	0
14	0
2	11
2	0
2	2
8	0
8	0
8	0
8	0
8	8
8	0
5	5
17	0
2	2
8	8
2	6
8	0
8	0
8	0
8	0
8	0
8	8
3	0
3	3
1	0
1	0
1	0
1	0
16	16
13	13
3	0
16	0
16	0
16	16
1	0
1	0
1	0
1	0
1	0
1	1
13	13
13	0
1	0
1	0
1	0
1	0
1	0
2	0
8	0
3	0
16	0
1	0
16	0
8	0
8	0
8	0
16	0
2	0
1	0
13	0
9	0
9	9
8	0
8	0
8	0
8	8
2	2
8	0
8	0
8	0
8	0
8	0
8	8
4	4
9	9
2	2
2	6
8	0
8	0
8	0
8	0
8	0
8	8
2	2
2	6
8	0
8	0
8	12
1	0
1	0
16	16
13	13
13	0
1	0
1	0
1	0
1	0
1	0
8	0
1	0
1	0
8	0
8	0
8	0
1	0
8	0
1	0
1	0
8	0
8	0
8	0
1	0
1	0
8	0
8	0
8	0
8	0
8	0
8	0
12	0
12	6
16	0
16	0
16	6
8	0
8	0
8	0
8	8
17	0
17	0
17	16
17	2
12	0
8	0
8	0
8	0
8	0
8	8
13	13
11	0
14	0
14	14
6	6
8	0
8	8
1	1
16	0
1	0
1	0
1	0
1	16
17	0
1	0
1	0
16	16
13	13
13	0
1	0
1	0
16	0
16	0
16	0
16	0
16	0
8	0
1	0
1	0
1	0
16	0
1	0
1	0
1	0
3	0
3	0
17	0
16	0
16	0
1	0
1	0
13	0
14	0
14	2
6	6
8	0
8	0
8	8
3	10
16	0
1	0
16	0
16	16
13	13
17	0
17	0
1	0
16	0
16	16
12	6
12	0
12	0
8	12
2	0
6	0
3	0
3	3
8	0
8	0
8	0
8	0
8	0
8	0
8	8
13	13
13	0
1	0
1	0
16	0
16	0
1	0
12	0
12	0
16	0
16	0
2	0
1	0
1	0
16	0
16	0
1	0
1	0
8	0
1	0
1	0
1	0
16	0
16	0
16	0
3	0
16	0
3	0
3	2
8	0
8	0
1	8
16	0
16	0
16	16
3	6
1	0
1	0
1	1
1	0
2	0
2	10
13	13
13	0
1	0
8	0
1	0
8	0
8	0
8	0
8	0
8	0
8	0
8	0
1	0
1	0
3	0
1	0
1	0
8	0
8	0
3	0
3	0
8	0
8	0
8	0
8	0
1	0
8	0
8	0
8	0
1	0
3	0
1	0
1	0
8	0
1	0
8	0
8	0
3	0
3	0
1	0
1	0
1	0
1	0
8	0
8	0
12	0
2	0
2	0
2	0
14	0
14	14
1	0
1	6
8	0
8	0
8	0
8	8
2	0
2	2
8	0
8	0
8	0
8	0
8	8
2	0
2	2
12	0
12	0
12	0
12	12
3	2
8	0
8	0
8	0
8	12
3	0
17	16
1	6
17	0
8	0
12	0
13	0
1	0
1	0
1	0
1	0
1	0
16	8
6	6
8	0
8	0
8	0
8	0
8	0
8	8
12	0
12	0
12	8
3	0
2	2
1	0
1	0
1	0
1	1
13	0
12	0
1	0
1	0
8	0
8	0
1	3
16	0
16	0
16	0
17	16
17	0
11	11
12	6
12	0
12	0
12	0
8	0
8	8
13	13
1	6
8	0
8	0
8	0
8	8
17	0
17	2
12	0
12	0
8	8
10	0
10	0
2	0
2	0
16	0
16	0
16	16
13	13
1	0
16	0
16	16
12	6
12	0
12	0
8	12
2	0
6	0
6	2
8	0
8	0
8	0
8	8
13	13
13	0
1	0
16	0
16	0
16	0
16	0
1	0
1	0
12	0
12	6
17	0
12	8
17	0
17	0
16	0
16	0
16	16
17	0
17	6
8	0
8	0
8	0
8	0
8	0
8	8
13	13
13	0
12	0
1	0
17	0
17	0
8	0
8	0
12	0
12	0
17	0
17	0
17	0
17	0
17	0
1	0
8	0
8	0
8	0
8	0
8	0
8	0
17	0
17	0
17	0
17	0
8	0
8	0
8	0
12	0
12	0
12	0
12	0
16	0
17	0
17	0
17	0
17	0
17	0
17	0
1	0
8	0
8	0
12	0
12	12
12	0
12	12
12	0
16	0
16	16
2	0
11	2
12	0
8	0
8	0
8	8
2	0
2	2
8	0
8	0
8	8
12	0
12	0
12	6
8	0
8	0
8	0
8	0
12	8
2	0
2	2
6	6
8	0
8	0
8	0
1	1
8	0
8	0
8	0
8	0
8	8
8	0
12	0
8	0
12	8
12	2
8	0
8	0
8	0
8	0
8	8
2	0
2	2
9	0
1	1
5	5
9	0
1	1
8	8
11	0
4	4
3	6
13	0
12	0
2	0
14	2
8	0
8	0
8	0
8	0
8	8
2	0
2	2
17	0
17	0
17	0
17	9
17	0
17	0
17	0
17	2
2	2
2	0
2	2
8	0
8	0
8	0
8	0
8	0
8	8
2	0
2	2
1	0
12	0
17	0
9	0
9	9
3	0
4	0
4	0
4	4
2	0
2	2
8	0
8	0
8	0
8	8
3	0
2	0
1	0
1	2
6	6
8	0
8	0
8	0
8	0
8	8
5	5
6	6
12	0
12	0
8	0
13	0
12	0
3	0
2	6
8	0
8	0
8	0
8	0
8	8
16	0
16	16
11	0
6	0
3	3
1	0
1	0
3	0
5	5
3	6
1	0
9	1
8	0
8	0
8	8
8	0
5	5
16	0
16	0
16	16
6	6
8	0
8	0
8	8
2	0
2	2
1	0
2	6
1	0
1	0
1	0
1	1
8	0
8	0
8	0
8	8
3	0
3	0
3	3
2	10
13	13
13	0
3	0
1	0
3	0
1	0
8	0
8	0
3	0
3	0
3	0
1	0
12	0
3	0
12	0
8	0
8	0
16	1
4	0
11	4
12	6
12	0
12	0
12	0
12	0
8	8
2	2
3	0
2	6
8	0
8	0
8	0
8	0
8	0
8	0
8	8
3	3
8	0
2	0
2	2
6	6
8	0
8	0
8	0
8	0
8	0
8	8
13	13
3	11
16	0
16	16
2	0
3	3
1	6
8	0
8	0
8	0
8	8
13	13
13	0
1	0
1	0
8	0
1	0
1	0
1	0
1	0
1	0
1	0
1	0
1	0
1	0
12	0
8	6
8	0
8	0
8	0
8	8
8	0
2	2
6	6
8	0
8	0
8	0
8	0
8	8
16	16
17	3
2	2
12	0
8	0
8	8
9	9
13	13
13	0
8	0
1	0
8	0
8	0
1	0
8	0
1	0
1	0
8	0
8	0
16	0
16	0
8	0
8	0
1	0
8	0
8	0
8	0
8	0
8	0
1	0
1	0
8	0
1	0
16	0
12	0
8	0
8	0
16	0
16	0
8	0
1	0
8	0
8	0
8	0
16	0
16	0
11	0
2	2
11	0
6	0
3	3
11	0
11	4
3	3
11	0
4	0
11	3
2	2
8	0
8	0
8	8
3	10
1	0
1	0
1	0
16	0
16	16
13	13
13	0
1	0
1	0
1	0
16	0
16	0
16	0
16	0
1	0
1	0
8	0
8	0
8	0
8	0
1	0
1	0
1	0
1	0
1	0
16	0
16	0
16	0
1	0
16	0
16	0
16	0
3	0
3	0
3	0
8	0
1	0
1	0
1	0
1	0
1	0
1	0
8	0
8	0
12	0
12	0
8	0
8	8
2	2
13	0
12	0
12	13
13	0
12	0
13	13
12	0
12	0
12	12
12	0
12	0
12	0
12	0
12	0
12	12
13	13
9	9
13	13
8	0
8	0
8	0
8	8
13	13
3	3
1	0
3	0
16	0
1	0
16	0
1	1
3	11
11	0
11	4
13	13
13	0
6	0
3	3
3	6
8	8
1	0
17	0
16	0
16	0
16	0
17	16
13	13
12	2
12	6
12	0
12	12
12	0
12	12
12	0
12	2
13	0
12	0
6	2
8	0
8	0
8	8
3	0
11	0
4	16
3	11
17	0
17	0
1	11
1	0
17	0
1	0
1	0
1	0
1	16
13	13
13	0
1	0
1	0
1	0
1	0
1	0
1	0
1	0
1	0
1	0
1	0
1	0
17	0
1	0
1	0
1	0
1	0
1	0
1	0
1	0
1	0
1	0
1	0
1	0
1	0
1	0
1	0
1	0
1	0
1	0
8	0
8	0
16	0
16	0
3	0
1	0
17	0
17	0
17	0
1	0
1	0
12	0
17	11
4	4
17	0
17	0
17	10
17	0
3	3
1	0
1	0
1	0
16	16
13	13
3	3
5	0
3	3
1	0
11	6
8	8
1	0
2	0
2	0
16	0
16	0
1	16
13	13
14	2
3	11
6	6
1	6
8	0
8	0
8	0
8	0
8	0
8	0
8	8
1	0
1	0
1	0
16	16
5	5
11	0
11	11
11	6
12	0
8	0
8	8
1	0
2	0
3	0
16	0
16	16
1	0
4	0
2	0
1	4
13	13
13	0
3	0
3	0
11	11
4	0
4	4
8	0
8	8
13	13
3	11
1	0
1	0
1	0
1	1
1	0
2	0
2	2
11	0
11	11
1	0
1	0
1	0
8	16
4	0
16	4
4	0
4	4
13	13
13	0
3	0
1	0
1	0
16	0
1	0
1	0
1	0
1	0
1	0
8	0
1	0
1	0
1	0
1	0
1	0
1	0
16	0
16	0
16	0
1	0
1	0
16	0
1	0
1	0
1	0
1	0
1	0
1	0
1	0
1	0
1	0
1	0
1	0
13	0
3	0
2	2
3	0
1	9
8	0
8	8
4	0
4	4
11	11
1	0
12	0
16	0
16	0
16	0
16	16
13	13
13	0
1	0
8	0
8	0
16	0
8	0
16	0
1	0
1	0
1	0
8	0
8	0
11	0
8	0
8	0
1	0
16	0
16	0
16	0
16	0
8	0
1	0
1	0
16	0
16	0
3	0
3	0
8	0
1	0
1	0
1	0
1	0
1	0
1	0
1	0
16	0
3	0
3	0
8	0
8	0
1	0
16	0
16	0
12	0
17	11
4	0
4	16
13	13
16	0
17	0
12	10
13	13
14	11
17	0
17	0
17	0
3	16
6	0
6	6
8	8
16	0
16	16
13	13
13	0
3	0
1	0
1	0
8	0
16	0
16	0
3	0
16	0
16	0
1	0
17	0
12	0
1	0
1	0
1	0
1	0
8	0
16	0
16	0
16	0
1	0
1	0
1	0
1	0
16	0
16	0
3	0
16	0
16	0
16	0
16	0
16	0
16	0
1	0
1	0
17	0
17	0
1	0
1	0
12	0
8	6
12	0
8	8
4	0
11	4
5	6
8	0
8	8
2	2
3	0
11	11
13	13
13	0
1	0
1	0
1	0
1	0
1	0
1	0
1	0
1	0
16	0
16	0
1	0
1	0
1	0
1	0
1	0
1	0
1	0
1	0
1	0
1	0
1	0
1	0
1	0
1	0
1	0
1	0
1	0
1	0
1	0
16	0
16	0
1	0
1	0
1	0
12	0
8	0
1	0
1	0
8	0
1	0
1	0
1	0
1	0
1	0
1	0
1	0
12	0
11	11
4	0
4	0
4	4
1	0
1	0
1	1
13	13
11	0
11	6
8	0
8	0
8	0
8	8
3	0
2	0
16	0
16	0
16	0
16	0
16	16
13	13
11	0
14	0
14	14
3	0
6	11
3	3
1	0
1	1
8	0
8	8
16	2
12	6
8	0
8	0
8	0
8	8
2	4
13	13
13	0
16	0
16	0
16	0
16	0
16	0
16	0
16	0
16	0
1	0
16	0
16	0
1	0
16	0
16	0
16	0
1	0
16	0
16	0
11	0
11	11
4	0
16	16
11	11
2	0
2	2
12	6
12	0
12	8
13	13
13	0
1	0
8	0
8	0
8	0
1	0
1	0
1	0
3	0
12	0
12	0
12	0
8	0
1	0
3	0
1	0
8	0
12	0
12	0
12	0
8	0
8	0
1	0
8	0
8	0
1	0
1	0
1	0
1	0
8	0
12	0
1	0
12	0
8	0
1	0
1	0
8	0
8	0
1	0
3	0
3	0
12	0
12	0
12	0
8	0
8	0
1	0
1	0
8	0
13	0
1	0
6	6
8	0
8	0
8	8
16	0
16	0
16	0
16	16
3	0
11	11
1	0
1	0
12	10
13	13
13	0
1	0
1	0
1	0
16	0
1	0
1	0
1	0
1	0
8	0
16	0
16	0
16	0
16	0
16	0
3	0
1	0
1	0
1	0
1	0
1	0
1	0
8	0
1	0
1	0
16	0
1	0
1	0
1	0
1	0
1	0
1	0
1	0
1	0
8	0
16	0
16	0
16	0
16	0
3	0
8	0
1	0
1	0
1	0
17	0
11	2
17	6
1	0
1	0
1	6
8	0
8	8
16	0
16	0
16	0
3	16
17	3
13	13
4	0
4	14
3	6
12	0
12	0
12	0
12	0
8	8
3	0
3	0
1	0
1	2
6	6
8	0
8	8
3	3
1	0
1	0
1	1
4	0
4	4
13	13
13	0
1	0
1	0
1	0
16	0
8	0
1	0
1	0
1	0
1	0
12	0
1	0
1	0
1	0
1	0
1	0
8	0
16	0
16	0
1	0
1	0
1	0
1	0
16	0
11	0
5	0
5	5
3	11
1	0
3	16
2	3
8	0
8	8
3	0
2	2
11	1
16	0
16	0
1	0
16	16
13	13
13	0
1	0
1	0
1	0
8	0
8	0
8	0
8	0
1	0
1	0
1	0
8	0
8	0
1	0
1	0
8	0
1	0
1	0
1	0
8	0
8	0
8	0
1	0
1	0
1	0
8	0
8	0
8	0
1	0
1	0
16	0
16	0
16	0
1	0
1	0
1	0
8	0
8	0
1	0
1	0
8	0
1	0
1	0
13	0
4	0
11	4
6	6
8	0
8	8
13	13
8	17
13	13
1	6
8	0
8	0
8	0
8	0
8	8
16	17
12	0
12	12
12	0
5	5
1	6
8	0
8	0
8	0
1	8
13	13
13	0
1	0
1	0
8	0
1	0
1	0
8	0
8	0
1	0
1	0
1	0
8	0
8	0
16	0
12	0
1	0
1	0
1	0
1	0
8	0
12	0
16	0
3	0
1	0
1	0
1	0
8	0
8	0
8	0
1	0
1	0
8	0
8	0
1	0
12	0
3	11
17	0
11	4
17	0
17	0
17	10
17	6
17	0
17	0
17	8
17	0
17	0
12	4
13	13
3	11
4	4
11	11
1	0
6	0
1	0
1	3
17	0
17	0
17	0
17	0
17	16
17	0
17	3
1	0
17	0
1	0
4	4
13	13
13	0
3	0
3	0
1	0
8	0
17	0
1	0
1	0
8	0
1	0
17	0
17	0
1	0
3	0
17	0
17	0
17	0
17	0
1	0
1	0
17	0
17	0
17	0
12	0
17	0
12	0
12	0
3	3
3	3
3	11
1	0
1	0
1	0
1	0
1	0
16	16
4	4
13	13
17	0
6	0
3	3
1	0
1	1
11	4
11	0
11	11
17	6
17	0
8	0
8	8
17	0
17	0
1	16
13	13
6	6
8	0
8	8
3	3
3	10
16	0
4	0
16	0
16	0
16	16
13	13
13	0
1	0
1	0
1	0
1	0
1	0
1	0
8	0
1	0
1	0
3	0
1	0
1	0
1	0
1	0
16	0
16	0
16	0
3	0
16	0
16	0
13	0
1	0
16	0
4	16
3	11
17	0
3	3
17	0
2	2
8	8
13	13
13	0
1	0
8	0
1	0
8	0
16	0
1	0
16	0
8	0
8	0
17	0
1	0
8	0
16	0
8	0
8	0
17	0
8	0
17	0
8	0
8	0
1	0
1	0
1	0
16	0
16	0
16	0
1	0
8	0
17	0
1	0
17	0
1	0
8	0
16	0
16	0
16	0
16	0
16	0
16	0
8	0
17	0
1	0
8	0
8	0
8	0
1	0
16	0
16	0
13	0
8	0
2	2
2	6
8	8
13	13
13	0
8	0
8	0
1	0
1	0
16	0
1	0
8	0
16	0
8	0
1	0
1	0
8	0
8	0
8	0
8	0
8	0
1	0
1	0
8	0
8	0
8	0
8	0
8	0
1	0
8	0
1	0
16	0
8	0
16	0
1	0
1	0
8	0
8	0
8	0
8	0
8	0
8	0
1	0
1	0
8	0
8	0
8	0
1	0
1	0
8	0
1	0
8	0
8	0
1	0
1	0
8	0
8	0
8	0
12	0
17	11
17	4
8	0
8	0
8	0
8	0
8	0
8	0
8	0
8	8
13	13
6	6
8	0
8	0
8	0
8	0
8	0
8	0
8	0
8	0
8	8
13	13
13	0
1	0
1	0
1	0
1	0
1	0
8	0
8	0
8	0
8	0
1	0
8	0
1	0
8	0
1	0
1	0
8	0
8	0
8	0
8	0
16	0
8	0
1	0
8	0
16	0
16	0
16	0
1	0
8	0
8	0
8	0
8	0
8	0
8	0
8	0
1	0
8	0
13	0
1	0
8	0
16	0
16	0
16	16
16	11
11	0
11	2
2	0
6	6
8	0
8	0
8	8
2	3
12	0
11	6
12	0
12	0
13	0
12	8
16	0
11	10
13	13
13	0
16	0
16	0
16	0
16	0
16	0
1	0
1	0
1	0
8	0
16	0
8	0
1	0
1	0
1	0
8	0
16	0
8	0
16	0
16	0
16	0
8	0
16	0
16	0
16	0
16	0
16	0
16	0
16	0
16	0
16	0
1	0
1	0
8	0
8	0
16	0
12	0
11	11
4	0
4	4
3	0
3	3
1	0
1	0
1	0
1	0
1	3
1	0
17	0
17	0
17	0
1	1
3	10
3	1
1	0
2	2
6	6
8	0
8	0
8	0
8	0
8	8
1	0
1	0
1	0
8	16
13	13
13	0
1	0
1	0
1	0
1	0
1	0
1	0
1	0
1	0
1	0
1	0
8	0
8	0
1	0
1	0
1	0
1	0
8	0
3	0
3	0
1	0
1	0
1	0
1	0
1	0
1	0
1	0
1	0
1	0
12	0
12	0
12	12
12	4
4	0
2	6
8	0
12	0
8	8
12	0
12	4
13	13
13	0
1	0
16	0
12	0
8	0
16	0
1	0
1	0
8	0
12	0
1	0
12	0
1	0
1	0
1	0
1	0
8	0
12	0
12	0
12	0
8	0
1	0
1	0
16	0
1	0
8	0
1	0
1	0
1	0
12	0
12	0
12	0
12	0
8	0
16	0
16	0
16	0
8	0
8	0
1	0
12	0
12	0
12	0
1	0
1	0
8	0
1	0
1	0
12	0
3	0
3	0
3	0
3	3
3	0
4	0
4	0
4	16
3	0
6	11
12	6
12	0
12	12
17	0
2	2
8	8
17	0
17	0
17	16
12	16
13	13
13	0
1	0
1	0
16	0
16	0
16	0
16	0
16	0
3	0
1	0
8	0
8	0
17	0
2	0
1	0
1	0
1	0
17	0
12	0
16	0
16	0
1	0
1	0
12	0
12	0
16	0
3	0
3	0
3	0
3	0
16	0
3	0
3	0
3	0
1	0
12	0
12	0
17	0
13	0
2	0
2	0
2	2
1	0
1	0
1	6
8	0
8	0
8	0
8	8
13	13
13	0
1	0
8	0
8	0
8	0
16	0
16	0
1	0
1	0
8	0
8	0
16	0
16	0
8	0
1	0
1	0
1	0
8	0
8	0
8	0
8	0
8	0
1	0
8	0
8	0
8	0
1	0
1	0
1	0
1	0
8	0
8	0
8	0
16	0
8	0
8	0
8	0
8	0
1	0
1	0
1	0
1	0
8	0
8	0
8	0
8	0
1	0
1	0
12	0
11	11
16	0
16	16
11	0
6	6
1	1
8	8
13	13
13	0
1	0
1	0
1	0
8	0
8	0
8	0
1	0
3	0
1	0
1	0
1	0
8	0
8	0
3	0
1	0
1	0
1	0
8	0
1	0
8	0
8	0
1	0
1	0
8	0
8	0
8	0
16	0
1	0
1	0
1	0
1	0
1	0
8	0
8	0
3	0
1	0
8	0
8	0
8	0
3	0
3	0
1	0
1	0
1	0
8	0
1	0
3	0
1	0
8	0
1	0
13	0
3	0
3	3
4	0
4	4
3	0
1	6
8	0
8	0
8	0
8	0
8	8
3	3
16	0
16	1
13	13
11	0
14	0
14	14
11	0
11	11
17	2
12	6
12	0
17	0
12	8
2	2
12	0
12	12
3	0
3	0
1	0
1	0
16	0
16	0
1	0
16	0
16	16
13	13
13	0
1	0
1	0
16	0
1	0
16	0
1	0
1	0
3	0
3	0
3	0
3	0
3	0
1	0
1	0
1	0
8	0
1	0
1	0
1	0
1	0
12	0
11	11
4	4
3	3
3	0
6	0
6	16
1	6
8	0
8	0
8	0
8	0
12	8
12	0
12	4
13	13
13	0
8	0
8	0
8	0
8	0
8	0
8	0
8	0
8	0
8	0
1	0
1	0
1	0
1	0
8	0
12	0
8	0
12	0
8	0
12	0
12	0
8	0
8	0
8	0
8	0
8	0
8	0
8	0
12	0
1	0
1	0
8	0
8	0
1	0
3	0
3	0
1	0
1	0
1	0
8	0
12	0
8	0
12	0
12	0
11	0
3	3
16	0
2	0
16	0
1	0
1	0
1	1
3	11
11	0
11	4
13	13
13	0
6	0
3	3
3	6
8	8
16	0
8	0
16	0
16	0
16	16
16	11
13	13
3	10
3	0
1	0
1	0
16	16
13	13
13	0
1	0
1	0
14	0
16	0
1	0
1	0
1	0
1	0
16	0
16	0
16	0
1	0
16	0
1	0
1	0
1	0
1	0
1	0
1	0
1	0
1	0
16	0
16	0
16	0
1	0
1	0
14	0
14	0
14	0
12	0
14	0
2	2
6	6
12	0
12	0
12	0
13	0
8	8
9	9
6	4
1	6
17	0
6	0
3	0
1	0
1	3
1	0
1	1
8	0
8	0
8	0
8	0
8	0
8	8
1	0
3	0
1	0
16	0
16	16
13	13
14	0
11	0
14	14
11	0
11	11
17	0
12	11
12	0
12	3
1	0
17	0
2	0
1	4
1	0
1	0
1	0
1	16
16	0
16	0
16	16
13	13
13	0
3	0
8	0
16	0
16	0
1	0
1	0
1	0
12	0
11	11
4	0
4	0
4	4
3	0
1	0
1	0
1	1
13	13
14	0
11	11
3	10
1	0
16	0
16	16
13	13
12	6
17	0
12	0
8	0
8	8
17	0
17	0
17	0
17	4
17	0
12	11
1	0
16	0
16	0
16	16
13	13
4	14
12	0
12	11
12	0
12	0
12	0
12	6
8	0
8	8
1	0
2	0
1	0
16	0
16	16
17	0
17	0
2	0
12	4
13	13
13	0
8	0
16	0
16	0
16	0
16	0
1	0
1	0
3	0
11	0
11	11
16	0
16	0
16	0
16	0
16	16
3	0
3	5
13	13
14	0
11	0
14	14
3	11
1	0
1	11
1	0
1	0
1	1
16	0
16	16
16	0
3	16
13	13
11	0
14	0
14	14
3	11
3	0
3	0
3	3
1	0
3	0
1	0
1	0
1	0
16	1
4	0
4	4
13	13
13	0
1	0
16	0
1	0
1	0
1	0
1	0
16	0
16	0
16	0
16	0
1	0
1	0
1	0
16	0
16	0
16	0
14	0
8	0
12	0
17	8
8	6
12	0
12	0
12	12
8	0
12	0
8	0
12	0
12	0
8	12
4	0
16	0
16	16
5	0
3	3
1	1
13	13
13	0
1	0
1	0
1	0
1	0
1	0
1	0
1	0
8	0
8	0
8	0
8	0
8	0
3	0
1	0
1	0
1	0
1	0
1	0
1	0
1	0
1	0
1	0
8	0
1	0
1	0
1	0
1	0
8	0
8	0
12	0
12	0
12	0
12	0
8	0
12	0
12	0
8	0
3	0
3	0
1	0
12	0
8	6
1	0
1	1
8	8
2	2
12	6
12	0
12	0
12	12
12	0
12	0
12	0
12	0
12	0
12	12
13	13
9	9
13	13
12	0
16	0
16	0
16	16
13	13
8	17
13	13
5	5
11	0
11	4
1	0
2	2
8	8
13	13
13	0
1	0
1	0
1	0
1	0
8	0
8	0
16	0
16	0
16	0
16	0
16	0
8	0
16	0
16	0
16	0
16	0
1	0
16	0
12	0
8	0
12	0
1	0
12	0
12	0
12	0
12	0
12	0
12	0
12	8
17	2
17	6
12	0
8	0
8	0
8	0
8	12
12	0
12	12
12	0
12	6
12	0
12	12
12	0
12	12
13	13
9	9
13	13
17	0
17	0
16	0
16	16
16	0
11	11
1	0
1	1
5	5
3	0
12	0
3	1
17	0
2	0
2	2
17	0
1	6
17	0
1	1
8	0
8	8
17	0
17	0
12	16
13	13
13	0
17	0
17	0
16	0
16	0
1	0
1	0
17	0
17	0
8	0
8	0
12	0
12	0
12	0
12	0
11	0
11	11
16	0
4	0
4	16
1	6
17	0
8	0
8	0
8	0
8	8
12	0
12	12
12	0
12	12
12	12
13	13
9	9
13	13
1	0
1	0
1	0
16	16
13	13
13	0
1	0
16	0
1	0
1	0
1	0
16	0
16	0
8	0
8	0
16	0
16	0
16	0
16	0
16	0
8	0
1	0
16	0
16	0
16	0
16	0
8	0
16	0
16	0
16	0
16	0
16	0
1	0
1	0
1	0
8	0
16	0
16	0
12	0
12	0
12	0
8	0
8	0
2	2
13	13
12	0
12	12
13	13
16	0
16	0
16	4
12	0
12	11
3	0
3	3
17	3
1	0
1	0
1	0
1	1
8	0
8	0
8	0
8	0
8	0
8	8
13	13
13	0
8	0
8	0
16	0
16	0
12	0
12	0
12	0
16	0
1	0
1	0
8	0
17	0
1	0
1	0
8	0
1	0
8	0
8	0
1	0
1	0
2	0
8	0
1	0
8	0
8	0
16	0
16	0
16	0
16	0
12	0
12	0
12	0
12	0
8	6
12	12
12	0
12	0
12	12
13	13
9	9
13	13
13	13
12	6
12	0
12	12
12	0
12	0
12	0
12	12
13	13
9	9
13	13
5	5
12	6
12	12
12	0
12	0
12	12
13	13
9	9
13	13
4	0
4	4
2	3
2	0
2	2
8	0
8	0
8	0
8	0
8	8
13	13
13	0
8	0
8	0
12	0
8	0
8	0
8	0
8	0
12	0
12	0
12	0
1	0
1	0
8	0
8	0
12	0
12	0
12	0
12	0
12	0
11	0
11	0
11	11
3	3
3	3
2	6
8	0
8	0
8	0
8	0
8	8
16	0
16	0
16	0
16	16
13	13
1	0
1	0
1	0
1	0
1	1
1	0
11	0
16	0
16	16
8	0
11	0
11	11
16	0
12	0
4	10
3	0
2	0
3	0
3	0
1	10
1	0
3	0
1	10
13	13
13	0
3	0
1	0
1	0
16	0
16	0
16	0
16	0
16	0
8	0
8	0
1	0
1	0
1	0
1	0
8	0
8	0
1	0
16	0
16	0
12	0
6	6
8	0
8	0
8	0
8	0
8	0
8	8
12	0
16	0
16	0
16	16
16	0
12	0
2	0
3	3
12	12
12	12
9	9
13	13
3	0
16	0
16	3
5	5
6	6
8	0
8	0
8	8
13	13
13	0
1	0
8	0
16	0
16	0
16	0
16	0
16	0
1	0
8	0
16	0
8	0
16	0
16	0
16	0
16	0
1	0
8	0
1	0
1	0
1	0
8	0
16	0
16	0
16	0
16	0
16	0
16	0
16	0
16	0
16	0
13	0
13	13
8	12
12	12
8	0
8	0
8	0
8	0
8	0
8	8
13	13
16	0
16	0
16	0
16	0
16	0
3	16
13	13
11	11
3	0
17	0
2	0
17	4
2	3
13	13
8	0
8	0
8	0
8	0
8	12
13	13
16	0
16	16
13	13
13	0
1	0
1	0
1	0
16	0
3	0
1	0
16	0
8	0
3	0
1	0
1	0
8	0
1	0
1	0
16	0
1	0
16	0
16	0
1	0
8	0
16	0
16	0
16	0
16	0
16	0
12	0
12	0
12	12
12	0
12	0
12	12
16	0
12	2
8	0
8	0
8	0
8	0
8	0
8	12
8	0
12	12
12	0
12	0
12	1
8	0
8	0
8	0
8	0
12	8
8	6
12	0
12	12
12	0
12	12
12	12
13	13
13	0
1	0
16	0
16	0
16	0
16	0
16	0
12	0
16	0
16	0
8	0
16	0
8	0
16	0
16	0
12	0
16	0
12	0
16	0
16	0
16	0
16	0
16	0
1	0
1	0
8	0
8	0
16	0
8	0
12	0
11	0
11	11
4	0
4	4
1	0
1	1
5	5
3	0
3	0
3	3
1	0
1	1
1	0
1	1
8	0
8	0
8	0
8	12
12	0
12	6
8	0
8	8
17	0
17	0
2	0
2	4
12	0
12	0
8	8
13	13
13	0
1	0
1	0
1	0
1	0
1	0
16	0
16	0
1	0
1	0
1	0
8	0
1	0
17	0
17	0
17	0
1	0
8	0
1	0
1	0
1	0
1	0
1	0
1	0
1	0
3	0
1	0
1	0
1	0
12	0
8	6
12	12
12	0
12	12
16	0
16	0
16	16
11	0
11	0
11	6
8	0
8	0
8	0
13	0
12	0
12	0
1	0
13	0
12	0
12	0
12	8
13	13
12	6
12	12
12	0
12	12
16	0
16	0
2	4
8	0
8	0
8	0
8	8
5	5
12	6
12	12
12	0
12	12
16	0
16	0
16	0
16	16
3	3
1	0
11	10
13	13
13	0
8	0
8	0
1	0
3	0
3	0
16	0
1	0
1	0
1	0
1	0
1	0
1	0
12	0
17	2
12	0
12	6
12	0
12	12
12	0
12	0
12	0
12	12
17	0
11	2
8	0
12	0
8	0
12	0
12	12
8	0
8	12
12	0
12	0
12	14
16	0
11	0
11	11
3	0
1	0
1	0
1	0
1	0
1	16
16	0
16	0
16	4
17	0
11	0
6	11
1	6
8	0
8	0
8	0
8	0
8	8
13	13
2	0
11	0
11	6
8	0
8	0
8	8
17	0
17	0
1	16
16	0
11	11
3	0
3	3
1	0
2	2
13	0
11	0
5	3
11	0
11	0
3	1
1	0
1	0
1	0
1	0
16	0
16	16
13	13
13	0
1	0
1	0
16	0
16	0
16	0
1	0
1	0
16	0
1	0
16	0
16	0
16	0
16	0
1	0
1	0
1	0
16	0
16	0
16	0
16	0
16	0
1	0
16	0
16	0
16	0
16	0
1	0
1	0
1	0
16	0
16	0
16	0
16	0
1	0
1	0
16	0
16	0
16	0
1	0
1	0
1	0
16	0
16	0
16	0
16	0
1	0
3	0
12	0
8	0
8	2
2	0
11	0
11	0
3	0
1	6
1	0
1	0
1	1
8	0
8	0
8	0
8	8
16	0
16	0
16	16
12	0
8	0
8	0
8	0
8	8
13	13
8	0
8	0
8	0
8	8
5	5
1	3
8	0
8	0
8	0
8	8
13	13
13	0
1	0
1	0
1	0
1	0
1	0
8	0
8	0
8	0
1	0
1	0
1	0
1	0
8	0
8	0
8	0
8	0
1	0
1	0
1	0
1	0
1	0
1	0
8	0
8	0
12	0
6	6
8	1
8	0
13	0
12	0
12	0
13	0
1	0
1	0
1	0
1	8
12	12
12	0
12	12
13	13
9	9
13	13
16	0
16	0
16	4
1	0
1	0
1	0
1	1
8	0
8	0
8	8
2	0
11	6
8	0
13	0
8	0
8	0
8	0
3	8
1	2
1	0
1	1
8	0
8	0
8	0
8	0
8	8
8	2
12	0
12	6
12	0
8	0
8	12
2	2
6	6
8	0
8	8
9	0
1	0
9	9
2	0
2	0
13	0
13	0
13	13
11	11
4	0
11	4
3	0
2	6
8	0
8	0
8	0
8	0
8	8
2	2
11	0
6	6
8	0
8	0
8	0
8	8
13	13
13	0
3	0
1	0
8	0
8	0
16	0
8	0
13	0
3	0
1	0
8	0
8	0
8	0
2	0
1	0
1	0
8	0
8	0
8	0
8	0
1	0
1	0
1	0
1	0
8	0
16	0
16	0
1	0
3	0
16	0
1	0
1	0
1	0
1	0
8	0
8	0
8	0
8	0
2	0
1	0
13	0
11	0
11	11
4	4
16	0
11	0
3	0
3	3
1	0
1	1
2	0
2	2
12	6
8	0
8	0
8	8
5	5
1	0
1	3
13	13
14	0
11	0
14	14
16	0
11	11
2	6
3	0
3	0
3	3
8	0
8	8
3	0
2	2
1	0
1	0
1	0
1	0
1	1
5	5
3	0
3	0
1	0
1	1
8	0
8	16
4	0
4	4
13	13
13	0
3	0
3	0
1	0
1	0
1	0
8	0
1	0
1	0
1	0
1	0
1	0
12	0
12	13
11	0
11	0
11	6
1	0
1	0
1	0
1	1
8	0
8	0
8	8
16	0
16	0
16	4
11	0
11	0
11	11
2	2
3	0
11	0
11	0
9	0
1	6
8	0
8	0
8	0
8	8
1	0
1	0
1	0
1	0
1	0
16	0
1	16
13	13
13	0
16	0
3	0
3	0
8	0
1	0
3	0
1	0
1	0
1	0
8	0
1	0
1	0
1	0
1	0
1	0
1	0
1	0
1	0
8	0
8	0
3	0
16	0
16	0
13	0
13	13
11	0
11	11
4	4
1	0
1	1
13	13
14	0
11	0
14	14
11	0
11	11
3	3
3	6
17	0
1	1
8	8
5	5
2	0
2	2
12	0
12	12
3	3
5	6
1	0
2	0
6	0
6	1
8	0
8	0
8	0
8	8
4	0
4	4
13	13
3	11
3	0
11	11
2	3
3	2
1	6
1	0
1	6
8	0
8	0
8	0
8	0
8	0
8	0
8	0
8	0
8	0
8	0
8	0
8	0
8	8
2	0
2	0
13	0
12	0
3	0
1	6
8	0
13	0
1	0
3	0
12	8
16	0
4	0
16	4
11	0
11	0
11	11
3	0
2	2
8	0
8	8
17	17
8	0
12	17
17	0
2	0
2	2
12	0
1	1
8	0
8	0
8	0
8	8
8	0
16	16
13	13
13	0
1	0
1	0
8	0
1	0
1	0
1	0
1	0
3	0
1	0
1	0
1	0
1	0
1	0
1	0
1	0
1	0
16	0
16	0
1	0
16	0
16	0
16	0
16	0
3	0
3	0
3	0
12	0
1	1
5	5
1	0
3	0
1	0
1	1
4	0
11	4
2	3
3	6
13	13
17	0
1	0
1	1
8	0
8	0
8	0
8	8
12	13
8	0
8	0
8	0
8	8
12	12
12	0
12	12
13	13
9	9
13	13
8	0
12	0
12	0
17	12
13	13
13	13
13	0
1	0
1	0
1	0
1	0
1	0
1	0
1	0
1	0
1	0
8	0
1	0
1	0
1	0
1	0
8	0
1	0
1	0
1	0
1	0
1	0
1	0
1	0
1	0
12	0
11	0
11	11
16	0
16	0
16	4
2	0
11	0
11	0
2	0
11	6
12	0
8	0
8	0
13	0
1	0
1	0
1	8
8	2
12	0
12	6
8	8
12	0
12	0
12	12
2	0
2	2
9	0
1	1
8	8
2	2
9	0
3	3
8	0
8	8
9	0
9	0
9	9
5	5
2	0
9	0
11	9
8	0
8	0
8	0
8	0
8	0
8	0
8	8
2	0
1	0
1	0
1	0
16	0
16	16
13	13
13	0
1	0
1	0
1	0
12	0
11	2
17	0
11	0
11	0
2	0
2	6
8	0
8	0
8	0
8	0
8	0
8	0
8	0
8	8
16	0
16	0
16	4
17	0
11	11
12	6
12	12
2	2
12	0
12	8
5	5
8	0
8	0
8	0
8	0
8	8
2	0
2	2
1	0
1	0
1	1
8	0
8	0
8	0
8	0
8	0
8	0
8	8
1	0
2	0
1	0
1	0
1	0
1	0
1	0
1	0
1	0
16	0
16	0
16	16
13	13
13	0
1	0
16	0
16	0
12	0
2	0
2	2
3	0
12	6
12	0
8	0
8	0
8	0
8	0
8	0
8	8
16	0
16	0
16	4
11	0
11	0
11	11
11	0
11	11
3	0
9	9
8	0
8	0
8	8
12	0
13	0
1	0
11	0
3	0
3	8
1	0
1	0
1	0
1	0
1	0
16	16
13	13
13	0
1	0
16	0
1	0
1	0
8	0
1	0
1	0
16	0
1	0
1	0
1	0
1	0
1	0
1	0
1	0
1	0
1	0
1	0
16	0
16	0
16	0
13	0
13	13
11	0
11	11
4	0
4	4
6	6
8	0
8	0
8	0
8	8
3	0
3	0
9	9
8	0
8	0
8	8
1	0
2	0
2	0
1	1
8	0
8	0
2	2
3	6
8	0
8	0
8	0
8	8
1	0
16	0
16	0
16	0
1	16
13	13
4	0
4	4
11	0
1	0
3	3
3	0
12	0
12	10
1	0
3	3
1	0
2	0
16	0
16	16
13	13
13	0
1	0
1	0
1	0
1	0
3	0
3	0
3	0
1	0
1	0
12	0
3	0
14	0
14	0
3	3
1	0
1	0
1	0
1	0
1	1
4	4
11	0
11	11
13	13
14	0
11	0
14	14
11	0
11	0
11	11
1	0
16	0
16	0
16	16
4	0
4	4
5	5
3	0
6	0
3	0
3	3
3	0
6	6
8	0
8	0
8	8
2	0
2	0
2	0
11	2
8	0
8	0
8	0
8	0
8	0
8	8
5	5
12	6
8	0
8	8
12	12
16	0
2	0
16	0
16	0
16	16
13	13
13	0
16	0
1	0
12	0
12	13
3	0
12	6
17	0
8	0
8	8
16	0
16	0
16	4
17	0
17	0
11	2
17	0
11	6
1	6
8	8
2	3
2	6
8	0
13	1
13	13
17	0
17	0
17	0
17	17
17	0
12	0
12	0
13	17
12	13
8	8
12	12
12	0
12	12
13	13
9	9
13	13
13	13
13	0
8	0
12	0
8	0
8	0
8	0
8	0
1	0
1	0
8	0
1	0
8	0
16	0
12	0
16	0
16	0
16	0
16	0
17	0
17	0
17	0
12	0
11	0
11	11
16	0
16	0
16	4
11	0
11	11
3	2
2	0
11	6
8	0
13	0
8	0
1	0
1	8
2	2
1	0
12	0
1	0
1	0
8	1
5	5
1	0
1	0
1	0
1	0
1	0
1	1
8	0
8	0
8	8
2	0
16	0
1	0
16	0
16	0
16	16
13	13
13	0
3	0
16	0
8	0
8	0
16	0
16	0
16	0
16	0
3	0
16	0
16	0
16	0
16	0
16	0
2	0
1	0
1	0
8	0
8	0
8	0
13	0
8	0
8	1
4	0
2	16
11	0
12	11
13	13
13	0
1	0
1	0
8	0
16	0
8	0
8	0
8	0
16	0
16	0
12	0
12	0
8	0
8	0
8	0
8	0
16	0
12	0
12	0
12	0
12	0
12	0
16	0
8	0
1	0
1	0
8	0
8	0
16	0
16	0
12	0
12	0
12	0
12	0
12	0
8	0
8	0
8	0
8	0
8	0
8	0
8	0
12	0
12	0
12	0
12	0
1	0
8	0
1	0
1	0
8	0
8	0
13	0
13	13
3	0
12	11
4	0
11	4
3	3
3	0
3	10
1	0
1	1
13	13
14	0
14	14
11	0
11	11
3	0
3	0
1	0
1	0
16	0
16	16
13	13
13	0
13	0
3	0
1	0
1	0
16	0
1	0
16	0
16	0
1	0
16	0
16	0
16	0
16	0
16	0
16	0
16	0
1	0
16	0
16	0
16	0
16	0
1	0
16	0
1	0
1	0
8	0
8	0
1	0
1	0
1	0
1	0
1	0
1	0
1	0
16	0
16	0
13	0
12	13
12	12
12	0
12	12
8	0
13	0
8	0
8	0
8	0
8	8
16	2
1	1
8	0
8	0
8	0
8	0
8	8
13	13
13	0
1	0
8	0
8	0
8	0
8	0
8	0
1	0
1	0
8	0
8	0
8	0
16	0
16	0
1	0
1	0
1	0
1	0
8	0
8	0
1	0
8	0
1	0
8	0
8	0
8	0
8	0
8	0
1	0
1	0
12	0
16	0
16	0
8	0
8	0
8	0
8	0
16	0
16	0
1	0
1	0
12	0
8	6
12	0
12	0
12	12
16	0
16	0
16	16
2	2
17	0
2	6
8	0
8	0
8	8
17	0
17	2
12	6
17	0
8	8
12	0
12	0
12	1
12	0
12	3
1	0
3	0
2	0
1	1
5	5
1	0
1	0
1	1
16	0
16	0
17	4
3	0
12	11
12	0
12	6
12	0
8	0
8	0
8	8
12	0
12	0
12	12
5	5
11	0
1	6
12	0
12	8
12	12
12	3
3	3
1	0
17	0
17	0
1	16
13	13
13	0
12	0
5	0
5	5
14	0
11	0
11	11
3	0
4	0
16	0
4	4
3	6
8	8
3	2
2	0
6	0
6	6
8	0
8	0
8	0
8	8
4	4
13	13
13	0
1	0
16	0
1	0
16	0
16	0
16	0
16	0
3	0
1	0
1	0
1	0
1	0
16	0
16	0
1	0
8	0
8	0
16	0
16	0
16	0
16	0
1	0
8	0
16	0
16	0
16	0
16	0
16	0
16	0
16	0
16	0
3	0
3	0
1	0
1	0
3	0
1	0
12	0
11	0
11	11
16	0
16	0
16	4
5	6
1	0
1	1
8	8
16	10
13	13
1	0
1	0
16	16
2	0
2	0
6	0
1	2
1	0
1	0
1	0
1	1
8	0
8	0
8	8
5	5
16	0
16	0
16	16
11	0
2	2
6	6
8	0
8	8
13	13
13	0
8	0
8	0
1	0
1	0
1	0
1	0
1	0
1	0
8	0
8	0
8	0
8	0
16	0
16	0
1	0
1	0
1	0
1	0
16	0
1	0
3	0
16	0
16	0
12	0
5	6
3	6
8	8
16	0
16	0
16	16
1	6
8	0
8	0
8	0
8	0
12	8
17	0
9	2
17	0
2	6
12	0
12	8
13	13
14	0
11	0
11	11
1	0
1	0
16	16
2	0
2	2
2	0
9	0
11	6
8	0
8	0
8	8
5	5
16	16
11	11
13	13
11	11
1	0
16	0
16	16
17	2
12	6
8	0
8	8
13	13
13	0
1	0
8	0
8	0
16	0
1	0
8	0
8	0
8	0
8	0
8	0
17	0
8	0
17	0
3	7
3	3
1	0
1	0
1	0
1	1
5	5
1	0
1	0
1	1
16	0
16	0
16	4
3	0
3	11
6	6
11	11
17	3
3	3
17	0
1	0
17	3
17	0
17	0
17	0
17	16
13	13
13	0
3	0
3	0
16	0
16	0
16	0
17	0
3	0
1	0
8	0
8	0
8	0
1	0
1	0
1	0
1	0
8	0
17	0
8	0
1	0
1	0
1	0
1	0
1	0
1	0
1	0
1	0
1	0
1	0
16	0
16	0
17	0
13	0
11	11
4	0
4	4
2	0
3	0
1	0
1	0
1	0
1	0
1	0
1	0
1	1
8	0
8	8
13	13
3	0
17	3
3	0
16	0
16	16
16	0
11	11
6	6
8	0
8	0
8	0
8	8
12	12
13	13
9	9
13	13
5	5
4	0
2	6
12	0
12	0
12	12
13	13
9	9
13	13
1	0
3	3
3	0
2	0
2	0
1	0
1	0
1	0
16	0
16	0
16	1
13	13
13	0
3	0
1	0
1	0
1	0
1	0
1	0
12	0
6	6
8	0
8	0
8	0
8	0
8	0
8	0
8	8
16	0
16	0
4	4
3	0
1	0
1	0
1	3
2	0
11	0
4	10
1	6
12	0
12	0
8	0
8	8
16	0
16	0
16	16
13	13
17	0
5	0
5	5
3	0
1	0
17	4
3	0
6	0
3	0
3	3
3	0
3	3
1	0
3	2
1	6
1	1
8	0
8	0
8	0
8	0
8	8
16	16
16	0
12	0
12	4
13	13
13	0
3	0
3	0
3	0
1	0
1	0
12	0
4	14
12	6
12	0
12	8
3	0
3	3
1	2
12	6
12	0
12	0
8	0
8	8
2	0
2	2
1	0
1	0
1	1
8	0
8	8
2	2
2	6
12	0
13	0
8	8
12	0
12	16
4	0
4	4
13	13
1	16
1	0
2	3
3	0
6	11
8	0
12	0
12	0
12	16
13	13
13	0
8	0
1	0
8	0
8	0
8	0
1	0
16	0
1	0
12	0
16	0
3	0
8	0
1	0
1	0
12	0
12	0
12	0
12	0
1	0
12	0
6	6
12	12
12	0
12	0
12	0
12	12
16	12
4	0
11	4
6	6
8	0
8	0
8	8
2	2
2	6
12	0
8	0
8	12
13	13
5	5
11	11
16	0
4	0
4	4
6	6
8	0
8	0
8	0
8	8
1	2
1	6
8	8
16	0
16	0
16	0
16	16
13	13
13	0
1	0
1	0
3	0
3	0
16	0
16	0
16	0
1	0
8	0
1	0
12	0
1	0
1	0
16	0
16	0
16	0
1	0
1	0
1	0
8	0
8	0
12	0
11	11
4	0
11	4
1	0
3	0
4	10
1	6
1	0
16	0
16	0
16	1
13	13
1	0
1	14
2	0
9	6
8	0
8	0
8	0
8	8
17	2
12	6
12	0
12	8
4	0
10	0
16	16
13	13
13	0
1	0
16	0
16	0
1	0
8	0
8	0
1	0
1	0
8	0
17	0
8	0
12	0
17	0
12	0
12	0
8	0
16	0
8	0
16	0
1	0
1	0
1	0
1	0
1	0
1	0
1	0
1	0
1	0
1	0
8	0
12	0
1	0
8	3
16	0
16	3
2	0
2	2
1	0
1	0
1	6
8	0
8	8
3	0
2	0
16	4
6	6
8	0
8	0
8	0
8	8
2	0
11	6
8	0
8	0
8	0
8	0
8	0
8	0
8	0
8	8
1	0
2	0
2	0
2	0
1	16
13	13
13	0
1	0
3	0
3	0
3	0
1	0
1	0
1	0
1	0
1	0
3	0
1	0
3	0
3	0
1	0
1	0
1	0
1	0
1	0
8	0
8	0
3	0
3	0
16	0
12	0
3	0
3	0
8	3
16	0
4	0
4	16
11	11
2	6
12	0
12	0
12	12
2	2
12	0
8	8
13	13
3	0
3	0
3	0
3	0
16	16
3	0
3	0
1	0
3	3
13	13
14	0
11	0
11	11
3	0
16	4
2	0
2	2
6	6
8	0
8	0
8	0
8	0
8	8
2	2
8	0
2	6
12	12
12	0
12	6
8	8
1	0
16	0
16	16
13	13
13	0
3	0
1	0
1	0
12	0
12	0
12	0
12	0
1	0
1	0
11	0
3	0
10	0
3	0
3	3
16	0
16	16
11	11
2	2
6	0
6	0
11	6
1	1
8	0
8	0
8	0
8	8
17	0
1	3
3	0
6	0
6	6
3	0
3	0
3	3
4	0
10	0
2	16
13	13
13	0
1	0
1	0
1	0
1	0
8	0
1	0
1	0
8	0
1	0
8	0
1	0
1	0
8	0
8	0
1	0
8	0
1	0
1	0
1	0
3	0
3	0
3	0
3	0
3	0
8	0
1	0
1	0
1	0
1	0
1	0
12	0
13	13
1	6
8	0
8	8
4	0
4	4
1	0
1	0
1	1
5	5
16	0
16	0
16	16
12	6
17	0
8	0
8	8
1	0
1	1
13	13
13	13
16	0
16	0
16	0
16	16
8	6
12	12
12	0
12	0
12	0
12	12
12	12
5	0
11	2
12	0
12	11
2	2
6	6
8	0
8	0
8	0
8	8
13	13
13	0
1	0
1	0
1	0
1	0
1	0
8	0
8	0
12	0
1	0
12	0
1	0
3	0
3	0
16	0
1	0
12	0
17	2
12	6
8	0
8	0
8	12
12	0
8	12
17	0
12	2
12	0
12	0
12	12
12	0
12	12
12	0
12	0
12	0
12	17
12	0
12	17
12	6
12	0
12	12
4	0
11	4
2	0
11	3
1	0
1	0
3	0
1	0
1	0
3	3
12	12
13	13
11	11
4	0
6	4
1	6
1	0
1	0
1	1
8	8
2	0
2	2
12	0
12	0
8	8
13	13
13	13
16	0
16	0
16	4
12	6
12	0
12	0
12	8
12	0
13	0
12	0
2	0
14	2
8	0
12	0
12	0
8	8
2	2
2	6
13	13
17	0
17	0
17	17
17	0
17	0
17	0
17	0
17	17
13	13
16	0
16	0
16	4
12	0
11	11
12	0
11	11
2	3
17	3
17	0
2	0
2	2
11	0
11	0
11	6
1	0
1	0
1	0
1	1
8	0
8	0
8	0
8	8
1	0
1	0
16	0
16	0
16	16
13	13
13	0
1	0
16	0
16	0
8	0
1	0
1	0
1	0
1	0
17	0
1	0
17	0
12	0
8	6
8	0
8	12
12	0
12	0
8	12
4	0
11	4
1	0
3	0
1	0
1	1
12	12
13	13
17	0
11	11
17	4
17	6
17	0
1	0
16	0
16	1
8	0
12	17
12	17
8	0
8	8
12	0
12	0
12	4
13	13
13	0
1	0
12	0
1	0
1	0
1	0
12	0
1	0
1	0
16	0
1	0
1	0
8	0
17	0
12	0
1	0
12	0
12	0
1	0
16	0
1	0
1	0
1	0
1	0
1	0
1	0
1	0
1	0
13	0
11	0
11	11
4	4
11	11
1	0
3	4
13	13
13	0
1	0
16	0
1	0
16	0
16	0
16	0
16	0
16	0
1	0
1	0
1	0
16	0
1	0
3	0
16	0
3	0
1	0
1	0
1	0
16	0
1	0
1	0
1	0
1	0
16	0
1	0
16	0
16	0
16	0
1	0
1	0
16	0
16	0
1	0
1	0
16	0
16	0
1	0
16	0
16	0
16	0
1	0
1	0
16	0
16	0
1	0
1	0
1	0
1	0
1	0
1	0
13	0
8	0
8	0
8	0
16	8
8	0
2	2
6	0
1	6
8	8
13	13
16	0
11	6
12	0
12	8
5	5
5	6
12	0
12	0
12	8
13	13
5	5
4	4
17	0
4	0
4	10
1	0
1	0
1	1
17	0
17	0
17	4
13	13
13	13
2	0
2	16
2	6
12	0
12	0
12	0
12	8
12	0
12	12
12	0
12	0
12	12
13	13
9	9
13	13
3	0
2	2
6	6
13	13
17	0
17	17
17	17
13	13
13	13
13	0
1	0
12	0
3	0
11	0
11	3
4	0
11	4
8	0
9	11
1	0
1	0
8	1
5	5
8	8
13	13
8	8
5	5
8	0
8	8
2	3
13	13
5	5
13	13
17	0
1	3
1	0
1	0
1	0
1	0
1	1
13	13
13	13
13	0
1	0
16	0
8	0
1	0
1	0
1	0
16	0
1	0
1	0
1	0
3	0
1	0
8	0
1	0
1	0
1	0
16	0
3	0
16	0
16	0
8	0
1	0
8	0
8	0
1	0
1	0
16	0
8	0
13	0
13	13
9	9
8	0
8	0
8	0
8	8
17	2
17	0
17	0
13	0
17	0
8	8
13	13
2	3
12	12
12	12
8	6
8	0
12	0
8	0
8	8
2	0
2	2
8	0
8	0
8	8
13	13
9	9
8	0
8	0
8	0
8	8
17	2
8	0
8	8
13	13
4	0
11	4
1	0
1	0
1	16
13	13
13	0
3	0
1	0
1	0
1	0
1	0
1	0
17	0
17	0
1	0
17	0
17	0
17	0
17	0
17	0
8	0
8	0
12	0
12	6
8	8
5	5
8	6
8	0
8	0
8	0
8	0
8	8
12	12
12	0
12	0
12	0
12	12
13	13
9	9
13	13
4	0
4	0
4	4
6	6
12	0
12	0
12	0
12	0
13	0
8	0
8	0
8	17
12	12
12	12
13	13
13	0
1	0
1	0
1	0
8	0
9	0
16	0
16	0
16	0
1	0
8	0
8	0
8	0
16	0
1	0
1	0
8	0
16	0
1	0
8	0
8	0
8	0
16	0
12	0
12	0
12	0
12	0
12	0
8	6
12	0
8	0
8	0
12	0
8	8
12	12
12	0
12	12
16	16
1	0
12	0
1	1
8	0
8	0
8	0
8	0
8	8
12	0
12	0
12	1
8	6
12	12
12	0
12	12
16	0
12	0
12	4
12	6
12	8
2	10
13	13
13	0
8	0
1	0
12	0
8	0
8	0
1	0
16	0
12	0
12	0
1	0
12	0
12	0
12	0
1	0
12	0
12	0
12	0
8	0
12	0
12	0
12	0
12	0
1	0
1	0
1	0
1	0
12	0
3	0
8	3
4	0
4	4
12	6
8	0
8	8
13	13
13	0
1	0
1	0
1	0
1	0
16	0
16	0
16	0
1	0
1	0
1	0
1	0
16	0
16	0
16	0
16	0
1	0
1	0
1	0
1	0
16	0
1	0
1	0
1	0
1	0
1	0
1	0
16	0
16	0
1	0
1	0
1	0
16	0
16	0
16	0
1	0
1	0
1	0
1	0
1	0
16	0
1	0
1	0
1	0
16	0
16	0
1	0
1	0
1	0
1	0
1	0
13	0
1	0
8	0
1	0
1	7
13	13
1	0
1	0
1	7
13	13
13	0
1	0
1	0
1	0
1	0
1	0
1	0
1	0
1	0
1	0
1	0
1	0
1	0
1	0
1	0
1	0
1	0
1	0
1	0
1	0
1	0
1	0
1	0
1	0
1	0
1	0
1	0
1	0
1	0
1	0
1	0
1	0
1	0
1	0
1	0
1	0
1	0
1	0
1	0
1	0
1	0
1	0
1	0
1	0
1	0
1	0
1	0
1	0
1	0
1	0
13	0
13	13
5	0
11	3
4	4
3	11
5	0
3	3
1	6
1	0
1	0
1	0
1	0
1	0
1	1
8	0
8	0
12	8
13	13
13	13
1	0
16	0
16	0
16	16
16	0
11	11
12	6
12	12
12	0
12	12
13	13
9	9
13	13
13	13
13	0
1	0
1	0
16	0
8	0
1	0
1	0
1	0
1	0
16	0
16	0
16	0
8	0
16	0
1	0
16	0
16	0
8	0
1	0
1	0
1	0
1	0
1	0
1	0
1	0
1	0
13	0
8	0
8	0
8	8
2	2
6	6
8	0
8	0
8	0
8	0
8	0
8	8
4	0
4	4
11	0
9	6
8	0
8	8
13	13
13	0
1	0
1	0
1	0
1	0
8	0
16	0
1	0
1	0
1	0
1	0
1	0
8	0
8	0
3	0
3	0
3	0
1	0
8	0
16	0
1	0
1	0
1	0
1	0
1	0
8	0
1	0
1	0
1	0
8	0
8	0
2	0
1	0
1	0
1	0
1	0
1	0
8	0
8	0
3	0
3	0
12	0
13	13
3	0
2	2
3	6
8	0
12	0
12	0
8	0
12	8
4	16
3	11
17	6
8	8
12	0
12	0
8	1
13	13
2	0
5	5
2	0
2	2
8	0
8	0
8	0
8	8
4	0
4	4
11	11
8	0
17	0
2	0
3	3
1	1
13	13
13	13
16	0
16	0
16	4
11	0
11	0
11	11
2	0
2	2
1	6
1	6
8	0
8	0
8	8
2	0
2	2
12	12
12	0
12	0
12	0
12	16
13	13
13	0
1	0
16	0
13	0
14	14
14	0
11	0
11	11
16	0
11	11
16	0
3	0
4	10
16	0
16	0
1	4
1	0
1	0
1	0
4	0
4	16
1	0
1	0
16	0
16	16
13	13
3	0
16	0
16	4
11	0
11	0
11	11
11	0
9	6
8	0
8	8
1	0
1	0
16	0
16	0
1	16
13	13
11	3
16	0
11	0
11	11
16	0
16	16
16	0
11	0
1	16
13	13
13	0
16	0
16	0
16	0
16	0
1	0
16	0
16	0
16	0
1	0
16	0
12	0
6	6
1	0
1	0
12	0
12	11
16	0
16	4
6	6
8	0
8	0
8	0
8	0
8	8
1	0
12	0
1	0
8	16
13	13
14	0
11	0
14	14
11	0
11	0
11	11
2	2
1	0
12	0
1	1
8	8
12	1
1	0
12	0
1	0
16	0
16	0
16	0
16	16
13	13
13	0
3	0
1	0
16	0
3	0
16	0
8	0
1	0
1	0
1	0
16	0
1	0
1	0
1	0
1	0
1	0
1	0
1	0
8	0
1	0
1	0
12	0
11	11
16	0
16	0
16	4
17	6
12	12
12	0
12	12
12	0
12	0
12	8
1	0
2	16
13	13
5	5
3	3
16	0
4	0
16	4
11	0
11	0
11	11
2	0
2	2
8	0
8	0
8	8
1	0
1	0
1	1
8	0
8	0
8	0
8	0
8	8
16	0
16	16
13	13
13	0
1	0
3	0
3	0
8	0
1	0
1	0
3	0
16	0
16	0
16	0
16	0
8	0
8	0
1	0
1	0
1	0
12	0
16	0
16	0
1	0
12	0
8	0
16	2
6	6
1	0
1	1
8	0
8	0
13	0
1	0
1	0
1	0
1	8
4	0
11	4
3	0
3	3
17	0
12	11
12	2
8	0
8	8
12	0
12	16
13	13
13	0
1	0
1	0
12	0
12	0
12	0
1	0
1	0
16	0
1	0
1	0
1	0
1	0
17	0
12	0
1	0
12	0
12	0
12	0
1	0
1	0
12	0
12	0
1	0
1	0
1	0
1	0
1	0
1	0
1	0
1	0
1	0
1	0
16	0
11	0
12	0
8	6
8	0
8	0
12	0
12	0
8	8
12	0
12	12
12	0
12	0
12	12
13	13
13	0
1	0
16	0
8	0
8	0
16	0
8	0
16	0
8	0
16	0
16	0
8	0
8	0
16	0
16	0
16	0
12	0
12	0
8	0
16	0
16	0
8	0
8	0
16	0
12	0
16	0
16	0
8	0
16	0
8	0
16	0
16	0
16	0
16	0
8	0
8	0
8	0
8	0
8	0
8	0
16	0
12	0
12	0
16	0
16	0
8	0
8	0
12	0
6	11
3	0
9	9
16	0
16	0
16	0
16	16
16	0
11	11
2	2
1	0
6	0
1	0
1	0
1	0
1	1
8	0
8	0
8	0
8	0
8	8
13	13
13	0
1	0
3	0
16	0
16	0
16	0
16	0
16	0
1	0
1	0
1	0
1	0
1	0
1	0
1	0
1	0
1	0
1	0
1	0
16	0
16	0
8	0
1	0
8	0
8	0
8	0
8	0
8	0
16	0
16	0
16	0
16	0
3	0
1	0
1	0
1	0
1	0
12	0
14	0
14	0
14	0
14	14
6	6
12	12
12	0
12	12
11	0
9	6
1	0
1	0
1	1
8	8
1	0
1	0
16	0
16	16
13	13
4	0
11	4
3	11
11	0
1	11
1	0
1	1
17	0
12	0
12	16
13	13
13	0
1	0
1	0
1	0
1	0
1	0
1	0
1	0
1	0
1	0
16	0
1	0
1	0
1	0
1	0
1	0
1	0
1	0
16	0
1	0
1	0
1	0
1	0
1	0
1	0
1	0
1	0
1	0
1	0
13	0
13	13
3	0
3	0
8	0
5	0
3	0
1	1
4	0
4	4
11	11
17	0
17	11
17	0
17	0
17	16
17	0
1	16
13	13
13	0
1	0
8	0
8	0
8	0
8	0
8	0
1	0
3	0
3	0
8	0
3	0
3	0
3	0
17	0
17	0
17	0
8	0
3	0
8	0
8	0
3	0
17	0
8	0
8	0
8	0
8	0
3	0
1	0
1	0
1	0
1	0
3	0
3	0
3	0
3	0
3	0
3	0
12	0
17	0
17	0
13	0
8	0
8	2
12	0
11	11
13	13
13	0
1	0
8	0
8	0
8	0
16	0
1	0
8	0
8	0
12	0
12	0
12	0
1	0
1	0
8	0
8	0
8	0
12	0
12	0
16	0
1	0
8	0
8	0
12	0
12	0
16	0
1	0
1	0
8	0
8	0
12	0
16	0
16	0
8	0
1	0
8	0
8	0
8	0
12	0
1	0
1	0
8	0
12	0
12	0
12	0
8	0
1	0
8	0
8	0
12	0
12	0
1	0
1	0
8	0
13	0
12	13
12	0
12	0
4	10
3	0
3	0
3	3
13	13
13	0
1	0
1	0
1	0
1	0
1	0
1	0
8	0
16	0
16	0
16	0
1	0
1	0
1	0
1	0
8	0
16	0
1	0
1	0
1	0
1	0
1	0
1	0
1	0
1	0
1	0
1	0
1	0
8	0
16	0
1	0
1	0
1	0
1	0
1	0
1	0
1	0
1	0
1	0
1	0
16	0
16	0
1	0
1	0
1	0
1	0
1	0
1	0
1	0
1	0
1	0
12	0
3	0
1	0
1	3
16	0
16	0
16	16
12	6
12	0
12	0
12	8
2	2
12	0
2	6
8	8
8	0
8	12
2	0
2	2
12	0
12	6
12	0
12	0
12	0
12	12
13	13
5	5
3	3
16	0
17	0
16	16
6	6
1	1
8	0
8	0
8	8
1	0
1	1
13	13
13	0
1	0
1	0
12	0
1	0
1	0
1	0
1	0
1	0
12	0
3	0
3	0
16	0
12	0
16	0
12	0
12	0
3	0
3	0
1	0
1	0
12	0
3	0
3	3
16	0
16	0
16	0
16	16
11	0
11	0
11	11
3	0
3	0
1	3
2	2
17	0
2	6
8	8
12	0
12	12
2	0
2	2
6	6
8	0
8	0
8	0
8	0
8	8
13	13
13	0
1	0
3	0
1	0
1	0
1	0
1	0
1	0
1	0
1	0
12	0
8	0
8	0
8	0
1	0
8	0
1	0
8	0
8	0
1	0
3	0
3	0
16	0
16	0
3	0
3	0
3	0
3	0
1	0
1	0
1	0
1	0
12	0
8	0
12	0
12	12
8	0
8	12
17	0
12	2
12	0
12	0
12	12
12	0
12	12
8	0
8	1
5	5
1	1
8	6
12	12
12	0
12	12
16	0
16	0
16	16
11	0
9	6
1	1
8	0
8	0
8	0
8	0
8	0
8	0
8	8
13	13
13	0
1	0
1	0
1	0
12	0
12	0
12	0
1	0
1	0
1	0
8	0
12	0
1	0
1	0
1	0
16	0
16	0
16	0
8	0
1	0
1	0
12	0
1	0
12	0
12	0
12	0
2	0
3	3
8	6
12	0
12	0
12	0
12	0
8	8
16	0
16	0
16	0
16	16
2	0
2	0
1	0
1	1
8	8
13	13
13	0
1	0
8	0
1	0
1	0
1	0
8	0
1	0
8	0
8	0
8	0
12	0
16	0
3	0
1	0
1	0
1	0
1	0
1	0
8	0
8	0
1	0
1	0
8	0
8	0
1	0
1	0
8	0
8	0
1	0
1	0
12	0
12	0
12	0
8	0
8	0
12	0
16	0
3	0
3	0
1	0
13	0
8	0
8	0
8	8
2	0
2	2
12	12
12	0
12	0
12	12
13	13
9	9
13	13
8	0
8	0
8	0
8	0
8	0
13	0
8	0
8	8
17	0
2	2
12	0
12	0
12	0
12	12
13	13
12	0
12	12
4	0
11	4
6	6
8	0
8	8
13	13
8	0
8	11
4	0
4	4
3	0
6	6
8	0
8	0
8	8
8	0
8	12
13	13
8	12
2	0
2	2
8	0
8	0
8	0
8	0
8	0
8	0
8	8
2	0
13	0
13	0
11	11
4	4
3	0
6	6
1	0
1	0
1	1
8	0
8	8
13	13
13	0
1	0
3	0
8	0
1	0
1	0
1	0
8	0
8	0
8	0
8	0
8	0
8	0
1	0
8	0
1	0
1	0
1	0
8	0
8	0
8	0
1	0
1	0
1	0
8	0
1	0
1	0
8	0
8	0
1	0
8	0
1	0
8	0
8	0
1	0
3	0
8	0
8	0
3	0
1	0
1	0
1	0
1	0
8	0
8	0
8	0
1	0
3	0
3	0
11	0
5	0
5	14
11	0
11	6
8	0
8	0
8	0
8	8
16	0
16	0
16	0
16	0
16	16
12	12
13	13
3	0
11	11
11	0
11	4
1	0
1	1
13	13
13	0
1	0
1	0
1	0
1	0
1	0
1	0
1	0
16	0
16	0
1	0
1	0
1	0
1	0
1	0
8	0
1	0
1	0
1	0
1	0
1	0
1	0
1	0
1	0
1	0
1	0
1	0
1	0
1	0
8	0
8	0
8	0
16	0
16	0
16	0
1	0
3	0
12	0
8	0
12	12
4	0
4	16
6	6
1	0
1	0
9	9
8	0
8	0
8	0
8	8
2	0
2	0
1	10
3	0
3	0
3	3
2	0
2	0
16	0
16	16
13	13
13	0
1	0
1	0
1	0
1	0
1	0
1	0
8	0
1	0
1	0
16	0
16	0
8	0
1	0
1	0
1	0
1	0
1	0
1	0
16	0
16	0
1	0
1	0
1	0
8	0
16	0
3	0
8	0
8	0
1	0
1	0
8	0
8	0
1	0
1	0
16	0
12	0
12	12
16	0
16	0
16	0
16	0
16	16
2	0
2	0
3	0
3	3
13	13
13	0
8	0
8	0
8	0
8	0
8	0
1	0
8	0
8	0
8	0
3	0
3	0
8	0
1	0
1	0
8	0
3	0
3	0
3	0
3	0
3	0
1	0
8	0
8	0
8	0
8	0
1	0
8	0
8	0
8	0
8	0
3	0
3	0
8	0
8	0
8	0
8	0
16	0
1	0
1	0
11	0
11	0
3	0
3	0
3	0
8	0
1	0
8	0
11	0
5	0
5	5
11	0
11	11
11	0
11	0
11	16
13	13
3	0
11	0
3	0
3	3
16	0
16	16
11	0
11	11
1	0
1	1
13	13
13	0
1	0
1	0
1	0
1	0
1	0
1	0
1	0
1	0
1	0
1	0
1	0
1	0
3	0
8	0
1	0
1	0
1	0
1	0
1	0
1	0
3	0
1	0
1	0
1	0
1	0
1	0
1	0
16	0
16	0
16	0
16	0
16	0
16	0
1	0
1	0
1	0
1	0
3	0
3	0
11	0
6	0
6	6
8	0
8	0
8	0
8	8
4	0
4	16
16	0
16	16
13	13
13	0
8	0
8	0
1	0
16	0
16	0
8	0
8	0
8	0
8	0
1	0
1	0
16	0
1	0
8	0
8	0
8	0
8	0
16	0
16	0
16	0
1	0
8	0
1	0
8	0
16	0
1	0
8	0
8	0
8	0
8	0
8	0
16	0
16	0
8	0
8	0
1	0
1	0
1	0
8	0
8	0
8	0
8	0
16	0
16	0
16	0
1	0
8	0
11	0
11	11
16	0
16	0
16	16
3	3
13	13
13	0
1	0
1	0
16	0
16	0
16	0
16	0
16	0
16	0
16	0
16	0
16	0
16	0
16	0
16	0
16	0
16	0
16	0
16	0
16	0
16	0
1	0
1	0
1	0
16	0
16	0
1	0
16	0
16	0
16	0
16	0
16	0
16	0
1	0
1	0
3	0
1	0
16	0
16	0
16	0
16	0
16	0
16	0
16	0
16	0
1	0
1	0
3	0
1	0
16	0
16	0
16	0
16	0
11	0
2	2
8	0
8	0
8	0
8	8
4	0
3	0
3	16
3	3
5	0
3	3
2	0
6	6
8	0
8	0
8	8
16	0
16	16
13	13
13	0
1	0
8	0
8	0
1	0
16	0
16	0
1	0
4	0
16	0
1	0
1	0
1	0
1	0
1	0
1	0
8	0
1	0
1	0
16	0
16	0
1	0
1	0
1	0
1	0
16	0
16	0
1	0
1	0
16	0
16	0
16	0
4	0
4	0
1	0
1	0
1	0
1	0
2	0
1	0
12	0
11	11
4	0
4	0
4	0
4	4
2	0
2	2
8	0
8	0
8	8
8	0
5	5
12	0
8	8
3	0
16	0
16	10
1	0
1	0
1	0
1	1
13	13
13	0
1	0
1	0
1	0
16	0
1	0
1	0
16	0
16	0
16	0
8	0
8	0
3	0
16	0
16	0
1	0
1	0
1	0
1	0
16	0
16	0
16	0
1	0
1	0
3	0
16	0
16	0
16	0
3	0
1	0
1	0
8	0
16	0
16	0
16	0
8	0
8	0
12	0
8	0
12	12
16	0
16	0
16	0
16	16
3	0
6	0
6	6
1	0
1	0
1	1
8	0
8	8
13	13
3	0
11	11
11	0
11	4
1	0
1	1
13	13
13	0
1	0
3	0
1	0
1	0
1	0
1	0
1	0
1	0
1	0
1	0
8	0
8	0
16	0
1	0
3	0
16	0
1	0
1	0
1	0
1	0
1	0
1	0
1	0
1	0
8	0
3	0
16	0
3	0
3	0
1	0
1	0
1	0
1	0
1	0
1	0
8	0
12	0
11	0
11	11
3	0
4	0
4	0
16	16
6	0
6	6
8	0
12	0
13	0
8	8
13	13
14	0
11	0
14	14
11	0
11	11
3	0
3	3
2	2
2	0
6	6
1	0
1	0
1	0
1	1
8	0
8	0
8	8
2	2
2	0
6	6
8	0
8	8
1	0
2	0
2	0
1	0
1	0
1	0
3	3
16	0
16	0
16	16
13	13
13	0
3	0
3	0
16	0
1	0
1	0
1	0
8	0
1	0
8	0
8	0
1	0
16	0
12	0
12	0
9	1
8	0
8	0
8	0
8	8
2	2
8	0
8	8
4	0
4	4
3	3
2	2
1	0
1	0
1	1
8	0
8	0
8	8
1	0
16	0
16	0
16	16
13	13
13	0
1	0
1	0
1	0
1	0
1	0
8	0
1	0
1	0
1	0
1	0
1	0
1	0
1	0
1	0
8	0
1	0
1	0
1	0
1	0
1	0
1	0
1	0
1	0
1	0
8	0
8	0
1	0
1	0
8	0
8	0
8	0
3	0
3	0
1	0
11	0
4	0
11	11
1	0
1	16
13	13
14	0
11	0
14	14
12	12
12	0
12	0
12	12
3	0
6	0
6	6
1	0
1	1
8	0
8	0
8	0
8	0
8	0
8	0
8	0
8	8
4	0
4	4
13	13
13	0
1	0
16	0
1	0
1	0
1	0
1	0
1	0
1	0
1	0
8	0
1	0
1	0
1	0
1	0
1	0
8	0
8	0
1	0
16	0
1	0
1	0
1	0
16	0
16	0
16	0
12	0
12	0
1	0
3	0
3	0
12	0
8	0
8	0
8	8
8	0
6	6
8	0
8	8
4	0
11	4
1	0
1	0
2	2
3	0
3	11
3	0
3	0
3	3
1	0
1	1
12	12
12	0
12	12
13	13
13	0
1	0
1	0
8	0
1	0
1	0
1	0
1	0
1	0
1	0
12	0
12	0
3	0
1	0
1	0
1	0
1	0
1	0
12	0
16	0
16	0
1	0
1	0
1	0
1	0
8	0
8	0
1	0
8	0
3	0
1	0
1	0
1	0
1	0
1	0
12	0
12	0
3	0
3	0
2	2
4	0
11	6
1	0
1	0
1	1
8	0
8	0
8	8
2	0
2	2
8	0
8	0
8	8
13	13
13	0
1	0
1	0
1	0
1	0
8	0
8	0
1	0
1	0
1	0
1	0
1	0
1	0
8	0
2	0
1	0
1	0
8	0
8	0
8	0
1	0
3	0
1	0
1	0
1	0
1	0
8	0
8	0
1	0
1	0
1	0
8	0
8	0
3	0
1	0
1	0
1	0
1	0
8	0
2	0
1	0
1	0
12	0
11	0
11	6
8	0
8	8
16	16
3	0
6	0
1	0
1	3
3	0
6	6
3	0
3	11
3	0
3	10
1	0
1	0
1	1
13	13
13	0
1	0
1	0
8	0
1	0
1	0
8	0
1	0
1	0
1	0
3	0
3	0
3	0
8	0
1	0
1	0
1	0
1	0
8	0
8	0
1	0
1	0
8	0
1	0
8	0
8	0
1	0
1	0
1	0
1	0
8	0
8	0
1	0
1	0
3	0
3	0
3	0
3	0
8	0
1	0
11	0
11	0
11	11
1	0
16	16
16	0
11	0
3	0
3	3
11	3
2	2
11	0
11	0
11	11
13	13
13	0
1	0
3	0
8	0
8	0
8	0
8	0
8	0
8	0
8	0
8	0
16	0
16	0
16	0
3	0
8	0
11	0
11	0
11	0
8	0
8	0
1	0
8	0
11	0
11	0
8	0
8	0
8	0
1	0
8	0
1	0
16	0
16	0
16	0
16	0
16	0
16	0
3	0
3	0
1	0
8	0
11	0
11	0
11	0
8	0
11	0
11	11
4	0
11	4
3	3
11	3
1	0
2	0
3	0
3	0
3	1
13	13
3	0
11	0
16	0
16	0
16	16
11	6
8	0
2	0
2	0
11	2
8	0
8	0
8	0
8	8
13	13
13	0
1	0
1	0
8	0
8	0
8	0
1	0
1	0
16	0
1	0
3	0
8	0
1	0
1	0
1	0
1	0
1	0
8	0
8	0
2	0
8	0
16	0
3	0
1	0
1	0
1	0
1	0
1	0
8	0
8	0
3	0
3	0
3	0
12	0
2	2
17	0
11	0
11	11
17	0
8	0
16	16
3	0
3	0
3	0
3	3
2	0
2	0
2	0
9	0
1	11
1	0
2	10
13	13
13	0
1	0
17	0
1	0
8	0
1	0
8	0
8	0
16	0
1	0
3	0
1	0
1	0
1	0
1	0
1	0
1	0
8	0
1	0
8	0
1	0
1	0
1	0
1	0
8	0
8	0
8	0
16	0
16	0
16	0
8	0
8	0
8	0
1	0
3	0
3	0
3	0
3	0
1	0
1	0
12	0
13	13
2	0
6	0
3	2
1	0
1	0
1	1
8	0
8	0
13	0
12	0
12	8
8	0
16	0
16	0
16	16
3	3
12	6
12	0
13	0
1	0
1	0
1	0
1	0
1	0
1	0
1	8
13	13
8	0
12	1
12	0
12	0
12	2
12	0
12	0
12	1
12	2
12	6
12	0
12	8
9	0
8	0
9	9
17	0
17	0
17	16
17	0
2	2
8	0
8	8
5	0
3	3
1	6
12	8
13	13
13	0
1	0
8	0
8	0
16	0
11	11
16	4
1	0
2	2
12	0
12	0
12	12
8	0
8	0
8	8
13	13
13	0
1	0
1	0
1	0
8	0
16	0
1	0
1	0
8	0
1	0
1	0
8	0
8	0
8	0
1	0
1	0
1	0
1	0
8	0
16	0
8	0
1	0
16	0
16	0
1	0
8	0
1	0
1	0
1	0
1	0
1	0
1	0
8	0
8	0
16	0
16	0
8	0
1	0
1	0
1	0
1	0
1	0
1	0
16	0
16	0
8	0
1	0
3	0
12	0
12	0
8	0
8	3
16	0
16	0
16	16
3	3
3	0
1	3
1	6
8	0
8	0
13	0
8	0
8	0
8	8
13	13
13	0
1	0
8	0
8	0
1	0
8	0
8	0
1	0
1	0
3	0
3	0
1	0
1	0
1	0
1	0
8	0
8	0
8	0
8	0
8	0
8	0
1	0
1	0
1	0
1	0
1	0
8	0
8	0
1	0
8	0
8	0
8	0
8	0
16	0
3	0
3	0
1	0
1	0
1	0
1	0
1	0
8	0
12	0
8	6
8	0
8	0
13	0
8	0
17	0
17	0
11	8
17	0
12	0
12	0
1	16
16	0
16	0
1	11
1	0
1	0
1	0
1	16
13	13
13	0
8	0
8	0
8	0
8	0
1	0
16	0
16	0
16	0
8	0
17	0
16	0
16	0
16	0
16	0
16	0
16	0
1	0
1	0
1	0
1	0
1	0
1	0
1	0
1	0
1	0
16	0
8	0
8	0
16	0
8	0
16	0
16	0
16	0
17	0
17	0
16	0
16	0
16	0
13	0
2	0
2	0
6	0
1	2
8	0
8	0
8	0
8	0
8	8
12	0
17	0
17	16
17	0
17	0
17	8
12	0
12	8
17	3
17	6
17	0
17	0
1	0
1	1
8	0
8	0
8	0
8	0
8	0
8	8
17	0
2	14
17	0
17	16
13	13
13	0
1	0
1	0
17	0
16	0
17	0
17	0
17	0
17	0
1	0
16	0
17	0
1	0
16	0
16	0
16	0
1	0
17	0
16	0
16	0
16	0
16	0
16	0
17	0
17	0
13	0
3	0
8	0
3	0
3	3
2	6
12	0
8	0
8	8
13	13
13	0
1	0
1	0
1	0
1	0
16	0
8	0
8	0
1	0
1	0
1	0
8	0
8	0
16	0
1	0
1	0
8	0
1	0
1	0
8	0
8	0
8	0
1	0
1	0
1	0
1	0
1	0
1	0
1	0
1	0
1	0
1	0
8	0
8	0
1	0
1	0
1	0
1	0
1	0
1	0
1	0
8	0
1	0
8	0
8	0
8	0
1	0
1	0
1	0
1	0
12	0
6	2
8	0
8	0
8	0
8	8
9	9
4	0
4	0
4	4
9	6
1	0
1	1
8	8
3	0
3	0
16	0
16	0
16	0
16	16
13	13
13	0
1	0
1	0
1	0
1	0
8	0
1	0
3	0
16	0
3	0
3	0
1	0
1	0
8	0
8	0
1	0
1	0
16	0
16	0
16	0
16	0
1	0
1	0
16	0
16	0
16	0
1	0
1	0
8	0
8	0
8	0
8	0
16	0
3	0
3	0
3	0
1	0
1	0
1	0
12	0
12	1
16	0
16	0
16	2
12	0
12	1
12	0
12	0
12	0
16	0
3	16
2	2
3	0
12	0
2	6
8	0
8	0
8	0
8	0
8	8
17	0
2	2
6	0
1	6
1	0
1	1
8	0
8	0
8	0
8	0
8	0
8	8
13	13
13	0
1	0
1	0
1	0
1	0
8	0
16	0
8	0
17	0
1	0
1	0
1	0
1	0
1	0
16	0
16	0
16	0
16	0
1	0
16	0
16	0
12	0
12	0
12	0
3	0
1	0
12	0
11	6
16	0
16	0
16	1
9	9
8	0
8	8
2	0
2	2
1	0
1	0
1	1
8	8
13	13
2	2
2	6
17	17
17	17
8	17
2	2
2	0
2	2
9	0
1	1
8	8
13	13
11	11
12	0
17	0
17	0
16	16
17	0
17	0
17	3
3	3
17	0
17	0
2	10
3	3
13	13
3	0
5	0
5	5
8	17
17	17
13	13
13	13
16	0
12	11
2	2
1	0
2	2
8	0
8	0
8	8
13	13
13	0
1	0
8	0
13	0
13	13
6	0
6	0
6	2
1	0
1	0
1	1
8	0
8	0
13	0
12	0
12	8
8	0
16	0
16	0
16	16
1	6
12	0
13	0
1	0
1	0
1	0
1	0
1	8
13	13
13	0
1	0
1	0
8	0
8	0
8	0
8	0
8	0
8	0
8	0
8	0
8	0
1	0
8	0
1	0
8	0
1	0
1	0
1	0
8	0
1	0
1	0
1	0
1	0
1	0
1	0
1	0
1	0
1	0
8	0
8	0
8	0
8	0
8	0
12	0
17	0
12	6
8	0
8	0
8	0
8	0
8	8
3	16
16	0
12	2
8	0
8	0
8	8
5	5
3	0
16	0
16	0
16	0
16	16
3	0
3	0
3	0
3	3
12	6
12	0
12	0
8	0
8	0
8	8
17	2
2	6
1	0
1	0
1	1
8	0
8	8
13	13
13	13
2	0
2	16
2	6
12	12
12	0
12	0
12	12
13	13
2	6
8	0
8	0
8	0
8	0
8	0
8	0
8	8
2	2
12	17
17	17
17	17
13	0
12	0
8	6
12	0
12	0
12	12
16	0
16	0
16	16
3	0
9	11
8	0
8	8
5	5
17	0
1	6
8	0
8	0
8	8
13	13
13	0
1	0
1	0
1	0
1	0
8	0
8	0
1	0
1	0
3	0
3	0
1	0
1	0
1	0
1	0
1	0
1	0
1	0
1	0
8	0
8	0
1	0
3	0
1	0
1	0
8	0
8	0
1	0
1	0
8	0
8	0
8	0
8	0
3	0
3	0
1	0
1	0
1	0
8	0
1	0
1	0
3	0
1	0
1	0
1	0
1	0
1	0
16	16
4	0
4	0
4	0
4	4
6	6
9	9
8	0
8	8
3	0
2	2
3	0
2	0
9	9
8	0
8	8
13	13
13	0
1	0
3	0
3	0
8	0
16	0
16	0
16	0
16	0
1	0
1	0
8	0
16	0
3	0
8	0
3	0
3	0
1	0
8	0
16	0
16	0
3	0
3	0
1	0
3	0
1	0
3	0
3	0
16	0
16	0
16	0
16	0
16	0
3	0
8	0
1	0
8	0
12	0
3	0
2	6
9	9
8	0
8	0
8	0
1	0
1	0
1	0
8	8
4	0
4	0
4	0
4	4
3	0
2	2
8	0
8	0
8	0
8	8
3	2
9	9
8	0
8	0
8	8
1	0
1	0
1	0
16	0
16	16
5	5
1	0
12	0
11	16
1	0
11	0
12	0
2	0
1	0
1	0
16	0
12	3
16	0
2	0
2	0
16	0
16	0
16	16
13	13
13	0
1	0
8	0
1	0
8	0
8	0
8	0
3	0
4	0
4	0
12	0
8	0
6	0
5	3
3	0
6	6
1	0
1	0
1	1
1	0
1	0
1	0
1	1
8	8
12	0
12	0
12	0
12	0
16	16
3	3
8	0
8	0
8	8
13	13
13	0
16	0
16	0
1	0
1	0
8	0
16	0
16	0
1	0
16	0
8	0
16	0
16	0
16	0
16	0
16	0
16	0
1	0
8	0
8	0
16	0
16	0
16	0
1	0
8	0
16	0
16	0
1	0
1	0
1	0
8	0
8	0
1	0
1	0
1	0
8	0
13	0
1	0
1	0
1	0
3	3
13	13
13	0
1	0
1	0
8	0
8	0
8	0
1	0
1	0
1	0
16	0
8	0
8	0
8	0
1	0
1	0
1	0
1	0
1	0
8	0
8	0
8	0
1	0
1	0
1	0
8	0
8	0
8	0
1	0
1	0
1	0
1	0
8	0
8	0
8	0
1	0
1	0
1	0
1	0
8	0
8	0
1	0
1	0
1	0
8	0
8	0
8	0
8	0
1	0
1	0
8	0
8	0
8	0
1	0
1	0
12	0
8	0
12	6
8	0
8	8
17	4
8	0
8	0
8	8
13	13
13	0
16	0
16	0
16	0
16	0
16	0
16	0
16	0
16	0
16	0
8	0
8	0
8	0
16	0
16	0
16	0
16	0
16	0
8	0
8	0
8	0
8	0
8	0
1	0
16	0
1	0
16	0
16	0
16	0
16	0
16	0
8	0
8	0
8	0
16	0
16	0
16	0
16	0
1	0
16	0
16	0
16	0
1	0
8	0
16	0
8	0
1	0
16	0
16	0
16	0
12	0
2	6
1	0
1	0
1	1
1	0
1	1
12	0
8	0
8	8
16	0
16	0
16	16
11	0
11	0
11	0
6	2
8	0
8	0
8	8
9	9
13	13
13	0
1	0
1	0
1	0
8	0
1	0
1	0
8	0
8	0
3	0
3	0
11	0
3	0
3	0
1	0
1	0
3	0
8	0
8	0
1	0
1	0
1	0
1	0
1	0
8	0
1	0
1	0
1	0
1	0
1	0
1	0
1	0
8	0
8	0
3	0
3	0
11	0
3	0
12	0
12	6
8	0
8	0
8	0
8	12
12	0
3	4
2	6
3	0
1	0
1	1
12	0
12	0
12	0
12	8
16	0
16	0
16	2
8	0
8	0
8	0
8	8
13	13
2	6
8	0
8	0
8	0
8	0
8	0
12	0
12	0
12	0
8	0
8	12
13	13
2	2
9	0
13	0
9	9
8	0
12	0
8	16
13	13
13	0
8	0
8	0
1	0
1	0
1	0
8	0
1	0
16	0
16	0
1	0
1	0
1	0
1	0
1	0
1	0
17	0
6	11
17	0
17	0
17	16
16	6
1	0
1	1
8	0
8	0
13	0
8	0
17	0
17	8
17	3
13	13
13	0
12	0
17	0
16	0
8	0
12	0
12	0
12	0
8	0
16	0
16	0
16	0
1	0
1	0
8	0
8	0
17	0
17	0
12	0
12	0
12	0
12	0
8	0
17	0
1	0
8	0
12	0
8	0
12	0
8	0
1	0
16	0
16	0
16	0
16	0
16	0
1	0
8	0
8	0
8	0
8	0
8	0
17	0
17	0
12	0
12	12
12	0
12	12
2	0
11	2
8	0
8	0
8	0
8	12
8	0
12	6
12	0
12	0
12	12
16	0
1	0
16	16
1	6
8	0
8	0
8	0
13	0
12	8
13	13
12	0
12	12
13	13
12	13
12	0
12	0
12	12
12	0
12	0
12	0
12	0
8	8
12	0
12	0
12	2
12	0
12	0
12	0
12	12
8	6
1	6
8	0
8	0
8	0
8	0
1	0
1	0
1	0
1	8
12	0
12	0
12	0
12	12
5	5
13	0
12	0
17	0
14	2
12	12
12	0
12	0
12	12
2	0
11	2
8	0
8	0
8	0
1	12
8	0
12	12
8	0
8	2
2	0
2	6
1	1
9	0
1	0
9	8
8	0
2	2
8	0
8	0
8	0
8	12
2	0
2	2
8	0
8	0
8	0
8	8
16	0
2	0
16	0
2	16
17	0
11	11
12	6
12	0
12	0
1	8
17	2
17	6
12	0
8	0
13	0
12	0
17	8
17	0
17	3
1	0
1	0
1	0
1	0
1	16
13	0
12	0
8	0
16	0
12	3
16	0
16	0
16	4
3	0
12	6
12	0
12	0
12	0
12	0
8	0
8	8
12	0
12	12
12	0
12	0
12	12
5	6
12	0
8	8
1	0
1	0
2	0
2	1
17	0
12	0
12	16
13	13
3	11
2	0
2	2
9	0
1	1
8	8
2	2
8	0
8	0
8	0
8	12
4	0
2	3
9	0
1	9
8	0
8	0
8	0
8	0
8	8
17	0
1	0
1	16
1	0
1	16
13	13
13	0
1	0
1	0
12	0
6	2
8	0
8	0
8	8
3	0
2	2
1	0
1	0
1	1
8	0
8	8
12	0
12	16
12	6
12	0
12	0
12	0
12	12
4	0
3	3
17	0
9	2
11	0
12	6
3	0
3	3
2	3
8	0
6	0
8	0
8	0
8	0
12	1
12	0
12	0
12	8
12	0
12	12
12	0
12	0
12	12
16	0
16	16
13	13
13	0
1	0
1	0
1	0
8	0
8	0
1	0
1	0
1	0
1	0
1	0
1	0
12	0
12	0
12	0
13	0
8	0
8	0
12	10
17	0
12	3
4	0
4	4
11	0
12	6
8	0
8	0
12	0
12	0
8	12
13	13
11	0
12	6
12	0
12	12
13	13
11	0
12	6
12	0
12	0
12	12
5	5
11	0
12	6
12	0
12	0
12	0
12	12
13	13
13	0
1	0
1	0
1	0
1	0
12	0
12	0
1	0
12	0
12	0
12	0
12	0
12	0
1	0
1	0
1	0
1	0
12	0
8	0
1	0
1	0
1	0
1	0
12	0
12	0
12	0
12	0
3	0
12	6
12	0
12	0
12	12
12	0
16	0
16	0
16	0
16	16
3	2
12	0
12	6
17	0
8	0
8	0
8	8
17	6
12	0
12	0
8	0
13	0
12	0
12	0
12	0
8	8
12	12
12	0
12	0
12	0
12	12
5	5
12	0
12	0
12	12
12	0
12	0
12	12
2	0
2	10
13	13
13	0
1	0
8	0
8	0
8	0
1	0
1	0
1	0
12	0
8	0
16	0
16	0
16	0
3	0
3	0
3	0
12	0
12	0
12	0
12	0
8	11
4	0
4	4
2	2
6	0
6	0
1	6
1	0
1	0
1	1
8	8
5	5
17	0
17	0
17	0
2	4
2	2
2	6
6	6
1	0
1	0
1	1
8	0
13	0
12	0
1	0
1	0
8	0
13	0
1	0
3	0
14	8
3	0
11	0
3	3
2	3
12	0
12	9
12	0
12	8
1	0
1	0
17	0
12	0
12	0
16	16
13	13
13	0
3	0
1	0
8	0
8	0
1	0
1	0
1	0
1	0
1	0
3	0
12	0
3	0
1	6
12	0
12	0
12	0
12	12
16	0
4	0
4	4
2	6
1	0
1	0
1	1
8	0
8	8
2	0
2	2
8	0
8	0
8	0
8	12
2	0
2	0
2	0
1	2
8	0
8	0
8	8
1	0
16	0
16	16
5	0
3	4
13	13
13	0
1	0
3	0
1	0
1	0
8	0
8	0
8	0
16	0
1	0
1	0
1	0
1	0
1	0
12	0
12	0
5	0
16	0
16	0
16	0
1	0
1	0
1	0
1	0
1	0
12	0
8	0
12	6
12	0
12	0
12	12
17	0
11	4
17	0
2	2
12	0
8	0
12	8
12	0
12	0
12	4
13	13
13	0
1	0
12	0
12	0
1	0
1	0
1	0
12	0
3	0
8	0
1	0
1	0
1	0
8	0
1	0
12	0
12	0
12	0
12	0
1	0
12	0
12	0
12	0
12	0
1	0
1	0
1	0
12	0
1	0
1	0
1	0
1	0
12	0
12	0
12	0
1	0
1	0
8	0
1	0
1	0
12	0
12	0
12	0
12	0
17	2
17	6
8	0
8	0
13	0
12	0
12	8
16	0
4	0
4	4
3	0
12	6
13	13
17	0
8	12
13	13
2	0
3	3
3	0
9	9
8	0
8	8
16	0
16	16
13	13
3	0
3	2
9	0
13	0
9	8
8	0
1	0
16	2
12	0
12	0
12	12
5	5
3	0
16	2
9	0
13	0
9	8
17	0
2	2
12	12
13	13
13	0
1	0
17	0
8	0
16	0
16	0
8	0
8	0
17	0
16	0
4	0
1	0
1	0
12	0
4	14
17	0
1	6
16	0
17	0
17	0
2	0
2	0
1	0
1	1
8	0
8	0
8	8
2	0
1	6
8	0
8	0
8	0
8	0
8	0
8	8
1	0
3	3
1	0
1	0
1	1
2	0
1	0
1	0
1	0
1	0
1	16
16	0
16	0
2	0
1	4
13	13
11	0
16	0
4	16
16	0
11	11
12	6
12	0
1	0
1	1
8	0
12	0
8	0
8	0
8	8
1	0
1	1
1	1
13	13
13	0
1	0
16	0
16	0
12	0
3	0
12	6
12	0
12	0
12	12
12	0
12	12
5	5
12	0
12	6
12	0
12	12
12	12
16	0
16	0
16	0
16	16
6	6
8	0
8	8
3	0
1	2
8	0
12	8
12	0
12	0
12	12
13	13
13	0
1	0
8	0
12	0
12	0
16	0
1	0
1	0
1	0
16	0
1	0
8	0
8	0
3	0
1	0
3	0
12	0
1	0
12	0
1	0
8	0
12	0
12	0
12	0
12	0
12	0
12	0
12	0
12	0
12	0
12	0
12	0
8	0
12	6
8	0
12	12
8	0
12	0
8	12
4	0
11	4
3	2
8	0
8	12
17	0
2	2
8	0
8	8
13	13
13	0
17	0
1	0
1	0
1	0
1	0
8	0
1	0
1	0
16	0
16	0
16	0
1	0
1	0
8	0
17	0
1	0
1	0
8	0
8	0
1	0
1	0
16	0
1	0
1	0
1	0
8	0
8	0
1	0
1	0
1	0
12	0
12	0
1	0
3	0
17	0
1	0
1	0
1	0
8	0
17	0
1	0
13	0
3	0
12	6
8	0
8	12
4	0
2	16
2	0
2	2
13	13
8	0
8	8
13	13
13	13
13	0
1	0
8	0
8	0
16	0
16	0
8	0
1	0
8	0
1	0
8	0
16	0
16	0
2	0
8	0
8	0
1	0
1	0
8	0
16	0
16	0
1	0
1	0
8	0
16	0
16	0
16	0
8	0
16	0
8	0
1	0
16	0
16	0
1	0
12	0
12	0
1	0
16	0
2	0
3	0
1	0
1	0
1	0
8	0
16	0
16	0
13	0
13	13
11	11
4	0
11	4
1	0
1	1
13	13
14	0
11	0
14	14
11	0
11	11
3	3
1	0
1	16
2	0
2	0
16	0
16	0
16	16
13	13
13	0
3	0
1	0
1	0
1	0
16	0
1	0
16	0
16	0
16	0
3	0
1	0
1	0
1	0
1	0
1	0
1	0
1	0
16	0
16	0
16	0
1	0
1	0
1	0
16	0
1	0
3	0
16	0
1	0
1	0
1	0
1	0
16	0
14	0
16	0
3	0
1	0
1	0
12	0
12	0
12	2
8	0
8	0
8	12
4	0
4	4
11	0
11	11
3	6
1	1
17	0
8	0
8	8
16	0
12	4
13	13
13	0
3	0
16	0
16	0
1	0
16	0
16	0
1	0
3	0
16	0
16	0
3	0
3	0
1	0
1	0
1	0
8	0
16	0
16	0
16	0
1	0
1	0
16	0
16	0
16	0
16	0
16	0
16	0
1	0
1	0
1	0
1	0
8	0
8	0
3	0
16	0
3	0
1	0
1	0
1	0
1	0
16	0
13	0
13	13
6	6
1	0
1	1
8	0
8	0
8	0
12	0
13	0
1	0
17	0
17	8
16	0
16	0
16	16
16	0
6	3
8	2
2	0
11	6
8	0
8	0
8	8
13	13
13	0
1	0
16	0
1	0
8	0
8	0
8	0
8	0
16	0
16	0
16	0
16	0
16	0
8	0
8	0
17	0
1	0
8	0
8	0
8	0
8	0
17	0
1	0
8	0
16	0
16	0
16	0
17	0
8	0
8	0
8	0
8	0
8	0
8	0
8	0
12	0
3	0
12	6
12	0
12	0
12	12
16	0
4	0
4	4
11	0
6	6
1	0
17	0
17	0
17	0
1	0
1	1
8	0
8	8
2	0
1	0
1	0
16	0
16	16
13	13
13	0
3	0
16	0
16	0
16	0
1	0
1	0
1	0
1	0
1	0
1	0
1	0
1	0
1	0
3	0
16	0
1	0
16	0
1	0
16	0
8	0
1	0
1	0
1	0
12	0
12	0
8	0
16	0
16	0
16	0
1	0
1	0
1	0
1	0
1	0
13	0
13	13
11	11
17	0
17	0
17	0
17	4
17	0
17	11
17	0
17	0
17	0
17	2
17	0
1	0
1	0
1	0
1	16
13	13
13	0
1	0
17	0
8	0
8	0
1	0
8	0
1	0
1	0
17	0
17	0
1	0
1	0
1	0
1	0
1	0
1	0
1	0
1	0
8	0
8	0
17	0
17	0
17	0
8	0
1	0
8	0
1	0
1	0
1	0
17	0
17	0
17	0
17	0
8	0
17	0
1	0
1	0
1	0
1	0
1	0
12	0
2	2
3	0
9	9
8	8
16	0
16	0
16	4
2	3
3	0
2	2
1	6
1	0
1	1
8	0
8	0
8	0
8	0
8	8
1	0
12	0
2	0
16	0
16	0
16	16
5	5
1	0
1	0
1	0
9	1
8	0
8	0
8	0
8	8
8	0
16	16
13	13
13	13
4	0
2	16
6	6
12	0
8	0
12	0
8	0
12	0
1	0
8	8
12	12
2	2
12	12
13	13
13	0
8	0
8	0
1	0
1	0
1	0
1	0
1	0
12	0
9	9
16	0
16	0
17	0
17	4
16	2
17	6
12	0
13	0
12	0
12	8
17	0
17	6
17	0
3	0
2	0
3	1
9	0
1	0
9	8
17	0
2	2
8	0
12	0
12	12
17	0
17	0
17	2
17	12
17	0
17	0
12	16
13	13
13	0
12	0
17	0
17	0
17	0
17	0
17	0
8	0
17	0
1	0
8	0
17	0
17	0
8	0
16	0
17	0
17	0
17	0
17	0
17	0
8	0
17	0
17	0
17	0
16	0
17	0
3	0
3	3
3	0
6	0
3	0
3	3
4	0
11	4
1	0
1	0
1	0
1	0
1	0
3	3
1	0
1	1
13	13
14	0
14	0
14	11
14	6
8	0
8	8
8	0
12	0
12	2
12	0
12	0
12	0
8	12
1	0
16	16
4	0
4	0
4	4
13	13
13	0
1	0
1	0
1	0
1	0
1	0
1	0
16	0
8	0
2	0
1	0
1	0
3	0
16	0
3	0
16	0
1	0
1	0
1	0
1	0
1	0
1	0
1	0
1	0
12	0
12	6
12	0
12	0
8	0
8	0
8	8
12	12
12	0
12	0
12	0
12	12
12	0
12	0
16	0
16	16
6	6
8	0
8	8
2	0
2	2
1	0
1	1
8	0
8	0
8	0
8	0
8	8
2	0
2	2
8	0
8	12
12	12
12	0
12	10
13	13
13	0
12	0
12	0
12	0
12	0
12	0
1	0
1	0
1	0
8	0
1	0
16	0
1	0
8	0
8	0
16	0
12	0
16	0
16	0
12	0
16	0
16	0
16	0
16	0
12	0
8	6
12	0
12	0
1	1
8	0
8	0
8	0
12	0
13	0
12	0
12	8
12	0
12	0
1	0
1	0
16	16
16	0
11	11
2	0
2	2
1	0
1	0
1	0
1	0
1	1
8	0
8	0
8	8
2	0
2	2
8	0
8	8
2	2
8	0
13	0
8	8
2	0
2	2
12	0
12	0
12	0
8	0
8	12
13	13
13	0
1	0
1	0
1	0
1	0
1	0
1	0
8	0
8	0
8	0
1	0
1	0
1	0
3	0
3	0
12	0
3	0
12	6
12	12
3	0
2	0
16	16
3	0
6	0
3	0
3	3
2	3
2	6
12	0
12	0
12	12
8	8
9	9
8	0
8	0
8	6
12	0
12	0
1	1
8	0
8	8
16	0
16	0
16	4
17	0
2	2
12	12
3	0
3	6
8	0
8	0
8	8
5	5
3	0
12	6
12	12
12	12
13	13
13	0
1	0
3	0
8	0
12	0
1	0
8	0
3	0
3	0
1	0
3	0
3	0
3	0
3	0
3	0
1	0
1	0
12	0
3	0
3	0
4	10
5	0
3	3
3	0
3	0
3	3
3	0
1	0
2	9
8	0
8	0
8	8
4	0
11	4
12	0
6	11
1	0
1	16
2	2
3	0
12	6
8	0
13	0
1	0
1	8
12	12
12	12
13	13
9	9
13	13
17	0
2	0
12	6
8	0
13	0
8	8
12	12
12	0
12	0
12	12
13	13
9	9
13	13
2	0
2	2
12	12
1	0
16	0
16	0
8	16
16	0
4	0
16	4
13	13
13	0
17	0
1	0
12	0
2	2
1	0
1	3
9	0
9	9
8	0
8	0
8	8
4	0
11	4
3	0
12	6
8	0
8	0
8	8
2	0
6	0
3	0
3	3
3	6
8	8
12	0
12	9
2	2
3	0
1	6
12	0
1	0
1	1
8	0
8	8
13	13
13	0
1	0
8	0
8	0
16	0
1	0
1	0
1	0
1	0
12	0
12	0
3	0
3	0
3	0
1	0
8	0
12	0
1	0
1	0
1	0
8	0
16	0
16	0
3	0
1	0
1	0
1	0
12	0
3	3
3	0
4	0
4	3
16	0
4	0
16	4
11	0
12	6
12	12
12	6
12	0
12	8
2	0
2	0
3	0
3	3
13	13
13	0
3	0
8	0
16	0
16	0
3	0
16	0
16	0
3	0
16	0
12	0
12	0
12	0
12	0
12	0
1	0
1	0
3	0
3	0
16	0
16	0
16	0
16	0
1	0
3	0
16	0
16	0
1	0
3	0
16	0
4	0
16	0
3	0
8	0
3	0
12	0
12	0
12	0
12	0
12	0
1	0
12	0
11	11
4	0
11	4
3	0
3	3
1	0
1	0
1	0
1	1
1	0
1	0
1	1
8	0
8	0
8	8
2	0
2	2
8	0
8	0
8	8
13	13
14	0
14	2
8	0
8	0
8	0
8	0
8	8
3	0
2	2
2	2
3	0
6	0
6	0
3	3
1	0
1	0
1	1
8	0
8	8
12	0
12	0
12	12
13	13
13	0
1	0
3	0
16	0
3	0
1	0
1	0
1	0
1	0
1	0
1	0
1	0
1	0
1	0
1	0
12	0
5	3
3	0
6	6
8	0
8	0
8	0
8	0
8	8
4	0
11	4
3	0
3	0
3	0
1	0
1	3
3	0
3	0
2	0
3	0
3	0
3	3
2	3
3	0
1	1
3	0
3	3
13	13
13	0
1	0
1	0
1	0
1	0
1	0
1	0
1	0
1	0
1	0
1	0
1	0
1	0
1	0
1	0
1	0
3	0
1	0
1	0
1	0
1	0
1	0
1	0
8	0
8	0
8	0
16	0
1	0
1	0
1	0
1	0
1	0
12	0
3	0
12	6
12	0
12	0
12	12
4	0
11	4
2	3
2	0
6	2
8	12
3	0
3	0
3	3
17	6
12	8
17	0
12	9
17	2
12	6
12	0
12	0
13	0
3	0
1	0
1	0
1	0
1	0
1	8
13	13
13	0
1	0
8	0
1	0
1	0
1	0
1	0
17	0
12	0
17	0
1	0
1	0
1	0
1	0
12	0
17	0
1	0
1	0
12	0
12	0
1	0
3	0
1	0
8	0
1	0
1	0
1	0
1	0
1	0
12	0
3	0
12	6
12	12
17	0
16	0
16	0
16	16
16	0
11	11
1	0
1	3
2	2
2	0
2	6
1	0
1	0
1	1
8	0
8	8
2	0
2	2
8	8
3	0
1	0
1	1
8	0
17	0
12	16
13	13
13	0
1	0
3	0
3	0
1	0
1	0
8	0
1	0
1	0
8	0
8	0
3	0
1	0
8	0
1	0
8	0
8	0
16	0
1	0
16	0
16	0
16	0
16	0
16	0
16	0
3	0
3	0
3	0
2	0
1	0
8	0
12	12
12	0
12	0
12	12
12	0
12	2
8	0
8	0
1	0
1	12
8	0
12	12
12	0
12	8
12	0
12	17
12	0
12	6
12	0
12	0
12	12
16	0
16	0
16	16
13	13
12	12
16	0
16	0
16	0
16	0
16	0
16	16
8	0
8	8
9	0
13	0
9	9
8	0
8	0
8	0
8	8
2	0
2	2
8	0
8	0
8	8
2	0
16	0
16	0
16	0
16	16
3	0
2	6
1	0
1	0
1	1
8	0
8	0
13	0
12	0
3	0
12	6
2	0
6	0
1	0
1	1
8	0
8	0
8	8
4	0
11	4
3	0
3	3
3	6
1	0
1	0
1	1
8	0
8	0
8	0
13	0
17	0
17	0
13	0
12	8
2	2
2	0
11	0
11	0
11	6
8	0
8	0
8	0
8	8
13	13
13	0
1	0
1	0
1	0
2	0
8	0
1	0
8	0
1	0
1	0
1	0
16	0
1	0
1	0
1	0
1	0
8	0
1	0
1	0
16	0
16	0
16	0
3	0
1	0
12	0
2	0
2	0
2	0
8	0
3	3
8	0
3	0
2	0
2	0
16	16
4	0
2	6
8	0
8	8
1	0
4	0
4	10
13	13
9	0
13	0
9	9
12	0
12	0
12	0
12	0
12	16
2	3
2	0
2	2
8	0
8	0
8	8
13	13
13	0
8	0
8	0
8	0
8	0
8	0
8	0
8	0
8	0
1	0
16	0
16	0
8	0
8	0
1	0
16	0
8	0
8	0
8	0
8	0
1	0
8	0
8	0
3	0
1	0
8	0
12	0
3	0
6	0
3	0
3	3
3	0
17	0
17	16
3	0
1	6
12	0
12	0
8	12
2	2
2	0
1	6
17	17
17	0
17	17
17	0
17	0
17	2
17	6
12	12
12	0
12	0
12	12
12	2
1	0
1	0
1	0
1	1
5	5
1	0
1	0
1	0
1	0
1	1
8	0
8	8
8	2
12	0
12	0
2	0
2	6
12	0
12	0
13	0
1	0
1	0
3	0
3	8
13	13
13	0
1	0
1	0
1	0
1	0
1	0
1	0
13	0
14	0
4	6
8	0
8	0
8	0
8	0
8	8
16	0
17	0
17	0
17	0
17	4
2	3
3	0
16	0
16	0
16	16
13	13
16	0
11	0
11	11
3	0
2	0
2	0
1	16
2	2
12	12
17	0
12	2
17	0
8	8
13	13
13	0
17	0
1	0
16	0
16	0
16	0
16	0
16	0
16	0
16	0
16	0
16	0
17	0
16	0
17	0
1	0
1	0
17	0
17	0
17	0
17	0
17	0
16	0
17	0
17	0
16	0
8	0
13	0
12	12
12	0
12	12
16	0
11	2
8	0
8	0
8	0
8	12
8	0
17	12
17	16
12	6
12	0
8	0
8	0
8	12
3	2
12	12
13	13
13	0
1	0
16	0
16	0
1	0
1	0
1	0
16	0
8	0
16	0
16	0
16	0
16	0
16	0
8	0
8	0
16	0
16	0
1	0
1	0
1	0
16	0
16	0
16	0
16	0
1	0
16	0
12	0
16	0
16	0
16	0
1	0
8	0
16	0
16	0
16	0
16	0
16	0
16	0
13	0
8	0
8	0
2	0
8	12
8	0
12	5
12	12
12	11
16	16
6	6
12	0
13	0
8	0
2	0
2	0
2	0
11	8
12	0
12	12
12	0
12	0
12	0
12	12
2	0
2	2
6	0
6	0
6	6
8	0
8	8
13	13
13	0
1	0
1	0
8	0
1	0
1	0
1	0
1	0
1	0
1	0
1	0
1	0
8	0
1	0
1	0
16	0
2	0
16	0
16	0
1	0
1	0
1	0
12	0
8	0
8	0
8	0
8	0
8	0
12	0
12	12
12	12
12	0
4	4
17	0
3	0
1	0
1	0
1	0
1	1
1	0
1	0
1	0
1	1
8	0
8	0
8	0
8	0
8	8
13	13
13	0
1	0
1	0
1	0
8	0
12	0
1	0
16	0
1	0
1	0
1	0
1	0
1	0
1	0
1	0
1	0
8	0
8	0
12	0
8	0
1	0
1	0
1	0
1	0
8	0
8	0
8	0
16	0
16	0
3	0
3	0
1	0
1	0
1	0
1	0
1	0
1	0
1	0
1	0
12	0
8	0
8	0
8	0
8	0
8	12
12	0
12	12
17	0
17	2
1	0
1	0
1	0
1	0
17	12
12	12
8	6
12	0
12	12
12	0
12	0
12	0
12	12
13	13
9	9
13	13
17	0
17	4
17	3
17	0
17	9
17	0
17	0
17	0
1	1
8	0
8	8
2	0
2	2
8	0
8	8
13	13
13	0
8	0
8	0
8	0
17	0
12	0
1	0
17	0
16	0
17	0
16	0
16	0
16	0
1	0
1	0
1	0
1	0
16	0
13	0
6	6
8	8
16	0
2	2
8	0
8	0
8	0
13	0
12	0
1	0
8	0
8	8
2	2
12	12
2	0
2	2
8	0
8	0
8	8
8	0
8	0
8	2
12	12
13	13
13	0
12	0
1	0
8	0
16	0
16	0
16	0
16	0
16	0
8	0
16	0
16	0
16	0
1	0
1	0
1	0
8	0
8	0
16	0
16	0
16	0
16	0
16	0
8	0
16	0
16	0
16	0
8	0
8	0
8	0
16	0
8	0
8	0
16	0
8	0
12	0
11	11
4	0
4	0
2	4
3	6
16	0
16	0
16	1
12	8
2	2
6	6
8	0
8	0
8	8
13	13
14	0
11	0
14	14
3	6
3	0
1	0
1	0
1	0
1	1
8	0
8	8
1	6
12	0
12	0
12	12
12	0
12	0
12	12
16	0
16	16
13	13
13	0
1	0
3	0
8	0
1	0
16	0
1	0
16	0
3	0
3	0
3	0
16	0
2	0
1	0
3	0
1	0
1	0
16	0
3	0
3	0
1	0
1	0
1	0
12	0
8	0
8	2
12	6
12	0
8	0
8	0
8	12
4	0
4	0
16	4
3	0
12	6
8	0
8	8
1	0
1	0
1	1
13	13
13	0
8	0
8	0
8	0
1	0
1	0
1	0
1	0
8	0
8	0
8	0
16	0
3	0
1	0
1	0
8	0
8	0
1	0
1	0
1	0
1	0
1	0
8	0
8	0
16	0
1	0
1	0
1	0
8	0
8	0
1	0
1	0
8	0
8	0
16	0
16	0
16	0
3	0
12	0
12	0
12	0
12	0
6	2
8	0
8	8
16	0
16	16
17	6
12	12
12	0
12	0
12	0
12	12
3	2
12	12
13	13
13	0
12	0
16	0
16	0
1	0
16	0
16	0
16	0
12	0
16	0
16	0
16	0
16	0
16	0
16	0
12	0
16	0
16	0
1	0
16	0
16	0
1	0
1	0
16	0
16	0
16	0
16	0
16	0
16	0
12	0
16	0
1	0
1	0
1	0
16	0
16	0
16	0
16	0
16	0
16	0
12	0
16	0
16	0
1	0
16	0
13	0
5	0
5	5
11	11
16	16
11	0
11	0
3	3
6	6
12	0
8	0
8	0
8	12
13	13
13	0
1	0
8	0
1	0
8	0
1	0
1	0
1	0
1	0
8	0
1	0
3	0
8	0
3	0
8	0
8	0
1	0
8	0
8	0
1	0
1	0
1	0
1	0
8	0
16	0
1	0
1	0
1	0
1	0
1	0
8	0
8	0
1	0
1	0
1	0
1	0
8	0
8	0
3	0
8	0
8	0
8	0
8	0
1	0
1	0
1	0
13	0
17	16
8	0
2	11
17	0
2	2
8	0
8	0
8	0
8	0
8	8
13	13
1	2
8	0
8	8
8	0
5	5
1	0
2	0
3	0
2	0
16	0
16	0
16	16
4	0
2	11
3	0
3	3
17	3
17	3
1	6
8	0
8	8
13	13
13	0
16	0
1	0
1	0
1	0
17	0
1	0
1	0
16	0
16	0
1	0
17	0
1	0
16	0
17	0
1	0
1	0
1	0
1	0
1	0
17	0
1	0
1	0
8	0
1	0
1	0
12	0
1	0
1	0
8	8
16	0
4	0
3	16
1	0
17	0
17	0
17	0
12	3
13	13
13	0
1	0
1	0
1	0
8	0
1	0
1	0
1	0
1	0
1	0
8	0
8	0
8	0
16	0
1	0
1	0
1	0
1	0
1	0
1	0
8	0
1	0
1	0
8	0
1	0
8	0
1	0
1	0
1	0
1	0
1	0
1	0
1	0
1	0
1	0
16	0
8	0
8	0
16	0
1	0
1	0
1	0
1	0
1	0
1	0
1	0
1	0
12	0
1	0
1	0
1	3
16	0
4	4
2	0
2	2
6	0
11	11
12	12
12	12
2	0
2	2
1	0
3	0
3	0
1	1
8	8
2	0
1	0
16	0
16	1
13	13
13	0
1	0
3	0
16	0
16	0
16	0
16	0
16	0
16	0
1	0
3	0
1	0
1	0
1	0
1	0
3	0
1	0
1	0
16	0
16	0
8	0
1	0
1	0
1	0
1	0
16	0
16	0
16	0
16	0
3	0
8	0
16	0
8	0
16	0
3	0
1	0
12	0
6	6
13	13
8	0
8	12
13	13
4	0
4	4
16	0
16	0
16	0
16	16
13	13
14	0
11	0
14	14
11	0
11	11
2	0
3	3
12	0
11	6
8	0
8	0
8	8
1	0
1	0
1	0
1	0
1	2
8	0
8	0
8	0
8	12
17	0
17	5
12	12
17	0
12	16
17	0
17	4
13	13
13	0
1	0
12	0
12	0
1	0
1	0
1	0
1	0
16	0
16	0
16	0
16	0
1	0
16	0
16	0
16	0
16	0
16	0
13	0
8	6
12	12
12	0
12	0
12	12
13	13
6	6
6	0
1	1
8	0
8	0
8	0
8	8
2	0
2	2
12	0
12	0
8	0
8	12
13	13
16	0
16	0
12	0
12	16
13	13
13	0
8	0
16	0
16	0
1	0
1	0
8	0
16	0
8	0
1	0
1	0
8	0
8	0
8	0
16	0
16	0
16	0
16	0
16	0
16	0
16	0
8	0
1	0
12	0
12	0
12	0
16	0
8	0
1	0
1	0
1	0
8	0
8	0
8	0
13	0
13	13
6	6
8	0
8	12
16	0
16	16
3	2
12	12
3	0
2	0
1	3
13	13
13	0
1	0
1	0
1	0
1	0
3	0
3	0
3	0
1	0
1	0
1	0
3	0
3	0
3	0
3	0
3	0
1	0
1	0
1	0
1	0
1	0
1	0
1	0
1	0
1	0
1	0
1	0
3	0
3	0
1	0
1	0
1	0
1	0
3	0
1	0
1	0
8	0
8	0
3	0
3	0
3	0
3	0
1	0
1	0
1	0
1	0
1	0
13	0
13	0
11	0
14	14
11	0
11	11
6	6
8	0
8	0
8	0
8	0
8	8
16	0
16	0
16	0
16	16
13	13
4	0
17	0
4	4
3	0
6	11
17	0
12	6
12	0
8	0
8	8
3	0
3	0
3	3
1	0
1	1
1	0
1	0
1	0
1	0
1	0
16	16
13	13
13	0
1	0
16	0
8	0
8	0
12	0
1	0
1	0
3	0
16	0
16	0
16	0
11	0
1	0
1	0
1	0
8	0
1	0
16	0
16	0
16	0
13	0
12	13
5	0
5	5
11	11
16	0
12	16
3	3
3	0
3	0
3	3
3	0
3	1
1	0
12	0
11	0
3	16
13	13
13	0
16	0
1	0
1	0
1	0
1	0
1	0
1	0
1	0
16	0
16	0
16	0
16	0
1	0
16	0
1	0
1	0
1	0
1	0
1	0
1	0
1	0
1	0
1	0
1	0
1	0
1	0
1	0
1	0
1	0
1	0
16	0
16	0
16	0
16	0
1	0
3	0
3	0
1	0
16	0
1	0
1	0
12	0
3	2
2	0
2	6
12	0
13	0
17	0
17	0
17	0
17	0
13	0
17	0
17	8
17	0
17	4
17	0
17	0
2	0
17	0
1	3
6	6
12	0
8	0
8	0
8	12
17	0
17	0
17	0
17	0
12	16
13	13
13	0
1	0
16	0
16	0
1	0
16	0
17	0
1	0
1	0
16	0
1	0
1	0
17	0
17	0
16	0
1	0
16	0
2	0
1	0
1	0
1	0
1	0
1	0
17	0
8	0
8	0
17	0
17	0
17	0
13	0
13	13
3	2
1	0
1	0
1	6
8	0
8	0
8	0
8	0
8	8
16	0
4	16
12	0
11	3
17	0
1	3
1	0
1	0
17	16
13	13
14	0
6	0
14	14
1	6
8	0
8	0
8	0
8	8
1	0
3	3
3	0
2	2
1	0
1	0
1	1
8	0
8	8
8	0
17	0
8	16
16	0
1	4
13	13
13	0
1	0
1	0
1	0
1	0
16	0
1	0
1	0
1	0
16	0
16	0
16	0
16	0
16	0
16	0
16	0
13	0
12	13
8	0
3	3
17	0
17	4
12	12
16	0
16	3
2	2
17	0
2	6
12	12
8	0
8	0
8	8
4	0
16	4
13	13
13	0
1	0
16	0
1	0
16	0
1	0
16	0
1	0
1	0
1	0
1	0
1	0
1	0
1	0
1	0
1	0
1	0
16	0
1	0
16	0
1	0
1	0
1	0
16	0
1	0
16	0
16	0
1	0
1	0
1	0
16	0
16	0
17	0
8	0
16	0
1	0
17	0
1	0
1	0
1	0
1	0
12	0
17	0
8	5
12	6
12	0
8	0
8	0
8	12
17	0
4	4
17	0
6	3
17	0
1	1
17	0
1	10
2	0
2	2
1	6
8	0
8	0
8	0
8	8
17	0
2	2
12	12
2	0
2	0
2	0
3	0
16	0
16	0
16	16
13	13
13	0
1	0
1	0
1	0
8	0
1	0
1	0
8	0
8	0
8	0
8	0
1	0
8	0
8	0
8	0
1	0
1	0
16	0
3	0
16	0
16	0
16	0
8	0
8	0
8	0
1	0
12	0
1	0
1	0
1	0
8	0
1	0
1	1
1	0
3	3
17	2
12	12
9	9
16	0
16	0
16	0
16	0
16	16
6	6
12	0
8	0
8	0
8	12
1	6
1	0
1	0
1	1
12	8
12	6
12	17
12	17
13	13
13	0
3	0
3	0
16	0
16	0
16	0
1	0
1	0
1	0
1	0
12	0
3	0
1	0
1	0
1	0
12	0
17	0
1	0
1	0
1	0
8	0
17	0
17	0
1	0
1	0
1	0
3	0
3	0
16	0
13	0
3	0
12	0
3	1
1	0
2	0
16	0
16	0
16	1
17	0
8	4
12	6
12	0
8	0
8	0
8	12
3	0
3	3
3	3
1	2
2	0
1	0
1	6
1	0
1	1
8	0
8	0
8	0
8	0
8	0
8	0
8	0
8	8
13	13
13	0
1	0
1	0
1	0
1	0
1	0
1	0
1	0
1	0
1	0
3	0
1	0
1	0
1	0
1	0
1	0
1	0
8	0
8	0
16	0
16	0
16	0
16	0
16	0
1	0
8	0
12	0
17	17
17	17
17	17
17	0
17	0
12	0
13	0
12	0
8	12
2	2
2	0
2	6
8	0
8	8
2	0
2	2
8	0
8	8
9	0
1	1
8	8
3	0
2	0
1	0
1	0
1	0
1	9
8	0
17	0
4	0
4	16
17	0
11	11
17	3
13	13
11	11
11	0
11	11
2	0
2	2
2	0
11	0
9	0
9	9
8	0
8	0
8	8
1	0
16	16
16	0
4	0
2	0
1	4
13	13
13	0
1	0
2	0
1	0
1	0
13	0
13	0
16	0
16	3
6	6
8	0
12	0
12	1
8	0
8	8
2	0
2	2
8	0
8	8
1	6
1	0
1	0
1	1
8	8
1	0
1	0
1	0
16	16
13	13
13	0
1	0
8	0
8	0
1	0
1	0
8	0
8	0
1	0
1	0
1	0
1	0
1	0
2	0
1	0
8	0
8	0
1	0
1	0
16	0
16	0
1	0
16	0
8	0
8	0
16	0
8	0
8	0
1	0
1	0
1	0
2	0
2	0
1	0
1	0
1	0
13	0
3	11
3	3
12	6
12	0
12	0
8	8
16	0
16	0
16	0
16	16
13	13
13	0
1	0
16	0
1	0
1	0
1	0
1	0
1	0
1	0
1	0
16	0
1	0
1	0
12	0
12	0
1	0
1	0
16	0
16	0
16	0
16	0
16	0
1	0
16	0
1	0
16	0
1	0
12	0
1	0
16	0
16	0
16	0
16	0
16	0
1	0
1	0
1	0
1	0
12	0
12	0
1	0
16	0
16	0
16	0
16	0
16	0
1	0
1	0
12	0
11	11
4	0
2	2
8	0
8	0
8	8
3	0
10	2
3	0
17	0
1	0
1	3
12	0
17	0
1	0
1	3
16	0
16	0
16	0
16	16
13	13
4	0
4	4
3	6
12	0
12	8
2	2
17	0
8	0
8	8
5	5
3	3
6	6
1	0
1	0
1	0
1	1
8	0
8	0
8	0
8	8
5	0
12	0
11	0
11	6
8	0
8	0
8	8
16	0
2	2
6	6
8	0
8	0
8	8
1	0
16	0
16	0
1	0
13	0
12	0
16	0
11	11
16	0
16	16
12	0
12	0
12	6
8	0
8	0
8	0
8	0
8	8
13	13
5	0
14	0
14	0
2	2
14	0
6	0
14	14
3	0
11	11
1	6
8	0
8	8
16	0
16	0
16	16
5	5
16	0
11	6
1	6
8	0
8	0
8	0
8	0
8	0
8	0
8	8
16	0
5	5
16	0
11	6
8	0
12	8
16	0
16	16
13	13
13	0
3	0
8	0
1	0
1	0
16	0
8	0
8	0
8	0
16	0
16	0
12	0
14	0
1	0
8	0
1	3
16	0
17	0
17	0
17	0
17	4
8	0
12	11
17	0
2	2
8	0
8	8
3	3
3	0
2	2
8	0
8	0
8	8
16	0
16	0
16	0
16	16
13	13
16	0
16	0
16	3
17	0
11	0
11	4
11	0
11	6
2	0
6	0
1	0
1	1
8	0
8	0
8	0
8	0
8	0
8	0
8	8
13	13
13	0
16	0
16	0
16	0
16	0
16	0
16	0
16	0
8	0
8	0
17	0
1	0
1	0
13	0
5	0
5	3
11	11
11	0
4	0
2	4
5	6
8	0
8	0
8	0
8	0
8	0
8	0
8	0
8	0
8	0
8	8
16	0
3	0
9	0
9	2
17	0
17	0
12	0
8	17
17	0
5	5
8	0
8	0
8	0
8	0
12	0
8	0
13	0
1	0
12	0
1	0
1	8
13	13
13	0
1	0
1	0
1	0
1	0
1	0
17	0
1	0
1	0
8	0
1	0
16	0
1	0
1	0
1	0
1	0
1	0
1	0
1	0
8	0
13	0
16	0
2	6
16	0
11	0
6	0
6	1
13	13
12	12
12	0
12	8
13	13
2	2
8	0
8	0
8	8
5	5
1	0
1	0
1	0
1	0
1	0
1	1
8	0
12	8
5	5
8	0
8	0
8	8
13	13
13	0
1	0
16	0
16	0
8	0
16	0
16	0
16	0
1	0
1	0
1	0
1	0
16	0
1	0
16	0
16	0
1	0
16	0
16	0
16	0
16	0
16	0
8	0
1	0
17	0
12	0
12	0
8	0
1	0
8	0
11	0
11	11
3	0
17	0
16	0
3	16
3	11
1	0
4	0
1	0
1	16
5	5
3	0
3	3
6	6
8	0
8	0
8	0
8	8
1	0
1	0
16	16
13	13
13	0
1	0
16	0
1	0
16	0
16	0
16	0
16	0
16	0
3	0
16	0
1	0
1	0
1	0
8	0
16	0
1	0
16	0
16	0
16	0
16	0
16	0
1	0
16	0
16	0
16	0
16	0
16	0
16	0
16	0
16	0
16	0
16	0
16	0
3	0
16	0
1	0
13	0
13	13
12	7
17	0
16	0
17	3
13	13
16	0
11	11
4	0
4	0
11	4
2	0
2	2
8	8
1	3
1	0
1	0
16	1
13	13
13	13
13	0
8	0
8	0
1	0
1	0
16	0
1	0
16	0
16	0
4	0
3	0
2	0
3	0
8	0
8	0
3	0
4	0
8	0
16	0
16	0
13	0
16	0
8	0
1	0
16	0
16	0
1	0
8	0
16	0
16	0
16	0
16	0
16	0
3	0
4	0
3	0
2	0
2	0
8	0
12	0
3	0
16	0
16	0
4	0
16	16
11	6
12	0
12	8
17	0
11	0
3	3
16	0
12	0
9	4
13	13
13	0
1	0
16	0
16	0
1	0
16	0
16	0
16	0
16	0
16	0
16	0
16	0
8	0
1	0
16	0
8	0
16	0
16	0
16	0
16	0
16	0
16	0
16	0
16	0
16	0
16	0
16	0
16	0
1	0
3	0
3	0
3	0
3	0
16	0
16	0
1	0
1	0
8	0
3	0
16	0
8	0
16	0
16	0
16	0
12	0
17	0
5	5
12	6
12	0
8	0
8	8
3	0
3	0
3	0
3	3
4	0
4	4
3	0
3	0
2	0
1	0
1	3
3	3
1	0
1	1
13	13
13	0
1	0
1	0
1	0
8	0
8	0
1	0
8	0
8	0
8	0
1	0
1	0
1	0
1	0
1	0
1	0
1	0
1	0
8	0
1	0
1	0
1	0
1	0
1	0
8	0
1	0
8	0
1	0
1	0
12	0
1	0
1	0
1	0
1	0
16	0
8	0
3	0
3	0
13	0
13	13
3	0
3	7
13	13
3	0
11	0
16	0
16	0
16	16
1	0
11	0
1	0
1	0
16	3
11	0
11	10
13	13
16	0
11	11
16	0
16	0
3	16
2	3
13	13
13	13
13	0
3	0
16	0
16	0
16	0
16	0
1	0
16	0
16	0
16	0
16	0
16	0
16	0
16	0
16	0
16	0
16	0
1	0
16	0
16	0
16	0
1	0
1	0
16	0
16	0
3	0
16	0
16	0
3	0
1	0
1	0
1	0
1	0
1	0
13	0
11	0
11	11
16	0
16	16
13	13
6	6
8	0
8	8
2	0
2	2
8	0
8	8
8	0
12	0
16	0
16	0
16	16
2	3
1	0
1	1
1	0
1	0
1	1
17	0
2	10
13	13
8	0
8	0
8	0
8	8
5	5
3	0
2	2
6	6
1	0
1	0
1	0
1	0
1	1
2	0
2	0
1	0
9	9
8	8
13	13
13	0
16	0
8	0
16	0
8	0
8	0
8	0
8	0
2	0
1	0
1	0
8	0
8	0
16	0
12	0
14	6
12	0
12	8
16	0
16	0
16	16
17	0
11	2
8	0
12	0
8	12
12	12
12	12
12	0
12	12
12	0
12	12
4	0
4	4
8	0
8	8
5	5
8	0
8	8
13	13
13	0
1	0
16	0
16	0
1	0
16	0
16	0
16	0
16	0
12	0
5	0
16	0
16	0
16	0
1	0
16	0
8	0
1	0
8	0
16	0
16	0
16	0
1	0
1	0
16	0
16	0
16	0
1	0
1	0
1	0
16	0
16	0
16	0
5	0
13	0
1	0
1	0
3	0
2	1
4	0
16	4
4	0
11	4
11	11
11	0
2	2
12	6
12	0
8	0
8	0
8	0
8	8
13	13
12	0
8	0
8	8
13	13
17	2
12	0
12	12
13	13
13	13
12	0
8	12
16	16
13	13
13	0
1	0
1	0
1	0
8	0
1	0
1	0
1	0
1	0
8	0
8	0
8	0
1	0
1	0
1	0
1	0
1	0
1	0
1	0
1	0
16	0
3	0
3	0
3	0
1	0
1	0
1	0
1	0
13	0
13	13
5	5
13	13
3	17
17	0
17	0
17	17
13	13
2	0
2	2
1	0
1	0
1	1
8	0
8	0
8	0
8	0
8	0
8	0
8	8
13	13
13	0
1	0
1	0
8	0
8	0
8	0
8	0
16	0
1	0
16	0
1	0
1	0
1	0
8	0
8	0
8	0
8	0
8	0
8	0
8	0
16	0
8	0
8	0
8	0
8	0
8	0
8	0
1	0
1	0
1	0
1	0
8	0
8	0
16	0
1	0
1	0
1	0
1	0
13	0
8	0
12	0
12	0
12	0
12	1
8	6
9	0
8	8
4	0
4	4
3	0
3	0
1	3
13	13
13	0
1	0
1	0
1	0
12	0
1	0
9	0
8	0
1	0
1	0
12	0
5	0
12	0
8	0
8	0
8	0
1	0
1	0
1	0
1	0
1	0
1	0
1	0
1	0
1	0
12	0
8	0
1	0
1	0
1	0
1	0
1	0
1	0
1	0
8	0
12	0
12	0
12	0
8	0
8	0
1	0
3	0
1	0
1	0
1	0
12	0
12	0
12	7
12	6
8	0
8	0
8	0
8	0
8	0
8	0
8	8
5	5
1	0
1	0
1	0
1	0
1	0
1	1
12	0
12	8
13	13
13	0
8	0
8	0
1	0
1	0
8	0
1	0
16	0
1	0
8	0
8	0
8	0
1	0
1	0
16	0
1	0
1	0
1	0
8	0
8	0
16	0
8	0
1	0
1	0
16	0
8	0
16	0
16	0
16	0
1	0
1	0
8	0
8	0
8	0
8	0
8	0
1	0
1	0
1	0
13	0
11	11
4	0
4	4
1	0
1	0
1	0
1	1
13	13
11	3
11	0
11	6
8	0
8	0
8	8
2	2
8	0
8	8
2	0
2	2
6	6
8	0
8	8
16	0
16	0
16	0
16	16
13	13
13	0
3	0
16	0
16	0
1	0
1	0
16	0
3	0
1	0
8	0
8	0
16	0
1	0
1	0
8	0
8	0
16	0
16	0
1	0
8	0
16	0
1	0
1	0
1	0
1	0
1	0
3	0
11	0
1	0
1	0
1	0
3	0
13	0
17	0
17	1
12	0
12	8
16	0
5	5
3	0
2	0
6	0
1	0
1	0
1	1
8	0
8	0
8	0
8	8
13	13
13	0
1	0
1	0
1	0
1	0
8	0
8	0
1	0
1	0
8	0
1	0
1	0
1	0
1	0
1	0
1	0
1	0
1	0
8	0
8	0
1	0
1	0
3	0
1	0
1	0
1	0
8	0
1	0
1	0
1	0
1	0
8	0
8	0
8	0
3	0
1	0
1	0
1	0
1	0
1	0
1	0
1	0
13	0
17	8
8	0
5	5
8	0
8	8
13	13
13	0
1	0
1	0
8	0
8	0
1	0
8	0
8	0
8	0
1	0
1	0
8	0
8	0
8	0
8	0
8	0
1	0
8	0
8	0
8	0
8	0
8	0
8	0
8	0
8	0
16	0
8	0
8	0
8	0
1	0
8	0
8	0
8	0
8	0
1	0
8	0
8	0
1	0
8	0
8	0
8	0
8	0
1	0
1	0
8	0
16	0
16	0
8	0
8	0
1	0
1	0
8	0
8	0
12	0
2	3
8	0
8	0
8	0
8	14
17	0
17	11
2	2
8	0
8	8
17	0
17	2
17	6
8	8
16	2
17	6
9	0
1	0
13	0
3	0
5	0
3	8
3	0
3	0
1	0
1	0
1	0
1	16
13	13
3	0
14	0
1	0
16	16
3	3
5	0
3	3
8	0
8	0
8	0
8	8
16	0
11	2
2	0
6	6
8	0
8	0
8	0
8	8
2	0
11	6
8	0
8	0
8	8
13	13
13	0
1	0
17	0
17	0
17	0
12	0
3	3
17	0
11	4
2	0
2	2
12	8
9	9
17	0
12	6
1	0
2	0
1	0
1	0
1	0
1	0
16	0
2	1
12	0
8	0
12	8
5	0
3	3
13	13
2	2
13	13
13	13
13	0
1	0
1	0
1	0
1	0
1	0
1	0
1	0
1	0
1	0
1	0
1	0
16	0
1	0
16	0
16	0
1	0
1	0
1	0
12	0
3	0
16	0
16	0
1	0
8	0
17	0
1	0
12	0
1	0
12	0
1	0
1	0
1	0
13	0
5	3
16	6
13	13
12	0
12	0
12	0
12	1
9	0
1	0
9	9
13	13
16	4
3	0
3	11
2	2
2	0
6	6
1	0
2	0
9	0
1	1
8	0
8	8
2	0
2	2
9	9
8	0
8	0
8	8
3	0
3	0
1	0
1	0
1	1
13	13
13	0
1	0
16	0
1	0
1	0
1	0
1	0
8	0
16	0
1	0
8	0
1	0
16	0
16	0
16	0
1	0
1	0
16	0
17	0
16	0
17	0
16	0
16	0
16	0
12	0
12	0
12	6
8	0
2	0
2	0
9	1
1	0
1	0
1	0
1	0
1	0
1	1
8	8
12	0
12	0
12	12
12	0
12	8
12	0
16	0
16	0
16	16
17	11
17	0
17	3
17	0
1	16
13	13
13	0
6	0
5	14
16	0
2	3
1	0
1	0
1	0
1	16
17	0
17	0
9	6
17	0
17	0
9	1
8	0
8	0
8	8
2	2
17	17
17	0
17	0
17	17
17	0
8	0
8	8
5	5
12	0
12	0
12	0
13	0
12	0
3	0
5	5
2	2
6	6
1	0
1	1
1	0
1	0
1	0
1	0
1	0
1	1
8	0
8	8
16	0
16	0
16	16
11	0
11	11
6	6
8	0
8	0
8	8
2	3
1	0
2	0
1	0
2	16
13	13
11	0
14	0
14	14
11	0
11	11
2	6
12	0
8	0
8	0
8	0
8	8
1	0
1	10
3	0
3	0
3	3
3	0
1	0
1	0
16	0
16	16
11	4
13	13
13	0
3	0
1	0
1	0
1	0
1	0
8	0
13	0
12	12
12	0
12	0
12	0
12	12
12	0
12	0
8	0
8	0
12	0
12	8
17	0
17	0
8	17
17	0
12	2
12	0
12	0
12	12
12	0
12	3
12	0
12	0
8	8
13	13
13	0
1	0
1	0
1	0
16	0
16	0
16	0
16	0
16	0
16	0
16	0
16	0
16	0
12	0
16	0
12	0
16	0
16	0
16	0
16	0
16	0
16	0
16	0
12	0
12	0
1	0
16	0
12	0
12	0
17	0
16	0
16	0
16	0
16	0
12	0
11	0
11	11
4	0
4	4
3	0
3	3
3	0
3	0
1	3
13	13
6	6
1	0
1	0
1	0
1	0
1	1
8	0
8	8
16	0
17	2
17	0
6	0
6	6
8	0
8	0
8	8
13	13
3	11
17	6
17	17
17	0
17	17
17	3
17	6
12	0
12	0
12	0
12	0
12	8
16	0
16	0
16	16
1	0
17	4
13	13
13	0
1	0
1	0
1	0
1	0
1	0
1	0
1	0
1	0
1	0
1	0
1	0
1	0
1	0
12	0
3	3
3	0
14	0
14	14
11	0
11	0
11	11
2	0
2	2
2	0
2	6
8	0
8	0
8	0
8	8
17	6
8	0
8	0
8	0
8	0
13	0
12	0
17	0
13	0
12	0
8	0
8	8
2	0
2	2
8	0
8	0
8	0
8	0
8	0
8	8
1	0
1	0
8	16
4	0
4	4
13	13
12	6
12	0
12	0
8	0
8	0
8	0
8	0
8	0
8	0
8	8
16	0
16	0
1	0
16	16
2	0
2	2
6	6
13	0
13	0
11	0
11	11
1	0
1	0
1	2
3	0
4	0
4	0
1	1
8	0
8	8
16	0
11	16
16	0
11	11
3	3
2	0
2	0
6	6
8	8
16	0
16	0
16	16
13	13
13	0
1	0
16	0
16	0
16	0
16	0
16	0
16	0
16	0
16	0
16	0
16	0
16	0
1	0
16	0
1	0
16	0
16	0
16	0
16	0
16	0
1	0
1	0
16	0
1	0
1	0
16	0
16	0
1	0
1	0
1	0
16	0
16	0
16	0
16	0
12	0
8	6
12	12
12	0
12	12
16	0
12	3
16	0
11	0
1	1
16	0
4	0
4	10
13	13
13	0
6	0
5	14
8	0
8	0
8	0
8	0
12	8
4	0
4	4
3	0
1	2
1	0
1	0
1	0
1	0
1	1
8	0
12	0
8	8
16	0
17	0
1	0
1	1
2	0
2	2
8	0
8	8
13	13
13	0
8	0
8	0
1	0
16	0
1	0
16	0
16	0
16	0
16	0
16	0
16	0
16	0
16	0
16	0
16	0
1	0
12	0
5	0
5	5
2	3
3	0
1	2
12	0
8	8
8	0
12	0
16	0
16	0
16	16
11	0
6	6
8	0
8	8
3	0
2	0
2	0
1	1
11	0
11	10
13	13
13	0
1	0
1	0
1	0
1	0
8	0
16	0
16	0
16	0
3	0
1	0
1	0
8	0
8	0
3	0
1	0
1	0
1	0
1	0
1	0
1	0
1	0
1	0
1	0
1	0
1	0
1	0
8	0
8	0
3	0
3	0
3	0
16	0
16	0
11	0
3	0
12	0
1	0
1	0
8	3
2	2
6	6
8	0
8	0
8	8
16	0
4	0
4	16
11	0
11	11
6	0
6	6
8	0
8	8
16	0
2	0
4	10
2	0
2	2
6	6
8	0
8	0
8	8
16	0
1	0
16	0
16	0
16	0
16	16
13	13
13	0
16	0
1	0
16	0
16	0
16	0
16	0
16	0
16	0
8	0
1	0
8	0
8	0
1	0
16	0
8	0
2	0
16	0
16	0
16	0
16	0
16	0
4	0
3	0
3	0
2	0
12	0
12	0
12	0
12	0
12	12
12	0
12	12
17	0
8	0
8	0
8	8
17	0
17	0
8	12
17	0
12	2
12	0
12	0
12	12
3	11
16	0
16	0
16	16
3	0
11	11
13	13
13	0
3	0
1	0
1	0
16	0
16	0
16	0
16	0
17	0
17	0
1	0
1	0
8	0
1	0
8	0
16	0
16	0
16	0
3	0
3	0
8	0
8	0
12	0
12	0
12	0
16	0
16	0
8	0
16	0
16	0
16	0
16	0
16	0
17	0
12	0
8	0
8	0
13	0
3	0
1	0
1	8
11	6
8	0
8	0
8	0
8	0
8	0
8	8
13	13
3	3
3	2
12	12
13	13
16	0
16	0
16	16
11	0
11	3
13	13
13	0
3	0
1	0
1	0
1	0
1	0
8	0
8	0
1	0
16	0
16	0
1	0
1	0
1	0
8	0
1	0
1	0
16	0
1	0
8	0
8	0
1	0
1	0
1	0
8	0
8	0
1	0
1	0
1	0
8	0
8	0
8	0
8	0
8	0
16	0
13	0
11	11
4	0
11	4
1	0
3	0
3	3
17	0
12	6
12	13
8	8
13	13
5	5
1	0
1	0
2	2
11	11
4	0
11	0
4	4
11	0
11	0
11	11
16	0
16	16
13	13
13	0
3	0
1	0
12	0
12	0
12	0
1	0
1	0
1	0
1	0
1	0
1	0
1	0
16	0
16	0
16	0
1	0
1	0
1	0
16	0
3	0
3	0
16	0
3	0
3	0
16	0
1	0
1	0
12	0
17	0
17	0
8	0
1	0
1	0
12	0
1	0
1	0
1	0
1	3
4	0
4	0
4	4
17	0
12	3
16	0
16	0
16	16
13	13
14	0
11	0
14	14
8	0
8	8
16	0
5	5
8	0
8	0
8	0
8	0
8	8
12	2
12	0
12	6
13	13
12	8
13	13
4	0
4	4
13	13
13	0
1	0
1	0
1	0
1	0
16	0
1	0
8	0
1	0
1	0
1	0
16	0
1	0
1	0
8	0
1	0
16	0
16	0
8	0
12	0
1	0
1	0
16	0
16	0
1	0
13	0
11	11
16	0
16	0
16	0
16	16
11	0
11	11
13	13
13	0
1	0
1	0
1	0
3	0
1	0
1	0
1	0
3	0
3	0
8	0
8	0
3	0
3	0
16	0
16	0
3	0
8	0
8	0
8	0
3	0
1	0
3	0
1	0
3	0
3	0
1	0
16	0
1	0
16	0
8	0
8	0
8	0
3	0
13	0
1	0
1	0
3	0
3	0
1	0
16	0
16	0
8	0
8	0
8	0
8	0
1	0
1	0
1	0
1	0
3	0
12	0
8	0
8	8
17	2
12	0
12	6
12	8
4	0
4	4
2	0
2	2
8	0
8	0
8	8
5	0
3	0
12	10
1	0
1	1
2	0
1	0
1	0
1	0
1	0
16	0
1	16
13	13
13	0
3	0
1	0
1	0
1	0
1	0
1	0
1	0
1	0
1	0
1	0
1	0
1	0
1	0
1	0
1	0
1	0
1	0
1	0
1	0
1	0
8	0
8	0
17	0
12	0
12	0
8	0
3	0
1	0
1	0
8	0
8	0
8	0
11	0
11	0
11	11
8	0
16	0
16	0
4	16
1	0
2	0
1	0
1	0
1	0
1	0
1	0
1	0
1	0
1	0
1	1
2	0
1	0
1	0
16	0
16	16
4	0
4	0
4	0
4	4
13	13
13	0
1	0
1	0
1	0
1	0
1	0
1	0
1	0
1	0
1	0
16	0
1	0
1	0
1	0
1	0
16	0
16	0
16	0
16	0
16	0
8	0
16	0
16	0
1	0
1	0
1	0
1	0
1	0
1	0
1	0
1	0
1	0
12	0
12	0
3	0
8	3
16	0
16	0
16	0
16	16
2	0
2	0
9	1
8	0
8	0
8	0
8	0
8	8
2	2
8	0
8	0
8	0
8	0
8	0
8	0
8	8
5	5
12	12
13	13
12	12
12	0
5	5
12	12
13	13
13	0
1	0
12	0
1	0
12	0
1	0
12	0
1	0
12	0
1	0
8	0
8	0
1	0
1	0
12	0
1	0
1	0
8	0
12	0
3	0
3	0
17	0
1	0
1	0
1	0
1	0
8	0
8	0
12	0
11	0
11	11
1	0
16	0
1	0
1	0
16	0
16	16
17	6
8	0
8	8
13	13
3	11
2	6
12	0
8	0
8	8
16	0
11	0
11	0
2	11
1	0
1	0
1	0
1	0
1	0
1	0
16	16
13	13
13	0
1	0
1	0
16	0
1	0
1	0
1	0
1	0
16	0
16	0
1	0
1	0
1	0
1	0
1	0
1	0
1	0
1	0
1	0
16	0
1	0
16	0
16	0
16	0
1	0
1	0
1	0
1	0
16	0
16	0
12	0
5	0
14	0
14	0
14	14
17	11
12	0
12	0
12	0
12	0
12	0
12	3
12	0
12	12
17	0
5	5
12	12
1	0
2	0
1	0
16	0
16	0
16	0
16	0
16	16
13	13
3	0
16	0
16	0
16	0
16	16
11	11
3	0
3	3
17	3
17	6
17	0
8	0
8	0
8	8
13	13
13	0
1	0
1	0
1	0
16	0
1	0
3	0
16	0
16	0
16	0
17	0
3	0
1	0
1	0
1	0
1	0
1	0
1	0
17	0
12	0
11	11
4	0
4	0
4	4
2	0
1	0
1	0
1	0
1	1
8	0
8	8
13	13
3	0
3	2
8	0
8	0
8	8
17	0
17	0
8	0
8	8
13	13
2	0
2	2
3	0
6	0
6	1
8	0
8	0
8	0
8	0
8	0
8	8
1	0
1	0
1	1
2	2
8	8
1	0
2	2
8	8
1	0
16	0
16	0
16	16
13	13
13	0
3	0
3	0
1	0
3	0
1	0
3	0
1	0
1	0
1	0
1	0
1	0
1	0
13	0
12	0
12	6
12	0
8	0
8	8
13	13
8	8
13	13
13	13
3	0
17	0
17	0
5	1
12	0
12	0
2	2
8	0
8	0
8	8
13	13
4	0
11	4
3	0
3	0
1	0
3	3
1	0
1	0
16	0
16	16
13	13
11	0
4	14
6	0
6	6
12	0
1	0
1	0
1	0
1	0
8	8
3	2
12	0
2	0
11	0
3	0
2	6
8	0
8	0
8	0
8	8
5	0
3	3
1	0
6	6
12	0
8	0
8	0
13	0
13	0
3	0
1	6
12	0
12	12
12	0
12	12
16	0
16	0
16	16
2	2
8	0
8	0
8	0
8	0
8	12
8	0
12	12
8	11
16	0
4	0
2	0
14	4
11	0
11	11
3	0
3	3
3	3
3	3
3	0
11	0
11	16
16	0
4	0
4	16
13	13
13	0
1	0
1	0
16	0
16	0
16	0
16	0
16	0
16	0
16	0
16	0
1	0
1	0
1	0
16	0
16	0
16	0
3	0
3	0
3	0
1	0
1	0
1	0
8	0
12	0
3	0
16	0
14	16
17	0
11	11
9	0
12	6
8	0
8	8
2	0
2	2
8	0
8	0
8	0
3	0
1	0
1	0
1	0
1	0
1	0
5	0
12	0
12	12
8	0
8	0
8	0
8	0
8	0
8	0
8	8
13	13
3	0
1	0
1	0
1	0
1	0
1	1
13	13
2	0
5	5
16	0
3	0
9	0
9	2
9	0
8	8
8	0
8	0
8	8
2	2
12	12
16	0
17	0
17	4
12	6
17	0
8	8
1	0
13	0
12	0
2	0
14	2
12	0
12	12
12	0
12	12
12	0
11	2
8	0
8	0
8	0
8	0
8	12
8	0
12	12
8	0
12	6
2	0
16	0
16	0
2	1
8	0
8	0
8	0
8	8
13	13
3	11
1	0
1	3
1	0
2	2
12	0
8	0
8	0
8	8
4	0
4	4
13	13
4	0
11	4
3	0
1	11
2	0
2	2
1	0
1	1
8	0
8	8
2	2
12	0
12	8
13	13
13	0
1	0
1	0
1	0
1	0
1	0
8	0
12	0
6	6
8	0
8	0
8	0
8	0
8	8
16	0
16	0
16	4
12	12
3	2
12	0
12	6
8	0
8	0
8	8
13	13
3	0
2	6
8	0
8	0
8	8
2	2
3	0
1	6
8	0
8	0
8	0
8	0
8	8
13	13
2	2
12	12
1	0
2	0
16	16
13	13
13	0
1	0
1	0
1	0
8	0
8	0
16	0
1	0
1	0
1	0
1	0
1	0
1	0
1	0
12	0
16	0
16	0
3	0
3	0
1	0
12	0
1	0
12	0
2	0
2	8
3	0
9	9
16	0
16	0
16	16
11	0
11	2
12	0
12	0
12	0
12	12
12	0
12	0
12	12
9	0
9	9
13	13
13	13
8	0
8	8
2	0
2	2
8	0
8	0
8	8
13	13
4	0
11	4
3	0
12	6
8	0
12	0
8	12
2	2
12	12
2	2
12	0
12	0
12	12
13	13
13	0
1	0
1	0
1	0
8	0
8	0
8	0
1	0
1	0
12	0
17	0
12	0
1	0
2	0
1	0
12	0
1	0
12	0
12	0
12	6
12	0
12	0
12	0
12	0
12	1
17	0
17	0
17	0
8	8
2	0
2	2
8	0
8	0
8	8
8	0
12	8
16	0
16	0
16	16
1	0
1	1
8	0
8	0
8	8
3	0
3	0
3	0
3	0
3	3
3	0
3	0
1	0
1	1
13	13
13	0
1	0
1	0
1	0
16	0
1	0
1	0
1	0
1	0
16	0
16	0
12	0
12	0
12	0
1	0
1	0
1	0
1	0
17	0
16	0
2	0
1	0
1	0
12	0
3	3
4	0
4	0
4	0
4	0
16	4
3	0
3	3
2	3
8	0
8	0
8	8
13	13
8	0
8	0
8	0
8	0
8	0
8	8
13	13
8	0
8	8
16	0
5	5
3	0
3	3
8	0
8	0
8	8
1	0
1	0
1	2
8	0
8	0
8	8
1	0
2	0
1	0
1	1
13	13
13	0
3	0
16	0
16	0
1	0
1	0
8	0
3	0
3	0
1	0
1	0
3	0
3	0
3	0
8	0
1	0
8	0
1	0
1	0
12	0
6	0
6	0
1	6
8	0
8	8
4	0
11	4
2	0
2	0
2	2
11	0
11	11
8	0
12	6
12	0
12	12
12	12
13	13
12	0
12	8
12	2
12	12
8	0
12	8
13	13
13	0
1	0
12	0
1	0
1	0
1	0
1	0
1	0
12	0
12	0
12	0
16	0
1	0
1	0
3	0
12	0
16	0
1	0
1	0
16	0
1	0
8	0
1	0
1	0
1	0
16	0
1	0
1	0
1	0
3	0
3	0
8	0
8	0
12	0
12	0
5	2
3	0
3	0
3	3
1	0
1	0
1	1
8	0
8	0
8	0
8	8
8	0
12	0
16	0
16	0
16	16
11	11
2	6
12	0
12	0
12	8
2	2
1	6
17	0
6	0
6	6
8	0
8	0
8	8
13	13
13	0
3	0
3	0
8	0
8	0
8	0
1	0
1	0
1	0
1	0
1	0
3	0
1	0
1	0
1	0
1	0
1	0
1	0
1	0
1	0
1	0
1	0
1	0
1	0
8	0
8	0
1	0
3	0
16	0
13	0
3	0
5	5
11	11
16	0
16	0
16	0
16	0
16	16
4	0
11	10
13	13
13	0
16	0
16	0
8	0
8	0
1	0
1	0
16	0
16	0
16	0
8	0
1	0
8	0
16	0
16	0
16	0
16	0
16	0
16	0
8	0
8	0
1	0
16	0
16	0
1	0
8	0
1	0
16	0
16	0
16	0
16	0
8	0
1	0
8	0
16	0
16	0
16	0
8	0
8	0
16	0
16	0
16	0
16	0
1	0
8	0
8	0
1	0
16	0
13	0
12	13
12	6
8	0
8	8
4	0
4	0
4	4
3	0
3	0
3	3
3	0
2	2
8	0
8	0
8	0
8	0
8	0
8	0
8	0
8	8
2	0
2	2
3	0
3	0
1	1
8	0
8	0
8	0
8	8
13	13
13	0
1	0
1	0
1	0
1	0
16	0
1	0
1	0
1	0
8	0
16	0
1	0
1	0
1	0
1	0
1	0
1	0
1	0
1	0
16	0
16	0
16	0
3	0
1	0
3	0
1	0
1	0
1	0
1	0
13	0
13	13
11	11
8	0
11	0
16	0
16	0
16	16
2	6
8	0
8	0
8	8
13	13
3	0
12	6
12	12
12	0
12	0
12	12
2	2
12	8
17	8
13	13
16	0
5	0
11	0
11	1
13	13
13	0
1	0
1	0
1	0
1	0
1	0
1	0
1	0
1	0
16	0
16	0
1	0
1	0
1	0
1	0
1	0
16	0
16	0
16	0
1	0
3	0
3	0
16	0
16	0
3	0
3	0
1	0
8	0
8	0
8	0
3	0
1	0
13	0
11	11
16	0
16	0
16	16
3	0
3	5
13	13
14	0
14	0
14	14
3	3
1	0
1	6
8	0
8	0
8	8
2	2
8	0
8	8
5	0
4	0
4	10
4	0
2	0
3	0
3	0
3	3
1	0
1	0
1	1
4	0
4	4
13	13
2	0
2	2
11	0
11	11
16	0
4	0
4	10
13	13
14	0
14	0
14	0
14	14
14	0
11	0
11	11
1	0
1	0
1	0
1	1
1	0
1	0
1	0
16	16
4	0
4	4
13	0
11	0
11	11
16	0
16	0
16	0
16	0
16	0
16	16
11	0
11	11
8	0
2	2
12	0
8	0
8	8
2	2
3	0
1	6
8	0
8	0
8	0
8	0
8	0
8	8
13	13
13	0
1	0
3	0
16	0
16	0
8	0
8	0
1	0
1	0
8	0
8	0
1	0
1	0
1	0
1	0
1	0
1	0
3	0
8	0
8	0
1	0
1	0
3	0
16	0
3	0
16	0
16	0
16	0
8	0
8	0
8	0
8	0
1	0
1	0
1	0
13	0
13	13
11	11
4	0
11	4
3	0
6	0
6	11
1	2
3	0
1	6
1	0
1	0
1	0
1	1
1	0
8	0
8	0
8	8
12	0
12	0
12	4
13	13
13	0
12	0
1	0
16	0
12	0
1	0
8	0
1	0
1	0
1	0
1	0
1	0
8	0
1	0
1	0
1	0
8	0
12	0
12	0
12	0
12	0
1	0
1	0
12	0
1	0
3	0
16	0
3	0
3	0
3	0
1	0
1	0
1	0
1	0
1	0
1	0
1	0
12	0
11	0
11	11
16	0
16	0
16	4
3	0
1	6
8	0
8	8
3	0
3	3
2	0
1	0
16	0
16	0
16	16
13	13
3	0
16	0
16	3
16	0
16	0
16	4
11	0
11	0
11	11
3	0
3	3
3	0
1	3
3	0
1	10
8	0
8	0
8	0
8	0
8	8
13	13
5	5
16	0
11	11
16	0
16	16
3	0
2	0
3	0
3	3
2	3
3	3
3	0
3	11
2	2
2	0
6	0
6	6
8	0
8	0
8	8
13	0
13	0
13	13
11	6
1	0
2	0
1	0
1	8
5	5
1	0
1	1
8	0
8	0
8	0
8	0
8	0
8	8
4	0
4	0
4	0
4	4
2	6
12	0
12	0
8	0
8	8
3	0
3	3
1	0
1	0
1	0
16	0
16	16
13	13
13	0
1	0
3	0
1	0
16	0
1	0
16	0
1	0
1	0
1	0
12	0
8	0
8	0
3	0
1	0
1	0
1	0
1	0
1	0
1	0
1	0
1	0
1	0
1	0
8	0
8	0
8	0
12	0
1	6
1	0
1	0
1	0
1	0
1	0
1	1
8	0
8	0
8	0
8	8
4	0
4	4
12	6
17	0
8	0
8	0
8	0
8	0
8	0
8	8
13	13
3	11
1	0
1	0
1	0
1	0
1	0
1	0
1	0
1	1
1	0
1	0
1	0
1	0
1	16
13	13
13	0
1	0
1	0
1	0
1	0
1	0
1	0
1	0
1	0
1	0
1	0
1	0
1	0
1	0
1	0
1	0
1	0
8	0
8	0
3	0
16	0
3	0
13	0
6	6
12	0
8	0
8	12
3	0
1	3
13	13
13	0
1	0
16	0
16	0
16	0
16	0
16	0
16	0
16	0
16	0
16	0
16	0
1	0
16	0
16	0
8	0
16	0
16	0
16	0
16	0
1	0
16	0
16	0
16	0
16	0
16	0
16	0
16	0
8	0
16	0
16	0
16	0
16	0
1	0
16	0
1	0
16	0
16	0
16	0
16	0
16	0
16	0
16	0
16	0
16	0
1	0
1	0
16	0
16	0
16	0
16	0
16	0
13	0
13	13
17	0
17	8
4	0
11	4
3	0
3	3
2	0
2	2
17	0
2	6
8	8
8	6
2	0
1	0
1	0
16	0
2	1
17	0
8	0
8	8
12	0
12	0
12	4
13	13
11	0
4	14
3	0
11	11
17	0
3	3
3	0
3	0
1	0
1	3
17	3
17	3
17	0
8	0
8	8
16	0
17	0
17	4
3	0
6	16
1	0
1	0
1	0
1	0
1	16
5	5
1	0
2	0
4	10
1	0
6	0
2	0
1	0
13	0
13	0
13	13
14	0
14	0
14	0
14	0
1	1
14	0
14	0
14	0
14	4
6	6
1	0
1	0
1	1
8	0
8	8
1	0
1	0
1	1
8	0
8	8
3	0
12	6
12	0
12	0
12	8
2	2
12	0
12	12
2	3
16	0
2	0
16	0
16	0
16	0
16	16
13	13
3	0
2	14
3	0
3	6
1	0
1	0
1	1
8	0
8	0
8	8
2	0
2	2
8	0
8	8
17	0
12	0
12	8
2	0
2	0
2	0
16	0
13	0
17	0
14	2
6	6
1	0
1	0
1	11
17	0
12	3
3	0
3	3
2	3
17	0
17	0
17	0
17	0
1	1
1	0
1	0
1	1
4	0
4	4
4	0
11	0
4	0
17	4
3	0
3	0
3	3
17	3
17	0
17	6
17	0
17	11
1	0
1	16
13	13
13	0
1	0
1	0
1	0
1	0
1	0
8	0
17	0
8	0
3	0
3	0
1	0
8	0
1	0
17	0
17	0
8	0
8	0
17	0
1	0
1	0
1	0
1	0
1	0
12	0
8	0
12	12
16	0
16	0
16	4
11	0
11	6
1	0
1	0
1	0
1	0
1	1
12	0
12	0
13	0
8	8
13	13
9	9
8	0
8	8
16	0
17	1
13	13
2	2
8	0
8	0
8	0
13	0
8	8
5	5
8	0
8	0
17	0
12	0
13	0
1	0
1	0
1	0
1	0
1	8
12	0
1	0
1	0
1	0
1	0
16	16
13	13
13	0
3	0
16	0
16	0
8	0
16	0
16	0
1	0
1	0
16	0
8	0
1	0
11	0
11	11
16	0
4	0
4	16
3	3
1	0
1	1
16	0
12	0
11	4
13	13
14	0
11	0
14	14
3	0
11	11
2	2
2	0
6	6
8	0
8	0
8	0
12	0
8	8
3	0
3	0
3	0
3	0
3	0
3	16
16	0
16	16
13	13
13	0
16	0
16	0
16	0
16	0
1	0
8	0
16	0
16	0
16	0
16	0
8	0
8	0
16	0
16	0
16	0
16	0
3	0
16	0
16	0
16	0
1	0
16	0
16	0
16	0
16	0
12	0
17	0
12	0
12	8
8	0
8	0
8	8
4	0
4	14
8	0
12	12
12	6
8	0
8	0
8	0
8	8
16	0
16	16
13	13
13	0
3	0
8	0
1	0
8	0
1	0
16	0
1	0
17	0
8	0
1	0
8	0
12	0
1	0
1	0
8	0
8	0
8	0
16	0
16	0
1	0
8	0
3	0
8	0
1	0
16	0
8	0
8	0
17	0
12	0
1	0
1	0
8	0
3	0
1	0
3	0
12	0
12	0
12	0
1	0
1	0
12	0
8	0
12	0
12	0
12	0
12	1
9	0
13	0
17	0
17	0
13	0
8	8
12	0
12	2
12	0
12	12
11	11
4	0
11	4
1	1
13	13
4	0
4	4
1	6
8	0
8	0
8	0
8	8
2	2
9	0
13	0
9	9
8	0
8	8
13	13
1	0
1	3
9	9
8	0
8	8
13	13
5	5
11	0
11	4
3	0
3	3
3	0
3	3
9	9
8	0
8	0
8	8
1	0
1	1
13	13
13	0
1	0
1	0
1	0
12	0
12	0
12	6
1	1
8	0
8	8
2	0
2	0
2	2
11	0
12	6
1	1
8	0
12	0
8	0
12	0
8	8
2	2
12	12
2	0
2	0
4	16
9	9
8	0
8	0
8	0
8	0
8	0
8	8
2	0
2	0
16	0
16	0
16	16
16	0
16	0
1	0
4	16
13	13
9	9
17	5
9	9
8	0
8	0
8	8
13	13
13	13
13	0
1	0
1	0
1	0
8	0
8	0
16	0
2	0
1	0
1	0
16	0
16	0
16	0
16	0
3	0
3	3
14	0
3	0
11	0
9	2
8	0
8	0
8	0
8	0
8	0
8	0
8	8
17	0
12	0
12	16
3	0
1	6
8	0
8	0
8	0
8	8
2	0
2	2
3	0
6	0
6	6
8	0
8	8
16	16
13	13
13	0
1	0
16	0
3	0
16	0
16	0
16	0
1	0
16	0
16	0
16	0
16	0
16	0
3	0
3	0
16	0
1	0
16	0
16	0
3	0
1	0
1	0
16	0
16	0
16	0
16	0
16	0
17	0
16	0
12	0
17	6
12	0
17	0
17	0
17	0
12	0
12	0
12	1
17	0
8	8
9	0
12	2
12	12
8	0
12	6
17	0
2	1
8	0
8	8
2	2
12	12
16	0
16	0
16	4
11	0
11	6
9	0
13	0
9	9
8	0
8	8
8	0
8	8
13	13
9	0
9	9
17	5
9	9
8	0
8	0
8	8
13	13
13	13
3	11
17	3
1	0
1	0
1	0
1	1
17	0
11	4
5	2
1	6
17	0
17	8
17	2
17	0
12	8
13	0
12	0
3	0
3	0
3	0
1	0
3	3
1	0
1	0
1	0
1	1
4	0
11	4
6	6
17	0
1	1
1	0
1	0
1	0
1	0
1	1
12	0
8	0
13	0
17	0
1	0
1	0
8	8
2	2
12	0
12	0
12	0
12	12
13	13
13	0
12	0
1	0
12	0
12	0
1	0
1	0
1	0
12	0
8	0
8	0
1	0
1	0
1	0
8	0
3	0
12	0
12	0
12	0
1	0
1	0
1	0
1	0
16	0
3	0
8	0
8	0
12	0
1	0
1	0
12	0
1	1
5	5
1	0
12	6
8	0
8	0
8	0
1	0
1	8
8	0
8	8
8	6
8	0
8	8
16	0
16	0
16	16
16	0
11	11
5	5
2	0
11	6
8	0
8	0
8	8
2	0
2	10
8	2
8	0
8	0
8	0
8	0
8	8
4	0
4	0
4	4
16	0
11	11
2	2
2	0
6	0
6	6
8	0
8	8
8	0
8	0
8	0
8	8
2	2
8	0
8	0
8	0
8	0
8	8
1	0
13	0
12	0
2	0
3	2
8	0
8	0
8	8
16	0
16	16
11	0
11	11
2	2
1	0
1	6
1	0
1	8
8	10
5	5
16	0
16	16
11	0
11	6
1	6
8	0
8	0
8	0
8	0
8	8
3	0
2	2
8	0
8	8
8	0
8	8
13	13
13	0
1	0
8	0
1	0
1	0
16	0
3	0
3	0
1	0
8	0
8	0
1	0
3	0
3	0
1	0
1	0
1	0
1	0
1	0
16	0
16	0
1	0
1	0
1	0
1	0
1	0
12	0
12	0
12	0
12	6
12	0
12	0
8	0
8	0
8	0
8	0
8	8
4	0
4	4
1	0
2	0
1	0
1	0
1	0
1	1
1	0
1	0
1	1
5	5
1	0
1	0
1	16
1	6
8	0
8	0
8	8
1	3
1	0
2	0
1	0
1	0
1	0
1	0
16	1
13	13
13	0
1	0
1	0
1	0
1	0
1	0
1	0
1	0
8	0
8	0
1	0
1	0
1	0
1	0
1	0
8	0
8	0
8	0
3	0
3	0
1	0
12	0
8	6
12	0
12	0
12	8
17	2
12	6
8	8
2	0
3	5
16	0
16	0
16	0
16	16
11	0
11	11
2	2
6	6
8	0
8	0
8	8
13	13
14	0
11	0
11	11
4	0
4	4
3	0
3	0
3	0
3	0
2	3
17	6
12	0
12	8
2	2
2	6
1	0
1	0
1	1
8	0
8	0
8	8
2	0
2	2
8	0
8	0
8	8
13	13
13	0
1	0
1	0
12	0
1	0
3	0
1	0
16	0
16	0
16	0
16	0
12	0
8	6
12	0
12	0
8	0
8	0
8	0
8	0
8	8
16	0
16	0
16	16
8	0
8	0
8	0
8	0
8	0
8	0
8	0
8	0
8	8
5	5
12	6
12	0
8	0
1	0
8	0
8	0
8	0
8	0
8	0
8	8
2	2
8	0
8	0
8	8
17	0
2	2
8	0
8	0
8	8
13	13
14	2
11	0
11	0
11	11
16	0
11	11
5	6
8	0
8	0
8	0
8	8
2	0
2	0
1	0
1	1
1	0
3	16
13	0
12	0
8	6
8	0
8	0
8	0
8	0
8	8
2	2
2	0
6	0
6	6
13	13
8	0
8	0
8	0
8	0
8	0
8	0
8	0
8	8
13	13
16	0
16	0
16	16
2	0
2	2
6	6
8	0
8	0
8	0
8	0
8	8
2	2
8	0
8	8
2	2
6	6
8	0
8	0
8	0
8	0
8	0
8	0
8	8
5	5
16	0
2	0
16	0
2	6
1	1
8	0
8	0
8	0
8	0
8	0
8	0
8	8
13	13
13	0
1	0
12	0
12	6
8	0
8	0
8	0
8	0
8	0
8	0
8	8
16	0
16	0
16	16
13	13
14	0
6	0
14	14
16	0
11	11
2	0
2	0
3	0
2	2
8	0
8	0
8	8
13	13
3	11
3	0
11	11
8	0
8	0
8	0
8	8
2	0
2	2
2	0
11	0
11	6
8	0
8	0
8	8
8	0
12	16
1	0
16	0
16	0
16	16
5	5
3	0
16	0
16	16
5	5
3	6
8	0
8	0
8	8
1	0
1	0
1	0
13	0
12	0
3	0
1	0
8	0
3	0
1	0
1	1
4	0
4	4
11	0
11	11
5	6
8	0
8	0
8	8
2	0
2	2
1	0
2	6
8	0
8	0
8	0
8	0
8	0
8	8
1	0
16	16
5	5
3	0
1	0
1	0
1	0
1	0
1	1
1	0
2	2
17	0
2	6
8	0
8	0
8	8
1	0
16	0
16	0
16	16
13	13
3	0
1	0
1	3
4	0
4	4
11	0
11	11
5	6
8	0
8	0
8	0
8	8
5	5
13	0
12	0
4	6
8	0
8	0
8	8
2	0
2	2
8	0
8	0
8	8
11	4
3	0
11	11
3	0
4	0
4	0
1	3
3	0
2	2
8	0
8	8
16	16
13	13
13	0
1	0
3	0
1	0
1	0
8	0
16	0
16	0
16	0
3	0
3	0
3	0
1	0
1	0
3	0
3	0
1	0
8	0
8	0
16	0
16	0
3	0
3	0
1	0
1	0
16	0
8	0
16	0
16	0
1	0
1	0
16	0
16	0
3	0
3	0
3	0
3	0
12	0
14	2
8	0
8	0
8	0
8	0
8	0
8	0
8	8
5	5
8	0
8	0
8	8
8	0
2	0
2	2
8	0
8	8
16	0
12	16
16	0
11	11
3	3
1	6
8	0
8	0
8	0
8	8
16	0
16	0
16	16
13	13
3	11
16	0
11	11
3	0
3	3
1	0
2	0
1	0
1	0
1	0
1	1
1	2
17	0
1	6
8	0
8	0
8	0
8	0
8	0
8	0
8	8
1	0
1	0
1	0
16	0
16	16
1	4
13	0
12	0
12	0
12	0
12	12
12	0
12	0
12	12
8	0
8	16
8	0
12	0
8	0
12	8
5	5
16	0
16	0
16	0
16	16
2	2
11	0
11	0
11	6
8	8
5	5
3	0
9	9
8	0
8	0
8	0
8	8
2	2
12	0
12	0
12	12
13	13
13	0
1	0
1	0
8	0
8	0
11	0
12	0
8	0
8	0
8	0
12	0
11	0
8	0
1	0
16	0
16	0
8	0
12	0
16	0
16	0
12	0
12	0
12	0
8	0
16	0
12	0
4	2
12	0
12	8
1	0
1	16
8	0
8	11
1	0
8	17
5	5
1	0
1	1
1	0
2	2
6	6
6	0
1	1
8	8
1	16
12	0
12	16
13	13
4	0
11	4
3	0
1	2
17	0
13	0
12	0
12	0
8	8
13	13
17	0
8	0
8	0
8	0
8	0
12	12
13	13
1	0
1	1
13	13
13	0
1	0
1	0
1	0
1	0
1	0
1	0
1	0
1	0
1	0
1	0
1	0
1	0
1	0
1	0
1	0
1	0
12	0
17	0
12	6
17	0
17	0
1	0
1	1
17	0
8	0
8	8
16	0
16	0
16	16
17	0
11	0
4	10
17	0
3	3
17	0
1	6
1	0
1	0
1	0
1	1
8	0
8	0
8	0
8	0
8	0
8	0
8	0
8	8
2	0
2	10
13	13
3	0
5	0
5	5
3	0
1	0
1	0
1	0
16	16
4	0
4	6
8	0
8	0
8	8
2	3
1	6
8	0
8	0
8	8
13	13
14	0
14	14
16	0
11	11
5	0
13	0
12	0
3	3
3	0
12	0
17	0
4	16
1	0
12	0
12	0
12	0
17	0
12	3
17	6
17	0
8	0
8	8
17	0
12	6
17	0
11	0
3	11
16	0
16	16
13	13
11	3
14	0
11	0
11	11
1	0
2	0
2	2
11	0
11	6
12	1
8	0
8	0
8	0
8	0
8	0
8	8
1	0
1	0
1	0
16	0
1	16
1	0
3	4
13	13
13	0
16	0
16	0
1	0
1	0
1	0
1	0
17	0
8	0
8	0
1	0
12	0
17	0
17	0
3	0
3	3
16	6
17	0
1	1
17	0
8	0
8	8
17	0
17	0
2	2
1	6
17	0
17	0
8	8
5	5
17	0
17	0
17	0
17	0
17	11
13	13
3	0
17	11
17	3
17	0
17	4
17	0
17	0
17	16
13	13
13	0
1	0
17	0
17	0
17	0
17	0
1	0
1	0
17	0
1	0
1	0
16	0
17	0
17	0
17	0
17	0
16	0
16	0
1	0
1	0
1	0
17	0
17	0
17	0
17	0
17	0
1	0
12	0
17	2
17	6
12	12
12	0
12	0
12	0
12	12
17	0
12	2
12	0
12	0
12	12
8	0
8	0
8	0
8	8
12	0
12	0
12	0
12	12
12	6
12	0
12	0
12	1
12	0
12	8
4	0
11	4
1	0
11	6
8	0
8	0
13	0
12	8
1	0
2	0
2	2
3	0
6	6
8	8
13	13
13	0
1	0
1	0
1	0
1	0
16	0
8	0
1	0
1	0
12	0
8	0
17	0
1	0
1	0
1	0
12	0
12	0
12	0
12	0
6	6
8	0
8	0
8	8
4	0
11	4
1	0
1	1
5	5
2	2
1	0
1	0
1	3
2	0
2	0
6	2
8	0
8	0
8	8
13	13
3	0
11	11
3	0
3	0
3	16
3	0
3	0
1	0
1	1
1	0
1	0
1	0
16	16
5	5
3	0
2	2
3	0
6	0
6	0
1	6
8	0
8	0
8	0
8	8
1	0
2	0
16	0
16	16
13	13
13	0
1	0
1	0
1	0
8	0
1	0
1	0
1	0
1	0
1	0
12	0
14	14
2	0
2	2
8	0
8	0
8	8
2	2
8	0
8	8
5	5
8	0
8	8
16	0
5	5
3	0
3	2
1	0
2	6
1	0
1	0
1	1
8	0
13	0
8	0
4	8
3	0
2	0
1	0
1	0
1	0
1	16
2	2
8	0
8	8
13	13
11	0
11	11
16	0
16	0
16	0
16	16
3	3
13	13
13	0
1	0
3	0
8	0
2	0
1	0
1	0
8	0
8	0
8	0
8	0
1	0
8	0
16	0
16	0
16	0
12	0
5	11
3	6
12	12
12	0
12	12
13	13
12	6
12	0
12	0
12	0
12	8
13	13
16	0
3	3
9	9
8	0
12	0
17	0
16	0
16	16
11	4
13	13
13	0
1	0
16	0
16	0
16	0
1	0
16	0
1	0
16	0
16	0
16	0
16	0
16	0
16	0
8	0
16	0
16	0
16	0
16	0
16	0
16	0
1	0
16	0
16	0
16	0
1	0
1	0
1	0
16	0
16	0
1	0
12	0
12	0
12	0
16	0
16	0
16	0
12	0
11	11
4	0
11	4
1	6
8	0
8	8
8	0
2	0
2	2
1	0
1	6
8	0
8	8
2	2
8	0
8	0
8	0
8	8
13	13
13	0
1	0
1	0
1	0
8	0
1	0
1	0
1	0
1	0
1	0
1	0
1	0
1	0
8	0
1	0
1	0
1	0
1	0
1	0
8	0
1	0
1	0
1	0
1	0
1	0
8	0
1	0
3	0
16	0
1	0
1	0
1	0
8	0
1	0
1	0
1	0
1	0
1	0
8	0
1	0
12	0
5	0
5	5
3	3
4	0
11	0
11	4
2	3
12	0
12	0
12	4
13	13
8	0
8	8
16	0
2	2
6	6
6	0
1	0
1	1
8	0
8	0
8	0
8	8
16	0
4	4
16	0
11	11
3	2
3	0
6	6
1	1
8	0
8	8
16	0
16	0
16	0
16	16
13	13
5	5
16	0
2	0
14	0
2	0
14	2
3	6
12	12
12	0
12	0
12	12
2	2
13	13
8	0
8	0
8	0
8	0
8	8
17	2
12	12
13	0
13	0
12	0
12	12
12	0
12	0
12	0
12	0
8	12
16	0
12	2
12	0
12	0
12	12
12	0
12	0
12	0
12	0
12	0
12	0
8	8
12	0
12	0
12	12
12	12
13	13
12	0
12	12
13	13
8	0
8	0
1	8
13	13
9	0
1	0
9	9
8	0
8	0
8	8
13	13
8	0
1	1
8	0
8	8
13	13
8	0
8	8
9	0
9	9
13	13
8	0
12	0
12	12
12	12
12	0
12	12
4	0
4	4
3	6
3	0
13	0
12	0
3	0
10	0
3	0
3	3
16	0
16	16
11	0
11	11
5	0
11	2
1	0
2	6
8	0
8	0
17	0
8	8
12	0
12	0
12	12
12	12
2	2
11	0
11	0
11	6
1	0
1	1
8	0
8	0
8	0
13	0
8	0
3	0
1	0
8	8
11	0
2	2
12	6
12	0
12	0
8	0
8	8
13	13
13	0
8	0
1	0
1	0
3	0
16	0
16	0
3	0
3	0
3	0
3	0
3	0
3	0
1	0
8	0
1	0
8	0
12	0
12	12
12	0
12	12
13	13
12	0
12	0
12	12
13	13
12	0
8	0
8	8
13	13
9	0
1	0
9	9
8	0
8	0
8	8
13	13
12	0
12	0
8	12
13	13
8	0
8	8
9	9
13	13
12	0
12	0
12	12
12	12
12	12
3	3
12	12
12	0
12	12
17	0
2	4
17	0
12	0
12	0
12	0
12	8
13	13
13	0
1	0
12	0
17	0
12	0
12	0
12	0
5	0
17	0
17	0
12	0
16	0
12	0
8	0
17	0
11	0
5	3
11	11
4	0
11	4
2	3
8	0
8	8
13	13
5	5
11	11
4	0
11	4
2	0
2	2
11	0
11	11
2	3
8	8
13	13
13	0
1	0
8	0
16	0
8	0
1	0
8	0
1	0
8	0
8	0
16	0
16	0
1	0
1	0
3	0
3	0
8	0
8	0
1	0
8	0
8	0
1	0
1	0
8	0
1	0
8	0
8	0
16	0
16	0
16	0
1	0
8	0
8	0
8	0
16	0
16	0
16	0
1	0
1	0
3	0
12	0
3	0
3	3
3	0
16	0
16	0
16	0
16	16
8	0
8	0
8	0
8	8
5	5
4	6
1	0
1	0
1	0
1	1
8	0
8	0
8	8
2	0
2	0
2	2
5	6
1	0
1	0
1	0
1	0
1	0
1	1
8	8
13	13
13	0
3	0
1	0
1	0
1	0
1	0
1	0
1	0
1	0
1	0
2	0
1	0
1	0
1	0
1	0
3	0
3	0
1	0
1	0
1	0
1	0
1	0
1	0
8	0
1	0
3	0
3	0
12	0
12	12
12	0
12	12
3	0
4	0
4	16
2	2
2	0
1	0
1	6
8	0
8	0
8	0
8	0
8	0
8	0
8	0
8	0
8	0
8	0
8	0
8	0
8	0
8	8
6	6
3	0
3	0
1	1
8	0
8	0
8	0
8	8
2	2
2	6
8	0
8	0
8	0
8	0
8	0
8	0
8	8
2	2
2	0
1	0
1	6
8	0
8	8
1	0
2	0
2	0
16	0
16	16
13	13
13	0
1	0
1	0
1	0
1	0
1	0
12	0
12	0
12	17
8	0
8	0
8	8
13	13
9	9
8	0
8	0
8	8
13	13
8	0
8	0
8	0
8	0
8	8
8	0
8	8
13	13
12	0
12	0
8	8
9	9
13	13
12	12
12	0
12	17
4	0
3	4
1	6
8	0
12	8
2	2
6	6
12	0
12	0
12	0
12	12
12	0
12	12
13	13
12	0
12	0
8	8
13	13
5	5
1	0
2	6
12	12
12	0
12	12
13	13
8	0
12	0
8	0
8	8
13	13
13	13
13	0
12	0
12	12
12	0
12	12
4	0
11	4
11	0
2	2
1	0
1	6
8	0
8	0
8	0
8	0
8	8
2	2
12	6
8	0
12	0
8	0
8	8
13	13
17	0
17	0
11	6
8	8
8	0
2	0
2	2
8	0
8	12
13	13
1	0
1	0
2	0
2	1
4	0
16	4
13	13
13	0
1	0
1	0
1	0
8	0
1	0
1	0
8	0
8	0
1	0
8	0
3	0
1	0
3	0
1	0
1	0
1	0
1	0
8	0
8	0
1	0
12	0
12	6
12	0
12	8
16	0
16	0
16	0
16	16
3	0
3	3
2	2
8	0
12	0
12	8
5	5
8	0
12	0
12	0
12	8
8	0
8	17
5	5
12	0
8	0
8	8
13	13
13	0
1	0
1	0
3	0
8	0
8	0
8	0
8	0
1	0
1	0
1	0
8	0
1	0
1	0
8	0
8	0
1	0
8	0
1	0
8	0
1	0
12	0
12	0
12	0
8	0
16	0
3	0
3	0
3	0
3	0
8	0
12	0
12	0
12	0
12	0
12	0
12	2
17	6
8	0
8	0
8	8
8	0
8	2
8	0
8	0
8	0
8	0
8	0
8	8
8	6
8	0
12	0
8	0
12	0
13	0
12	0
8	0
16	0
16	8
2	0
2	0
2	2
12	0
12	0
12	0
9	1
8	0
12	0
12	8
12	0
12	6
8	0
8	8
16	0
3	0
3	0
1	0
1	16
11	0
11	11
2	0
2	2
6	6
17	0
8	0
8	0
13	0
8	0
8	0
8	8
3	0
3	0
3	3
13	0
13	0
6	6
1	0
1	0
1	0
1	1
8	0
8	0
8	0
8	8
13	0
11	0
14	16
11	0
6	11
8	0
11	0
8	0
11	11
3	0
12	0
11	10
1	0
16	0
16	16
13	13
13	0
1	0
1	0
1	0
16	0
16	0
16	0
3	0
1	0
1	0
3	0
3	0
16	0
16	0
3	0
3	0
1	0
1	0
16	0
16	0
1	0
1	0
1	0
1	0
1	0
1	0
8	0
16	0
16	0
16	0
16	0
16	0
3	0
1	0
12	0
16	12
11	4
2	2
2	0
2	6
1	0
1	0
1	0
1	1
8	0
8	0
8	0
8	0
8	8
12	0
12	12
12	0
12	0
12	12
3	0
1	0
1	0
1	0
1	0
16	0
16	0
16	16
5	5
16	0
11	11
2	2
6	0
6	6
9	0
8	0
13	0
12	0
8	8
5	0
3	3
3	0
2	2
12	0
12	0
12	1
8	0
8	0
12	8
16	0
16	16
13	13
13	0
3	0
1	0
1	0
1	0
1	0
1	0
1	0
4	0
8	0
12	0
12	8
13	13
12	0
12	12
12	0
12	0
8	12
13	13
12	0
12	8
5	5
8	0
12	0
12	0
12	8
2	2
1	0
1	0
1	1
8	0
8	8
16	0
16	0
16	16
16	0
11	2
2	0
6	0
6	6
8	8
13	13
3	11
16	0
2	0
2	2
3	6
12	0
12	0
8	8
2	2
1	0
1	1
8	0
8	0
8	0
8	8
5	5
8	0
8	0
8	8
3	0
1	0
16	0
16	16
4	0
4	4
13	0
12	0
1	0
1	0
2	2
5	6
1	0
1	0
1	1
8	0
8	8
16	0
16	4
11	0
11	11
11	0
11	11
5	5
11	0
2	2
8	0
8	0
8	0
8	8
1	0
2	0
16	0
16	0
16	0
16	16
13	13
13	0
1	0
1	0
16	0
16	0
1	0
1	0
16	0
1	0
1	0
8	0
8	0
8	0
8	0
1	0
1	0
1	0
1	0
1	0
1	0
1	0
1	0
1	0
1	0
1	0
16	0
16	0
16	0
16	0
16	0
13	0
12	12
16	0
12	2
8	0
8	0
8	0
8	0
8	12
13	13
13	0
1	0
8	0
16	0
16	0
16	0
16	0
16	0
16	0
16	0
16	0
16	0
16	0
16	0
16	0
16	0
12	0
16	0
12	0
16	0
16	0
8	0
1	0
16	0
16	0
16	0
16	0
1	0
1	0
12	0
12	0
16	0
16	0
16	0
16	0
8	0
16	0
16	0
16	0
16	0
16	0
8	0
8	0
16	0
16	0
8	0
8	0
8	0
16	0
16	0
12	0
8	0
8	0
8	0
8	0
8	0
8	0
8	0
8	0
8	8
12	6
8	0
8	0
8	0
8	0
8	0
8	8
3	2
8	12
13	13
13	0
8	0
8	0
16	0
8	0
1	0
8	0
1	0
8	0
16	0
16	0
16	0
16	0
16	0
16	0
16	0
16	0
16	0
1	0
8	0
8	0
1	0
1	0
16	0
16	0
8	0
8	0
1	0
1	0
1	0
1	0
1	0
8	0
8	0
16	0
16	0
16	0
16	0
16	0
16	0
12	0
6	6
8	0
8	0
8	8
11	6
8	0
8	8
2	0
2	2
8	8
11	11
4	0
11	4
8	0
1	0
8	0
8	0
1	8
13	13
5	5
3	0
11	0
3	3
11	0
11	4
11	0
11	11
3	0
1	1
5	5
1	0
16	0
16	1
5	5
3	0
2	2
8	0
8	0
8	8
13	13
13	0
1	0
1	0
3	0
1	0
16	0
1	0
1	0
16	0
16	0
16	0
1	0
16	0
1	0
1	0
1	0
16	0
16	0
1	0
12	0
3	3
4	0
4	0
4	4
11	0
11	11
17	0
17	3
17	3
17	0
17	0
1	1
8	0
8	8
1	0
2	0
16	0
16	16
13	13
3	6
3	0
3	0
1	1
8	0
8	8
1	1
13	13
13	0
11	0
5	14
3	0
11	11
8	0
16	0
1	0
16	0
16	16
2	10
13	13
3	0
3	0
16	0
16	16
16	0
2	0
2	2
1	0
1	0
1	0
1	1
8	0
8	8
13	13
13	0
1	0
1	0
1	0
1	0
1	0
11	0
11	0
3	4
3	3
9	9
8	0
8	0
8	8
2	2
2	0
11	0
6	0
11	6
8	0
8	0
8	0
8	0
8	0
8	0
8	8
1	0
1	0
1	1
1	0
1	0
16	0
1	0
1	0
16	0
16	16
13	13
13	0
1	0
1	0
1	0
16	0
16	0
16	0
16	0
1	0
1	0
1	0
1	0
1	0
1	0
1	0
1	0
1	0
16	0
16	0
1	0
1	0
8	0
16	0
2	0
2	0
2	0
1	0
1	0
1	0
11	0
3	0
12	8
16	0
16	4
5	6
12	0
12	0
8	8
16	0
2	2
11	0
11	0
11	0
6	6
8	0
8	0
8	0
8	0
8	8
13	13
3	0
11	11
11	0
11	4
11	0
1	0
1	1
13	13
13	0
1	0
16	0
1	0
11	0
1	0
1	0
16	0
1	0
1	0
8	0
1	0
16	0
16	0
8	0
16	0
1	0
1	0
1	0
16	0
16	0
16	0
16	0
16	0
16	0
16	0
1	0
11	0
11	0
11	0
1	0
12	0
1	0
1	0
16	0
8	1
5	5
3	0
1	0
3	0
16	0
16	0
16	1
16	0
16	0
16	16
16	0
11	11
3	0
3	0
2	0
3	0
3	3
3	0
2	10
13	13
11	0
14	0
14	14
16	0
11	11
2	0
2	2
17	0
8	8
12	6
1	0
1	0
1	0
1	1
12	0
8	0
8	8
16	0
11	2
2	0
2	6
8	0
8	0
8	8
16	0
2	0
11	0
16	16
13	13
13	0
3	0
3	0
3	0
16	0
16	0
12	0
11	6
8	0
8	8
2	2
12	8
4	0
4	0
2	4
3	3
3	0
3	0
1	0
1	1
3	0
1	0
1	0
1	10
13	13
3	0
1	1
3	0
2	14
11	0
11	11
6	0
6	3
3	0
3	3
3	0
2	2
8	0
8	0
8	0
8	8
12	0
12	0
1	3
3	0
3	0
1	0
1	0
1	0
16	10
13	13
13	0
1	0
1	0
8	0
16	0
8	0
1	0
12	0
16	0
16	0
1	0
1	0
1	0
1	0
1	0
8	0
1	0
1	0
1	1
4	0
4	0
4	0
11	4
3	0
2	0
2	2
6	6
8	0
8	0
8	8
13	13
13	0
1	0
1	0
8	0
8	0
8	0
8	0
1	0
8	0
16	0
16	0
16	0
8	0
8	0
1	0
8	0
8	0
8	0
8	0
16	0
8	0
8	0
1	0
8	0
8	0
8	0
8	0
8	0
1	0
1	0
1	0
1	0
8	0
16	0
16	0
16	0
3	0
3	0
2	0
3	0
8	0
1	0
8	0
8	0
13	0
8	0
12	0
12	3
12	8
16	0
17	0
16	0
16	16
17	3
3	2
3	0
6	11
1	2
8	0
8	8
13	13
13	0
1	0
1	0
1	0
16	0
8	0
8	0
1	0
8	0
8	0
16	0
16	0
16	0
17	0
1	0
1	0
1	0
1	0
1	0
8	0
8	0
1	0
1	0
1	0
16	0
8	0
8	0
8	0
8	0
1	0
8	0
8	0
1	0
1	0
16	0
16	0
16	0
17	0
17	0
1	0
1	0
1	0
1	0
12	0
2	0
12	0
3	0
3	16
13	13
6	6
8	8
1	0
1	1
8	0
8	8
13	13
16	11
3	11
12	6
8	0
8	0
8	8
17	0
12	0
12	16
13	13
3	0
16	0
16	0
16	0
16	16
2	10
13	13
13	0
1	0
1	0
8	0
8	0
8	0
1	0
1	0
8	0
8	0
8	0
12	0
8	0
1	0
3	0
16	0
1	0
12	0
1	0
3	0
1	0
1	0
1	0
1	0
1	0
1	0
1	0
16	0
1	0
1	0
17	0
17	0
11	11
17	16
17	6
8	0
8	0
8	8
17	0
17	0
17	10
17	2
17	6
8	0
8	0
8	0
8	0
8	8
13	13
13	0
17	0
17	0
17	0
17	0
8	0
8	0
16	0
16	0
16	0
16	0
17	0
17	0
17	0
17	0
1	0
17	0
17	0
8	0
1	0
1	0
17	0
1	0
17	0
16	0
8	0
16	0
16	0
16	0
16	0
16	0
16	0
1	0
16	0
17	0
16	0
17	0
17	0
17	0
1	0
1	0
12	0
12	0
12	0
12	3
4	0
11	4
11	0
11	11
1	0
1	0
1	0
1	1
1	0
1	0
16	1
13	13
5	3
12	6
12	0
12	0
8	0
12	0
8	0
12	8
16	0
16	0
16	0
16	16
11	0
11	11
3	0
9	2
1	6
1	0
2	1
8	0
8	0
8	0
8	8
13	13
13	0
1	0
1	0
1	0
1	0
1	0
1	0
16	0
1	0
3	0
3	0
1	0
3	0
1	0
3	0
1	0
1	0
1	0
1	0
1	0
12	0
8	6
12	0
12	0
8	8
17	0
2	2
8	0
8	8
8	0
2	0
2	2
9	0
9	9
12	0
8	8
13	13
13	0
8	0
8	0
16	0
8	0
8	0
16	0
8	0
17	0
8	0
16	0
1	0
8	0
8	0
2	0
2	0
8	0
1	0
8	0
16	0
16	0
8	0
8	0
1	0
1	0
8	0
16	0
16	0
8	0
8	0
16	0
12	0
16	0
16	0
16	0
1	0
8	0
8	0
2	0
2	0
2	0
8	0
1	0
11	0
11	11
4	0
11	4
1	3
1	0
11	6
8	0
8	8
2	0
2	2
8	8
13	13
13	0
3	0
16	0
16	0
8	0
8	0
1	0
16	0
16	0
8	0
8	0
1	0
1	0
1	0
1	0
1	0
8	0
8	0
1	0
1	0
8	0
1	0
3	0
1	0
1	0
8	0
8	0
1	0
1	0
8	0
8	0
1	0
1	0
1	0
16	0
1	0
1	0
8	0
1	0
1	0
8	0
8	0
8	0
1	0
1	0
8	0
1	0
12	0
8	6
12	12
12	0
12	0
12	12
16	0
16	0
16	16
11	0
11	2
12	12
8	0
8	0
8	8
12	0
8	16
12	0
12	6
12	0
12	8
1	0
1	0
1	0
1	0
1	16
13	13
13	0
3	0
16	0
16	0
1	0
1	0
1	0
1	0
1	0
8	0
12	0
1	0
12	0
12	0
12	0
16	0
1	0
1	0
1	0
12	0
16	0
12	0
12	0
12	0
12	0
16	0
16	0
16	0
12	0
1	0
1	0
1	0
12	0
12	0
11	11
16	0
11	0
16	0
16	0
16	16
3	0
1	3
3	3
1	0
11	10
13	13
13	0
1	0
1	0
1	0
1	0
1	0
1	0
3	0
3	0
1	0
1	0
1	0
1	0
16	0
3	0
1	0
3	0
1	0
1	0
8	0
8	0
1	0
16	0
1	0
1	0
12	0
1	0
1	0
1	0
1	0
1	0
1	0
1	0
1	0
3	0
16	0
16	0
16	0
16	0
3	0
3	0
1	0
1	0
1	0
8	0
1	0
1	0
12	0
6	0
6	6
1	0
1	0
3	0
1	1
1	1
8	0
8	0
8	0
8	0
8	8
13	13
3	11
6	0
6	6
8	0
8	0
8	8
1	0
16	0
16	16
13	13
16	0
16	0
16	0
16	0
16	16
3	0
9	2
2	6
8	0
8	0
8	8
8	2
1	0
17	0
12	6
8	0
8	0
8	0
8	0
8	0
8	8
13	13
13	0
3	0
1	0
1	0
1	0
1	0
1	0
8	0
8	0
8	0
8	0
1	0
8	0
16	0
12	0
3	5
3	0
6	6
3	11
3	0
1	0
2	3
16	0
16	0
16	16
13	13
14	0
6	11
3	0
1	4
1	0
1	0
1	0
1	3
1	6
8	0
8	0
8	8
13	13
11	0
11	6
1	0
1	1
8	0
8	0
8	0
8	0
8	8
16	0
11	2
2	0
6	6
8	0
8	0
8	0
8	8
9	9
2	2
12	0
12	12
12	0
8	0
12	12
13	13
3	0
12	11
4	0
4	0
2	4
2	0
2	0
2	3
6	3
13	0
12	0
8	0
2	2
2	0
11	6
8	0
8	0
8	0
8	0
8	0
8	8
17	0
6	4
17	3
12	3
17	0
8	8
13	13
11	11
12	0
3	4
1	0
1	0
1	0
1	0
1	1
13	13
1	0
1	0
3	0
1	0
1	1
8	0
8	0
12	8
13	13
8	0
8	0
8	8
2	11
12	0
12	0
12	1
8	1
17	0
2	5
12	0
11	6
12	0
12	0
12	0
12	8
16	0
2	0
2	0
2	10
13	13
3	11
1	0
13	0
13	0
11	11
16	0
17	0
16	0
16	16
3	0
11	11
2	1
12	0
12	8
13	13
2	0
5	5
6	0
6	6
8	0
12	0
12	0
13	0
8	8
3	0
11	0
16	0
16	0
16	16
3	0
3	3
2	0
2	2
8	8
2	0
2	2
6	0
6	6
8	0
8	0
8	8
1	0
17	0
1	1
17	0
11	10
16	5
17	0
17	3
17	14
1	6
8	0
8	0
8	8
17	16
13	13
13	0
3	0
8	0
16	0
1	0
2	0
2	0
12	0
12	12
12	12
12	0
12	0
12	12
16	0
16	0
16	0
16	16
2	0
11	2
8	0
8	0
8	0
8	12
12	1
3	5
1	0
1	0
1	0
9	1
8	0
8	0
8	0
8	0
8	8
17	0
11	2
2	0
6	6
8	0
8	0
8	0
8	8
2	2
12	0
12	12
12	0
12	0
12	12
13	13
13	0
1	0
1	0
1	0
12	0
16	0
16	0
12	0
1	0
3	0
3	0
3	0
16	0
2	0
2	0
1	0
1	0
8	0
13	0
1	0
8	0
1	0
8	1
13	13
13	0
1	0
1	0
1	0
8	0
1	0
1	0
1	0
1	0
1	0
8	0
1	0
1	0
1	0
1	0
1	0
1	0
1	0
8	0
8	0
1	0
1	0
1	0
8	0
8	0
1	0
1	0
1	0
1	0
1	0
8	0
8	0
1	0
1	0
1	0
1	0
1	0
1	0
1	0
1	0
1	0
1	0
1	0
8	0
8	0
8	0
1	0
1	0
1	0
1	0
1	0
1	0
1	0
1	0
12	0
2	0
2	2
8	0
8	8
2	2
6	6
12	12
12	0
12	12
8	0
8	0
8	0
8	0
8	0
8	0
8	0
8	1
3	5
16	0
11	2
2	0
2	6
12	0
12	0
12	0
12	8
17	0
17	0
17	0
17	0
17	4
1	0
2	0
1	0
16	0
16	0
16	16
13	13
6	6
1	6
1	0
1	0
1	0
1	1
8	0
8	0
8	8
13	13
3	11
3	0
3	0
16	3
2	2
8	0
8	8
1	0
1	0
2	0
13	0
13	0
8	0
1	11
1	0
1	0
1	0
1	0
1	0
1	0
8	0
16	1
13	13
13	0
1	0
1	0
1	0
1	0
1	0
1	0
1	0
1	0
1	0
1	0
1	0
1	0
1	0
1	0
1	0
1	0
1	0
1	0
8	0
8	0
1	0
1	0
1	0
1	0
8	0
1	0
1	0
1	0
1	0
1	0
8	0
8	0
8	0
1	0
1	0
1	0
1	0
1	0
1	0
1	0
1	0
1	0
8	0
8	0
8	0
1	0
1	0
12	0
8	0
8	3
2	4
5	0
1	0
3	0
3	0
12	0
3	3
16	0
12	0
12	0
12	4
2	0
2	0
2	0
6	2
8	0
8	0
8	0
8	0
8	8
16	0
5	5
3	0
2	0
11	2
3	0
1	1
8	0
8	0
8	0
8	0
8	8
13	13
16	0
2	2
3	0
6	6
8	8
16	0
2	0
2	2
1	0
1	0
1	0
1	0
1	1
8	0
8	0
8	0
8	8
13	13
13	0
16	0
16	0
16	0
16	0
16	0
12	0
11	0
11	11
16	0
16	0
16	16
3	0
3	3
13	13
12	6
12	8
17	0
11	4
17	0
17	0
12	3
17	3
17	0
17	2
8	0
8	0
8	8
17	0
12	0
12	0
12	4
13	13
13	0
1	0
1	0
12	0
1	0
1	0
17	0
17	0
17	0
1	0
1	0
1	0
1	0
17	0
17	0
12	0
17	0
12	0
12	0
12	0
16	0
16	0
16	0
1	0
1	0
8	0
1	0
1	0
12	0
12	0
17	0
17	0
17	0
12	0
6	6
12	0
8	0
13	0
12	0
11	8
2	2
2	0
11	0
11	0
11	0
2	6
12	0
8	0
8	0
8	0
13	0
12	0
12	8
17	0
4	0
16	0
4	4
1	0
12	3
1	0
1	1
1	0
2	0
17	0
3	0
2	0
1	16
13	13
13	0
1	0
1	0
1	0
8	0
8	0
1	0
16	0
16	0
3	0
1	0
1	0
1	0
8	0
8	0
8	0
8	0
8	0
1	0
1	0
3	0
1	0
1	0
1	0
1	0
12	0
5	0
5	5
3	0
3	0
3	3
3	0
11	0
1	1
4	0
11	4
16	0
11	0
11	11
1	1
1	2
12	6
12	0
12	8
1	0
16	0
16	0
8	16
5	5
3	0
16	0
16	0
4	4
2	2
8	0
8	0
8	0
8	0
8	8
13	13
8	0
8	0
8	0
8	8
5	5
1	6
1	0
1	0
1	0
1	1
8	0
8	8
12	6
2	0
1	0
1	1
8	0
8	8
3	0
2	0
2	0
1	0
1	0
1	0
13	0
12	0
3	0
14	14
4	0
11	6
11	0
1	1
8	0
8	8
2	0
16	0
16	16
13	13
16	0
16	0
16	0
16	4
11	0
11	0
11	11
12	6
12	0
12	0
8	0
8	8
2	0
2	2
6	6
8	0
8	0
8	8
1	0
2	0
1	0
1	16
13	13
13	0
1	0
16	0
1	0
8	0
1	0
8	0
16	0
8	0
8	0
8	0
1	0
16	0
16	0
16	0
1	0
16	0
8	0
16	0
16	0
16	0
16	0
3	0
16	0
12	0
11	0
11	6
12	0
8	8
4	0
11	4
3	0
1	0
1	0
1	3
17	0
12	0
12	3
1	0
1	0
1	0
1	1
17	0
12	0
12	0
12	4
13	13
3	0
16	0
16	0
4	4
2	6
12	0
8	8
3	0
3	3
2	0
1	0
1	16
1	0
3	4
13	13
11	0
3	11
6	6
8	0
8	0
8	8
16	0
2	2
12	6
8	0
8	0
8	0
8	0
8	0
8	8
1	0
1	0
1	0
3	16
16	0
12	0
13	0
13	0
3	0
8	0
8	0
8	1
17	0
2	2
17	6
17	0
8	8
17	0
2	2
17	0
2	6
8	0
8	0
8	8
13	13
13	0
1	0
8	0
1	0
8	0
8	0
8	0
8	0
17	0
17	0
1	0
1	0
17	0
8	0
17	0
1	0
8	0
8	0
8	0
8	0
8	0
17	0
1	0
1	0
1	0
8	0
8	0
8	0
1	0
1	0
8	0
8	0
16	0
8	0
1	0
1	0
8	0
17	0
8	0
17	0
1	0
8	0
12	0
11	0
11	11
4	0
4	4
17	3
3	3
13	13
17	3
3	3
13	13
13	13
3	0
6	0
6	3
1	0
1	0
1	0
1	0
1	0
1	0
16	0
12	1
17	0
12	0
17	0
17	0
1	0
1	0
8	0
12	0
12	1
8	8
2	2
1	0
1	1
1	0
1	1
8	0
8	8
16	0
17	0
1	16
13	13
13	0
1	0
1	0
3	0
3	0
3	0
1	0
1	0
17	0
1	0
17	0
1	0
17	0
1	0
1	0
1	0
12	0
17	7
12	0
11	0
12	7
13	13
13	0
17	0
1	0
1	0
1	0
1	0
1	0
17	0
16	0
1	0
1	0
1	0
1	0
1	0
17	0
17	0
1	0
1	0
1	0
16	0
1	0
17	0
16	0
1	0
1	0
16	0
1	0
17	0
16	0
1	0
1	0
1	0
1	0
1	0
1	0
17	0
17	0
1	0
1	0
1	0
1	0
16	0
1	0
1	0
1	0
1	0
1	0
17	0
1	0
1	0
1	0
1	0
1	0
17	0
12	0
6	6
1	0
1	0
1	1
8	0
12	8
12	0
2	0
1	0
16	0
16	16
3	3
12	0
12	0
12	0
12	7
17	6
8	0
8	8
16	0
16	0
16	16
2	0
2	2
8	0
12	0
8	0
8	8
13	13
13	0
3	0
1	0
1	0
12	0
8	0
1	0
1	0
1	0
1	0
1	0
1	0
1	0
1	0
1	0
1	0
12	0
3	0
1	0
1	0
1	0
1	0
8	0
3	0
1	0
1	0
3	0
1	0
1	0
1	0
12	0
9	9
8	0
8	0
8	8
1	0
1	0
1	3
16	0
16	0
16	16
2	6
8	0
8	0
8	0
8	0
8	8
11	0
11	6
8	0
8	0
8	0
8	8
13	13
13	0
1	0
1	0
1	0
1	0
1	0
1	0
1	0
1	0
1	0
1	0
8	0
1	0
1	0
1	0
1	0
1	0
1	0
1	0
8	0
1	0
1	0
1	0
1	0
8	0
8	0
1	0
1	0
1	0
1	0
3	0
3	0
3	0
3	0
1	0
1	0
11	0
11	11
4	0
11	4
3	0
3	3
8	0
2	0
2	2
11	0
11	0
11	11
13	13
13	0
1	0
1	0
1	0
8	0
1	0
1	0
1	0
1	0
1	0
1	0
1	0
1	0
1	0
1	0
1	0
1	0
1	0
8	0
1	0
1	0
1	0
1	0
1	0
1	0
1	0
1	0
1	0
1	0
1	0
1	0
1	0
1	0
1	0
1	0
16	0
1	0
1	0
1	0
1	0
1	0
1	0
1	0
1	0
1	0
1	0
1	0
12	0
5	2
8	0
13	0
12	0
12	8
4	0
11	4
6	6
12	12
12	12
2	2
9	0
9	0
9	9
8	2
17	6
9	0
1	0
13	0
12	0
12	8
2	2
8	0
8	0
8	0
8	0
8	0
8	0
8	8
1	16
13	13
13	0
1	0
8	0
8	0
16	0
8	0
1	0
8	0
8	0
8	0
8	0
1	0
8	0
8	0
8	0
8	0
8	0
8	0
8	0
16	0
16	0
16	0
8	0
8	0
16	0
1	0
8	0
8	0
12	0
5	0
5	5
3	0
16	0
12	4
4	0
4	6
8	0
12	8
13	13
12	6
12	12
12	0
12	12
13	13
3	0
3	0
1	0
1	16
13	13
13	0
1	0
1	0
1	0
1	0
1	0
1	0
1	0
8	0
8	0
8	0
1	0
1	0
12	0
8	0
1	0
1	0
1	0
1	0
1	0
1	0
1	0
1	0
1	0
1	0
1	0
16	0
3	0
8	0
16	0
16	0
3	0
3	0
8	0
8	0
8	0
12	0
12	0
12	0
13	0
3	0
6	6
8	8
16	0
16	0
4	4
11	11
8	0
8	0
8	0
8	8
8	0
8	0
16	0
8	16
5	5
16	0
11	11
1	0
1	0
1	0
1	0
1	0
16	16
13	13
13	0
16	0
1	0
1	0
1	0
16	0
1	0
1	0
1	0
1	0
16	0
16	0
16	0
1	0
1	0
1	0
1	0
1	0
16	0
16	0
16	0
16	0
1	0
8	0
8	0
16	0
16	0
1	0
1	0
8	0
1	0
1	0
1	0
1	0
13	0
13	13
11	0
11	11
3	11
16	0
16	0
16	16
13	13
16	0
11	0
14	0
14	16
11	0
11	11
1	0
1	3
16	0
16	16
13	13
13	0
8	0
8	0
8	0
8	0
8	0
1	0
16	0
16	0
16	0
16	0
16	0
16	0
11	0
3	0
8	0
8	0
8	0
16	0
16	0
16	0
8	0
16	0
8	0
8	0
16	0
16	0
1	0
14	0
16	0
8	0
1	0
16	0
16	0
16	0
16	0
14	0
16	0
11	0
3	0
11	0
13	13
3	0
10	0
11	0
3	3
13	13
16	0
16	3
9	9
8	0
8	0
8	8
3	0
3	0
11	3
11	11
2	0
2	2
8	8
9	9
1	0
1	0
1	16
4	0
4	4
13	13
16	0
16	0
16	16
2	6
8	0
8	0
8	8
2	2
8	0
8	0
8	0
8	0
8	8
13	13
13	0
1	0
1	0
1	0
1	0
8	0
1	0
16	0
16	0
1	0
8	0
8	0
16	0
1	0
1	0
1	0
8	0
1	0
1	0
12	0
8	6
12	12
12	0
12	12
13	13
9	9
13	13
16	0
4	0
4	0
12	4
8	0
8	0
8	0
8	8
17	0
12	2
8	0
8	0
8	0
8	0
8	0
8	8
2	2
12	12
12	12
1	0
16	0
2	0
16	0
16	16
13	13
16	0
16	0
16	16
12	6
13	13
12	12
12	12
17	12
13	13
13	13
13	0
1	0
1	0
1	0
1	0
12	0
12	0
8	0
8	0
8	0
16	0
16	0
16	0
16	0
1	0
1	0
16	0
12	0
6	6
8	0
8	0
8	0
8	8
16	0
16	0
16	4
6	6
8	8
3	0
2	2
6	6
1	0
1	0
1	1
8	0
8	8
2	0
2	2
8	0
8	8
1	1
17	0
17	0
12	10
1	0
12	0
16	0
16	16
13	13
13	0
1	0
1	0
1	0
1	0
1	0
1	0
8	0
1	0
1	0
8	0
8	0
1	0
1	0
1	0
1	0
1	0
1	0
16	0
3	0
16	0
16	0
16	0
1	0
8	0
3	0
1	0
1	0
12	0
1	0
3	0
8	0
16	3
4	0
11	4
11	0
11	11
1	2
1	0
1	6
12	0
1	0
8	0
8	8
16	0
16	16
13	13
13	0
6	0
5	3
16	0
16	0
16	0
11	4
5	6
8	0
8	8
2	0
2	2
12	12
1	0
2	0
16	16
13	13
13	0
1	0
16	0
1	0
16	0
16	0
16	0
16	0
16	0
16	0
16	0
16	0
16	0
16	0
16	0
1	0
1	0
8	0
1	0
1	0
1	0
1	0
1	0
1	0
12	0
11	11
12	0
17	0
12	4
3	0
1	0
12	0
1	0
16	16
13	13
16	0
11	11
1	0
1	0
1	0
1	0
1	0
1	16
17	6
12	12
12	0
12	12
17	0
12	6
17	0
8	8
13	13
16	0
16	0
16	4
11	11
1	0
12	0
17	0
12	0
16	16
13	13
5	0
11	5
16	3
17	0
6	0
3	3
9	9
2	0
2	6
8	8
16	0
2	16
13	13
13	0
1	0
16	0
16	0
3	0
16	0
16	0
1	0
1	0
3	0
2	0
3	2
8	0
8	0
8	0
8	8
16	0
16	0
16	4
11	0
11	0
11	11
2	0
3	3
2	0
11	0
11	6
8	0
8	0
8	0
8	0
8	8
3	3
16	0
16	0
16	16
13	13
13	0
3	0
16	0
11	0
11	0
3	0
3	0
3	0
1	0
3	0
1	0
1	0
1	0
16	0
16	0
3	0
8	0
1	0
1	0
1	0
1	0
8	0
8	0
8	0
3	0
16	0
16	0
11	0
11	0
11	0
3	0
3	0
12	0
11	0
11	11
12	0
12	0
3	4
16	16
13	13
16	0
11	0
11	11
1	0
1	16
8	0
8	8
2	2
2	0
1	0
11	11
2	0
2	2
8	8
13	13
13	0
1	0
16	0
8	0
1	0
1	0
16	0
1	0
16	0
1	0
1	0
16	0
16	0
16	0
8	0
1	0
8	0
1	0
1	0
8	0
16	0
8	0
8	0
1	0
1	0
1	0
3	0
1	0
3	0
3	0
16	0
16	0
1	0
16	0
1	0
1	0
1	0
13	0
13	13
3	14
14	0
11	11
11	0
11	6
8	0
8	0
8	0
8	8
1	0
1	0
1	0
16	0
16	16
4	4
13	13
4	0
4	0
4	4
8	0
8	0
8	0
8	8
2	2
12	6
8	0
8	8
16	0
12	4
13	13
13	0
1	0
16	0
16	0
16	0
16	0
16	0
16	0
16	0
1	0
16	0
16	0
16	0
8	0
16	0
3	0
16	0
16	0
16	0
1	0
1	0
1	0
16	0
16	0
1	0
1	0
1	0
16	0
13	0
12	13
13	13
11	0
11	11
3	11
16	0
16	0
16	16
13	13
14	0
11	0
14	0
14	16
11	0
11	11
1	0
1	3
16	0
16	16
13	13
13	0
1	0
8	0
1	0
8	0
16	0
16	0
16	0
16	0
16	0
16	0
16	0
16	0
11	0
16	0
8	0
16	0
8	0
16	0
16	0
16	0
16	0
8	0
8	0
16	0
16	0
16	0
1	0
14	0
16	0
1	0
16	0
16	0
16	0
16	0
16	0
16	0
3	0
11	0
13	0
12	13
8	6
12	12
12	0
12	12
13	13
9	9
13	13
2	2
2	0
2	6
8	0
8	0
8	0
8	8
13	13
13	0
8	0
8	0
1	0
8	0
8	0
8	0
16	0
8	0
16	0
16	0
16	0
8	0
8	0
1	0
1	0
8	0
1	0
8	0
8	0
8	0
1	0
1	0
8	0
8	0
8	0
8	0
8	0
8	0
8	0
8	0
8	0
12	0
12	0
12	0
8	0
8	0
8	0
8	0
1	0
1	0
1	0
8	0
12	0
6	2
8	0
9	0
1	1
8	0
8	0
8	0
8	0
8	0
8	0
8	8
16	0
16	0
16	16
8	6
9	0
8	0
8	0
12	0
1	0
1	1
12	12
12	12
13	13
13	0
1	0
1	0
8	0
8	0
8	0
8	0
8	0
8	0
16	0
16	0
8	0
8	0
8	0
1	0
8	0
1	0
8	0
8	0
12	0
8	0
8	0
1	0
1	0
1	0
1	0
1	0
8	0
8	0
8	0
8	0
8	0
16	0
16	0
16	0
13	0
8	0
8	12
16	0
16	16
13	0
13	0
13	13
13	0
8	0
8	0
8	0
12	0
12	0
8	0
8	0
8	0
3	0
12	0
12	0
12	0
12	0
8	0
8	0
8	0
12	0
12	0
12	0
12	0
12	0
8	0
8	0
12	0
12	0
8	0
8	0
16	0
8	0
8	0
12	0
12	0
12	0
12	0
8	0
8	0
1	0
3	0
8	0
8	0
16	0
16	0
12	0
12	0
12	0
12	0
1	0
1	0
1	0
8	0
8	0
8	0
13	0
13	0
13	13
13	0
8	0
8	0
8	0
8	0
8	0
8	0
8	0
8	0
16	0
8	0
8	0
8	0
8	0
8	0
8	0
16	0
8	0
8	0
8	0
8	0
8	0
8	0
8	0
8	0
8	0
8	0
8	0
8	0
8	0
16	0
8	0
8	0
8	0
8	0
8	0
8	0
8	0
8	0
8	0
8	0
8	0
8	0
8	0
8	0
8	0
8	0
8	0
8	0
8	0
8	0
8	0
8	0
8	0
8	0
16	0
8	0
12	12
2	2
12	12
12	0
13	0
1	0
1	0
1	8
8	2
13	13
13	0
8	0
8	0
16	0
8	0
8	0
16	0
8	0
16	0
8	0
1	0
16	0
8	0
8	0
16	0
16	0
8	0
16	0
1	0
8	0
8	0
8	0
8	0
8	0
16	0
16	0
12	0
16	0
8	0
1	0
8	0
1	0
16	0
8	0
8	0
8	0
8	0
16	0
12	0
16	0
16	0
1	0
16	0
1	0
8	0
8	0
8	0
8	0
8	0
12	0
8	0
17	0
12	0
1	0
1	0
1	0
13	0
17	0
12	12
12	2
13	13
13	0
8	0
17	0
12	0
8	0
12	0
1	0
8	0
17	0
17	0
17	0
12	0
1	0
12	0
1	0
17	0
17	0
17	0
12	0
12	0
12	0
12	0
17	0
17	0
12	0
12	0
12	0
1	0
8	0
17	0
17	0
17	0
12	0
8	0
1	0
17	0
17	0
12	0
1	0
1	0
17	0
17	0
12	0
12	0
12	0
12	0
12	0
17	0
12	0
8	0
17	0
12	0
17	0
1	0
17	0
12	0
12	12
8	0
8	0
8	8
13	13
13	0
1	0
12	0
17	0
12	0
17	0
12	0
12	0
12	0
12	0
17	0
17	0
17	0
17	0
12	0
12	0
12	0
12	0
12	0
17	0
12	0
12	0
12	0
12	0
12	0
12	0
12	0
12	0
12	0
12	0
12	0
17	0
17	0
8	0
8	0
12	0
12	0
17	0
17	0
12	0
12	0
12	0
12	0
12	0
17	0
12	0
8	0
12	0
8	8
2	0
2	2
12	0
12	0
8	8
8	0
8	0
8	1
12	12
2	2
12	12
12	0
12	11
4	0
4	4
3	0
2	6
1	0
1	0
1	1
8	0
8	0
8	0
13	0
1	0
1	0
1	8
5	5
4	0
4	0
16	16
12	0
12	8
13	13
13	0
8	0
3	0
8	0
8	0
16	0
16	0
16	0
1	0
1	0
3	0
8	0
2	0
1	0
1	0
16	0
16	0
16	0
16	0
8	0
1	0
12	0
12	0
12	0
13	0
13	13
6	0
12	6
12	0
12	0
8	8
13	13
14	0
11	0
14	14
3	0
3	3
3	0
12	6
12	0
8	0
8	8
17	6
12	0
12	0
12	0
8	8
2	2
3	0
1	6
8	0
8	0
8	0
8	0
8	0
8	8
4	0
4	4
13	13
4	0
11	4
2	0
11	0
11	0
11	2
8	0
8	0
8	8
2	2
8	0
8	0
8	0
8	0
8	0
8	0
8	0
8	8
13	13
8	0
8	0
8	0
8	0
8	0
13	0
13	0
11	11
16	0
16	0
16	16
1	0
1	0
1	2
8	0
8	8
2	0
2	2
12	12
12	0
12	0
12	0
12	12
13	13
13	0
1	0
1	0
1	0
8	0
8	0
8	0
1	0
1	0
1	0
1	0
1	0
8	0
3	0
8	0
1	0
12	0
1	0
8	0
8	0
1	0
8	0
1	0
1	0
1	0
8	0
8	0
1	0
1	0
8	0
1	0
3	0
3	0
3	0
1	0
1	0
1	0
3	0
3	0
8	0
1	0
12	0
13	0
13	13
8	2
2	0
11	0
11	0
11	6
11	11
16	0
16	0
16	16
3	0
2	0
9	0
1	3
13	13
13	13
13	0
1	0
1	0
1	0
8	0
3	0
1	0
16	0
16	0
1	0
1	0
1	0
8	0
8	0
1	0
1	0
1	0
1	0
1	0
1	0
1	0
1	0
1	0
1	0
1	0
1	0
1	0
1	0
1	0
1	0
1	0
8	0
8	0
2	0
1	0
1	0
8	0
3	0
3	0
1	0
1	0
1	0
1	0
12	0
6	0
5	5
11	0
11	3
2	2
6	0
12	6
8	0
8	0
8	0
8	0
8	0
8	0
8	0
8	8
13	13
8	7
13	13
5	5
13	13
9	7
13	13
16	0
16	16
2	0
2	2
8	0
8	8
11	11
1	0
2	0
16	0
16	16
13	13
13	0
1	0
1	0
16	0
8	0
16	0
8	0
1	0
16	0
16	0
16	0
16	0
16	0
16	0
16	0
1	0
1	0
1	0
1	0
1	0
1	0
8	0
8	0
8	0
8	0
12	0
3	0
12	6
8	0
8	8
2	2
3	0
12	6
8	8
13	13
13	13
8	7
9	7
13	13
13	13
13	0
1	0
8	0
8	0
16	0
16	0
1	0
16	0
16	0
16	0
16	0
16	0
1	0
1	0
16	0
8	0
16	0
8	0
8	0
8	0
16	0
1	0
16	0
8	0
8	0
1	0
1	0
1	0
16	0
16	0
1	0
16	0
12	0
12	0
12	0
16	0
16	0
1	0
1	0
16	0
8	0
8	0
1	0
8	0
8	0
12	0
12	6
12	0
12	8
2	0
2	2
8	0
8	0
8	0
8	0
8	0
12	8
13	13
13	13
3	7
9	7
13	13
13	13
13	0
1	0
8	0
8	0
16	0
8	0
8	0
16	0
1	0
1	0
8	0
12	0
8	0
8	0
16	0
16	0
8	0
8	0
8	0
8	0
16	0
1	0
1	0
8	0
8	0
8	0
8	0
8	0
8	0
12	0
12	0
16	0
16	0
1	0
16	0
8	0
12	0
12	0
8	0
16	0
16	0
8	0
12	0
5	0
5	5
3	0
11	0
16	16
11	0
11	11
17	0
17	0
17	3
17	3
17	6
17	0
1	6
17	0
1	0
1	1
8	0
8	0
8	0
8	0
8	0
8	0
8	8
13	13
13	0
16	0
3	0
16	0
17	0
17	0
17	0
17	0
17	0
1	0
1	0
1	0
1	0
1	0
16	0
8	0
1	0
1	0
1	0
8	0
1	0
16	0
3	0
3	0
16	0
16	0
3	0
3	0
17	0
17	0
17	0
17	0
17	0
17	0
13	0
13	13
1	0
12	9
13	13
3	0
3	0
17	9
13	13
12	0
1	0
9	9
13	13
1	0
12	0
12	0
12	16
13	13
13	0
1	0
1	0
1	0
1	0
1	0
1	0
1	0
1	0
1	0
1	0
1	0
1	0
1	0
1	0
1	0
1	0
1	0
1	0
1	0
1	0
1	0
1	0
1	0
1	0
1	0
1	0
1	0
1	0
1	0
1	0
12	0
1	0
1	0
1	0
1	0
1	0
1	0
12	0
1	0
1	0
1	0
13	0
3	0
3	0
3	3
4	0
4	16
1	6
8	0
8	8
2	3
13	13
13	0
1	0
16	0
16	0
16	0
1	0
3	0
16	0
3	0
1	0
8	0
16	0
16	0
1	0
3	0
16	0
16	0
8	0
8	0
16	0
16	0
16	0
1	0
16	0
16	0
16	0
16	0
3	0
1	0
1	0
1	0
16	0
16	0
16	0
1	0
1	0
16	0
3	0
3	0
11	0
1	0
1	0
8	0
16	0
16	0
16	0
1	0
1	0
1	0
13	0
3	13
3	7
9	7
13	13
13	0
16	0
16	0
16	0
8	0
16	0
16	0
16	0
1	0
1	0
8	0
8	0
16	0
16	0
16	0
16	0
1	0
8	0
8	0
16	0
8	0
16	0
1	0
8	0
8	0
16	0
1	0
16	0
16	0
1	0
8	0
8	0
16	0
8	0
16	0
16	0
16	0
16	0
8	0
8	0
16	0
16	0
1	0
8	0
8	0
8	0
16	0
16	0
16	0
1	0
16	0
16	0
16	0
16	0
16	0
13	0
12	0
13	0
12	0
12	12
12	0
12	12
13	0
8	0
8	0
8	0
8	0
8	0
8	0
8	0
12	0
12	0
1	0
1	0
8	0
8	0
8	0
8	0
12	0
1	0
1	0
16	0
8	0
8	0
8	0
12	0
8	0
8	0
1	0
8	0
12	0
12	0
1	0
1	0
8	0
8	0
8	0
8	0
8	0
12	0
1	0
1	0
8	0
12	0
12	0
1	0
1	0
8	0
8	0
8	0
8	0
8	0
1	0
1	0
8	0
12	0
1	0
1	0
8	0
8	0
1	0
1	0
1	1
8	0
8	8
2	0
2	0
11	0
11	2
8	0
8	0
12	0
12	0
12	0
8	0
8	8
12	0
12	0
12	1
12	6
12	0
8	0
8	0
8	8
12	12
12	12
9	9
8	13
17	0
4	5
2	0
11	6
8	0
8	0
8	8
2	0
2	0
1	4
2	2
12	0
12	0
12	12
1	0
2	0
2	0
16	0
16	16
4	0
16	4
13	13
13	0
1	0
2	0
1	0
1	0
13	0
3	4
6	6
8	0
8	0
8	8
17	0
3	3
3	10
1	0
2	0
2	16
13	13
13	0
1	0
1	0
1	0
8	0
16	0
16	0
1	0
16	0
1	0
1	0
1	0
8	0
16	0
1	0
1	0
1	0
1	0
16	0
16	0
16	0
16	0
16	0
16	0
1	0
8	0
16	0
8	0
1	0
1	0
1	0
1	0
16	0
16	0
16	0
16	0
1	0
8	0
1	0
8	0
1	0
1	0
1	0
1	0
16	0
1	0
1	0
12	0
3	14
17	6
12	0
12	12
12	0
12	12
2	2
8	0
8	12
8	12
8	0
8	0
8	8
2	0
4	2
6	1
8	0
8	0
8	8
3	0
3	0
3	4
2	2
12	6
8	0
8	0
8	8
2	2
12	0
12	12
17	0
2	6
12	0
12	0
12	0
8	0
8	8
2	2
12	0
12	0
12	12
16	0
12	0
1	0
16	16
13	13
13	0
1	0
8	0
16	0
16	0
1	0
16	0
16	0
16	0
16	0
16	0
16	0
16	0
4	0
3	0
2	2
14	0
11	11
3	0
3	3
3	0
2	0
1	4
3	0
1	0
1	9
8	0
8	0
8	0
8	0
8	8
1	0
1	0
1	0
16	0
16	16
4	0
16	4
13	13
13	0
3	0
16	0
3	0
16	0
1	0
1	0
1	0
1	0
16	0
1	0
16	0
1	0
1	0
1	0
1	0
1	0
1	0
16	0
16	0
16	0
16	0
4	0
16	0
4	0
4	0
3	0
3	0
3	0
1	0
1	0
1	0
1	0
1	0
12	0
5	6
9	0
8	0
1	0
1	0
1	0
1	1
8	0
8	8
17	0
4	5
3	0
3	0
2	9
8	0
8	0
8	0
8	8
13	13
9	9
17	0
17	5
9	9
13	13
13	13
13	0
1	0
1	0
1	0
8	0
8	0
1	0
1	0
1	0
1	0
1	0
8	0
1	0
1	0
8	0
8	0
17	0
17	0
8	0
8	0
8	0
1	0
1	0
1	0
1	0
1	0
1	0
1	0
8	0
16	0
16	0
1	0
1	0
1	0
4	0
6	6
8	0
8	8
16	0
4	0
2	4
4	0
6	0
1	2
8	0
8	0
8	0
8	8
1	0
1	0
1	16
4	0
16	4
13	13
13	0
1	0
1	0
1	0
16	0
16	0
1	0
16	0
4	0
1	0
1	0
1	0
8	0
16	0
16	0
1	0
1	0
16	0
16	0
16	0
16	0
1	0
1	0
16	0
16	0
16	0
16	0
1	0
16	0
16	0
16	0
16	0
4	0
16	0
1	0
1	0
1	0
8	0
16	0
16	0
12	0
3	11
3	0
3	4
8	0
12	0
12	0
8	8
16	0
12	0
16	0
8	16
13	13
3	11
1	0
1	0
1	16
13	13
14	0
6	0
14	14
1	6
8	0
8	0
8	0
8	8
2	2
12	6
8	0
8	0
8	0
12	8
12	0
12	12
12	12
12	0
12	12
1	0
1	0
16	16
16	0
2	4
13	13
13	0
1	0
1	0
16	0
16	0
1	0
1	0
1	0
16	0
16	0
1	0
1	0
1	0
16	0
16	0
1	0
1	0
12	0
14	6
8	0
8	0
8	8
16	0
11	0
1	4
17	0
6	0
3	3
1	0
1	0
1	3
1	0
16	0
1	2
8	0
8	0
8	8
13	13
3	0
14	0
9	9
8	0
8	8
4	0
3	0
1	3
4	0
4	0
1	3
13	13
1	0
16	0
16	16
4	0
16	4
13	13
13	0
1	0
1	0
16	0
16	0
1	0
8	0
4	0
16	0
4	0
16	0
16	0
16	0
16	0
16	0
16	0
3	0
3	0
3	0
1	0
1	0
17	0
12	6
8	8
17	2
12	6
12	0
12	0
8	0
8	0
8	0
8	0
8	0
8	0
8	8
17	0
17	4
17	3
17	0
17	11
1	0
1	0
1	1
13	13
13	0
1	0
1	0
1	0
1	0
16	0
1	0
1	0
8	0
17	0
16	0
16	0
16	0
16	0
16	0
17	0
1	0
1	0
17	0
1	0
1	0
16	0
1	0
1	0
16	0
16	0
16	0
1	0
1	0
1	0
1	0
8	0
16	0
8	0
17	0
16	0
16	0
12	0
12	6
12	0
12	0
8	0
8	8
16	0
16	0
16	0
16	0
16	16
13	13
8	0
12	0
8	8
5	2
1	0
1	0
1	0
1	0
1	0
1	0
1	1
8	0
8	8
16	0
16	0
4	0
4	0
4	16
1	6
12	0
12	0
12	0
12	0
12	8
17	0
12	0
9	4
13	13
13	0
1	0
1	0
1	0
16	0
8	0
16	0
1	0
1	0
16	0
16	0
16	0
16	0
16	0
16	0
16	0
16	0
1	0
1	0
8	0
12	0
3	2
11	11
11	0
11	11
1	0
3	0
1	1
1	16
13	13
6	0
17	4
12	6
8	0
8	8
3	0
3	3
16	0
17	0
17	10
16	0
16	0
1	0
4	0
4	16
16	0
16	0
16	16
13	13
13	0
1	0
1	0
1	0
1	0
1	0
16	0
16	0
1	0
16	0
16	0
1	0
1	0
16	0
16	0
16	0
1	0
16	0
1	0
16	0
16	0
16	0
1	0
1	0
1	0
1	0
1	0
16	0
1	0
12	0
16	0
13	0
12	0
12	0
8	1
13	13
13	0
8	0
8	0
8	0
8	0
8	0
1	0
1	0
8	0
8	0
8	0
8	0
8	0
8	0
1	0
8	0
8	0
8	0
8	0
8	0
8	0
8	0
8	0
8	0
8	0
8	0
8	0
8	0
1	0
8	0
8	0
8	0
8	0
8	0
8	0
8	0
8	0
8	0
8	0
8	0
8	0
1	0
8	0
8	0
8	0
8	0
8	0
1	0
8	0
8	0
8	0
8	0
8	0
1	0
1	0
12	0
6	6
1	0
1	0
1	0
16	0
1	1
8	0
8	8
16	0
16	4
16	6
8	0
8	0
8	8
2	0
2	2
8	0
8	0
8	0
8	0
8	8
12	0
12	12
13	13
3	11
3	6
12	12
12	12
2	2
9	9
2	0
2	2
9	9
16	0
16	0
16	16
12	0
12	4
13	13
13	0
16	0
16	0
16	0
3	0
16	0
3	0
16	0
8	0
8	0
16	0
8	0
16	0
16	0
16	0
16	0
16	0
1	0
1	0
8	0
12	0
1	0
1	0
1	3
17	0
4	4
12	0
11	0
11	11
17	3
8	0
8	0
8	0
8	8
2	0
2	2
8	0
8	8
17	0
17	0
2	16
13	13
13	0
1	0
1	0
1	0
16	0
16	0
16	0
16	0
1	0
1	0
8	0
8	0
1	0
1	0
1	0
8	0
8	0
16	0
1	0
16	0
1	0
1	0
8	0
8	0
1	0
16	0
1	0
16	0
16	0
16	0
12	0
12	0
1	0
1	0
17	0
8	0
8	0
17	0
13	0
3	0
3	0
3	2
8	6
8	0
8	0
8	8
13	13
17	17
17	0
12	17
13	13
12	0
4	4
12	6
8	0
8	0
8	8
2	0
3	3
1	0
2	0
1	10
16	0
4	0
11	0
4	0
4	16
16	0
16	16
13	13
13	0
3	0
3	0
16	0
1	0
1	0
3	0
8	0
1	0
1	0
1	0
1	0
1	0
1	0
16	0
1	0
16	0
16	0
1	0
1	0
1	0
8	0
17	0
17	0
17	0
12	0
16	0
16	0
13	0
1	0
1	1
1	0
1	4
13	13
13	0
1	0
8	0
8	0
8	0
8	0
1	0
1	0
16	0
16	0
1	0
8	0
1	0
1	0
1	0
8	0
8	0
1	0
8	0
8	0
1	0
8	0
1	0
8	0
8	0
8	0
1	0
1	0
1	0
16	0
8	0
8	0
8	0
8	0
1	0
1	0
1	0
8	0
8	0
1	0
1	0
16	0
16	0
1	0
8	0
8	0
1	0
1	0
1	0
8	0
8	0
1	0
1	0
1	0
12	0
8	6
1	0
1	0
1	0
1	1
8	0
8	0
12	0
8	0
12	8
12	0
12	4
12	0
17	11
17	0
2	2
9	0
1	1
17	0
17	5
9	0
1	1
8	8
1	0
1	0
1	0
1	0
1	1
2	2
6	6
6	0
1	0
1	9
8	0
8	0
8	0
8	0
8	8
16	0
16	0
16	16
13	13
13	0
1	0
1	0
8	0
8	0
8	0
1	0
8	0
1	0
1	0
8	0
8	0
8	0
16	0
12	0
12	0
12	0
12	0
6	6
8	0
8	8
4	0
4	4
6	6
8	0
8	0
8	8
16	0
16	0
16	0
16	16
13	13
14	6
12	0
12	0
12	0
8	8
17	0
17	0
17	16
17	6
12	0
12	0
8	8
16	0
16	0
16	16
4	4
13	13
13	0
1	0
1	0
1	0
1	0
1	0
8	0
8	0
8	0
17	0
1	0
17	0
1	0
12	0
1	0
17	0
8	0
8	0
16	0
3	0
1	0
1	0
8	0
16	0
1	0
1	0
16	0
1	0
13	0
3	0
4	4
11	0
11	0
11	11
1	0
1	6
8	0
8	0
8	8
16	0
16	0
16	16
13	13
13	0
1	0
16	0
16	0
1	0
1	0
16	0
16	0
16	0
3	0
16	0
1	0
1	0
1	0
1	0
1	0
1	0
16	0
16	0
16	0
1	0
16	0
3	0
16	0
1	0
1	0
1	0
1	0
16	0
16	0
3	0
16	0
16	0
16	0
16	0
16	0
1	0
1	0
1	0
1	0
1	0
1	0
16	0
16	0
16	0
12	0
8	6
12	12
12	12
17	0
17	5
16	0
11	6
8	0
8	0
8	8
13	13
13	0
8	0
8	0
12	0
8	0
16	0
8	0
8	0
16	0
16	0
8	0
12	0
16	0
16	0
16	0
16	0
1	0
8	0
8	0
8	0
8	0
8	0
8	0
12	0
8	0
8	0
8	0
16	0
16	0
8	0
8	0
8	0
8	0
8	0
8	0
12	0
12	0
12	0
16	0
16	0
1	0
8	0
8	0
8	0
8	0
8	0
8	0
8	0
12	0
17	3
17	0
17	0
17	4
17	6
17	0
8	0
8	8
3	0
1	0
1	16
4	0
16	4
8	0
12	0
8	8
5	2
12	0
12	0
12	0
8	12
13	0
1	0
8	0
1	0
8	0
17	0
17	0
17	0
1	0
1	0
1	0
1	0
1	0
1	0
8	0
8	0
1	0
8	0
12	0
8	0
1	0
16	0
1	0
8	0
8	0
17	0
17	0
17	0
17	0
16	0
17	0
16	0
16	0
1	0
1	0
1	0
1	0
1	0
12	0
12	0
12	11
3	0
3	0
3	16
8	0
13	0
3	0
1	0
1	0
1	8
2	2
6	6
8	0
8	0
8	0
8	8
1	0
1	16
12	0
12	0
12	1
8	0
8	0
8	0
12	0
8	0
8	1
5	5
8	0
8	0
8	0
8	0
8	1
12	0
12	0
8	0
8	0
8	8
4	0
4	4
3	0
3	10
1	0
1	0
1	0
1	1
13	13
13	0
1	0
1	0
8	0
1	0
1	0
1	0
1	0
1	0
1	0
1	0
12	0
2	0
3	14
8	0
8	0
8	0
8	8
16	0
16	0
16	16
11	0
2	0
2	0
3	0
16	16
3	0
6	11
3	0
3	3
1	0
1	0
1	1
5	6
1	0
3	0
1	0
1	0
1	0
1	1
8	0
8	0
8	0
8	0
8	0
8	0
8	0
8	0
8	8
13	13
13	0
1	0
1	0
1	0
1	0
1	0
1	0
1	0
1	0
1	0
1	0
1	0
1	0
8	0
1	0
8	0
3	0
3	0
16	0
16	0
3	0
12	0
16	0
11	0
11	3
1	0
1	0
1	0
1	0
1	0
1	1
8	8
5	5
3	0
3	3
16	0
16	0
16	16
6	6
8	0
8	0
8	0
1	0
1	8
1	3
2	0
6	0
6	6
8	0
8	0
8	8
13	13
11	0
14	0
14	14
6	6
12	0
8	0
8	8
12	0
12	0
12	11
4	0
4	16
13	13
13	0
1	0
1	0
12	0
1	0
1	0
1	0
1	0
1	0
16	0
1	0
1	0
1	0
1	0
3	0
3	0
12	0
17	0
5	5
6	6
8	0
8	8
16	0
16	16
17	0
1	11
17	0
9	10
13	13
13	0
14	0
14	14
6	6
8	0
8	0
8	8
1	6
12	0
12	8
16	0
1	0
16	16
13	13
1	0
1	0
1	0
1	0
1	0
16	3
4	0
11	4
11	0
11	11
3	0
3	3
3	0
3	0
3	0
3	3
13	13
13	0
1	0
1	0
16	0
16	0
16	0
1	0
16	0
16	0
1	0
16	0
17	0
1	0
17	0
1	0
16	0
12	0
2	2
1	0
1	0
1	6
1	0
1	0
1	1
8	0
8	0
8	0
8	0
8	8
5	0
12	16
3	0
6	0
6	11
3	0
1	3
1	0
1	0
1	0
1	11
8	0
8	0
8	8
16	0
16	16
13	13
13	0
1	0
16	0
16	0
16	0
16	0
16	0
16	0
16	0
3	0
1	0
1	0
16	0
16	0
1	0
8	0
1	0
1	0
1	0
1	0
1	0
1	0
1	0
1	0
16	0
8	0
16	0
16	0
5	0
16	0
11	0
11	11
11	0
11	4
2	0
2	2
2	0
3	0
6	11
8	2
17	6
8	0
8	0
8	0
8	8
12	0
11	6
8	8
13	13
13	0
3	0
1	0
8	0
1	0
1	0
16	0
1	0
3	0
3	0
8	0
8	0
8	0
1	0
8	0
16	0
1	0
1	0
1	0
16	0
1	0
1	0
16	0
1	0
8	0
1	0
1	0
1	0
3	0
16	0
1	0
8	0
1	0
8	0
8	0
8	0
8	0
8	0
1	0
8	0
16	0
13	0
13	13
13	0
11	0
14	14
11	0
11	11
3	0
3	2
8	0
8	0
8	0
8	8
1	6
1	0
1	1
8	0
8	8
2	0
2	0
2	2
1	6
8	0
8	0
8	0
8	8
16	0
16	0
16	0
16	16
13	13
13	0
6	0
5	3
16	0
16	16
11	0
11	11
3	3
3	2
3	0
1	0
1	0
1	11
1	0
1	0
2	16
13	13
13	0
3	0
1	0
16	0
8	0
1	0
1	0
1	0
1	0
1	0
1	0
1	0
12	0
3	3
3	0
4	0
16	0
16	0
16	16
3	0
6	11
3	0
1	0
1	0
3	3
6	6
8	0
8	0
13	0
1	0
17	0
1	0
13	0
1	0
1	0
1	0
1	0
1	8
13	13
13	0
3	0
3	0
1	0
1	0
1	0
1	0
8	0
8	0
1	0
1	0
8	0
1	0
1	0
8	0
1	0
1	0
1	0
1	0
8	0
3	0
3	0
3	0
3	0
3	0
3	0
3	0
3	0
1	0
1	0
8	0
1	0
1	0
12	0
11	11
16	0
16	16
5	2
6	6
1	13
1	0
1	0
1	1
1	13
8	0
8	0
8	0
8	0
8	8
13	13
13	0
1	0
1	0
1	0
8	0
8	0
8	0
8	0
1	0
1	0
1	0
1	0
1	0
1	0
1	0
1	0
8	0
1	0
8	0
8	0
8	0
1	0
1	0
1	0
1	0
1	0
8	0
8	0
1	0
1	0
8	0
8	0
8	0
8	0
1	0
1	0
1	0
1	0
1	0
1	0
1	0
8	0
1	0
12	0
12	0
12	0
4	10
3	0
3	0
3	3
12	12
13	13
5	0
5	5
2	3
12	0
12	0
12	10
12	0
12	0
12	12
13	13
13	0
1	0
1	0
1	0
8	0
8	0
16	0
1	0
1	0
16	0
8	0
16	0
16	0
1	0
1	0
1	0
1	0
1	0
8	0
16	0
16	0
1	0
1	0
16	0
1	0
16	0
16	0
1	0
1	0
16	0
16	0
16	0
1	0
1	0
8	0
16	0
16	0
16	0
1	0
1	0
1	0
12	0
11	11
4	0
4	0
4	0
16	0
16	16
3	0
3	0
2	0
1	0
1	1
13	13
13	13
4	0
4	16
17	6
12	0
12	12
12	12
13	13
8	0
8	0
8	8
12	0
12	0
12	0
12	0
12	0
12	8
5	5
8	0
8	0
8	0
8	8
8	0
8	0
8	0
8	0
8	0
8	0
8	0
8	8
2	0
2	2
8	0
8	8
12	0
12	0
12	0
12	12
13	13
13	0
1	0
1	0
1	0
1	0
16	0
16	0
16	0
13	0
6	6
8	0
8	0
8	0
8	0
8	8
16	0
16	0
16	0
16	16
3	0
2	2
6	6
8	0
8	0
8	8
5	5
3	0
3	2
8	0
8	8
2	0
6	0
6	2
8	0
8	0
8	0
8	8
16	0
16	0
16	16
13	13
13	0
1	0
1	0
8	0
1	0
1	0
3	0
1	0
1	0
8	0
1	0
1	0
1	0
1	0
1	0
1	0
16	0
16	0
16	0
16	0
16	0
16	0
8	0
3	0
1	0
1	0
1	0
12	0
13	13
1	0
1	0
8	0
8	8
4	0
4	0
4	0
4	0
4	4
8	0
2	0
2	2
12	6
12	0
8	0
8	8
2	2
8	0
8	0
8	0
8	8
3	0
3	3
16	0
2	0
16	0
16	3
12	0
11	0
12	16
13	13
13	0
1	0
12	0
12	0
12	0
8	0
1	0
1	0
8	0
12	0
8	0
3	0
8	0
8	0
16	0
1	0
12	0
12	0
3	0
3	0
16	0
3	0
8	0
8	0
2	0
17	0
1	0
13	0
6	6
8	0
8	0
8	0
8	0
8	8
17	0
17	0
16	0
16	16
3	0
1	0
1	0
1	0
1	0
1	0
1	0
1	0
1	0
1	1
17	0
12	4
12	13
13	13
4	0
4	16
11	6
12	12
12	0
12	0
12	12
13	13
8	0
8	0
8	8
2	2
2	6
8	0
8	0
8	0
8	0
8	0
8	0
8	0
8	8
2	2
12	0
5	0
12	0
12	0
12	12
13	13
13	0
3	0
16	0
16	0
1	0
1	0
1	0
13	0
5	0
5	5
2	2
3	3
1	0
3	0
3	0
1	0
1	16
1	0
3	0
3	0
1	3
6	6
1	0
1	0
1	0
1	1
8	0
8	0
8	0
8	0
8	0
8	0
8	0
8	0
8	8
2	2
12	0
8	8
5	2
12	6
8	0
8	0
8	0
8	0
8	8
13	13
13	0
1	0
1	0
1	0
1	0
16	0
8	0
1	0
16	0
16	0
16	0
1	0
1	0
1	0
1	0
1	0
3	0
3	0
1	0
1	0
1	0
12	0
13	13
6	2
8	8
2	2
6	6
8	0
8	0
8	0
8	8
16	0
16	0
16	4
3	0
6	11
3	0
1	3
2	2
1	0
1	0
1	0
1	0
1	1
8	0
8	0
8	0
8	0
8	0
8	0
8	0
8	0
8	0
8	0
8	0
8	0
8	0
8	8
10	0
2	0
2	0
2	10
13	13
13	13
16	0
16	0
16	0
16	0
16	0
16	16
12	6
12	12
12	12
13	13
3	0
1	0
1	0
1	1
8	0
8	0
13	0
13	0
13	13
12	6
8	0
8	0
8	0
1	1
8	0
8	8
1	0
16	0
16	0
16	0
16	16
3	0
1	3
3	3
1	1
5	5
3	0
3	2
8	0
8	0
8	0
8	8
12	6
12	0
8	0
8	0
8	0
8	0
8	8
13	13
13	0
1	0
1	0
1	0
1	0
1	0
1	0
1	0
1	0
1	0
1	0
1	0
8	0
1	0
1	0
1	0
1	0
1	0
16	0
1	0
16	0
16	0
16	0
16	0
16	0
16	0
16	0
12	0
3	3
3	0
16	0
16	0
16	0
16	16
17	0
11	0
11	0
2	11
3	3
1	0
12	0
12	11
5	5
11	0
11	6
1	0
1	0
1	0
1	0
3	1
8	0
8	0
8	0
8	0
8	0
8	0
8	0
8	0
8	0
8	0
8	0
8	0
8	0
8	8
13	13
13	0
1	0
16	0
16	0
16	0
1	0
16	0
1	0
1	0
3	0
16	0
16	0
16	0
16	0
16	0
17	0
17	0
1	0
1	0
1	0
1	0
8	0
13	0
12	13
8	2
17	0
11	11
8	0
1	0
16	0
16	0
16	0
11	16
6	6
8	0
8	0
8	0
8	0
8	8
5	5
6	6
8	0
8	0
8	0
8	0
8	0
8	8
1	0
1	0
1	3
16	0
17	0
17	10
13	13
13	0
1	0
16	0
16	0
16	0
1	0
1	0
1	0
1	0
16	0
16	0
16	0
16	0
1	0
1	0
16	0
16	0
16	0
8	0
8	0
1	0
16	0
16	0
16	0
16	0
1	0
8	0
8	0
13	0
13	13
12	6
12	0
12	0
12	8
16	0
16	0
16	16
17	6
12	0
12	0
8	0
8	0
8	8
1	0
1	0
1	0
1	0
1	0
1	0
1	1
3	0
17	0
3	0
3	3
1	0
1	0
1	1
13	13
13	0
1	0
12	0
12	0
1	0
1	0
1	0
1	0
1	0
1	0
3	0
1	0
1	0
1	0
1	0
1	0
1	0
1	0
1	0
1	0
1	0
1	0
17	0
17	0
8	0
1	0
1	0
12	0
12	0
3	0
13	0
3	3
3	6
12	0
12	0
12	8
4	0
4	4
3	0
11	0
3	0
3	3
1	0
1	0
1	0
1	0
16	1
13	13
13	13
4	0
4	16
17	6
12	12
12	12
13	13
13	0
8	0
8	0
8	0
8	0
8	0
8	0
8	0
1	0
1	0
1	0
8	0
8	0
8	0
3	0
16	0
8	0
8	0
8	0
12	0
12	0
1	0
8	0
1	0
8	0
8	0
8	0
8	0
3	0
3	0
1	0
1	0
1	0
1	0
1	0
13	0
13	13
8	0
8	0
8	0
8	0
8	0
8	8
16	0
16	0
16	16
3	0
11	11
3	0
1	0
1	0
1	3
2	2
8	0
8	0
8	8
13	13
13	0
1	0
8	0
1	0
8	0
8	0
8	0
8	0
8	0
3	0
3	0
3	0
1	0
1	0
1	0
8	0
1	0
8	0
8	0
8	0
8	0
8	0
8	0
8	0
8	0
1	0
1	0
8	0
8	0
8	0
8	0
8	0
8	0
3	0
3	0
3	0
3	0
1	0
13	0
8	6
12	0
12	0
8	0
8	0
12	1
8	0
12	8
4	0
11	4
3	0
2	0
3	0
3	3
1	1
5	5
2	0
2	2
11	0
11	11
16	2
12	6
8	0
8	8
3	0
17	0
3	0
3	3
1	0
1	0
1	0
1	0
1	1
13	13
13	13
13	0
1	0
1	0
16	0
1	0
8	0
16	0
1	0
8	0
8	0
1	0
1	0
12	0
12	0
16	0
16	0
1	0
1	0
16	0
16	0
3	0
3	0
3	0
3	0
12	0
14	3
3	6
8	0
8	0
8	0
8	0
8	0
8	8
1	0
12	0
12	0
16	0
1	16
17	0
2	2
8	0
8	0
8	0
8	0
8	8
1	0
1	0
1	1
8	10
13	13
13	0
1	0
1	0
1	0
8	0
8	0
1	0
16	0
17	0
1	0
1	0
1	0
1	0
1	0
16	0
8	0
1	0
1	0
8	0
8	0
8	0
16	0
1	0
1	0
1	0
1	0
1	0
16	0
1	0
1	0
1	0
16	0
16	0
17	0
13	0
3	0
3	3
13	13
13	0
1	0
8	0
8	0
8	0
8	0
8	0
1	0
1	0
1	0
8	0
8	0
8	0
8	0
1	0
1	0
8	0
8	0
8	0
8	0
8	0
1	0
1	0
1	0
8	0
8	0
8	0
1	0
1	0
1	0
1	0
8	0
8	0
8	0
1	0
1	0
1	0
8	0
8	0
8	0
8	0
1	0
1	0
1	0
8	0
8	0
8	0
1	0
1	0
1	0
8	0
8	0
1	0
1	0
1	0
1	0
13	0
13	13
3	0
2	0
2	2
6	6
1	0
1	0
1	6
8	16
3	0
16	0
16	0
16	0
16	2
16	0
6	0
1	6
8	0
8	0
8	1
13	13
8	0
8	0
8	0
8	0
8	1
16	0
5	5
3	0
3	3
8	0
8	0
8	0
1	1
8	0
8	0
8	0
8	0
8	8
2	0
6	6
8	0
8	0
8	0
8	8
13	13
13	0
1	0
1	0
16	0
16	0
16	0
1	0
8	0
16	0
16	0
16	0
16	0
16	0
13	0
8	0
8	0
2	2
5	6
8	0
8	8
4	0
11	4
11	0
11	6
11	11
12	12
11	5
8	0
12	12
13	13
8	13
13	0
1	0
3	0
1	0
3	0
1	0
1	0
1	0
1	0
3	0
16	0
3	0
3	0
3	0
1	0
1	0
1	0
1	0
1	0
1	0
1	0
1	0
3	0
16	0
3	0
3	0
1	0
1	0
1	0
1	0
1	0
8	0
8	0
1	0
16	0
3	0
3	0
3	0
3	0
1	0
1	0
1	0
12	0
2	3
3	0
12	6
8	8
16	0
16	4
2	2
2	6
12	0
12	0
12	12
12	0
12	0
12	0
12	12
13	0
8	0
8	0
16	0
16	0
8	0
8	0
8	0
1	0
16	0
16	0
16	0
8	0
8	0
8	0
8	0
1	0
12	0
12	0
1	0
8	0
1	0
1	0
16	0
16	0
1	0
8	0
8	0
8	0
8	0
8	0
8	0
8	0
1	0
1	0
16	0
16	0
1	0
8	0
8	0
8	0
1	0
1	0
12	0
12	0
6	6
1	0
1	0
1	6
8	0
8	0
8	0
8	8
16	0
16	0
16	16
3	0
2	2
12	0
8	0
1	0
8	0
8	0
8	0
8	8
13	13
13	0
1	0
1	0
8	0
8	0
8	0
8	0
8	0
16	0
3	0
3	0
1	0
8	0
1	0
1	0
8	0
1	0
8	0
8	0
8	0
8	0
8	0
1	0
8	0
8	0
8	0
1	0
1	0
1	0
1	0
8	0
8	0
8	0
16	0
3	0
3	0
3	0
3	0
12	0
17	0
17	0
2	2
1	0
17	11
13	13
3	11
3	0
6	0
14	0
14	16
8	0
8	0
8	0
8	0
8	0
8	8
6	0
1	16
8	6
12	12
12	0
12	12
12	0
3	0
3	16
1	0
2	0
1	1
13	13
13	0
1	0
1	0
1	0
1	0
16	0
1	0
1	0
1	0
1	0
8	0
8	0
1	0
12	0
12	0
1	0
8	0
1	0
16	0
16	0
1	0
1	0
1	0
3	0
16	0
16	0
1	0
1	0
1	0
12	0
1	0
1	0
1	0
8	0
8	0
8	0
8	8
16	0
4	0
3	16
2	3
8	2
9	9
8	0
8	0
8	8
17	3
8	0
8	0
8	0
8	8
12	11
16	0
16	0
16	0
16	16
3	3
3	0
3	6
8	0
8	0
8	8
17	0
12	2
1	1
8	0
8	8
13	13
13	0
1	0
1	0
1	0
8	0
1	0
1	0
1	0
1	0
1	0
8	0
8	0
8	0
16	0
1	0
16	0
16	0
3	0
8	0
8	0
17	0
12	0
11	11
8	0
16	0
16	0
16	0
16	0
16	16
1	0
1	0
1	0
1	0
1	0
1	0
1	3
17	0
3	0
3	0
3	3
13	13
14	0
11	0
14	14
3	0
11	11
3	0
6	6
8	0
8	0
8	0
8	0
8	0
8	0
8	0
8	0
8	8
16	0
16	16
13	13
13	0
1	0
3	0
16	0
16	0
16	0
16	0
1	0
3	0
3	0
16	0
16	0
1	0
1	0
1	0
1	0
1	0
1	0
1	0
1	0
1	0
12	0
2	2
12	6
12	0
12	0
12	12
12	0
12	0
12	0
12	12
2	2
8	0
8	12
12	12
9	2
2	0
2	0
2	0
6	6
8	0
8	8
17	0
17	0
16	0
17	16
16	0
16	0
16	3
3	0
3	3
17	0
17	0
17	10
17	0
17	0
17	0
9	2
12	0
12	0
8	0
8	0
8	8
13	13
13	0
1	0
3	0
1	0
8	0
8	0
8	0
17	0
8	0
17	0
17	0
16	0
16	0
1	0
1	0
12	0
12	0
13	0
13	13
1	6
12	0
1	0
1	0
8	0
8	0
8	0
8	8
4	0
11	4
1	6
8	0
8	0
8	0
8	0
8	8
2	2
17	0
2	0
11	0
11	6
8	0
8	0
8	0
8	8
13	13
13	13
16	0
2	16
2	6
12	12
12	0
12	12
13	13
2	0
2	2
13	13
8	0
8	0
8	8
12	0
8	0
1	0
8	0
8	0
8	8
13	13
13	13
12	0
8	0
8	8
5	5
8	0
8	8
8	0
2	0
2	2
13	0
13	0
13	13
6	6
8	0
8	8
16	0
4	0
16	4
3	6
1	0
1	1
8	0
8	0
8	0
8	8
17	0
2	0
2	2
17	0
2	11
13	13
13	0
12	0
17	0
17	0
8	0
12	0
8	0
12	0
3	0
3	0
1	0
1	0
8	0
8	0
8	0
1	0
17	0
12	0
12	0
8	0
12	0
8	0
8	0
17	0
12	0
8	0
12	0
1	0
1	0
16	0
16	0
16	0
3	0
3	0
1	0
1	0
1	0
8	0
8	0
12	0
11	11
11	0
11	4
5	6
16	0
16	0
16	1
8	0
8	8
2	2
2	0
2	0
11	0
11	6
8	0
8	0
8	0
8	0
8	0
8	0
8	8
13	13
13	0
1	0
1	0
1	0
1	0
1	0
1	0
1	0
2	0
1	0
1	0
1	0
1	0
8	0
1	0
2	0
8	0
1	0
8	0
8	0
8	0
8	0
1	0
8	0
16	0
1	0
1	0
1	0
1	0
1	0
1	0
1	0
1	0
2	0
1	0
1	0
1	0
13	0
3	11
4	0
11	4
4	0
11	0
11	0
11	6
8	0
8	0
8	0
8	8
5	5
11	0
11	4
1	0
1	0
1	1
2	2
2	0
11	0
11	0
11	6
8	0
8	0
8	8
5	5
2	0
2	0
11	0
11	6
8	0
8	8
1	0
16	0
16	16
13	13
13	13
13	0
1	0
16	0
16	0
1	0
1	0
8	0
16	0
1	0
3	0
16	0
16	0
16	0
1	0
1	0
1	0
1	0
1	0
8	0
1	0
16	0
16	0
11	0
11	11
16	0
16	0
16	16
1	0
1	11
17	0
11	0
1	3
2	0
2	2
2	0
2	0
11	11
13	0
11	0
14	14
3	0
6	11
8	0
8	8
17	0
5	5
8	0
8	8
1	0
1	0
1	0
16	16
13	13
13	0
1	0
1	0
1	0
16	0
16	0
16	0
1	0
1	0
1	0
8	0
16	0
16	0
1	0
8	0
8	0
8	0
8	0
1	0
1	0
1	0
1	0
1	0
1	0
1	0
3	0
1	0
1	0
8	0
16	0
6	2
8	0
8	17
5	5
8	0
8	0
8	0
8	0
8	0
8	8
16	0
16	0
16	0
16	16
6	6
1	0
1	0
1	11
8	2
2	0
11	0
11	6
8	0
8	0
8	0
8	0
8	8
13	13
13	0
1	0
3	0
16	0
16	0
16	0
1	0
1	0
1	0
16	0
16	0
8	0
2	0
2	0
1	0
8	0
1	0
2	0
1	0
8	0
8	0
8	0
16	0
1	0
16	0
16	0
16	0
16	0
16	0
16	0
16	0
13	0
13	13
11	11
4	0
11	4
3	3
3	0
11	11
13	13
3	11
17	0
2	11
17	0
3	10
1	0
6	0
1	0
1	0
1	1
11	0
11	4
13	13
13	0
1	0
1	0
16	0
1	0
1	0
1	0
1	0
1	0
1	0
1	0
1	0
1	0
1	0
1	0
1	0
1	0
1	0
1	0
1	0
1	0
1	0
1	0
1	0
1	0
1	0
3	0
16	0
1	0
1	0
1	0
1	0
1	0
1	0
1	0
1	0
1	0
1	0
12	0
17	11
12	0
12	16
1	0
1	0
1	0
1	16
13	13
3	3
3	0
11	11
1	0
1	0
1	0
1	0
16	16
13	13
13	0
1	0
1	0
1	0
1	0
16	0
16	0
1	0
1	0
16	0
12	0
16	0
1	0
1	0
1	0
1	0
1	0
1	0
16	0
16	0
16	0
1	0
16	0
16	0
16	0
16	0
16	0
16	0
1	0
17	0
12	0
17	0
16	0
1	0
1	0
1	0
1	0
1	0
1	0
1	0
1	0
1	0
11	0
11	11
4	0
11	4
1	0
1	0
1	1
5	5
3	0
11	11
3	0
11	0
3	16
2	6
8	0
8	0
8	0
8	8
17	0
2	2
8	8
8	0
5	5
8	0
8	0
8	0
8	0
8	0
8	0
8	8
16	0
16	0
12	16
13	13
13	0
16	0
16	0
16	0
16	0
16	0
1	0
8	0
8	0
1	0
8	0
8	0
1	0
8	0
16	0
1	0
1	0
16	0
16	0
16	0
16	0
1	0
1	0
8	0
3	0
8	0
13	0
11	11
4	0
11	4
3	6
1	0
1	0
1	0
1	0
1	0
1	0
1	1
8	0
8	0
8	8
13	13
13	13
4	0
2	16
17	6
12	12
12	0
12	12
13	13
13	0
8	0
8	0
8	0
8	0
8	0
1	0
1	0
1	0
1	0
8	0
8	0
8	0
1	0
1	0
1	0
8	0
8	0
12	0
12	0
8	0
8	0
8	0
8	0
1	0
1	0
1	0
1	0
1	0
1	0
1	0
1	0
1	0
1	0
1	0
8	0
12	0
12	6
8	0
8	0
8	0
8	0
8	0
8	0
8	8
16	0
16	0
16	0
16	0
16	16
3	0
3	3
1	0
9	1
8	0
8	0
8	0
8	0
8	8
13	13
13	0
1	0
1	0
1	0
8	0
16	0
1	0
1	0
16	0
16	0
16	0
16	0
1	0
1	0
1	0
1	0
8	0
8	0
8	0
8	0
8	0
1	0
1	0
1	0
1	0
1	0
8	0
8	0
8	0
8	0
1	0
16	0
16	0
16	0
16	0
16	0
12	0
8	0
8	3
3	0
3	0
3	0
2	16
3	0
1	0
1	1
8	0
8	0
8	0
8	0
8	8
13	13
13	0
1	0
1	0
1	0
1	0
16	0
8	0
1	0
1	0
8	0
16	0
1	0
1	0
1	0
1	0
1	0
1	0
8	0
8	0
16	0
8	0
1	0
1	0
1	0
1	0
1	0
8	0
8	0
1	0
1	0
1	0
8	0
8	0
16	0
1	0
1	0
1	0
1	0
1	0
1	0
1	0
8	0
8	0
8	0
13	0
13	13
12	6
8	0
8	0
8	0
8	0
8	8
16	0
16	0
16	4
11	0
11	11
3	3
1	0
1	0
3	0
1	0
1	0
1	0
16	16
13	13
13	0
1	0
1	0
1	0
1	0
1	0
1	0
3	0
16	0
16	0
16	0
3	0
1	0
1	0
16	0
16	0
16	0
1	0
1	0
16	0
16	0
3	0
16	0
1	0
1	0
1	0
1	0
1	0
1	0
8	0
1	0
16	0
16	0
16	0
16	0
16	0
11	0
1	0
12	0
12	0
12	0
12	0
8	8
4	0
11	4
3	0
11	0
3	0
3	3
3	0
1	1
13	13
13	0
1	0
1	0
1	0
1	0
1	0
1	0
1	0
1	0
1	0
8	0
1	0
8	0
1	0
3	0
3	0
1	0
1	0
1	0
1	0
1	0
1	0
1	0
1	0
1	0
1	0
1	0
16	0
1	0
1	0
1	0
1	0
1	0
1	0
12	0
1	0
1	0
8	0
3	0
3	0
3	0
1	0
1	0
1	0
1	0
1	0
12	0
8	6
8	0
12	0
8	0
8	8
4	0
4	4
3	0
4	0
17	0
2	3
2	3
3	0
1	3
1	0
1	0
1	1
13	13
13	0
1	0
8	0
8	0
1	0
1	0
1	0
1	0
1	0
8	0
3	0
3	0
3	0
3	0
3	0
1	0
1	0
1	0
1	0
16	0
1	0
8	0
8	0
8	0
8	0
1	0
1	0
1	0
1	0
12	0
12	0
8	0
8	0
8	0
3	0
3	0
3	0
12	0
1	0
3	0
1	0
13	0
6	2
8	0
8	0
8	0
8	0
8	8
12	0
16	16
3	0
11	11
16	0
11	11
17	0
1	3
1	0
1	0
1	0
1	1
1	0
17	0
11	0
11	0
11	16
13	13
13	0
1	0
1	0
1	0
16	0
16	0
16	0
16	0
16	0
1	0
16	0
1	0
16	0
16	0
16	0
16	0
1	0
1	0
1	0
16	0
16	0
1	0
1	0
1	0
1	0
16	0
16	0
16	0
16	0
16	0
16	0
16	0
16	0
16	0
1	0
13	0
2	0
2	0
2	0
2	0
3	3
13	13
1	0
1	0
1	0
1	0
17	16
17	0
17	11
3	3
3	0
3	6
8	0
8	0
8	0
8	0
8	0
8	1
8	0
12	0
12	0
12	0
8	8
16	2
16	0
11	0
6	6
8	0
8	0
8	0
8	0
8	8
13	13
13	0
1	0
1	0
1	0
17	0
16	0
16	0
16	0
8	0
16	0
2	0
16	0
16	0
16	0
17	0
17	0
17	0
1	0
17	0
17	0
17	0
17	0
12	0
17	0
17	16
17	0
2	0
2	2
17	0
1	0
17	16
13	13
17	0
17	16
17	0
2	0
2	2
17	0
1	0
17	16
13	13
13	0
1	0
8	0
8	0
1	0
1	0
1	0
1	0
1	0
8	0
1	0
1	0
1	0
1	0
1	0
1	0
1	0
1	0
1	0
16	0
1	0
1	0
1	0
1	0
1	0
1	0
1	0
1	0
1	0
16	0
16	0
1	0
1	0
1	0
17	0
8	0
1	0
1	0
1	0
1	0
1	0
13	0
5	0
16	0
2	0
14	4
16	0
6	0
3	3
3	0
3	0
1	0
1	1
13	13
14	0
11	0
14	14
1	6
8	0
8	0
8	0
8	0
8	8
1	0
1	0
1	0
1	0
3	3
3	3
3	0
1	0
2	6
8	0
12	0
8	0
8	0
8	8
16	0
2	0
16	0
16	0
16	16
13	13
14	0
11	0
14	14
1	6
1	0
8	0
1	0
8	0
8	0
8	0
8	8
3	0
3	0
3	3
1	0
1	0
1	0
13	0
12	0
6	6
8	0
8	0
8	0
8	0
8	8
16	0
16	0
16	0
11	16
13	13
2	0
2	16
6	6
12	12
12	0
12	12
13	13
13	0
1	0
1	0
16	0
8	0
12	0
8	0
1	0
1	0
16	0
16	0
16	0
16	0
16	0
16	0
8	0
8	0
8	0
12	0
8	0
8	0
8	0
16	0
16	0
16	0
8	0
8	0
1	0
1	0
8	0
8	0
8	0
8	0
16	0
16	0
16	0
16	0
16	0
16	0
16	0
8	0
12	0
12	10
3	0
3	3
13	13
14	0
11	0
14	14
3	0
6	11
1	0
9	1
8	0
8	0
8	8
2	0
11	2
1	1
8	0
8	0
8	8
16	0
16	0
16	0
16	16
13	13
17	0
11	0
2	6
12	0
8	0
8	0
8	0
8	8
1	0
16	0
16	16
16	0
11	11
2	3
3	0
16	0
1	3
13	13
13	0
16	0
16	0
16	0
16	0
16	0
16	0
16	0
16	0
3	0
3	0
3	0
1	0
1	0
1	0
8	0
12	0
8	0
8	0
8	8
8	0
2	0
2	2
6	6
8	0
8	0
8	0
8	8
4	0
11	4
2	0
2	2
2	0
2	0
6	11
17	6
12	0
12	0
12	0
8	0
8	0
8	8
2	2
6	6
12	0
12	0
8	8
13	13
13	0
1	0
1	0
1	0
1	0
8	0
1	0
8	0
1	0
1	0
1	0
1	0
8	0
8	0
1	0
1	0
8	0
8	0
8	0
1	0
1	0
1	0
8	0
8	0
8	0
16	0
16	0
1	0
12	0
8	0
12	0
12	6
8	0
8	0
8	0
8	8
16	0
16	0
16	16
1	0
1	0
1	3
3	3
13	13
2	0
2	2
11	0
11	0
11	11
1	0
1	0
1	0
3	0
1	0
1	0
3	16
1	0
1	0
1	4
13	13
13	0
1	0
1	0
1	0
1	0
1	0
16	0
8	0
8	0
8	0
1	0
1	0
1	0
8	0
8	0
1	0
1	0
1	0
1	0
16	0
16	0
16	0
16	0
16	0
1	0
1	0
1	0
1	0
13	0
13	13
3	0
6	0
6	2
1	0
1	1
8	0
8	8
16	0
16	0
16	16
11	0
11	11
2	6
12	0
12	0
8	0
8	8
1	0
1	3
17	0
11	0
3	3
1	0
1	0
1	1
2	0
2	2
5	6
8	0
8	0
8	0
8	0
8	8
5	5
3	0
11	0
5	0
1	3
16	0
16	0
16	0
16	16
3	0
11	11
1	0
11	11
13	13
13	0
1	0
1	0
1	0
8	0
8	0
16	0
16	0
16	0
16	0
1	0
12	0
5	0
3	3
16	0
16	0
16	16
11	0
11	11
11	0
11	11
1	0
11	10
13	13
3	0
3	0
5	0
2	0
16	0
16	0
16	16
12	0
12	0
12	8
11	0
11	2
2	0
6	0
1	2
1	1
8	0
8	0
8	0
8	0
8	8
13	13
13	0
1	0
1	0
1	0
16	0
1	0
16	0
16	0
3	0
3	0
3	0
1	0
1	0
3	0
16	0
16	0
16	0
16	0
1	0
1	0
1	0
1	0
1	0
3	0
3	0
12	0
3	3
3	0
16	0
16	0
16	0
16	0
16	16
11	0
11	11
2	3
1	0
11	6
8	0
8	8
2	2
2	0
1	0
1	6
8	0
8	0
8	0
8	0
8	0
8	0
8	8
13	13
13	0
3	0
1	0
8	0
8	0
1	0
1	0
1	0
1	0
1	0
1	0
1	0
1	0
1	0
1	0
1	0
8	0
8	0
8	0
8	0
3	0
3	0
3	0
16	0
16	0
16	0
3	0
3	0
8	0
1	0
1	0
1	0
1	0
13	0
3	2
17	0
8	0
12	8
16	0
16	0
16	16
11	0
11	11
3	0
3	0
3	3
17	3
17	0
17	3
17	0
17	0
17	0
1	1
13	13
13	13
2	0
2	16
17	6
12	12
12	0
12	12
13	13
13	0
1	0
17	0
3	0
3	0
8	0
8	0
8	0
8	0
8	0
1	0
8	0
8	0
8	0
16	0
8	0
8	0
8	0
1	0
1	0
8	0
3	0
3	0
16	0
3	0
8	0
8	0
17	0
17	0
17	0
17	0
13	0
13	13
3	0
12	0
12	6
12	0
8	0
12	8
17	0
17	0
17	0
17	4
2	3
17	0
17	0
16	10
17	6
3	0
1	0
1	1
8	0
8	0
8	0
8	0
8	8
5	5
11	0
11	11
13	13
13	0
1	0
1	0
1	0
1	0
16	0
16	0
16	0
16	0
8	0
1	0
1	0
16	0
16	0
16	0
16	0
8	0
1	0
1	0
8	0
8	0
17	0
1	0
16	0
1	0
17	0
16	0
16	0
1	0
17	0
17	0
12	0
11	11
16	0
16	0
2	0
16	0
16	0
16	16
3	0
3	2
12	0
8	0
8	8
8	0
8	0
8	8
5	5
13	13
11	0
2	0
11	1
13	13
8	0
4	0
16	10
13	13
13	0
1	0
16	0
1	0
1	0
1	0
1	0
1	0
1	0
16	0
16	0
16	0
1	0
1	0
1	0
1	0
8	0
8	0
16	0
16	0
1	0
8	0
16	0
16	0
16	0
16	0
16	0
16	0
1	0
1	0
1	0
1	0
1	0
1	0
13	0
11	0
11	11
16	0
16	0
16	0
16	16
17	6
12	0
12	8
16	0
2	0
11	1
13	13
12	0
12	0
12	0
12	16
13	13
13	0
1	0
16	0
8	0
8	0
12	0
12	0
16	0
16	0
16	0
8	0
1	0
1	0
1	0
1	0
1	0
1	0
12	0
12	0
12	0
12	0
16	0
1	0
8	0
8	0
12	0
16	0
16	0
16	0
16	0
16	0
16	0
16	0
16	0
1	0
8	0
1	0
1	0
1	0
1	0
1	0
13	0
11	0
11	11
17	0
17	0
17	0
16	16
17	6
12	0
12	8
3	0
3	0
1	0
1	0
1	1
13	13
13	13
13	0
1	0
16	0
8	0
8	0
8	0
1	0
1	0
1	0
16	0
16	0
16	0
8	0
1	0
1	0
1	0
1	0
1	0
1	0
1	0
1	0
1	0
1	0
16	0
8	0
8	0
1	0
1	0
1	0
16	0
16	0
16	0
16	0
16	0
16	0
16	0
1	0
8	0
3	0
1	0
1	0
1	0
1	0
12	0
3	3
1	0
17	0
17	0
17	0
17	16
16	0
1	0
17	0
1	0
1	0
16	0
1	3
3	0
3	0
6	0
6	2
8	0
8	0
8	0
8	0
8	0
8	0
8	0
8	0
8	8
13	13
13	0
1	0
1	0
1	0
1	0
16	0
16	0
1	0
1	0
1	0
1	0
1	0
16	0
1	0
1	0
1	0
1	0
8	0
1	0
16	0
1	0
1	0
17	0
17	0
16	0
1	0
1	0
1	0
1	0
16	0
16	0
16	0
12	0
5	0
5	5
6	6
8	0
8	0
8	8
2	2
8	0
8	0
8	0
8	0
8	8
16	16
11	0
11	11
1	3
17	0
17	0
17	10
17	10
17	0
17	0
17	0
17	16
13	13
13	0
1	0
1	0
1	0
1	0
1	0
16	0
16	0
16	0
16	0
3	0
1	0
1	0
17	0
17	0
17	0
17	0
17	0
1	0
1	0
1	0
1	0
16	0
1	0
1	0
8	0
1	0
1	0
1	0
8	0
8	0
16	0
16	0
16	0
12	0
11	11
4	0
4	4
1	0
3	0
3	0
1	3
1	0
1	0
1	0
1	3
1	0
1	0
1	1
13	13
16	0
16	0
16	16
12	6
12	12
12	0
12	12
13	13
13	0
1	0
8	0
8	0
8	0
1	0
1	0
1	0
1	0
1	0
1	0
1	0
3	0
1	0
16	0
8	0
8	0
8	0
8	0
8	0
8	0
8	0
8	0
8	0
8	0
3	0
3	0
1	0
1	0
1	0
1	0
1	0
1	0
1	0
1	0
1	0
13	0
13	13
3	3
16	0
16	0
16	0
16	0
16	16
17	0
11	0
11	6
8	0
8	8
1	0
1	1
3	0
3	5
3	0
11	0
1	1
17	0
2	10
13	13
13	13
13	0
3	0
17	0
8	0
17	0
8	0
8	0
1	0
1	0
1	0
3	0
8	0
1	0
1	0
1	0
1	0
1	0
17	0
1	0
1	0
1	0
1	0
1	0
1	0
3	0
3	0
3	0
16	0
3	0
17	0
17	0
8	0
8	0
1	0
1	0
3	0
12	0
5	0
5	5
3	3
9	9
8	0
8	0
8	8
2	0
3	0
2	16
11	0
11	0
9	6
1	0
1	0
1	1
8	0
8	0
8	0
8	0
8	8
17	3
1	0
1	16
13	13
13	0
1	0
8	0
16	0
1	0
16	0
1	0
8	0
8	0
16	0
1	0
1	0
16	0
16	0
16	0
16	0
16	0
16	0
1	0
1	0
16	0
16	0
16	0
16	0
16	0
1	0
16	0
16	0
16	0
16	0
8	0
3	0
1	0
1	0
13	0
13	13
5	0
5	5
3	0
12	0
12	6
8	0
8	0
8	0
8	0
8	8
16	0
16	0
16	16
3	3
17	0
12	0
3	3
1	0
1	1
13	13
14	0
11	0
14	14
3	0
6	11
3	6
1	0
1	0
1	3
1	0
4	0
4	10
16	16
13	13
5	5
3	0
11	11
4	0
4	0
4	4
3	0
11	11
2	3
3	0
3	0
3	3
1	0
11	0
1	1
1	0
12	0
17	10
11	0
1	0
16	0
16	16
13	13
13	0
13	0
2	2
12	12
12	0
12	0
12	0
12	12
8	0
8	0
8	0
8	8
8	0
17	5
17	0
12	6
12	0
12	0
12	0
12	8
13	13
13	0
16	0
1	0
1	0
12	0
12	0
8	0
1	0
1	0
8	0
16	0
8	0
16	0
17	0
12	0
12	0
12	0
12	0
17	0
12	0
16	0
1	0
8	0
12	0
12	0
8	0
8	0
16	0
1	0
1	0
12	0
12	0
8	0
1	0
8	0
16	0
16	0
16	0
17	0
17	0
12	0
12	0
12	1
12	0
12	0
12	0
12	0
12	0
12	8
5	5
8	0
12	0
12	0
12	8
12	0
12	11
16	0
16	4
2	0
2	6
8	0
8	0
8	0
8	8
1	0
16	16
13	13
3	0
3	11
3	0
1	0
3	3
1	0
2	0
3	0
3	3
8	0
8	0
8	0
8	8
17	0
6	0
3	3
1	0
3	4
13	13
13	0
1	0
1	0
16	0
12	0
12	0
1	0
1	0
16	0
1	0
12	0
12	0
16	0
12	0
17	0
17	6
17	0
16	0
1	1
8	0
8	0
8	8
17	0
2	2
8	0
8	0
8	8
3	10
12	0
12	0
1	0
1	16
13	13
13	0
8	0
8	0
17	0
1	0
1	0
1	0
16	0
16	0
17	0
17	0
17	0
1	0
16	0
16	0
16	0
12	0
1	0
1	0
1	0
16	0
1	0
17	0
16	0
17	0
1	0
16	0
1	0
16	0
16	0
17	0
16	0
16	0
16	0
17	0
16	0
1	0
1	0
16	0
16	0
16	0
13	0
3	0
3	3
3	0
1	0
1	16
13	13
13	0
16	0
1	0
16	0
1	0
16	0
16	0
16	0
16	0
1	0
1	0
1	0
1	0
16	0
8	0
8	0
1	0
1	0
1	0
1	0
1	0
16	0
1	0
1	0
1	0
16	0
16	0
16	0
16	0
1	0
1	0
1	0
1	0
1	0
16	0
16	0
16	0
1	0
16	0
1	0
8	0
8	0
1	0
1	0
1	0
1	0
16	0
16	0
16	0
1	0
16	0
1	0
16	0
13	0
5	2
1	0
1	0
16	0
1	1
8	0
8	0
8	8
1	0
3	0
3	0
3	0
3	3
13	13
13	0
1	0
1	0
16	0
16	0
8	0
8	0
16	0
1	0
16	0
16	0
1	0
1	0
8	0
1	0
1	0
1	0
1	0
16	0
16	0
16	0
1	0
1	0
16	0
16	0
1	0
1	0
1	0
16	0
1	0
1	0
16	0
8	0
8	0
8	0
8	0
1	0
1	0
8	0
1	0
1	0
1	0
1	0
16	0
16	0
12	0
3	14
3	0
3	11
2	0
2	2
8	0
8	8
2	2
17	0
12	6
12	0
12	0
12	8
1	0
1	0
16	0
16	16
4	0
4	4
13	13
3	11
16	0
11	11
16	0
16	0
16	16
13	13
14	0
11	11
8	0
8	0
8	0
8	0
8	0
8	0
8	8
16	0
16	0
16	16
13	13
11	0
11	11
2	3
17	0
1	0
16	16
13	13
5	0
5	5
2	0
2	2
2	0
6	6
8	0
8	0
8	8
12	0
12	12
13	0
13	0
2	2
3	0
6	0
11	0
3	3
13	13
13	0
1	0
1	0
16	0
16	0
16	0
16	0
16	0
16	0
16	0
16	0
16	0
16	0
1	0
8	0
8	0
16	0
3	0
3	0
3	0
1	0
1	0
16	0
16	0
16	0
16	0
1	0
16	0
16	0
16	0
16	0
16	0
16	0
1	0
1	0
1	0
1	0
1	0
1	0
16	0
16	0
16	0
16	0
3	0
3	0
1	0
1	0
1	0
1	0
1	0
1	0
1	0
16	0
13	0
1	0
1	1
1	0
1	0
16	0
16	0
16	0
16	16
16	0
11	11
1	6
1	0
1	0
1	0
1	0
1	1
8	0
8	0
8	0
8	0
8	8
2	0
2	2
8	0
8	0
8	0
8	0
8	8
13	13
13	0
16	0
1	0
1	0
1	0
16	0
16	0
1	0
1	0
1	0
1	0
1	0
8	0
16	0
1	0
1	0
1	0
1	0
1	0
1	0
3	0
3	0
16	0
16	0
16	0
16	0
16	0
1	0
1	0
1	0
12	0
8	8
5	5
8	0
8	0
8	8
4	0
4	4
17	0
2	2
12	0
8	0
8	8
12	0
12	0
12	0
12	16
13	13
8	0
8	0
8	0
8	8
16	0
16	0
1	16
13	13
14	0
11	0
14	14
3	0
2	2
12	0
8	0
8	0
8	0
8	0
8	8
2	6
8	0
8	0
8	0
8	8
4	0
4	16
3	0
1	0
1	0
16	16
4	0
4	4
13	13
13	0
8	0
1	0
1	0
8	0
1	0
16	0
16	0
16	0
17	0
17	11
17	0
17	16
17	11
17	3
1	0
1	1
2	2
2	0
6	6
8	0
8	0
8	0
8	0
8	0
8	8
2	0
2	2
12	0
8	0
8	8
13	13
13	0
1	0
17	0
1	0
8	0
1	0
1	0
1	0
1	0
1	0
1	0
1	0
17	0
16	0
1	0
1	0
1	0
1	0
8	0
16	0
16	0
8	0
1	0
1	0
17	0
17	0
17	0
17	0
17	0
1	0
1	0
8	0
1	0
1	0
1	0
1	0
8	0
12	0
2	2
12	0
12	6
12	0
12	0
12	0
12	8
4	0
4	4
11	11
2	0
16	0
16	16
13	13
14	0
11	0
14	14
16	0
11	0
11	11
11	0
11	11
3	0
3	3
1	0
1	0
1	0
1	1
1	0
1	0
1	0
1	16
13	13
13	0
1	0
1	0
8	0
16	0
16	0
16	0
8	0
16	0
8	0
16	0
3	0
3	0
12	0
12	0
1	0
1	0
16	0
16	0
16	0
8	0
8	0
8	0
8	0
16	0
8	0
13	0
11	11
4	4
17	0
6	6
8	0
8	0
8	8
2	0
2	2
8	0
8	0
8	0
8	8
13	13
13	0
1	0
1	0
8	0
16	0
1	0
1	0
1	0
1	0
1	0
1	0
1	0
1	0
16	0
1	0
1	0
1	0
8	0
16	0
16	0
1	0
1	0
1	0
8	0
8	0
16	0
16	0
16	0
1	0
1	0
1	0
8	0
1	0
16	0
1	0
1	0
1	0
1	0
1	0
1	0
1	0
8	0
8	0
8	0
16	0
12	0
12	0
12	11
16	0
16	0
16	16
17	0
6	6
8	0
8	8
16	0
2	2
17	6
8	0
8	0
8	8
12	16
5	5
16	0
16	0
12	16
17	3
2	2
2	0
6	6
1	0
12	0
12	0
12	1
12	0
12	8
5	6
8	0
8	0
8	0
8	8
13	13
13	0
3	0
1	0
1	0
8	0
8	0
8	0
8	0
8	0
1	0
16	0
16	0
16	0
16	0
17	0
1	0
1	0
8	0
16	0
16	0
17	0
1	0
17	0
12	0
12	0
6	6
8	0
8	0
8	0
8	0
8	8
16	0
16	0
16	0
16	0
16	16
2	2
2	0
1	6
8	0
8	0
8	8
13	13
13	0
1	0
8	0
1	0
8	0
8	0
8	0
1	0
8	0
8	0
1	0
1	0
3	0
3	0
8	0
1	0
1	0
8	0
8	0
8	0
8	0
8	0
1	0
1	0
1	0
8	0
8	0
1	0
1	0
1	0
1	0
1	0
8	0
3	0
3	0
1	0
16	0
1	0
3	0
12	0
13	0
11	11
11	0
11	4
3	0
3	3
1	0
16	16
13	13
14	0
11	0
14	14
17	0
11	0
12	6
12	0
12	0
1	0
12	1
12	0
12	0
12	8
2	0
2	2
6	0
6	6
8	0
8	0
8	8
17	0
17	0
12	10
1	0
1	0
1	0
1	3
5	6
1	0
1	0
1	0
1	1
8	8
16	0
16	0
4	0
4	0
4	16
1	0
11	16
13	13
13	0
1	0
1	0
16	0
16	0
16	0
16	0
1	0
12	0
1	0
12	0
12	0
8	0
8	8
16	0
1	16
2	3
12	0
12	11
13	13
13	0
8	0
1	0
8	0
12	0
12	0
8	0
8	0
16	0
8	0
12	0
12	0
12	0
12	0
16	0
16	0
16	0
12	0
12	0
12	0
12	0
12	0
12	0
12	0
12	0
12	0
12	0
8	0
8	0
16	0
12	0
12	0
12	0
12	0
12	0
1	0
1	0
1	0
16	0
16	0
16	0
16	0
12	0
12	0
12	0
12	0
12	0
1	0
1	0
1	0
12	0
3	6
11	0
16	0
16	1
8	0
8	0
8	0
8	8
16	0
16	0
17	16
11	0
11	11
17	0
2	2
12	0
12	8
9	9
8	0
2	2
17	17
17	17
17	17
13	13
13	0
1	0
17	0
1	0
16	0
16	0
16	0
1	0
8	0
17	0
17	0
1	0
17	0
1	0
8	0
8	0
1	0
17	0
1	0
8	0
16	0
8	0
8	0
17	0
17	0
1	0
1	0
17	0
3	0
3	0
17	0
17	0
17	0
3	0
17	0
12	0
12	0
12	0
12	6
8	0
8	0
8	0
8	0
8	0
8	0
8	8
12	12
12	0
12	12
2	0
16	0
1	0
16	0
16	16
2	6
8	0
8	0
8	8
2	0
2	2
12	0
12	8
12	0
12	0
12	8
2	0
2	2
1	0
1	0
1	0
1	1
8	0
8	0
8	8
13	13
13	0
1	0
1	0
8	0
3	0
1	0
8	0
12	0
12	0
16	0
16	0
1	0
1	0
1	0
8	0
16	0
16	0
16	0
12	0
3	0
17	0
17	11
17	0
17	16
17	0
12	6
17	0
8	0
8	8
13	13
13	0
17	0
17	0
17	0
17	0
17	0
17	0
17	0
17	0
17	0
17	0
17	0
8	0
17	0
17	0
17	0
17	0
17	0
17	0
8	0
8	0
17	0
1	0
1	0
1	0
17	0
17	0
17	0
1	0
17	0
1	0
17	0
17	0
8	0
17	0
17	0
17	0
17	0
17	0
17	0
17	0
17	0
1	0
17	0
8	0
8	0
17	0
17	0
17	0
17	0
12	0
12	0
12	3
16	0
16	0
16	0
11	16
2	3
2	6
8	0
8	0
8	0
8	0
8	0
8	8
2	0
2	2
3	0
6	1
8	0
8	0
8	0
8	0
8	8
2	2
17	0
6	6
8	0
8	0
8	0
8	8
2	0
2	2
8	0
8	0
8	8
2	0
2	2
8	0
8	0
8	8
13	13
13	0
1	0
1	0
1	0
1	0
1	0
8	0
8	0
3	0
1	0
3	0
8	0
8	0
1	0
1	0
8	0
8	0
3	0
12	0
11	0
11	11
3	0
17	4
17	0
12	0
12	6
8	0
8	0
8	0
8	0
8	0
8	0
8	0
8	8
12	0
4	0
4	0
4	3
3	0
2	0
2	2
3	0
11	6
8	0
8	0
8	0
8	0
8	8
2	0
2	0
1	0
16	0
16	16
13	13
11	0
14	14
14	0
11	0
11	11
2	3
2	2
8	0
8	12
12	0
2	2
2	0
6	6
8	0
8	0
8	0
8	8
2	0
10	2
1	0
17	0
1	0
1	6
13	0
12	0
3	11
12	0
4	0
4	0
16	16
12	0
12	0
12	11
1	6
8	0
8	0
8	0
8	0
8	8
2	2
17	0
6	6
8	0
8	0
8	0
8	8
13	13
13	0
1	0
1	0
8	0
1	0
16	0
16	0
1	0
8	0
8	0
8	0
8	0
8	0
1	0
1	0
1	0
8	0
8	0
8	0
16	0
16	0
1	0
1	0
8	0
8	0
12	0
12	0
12	0
1	0
12	0
12	0
1	0
1	0
8	0
8	0
8	0
8	0
12	0
1	0
16	0
16	0
16	16
11	0
11	11
16	0
11	11
3	3
13	13
14	0
14	14
11	0
11	11
17	0
12	0
12	11
1	0
1	16
16	0
16	4
13	13
13	0
1	0
1	0
16	0
16	0
16	0
16	0
16	0
16	0
16	0
16	0
16	0
16	0
16	0
16	0
16	0
1	0
1	0
16	0
16	0
16	0
1	0
1	0
1	0
16	0
16	0
16	0
16	0
16	0
16	0
16	0
16	0
16	0
16	0
16	0
16	0
16	0
13	0
12	0
12	6
12	12
12	0
12	0
12	0
12	12
8	0
8	0
8	0
8	8
2	0
2	2
8	0
8	12
8	0
8	17
13	13
13	0
12	0
16	0
8	0
16	0
16	0
12	0
12	0
16	0
16	0
16	0
8	0
16	0
16	0
16	0
1	0
16	0
1	0
16	0
12	0
12	0
16	0
1	0
16	0
8	0
16	0
12	0
8	0
12	0
16	0
16	0
16	0
12	0
16	0
8	0
1	0
8	0
16	0
16	0
16	0
1	0
13	0
17	0
17	0
17	0
16	0
17	16
17	0
11	11
16	0
11	11
3	3
17	0
17	3
13	13
13	0
1	0
1	0
1	0
12	0
1	0
16	0
16	0
16	0
16	0
16	0
16	0
16	0
16	0
16	0
16	0
16	0
12	0
1	0
1	0
1	0
1	0
16	0
1	0
1	0
12	0
16	0
16	0
16	0
16	0
16	0
16	0
16	0
1	0
1	0
16	0
16	0
16	0
16	0
16	0
16	0
16	0
12	0
17	0
17	0
1	0
12	0
11	0
11	11
16	0
16	0
4	0
4	16
8	0
8	0
8	17
5	5
8	0
8	0
8	0
8	0
8	0
13	0
12	0
12	8
1	0
12	0
12	16
13	13
13	0
1	0
1	0
1	0
1	0
16	0
16	0
16	0
1	0
8	0
1	0
8	0
16	0
16	0
1	0
16	0
1	0
1	0
1	0
16	0
16	0
16	0
1	0
1	0
16	0
3	0
16	0
16	0
1	0
1	0
16	0
16	0
16	0
8	0
8	0
8	0
8	0
12	0
5	0
4	11
12	0
12	0
12	0
12	3
17	0
12	3
12	0
12	0
12	0
12	16
17	0
12	4
12	6
13	13
1	0
1	1
8	0
8	0
8	8
13	13
16	0
16	0
16	16
12	0
8	0
12	12
13	13
12	6
8	0
8	0
8	0
8	0
8	8
2	0
2	2
8	0
8	0
8	0
8	8
2	2
1	0
1	0
1	1
8	0
8	0
8	0
8	8
13	13
12	0
12	0
12	0
12	0
12	12
13	13
3	4
1	0
13	0
12	0
2	2
2	0
6	6
8	0
8	0
8	0
8	8
8	0
8	0
8	0
8	0
8	8
12	13
8	0
8	0
8	8
4	0
4	4
6	6
12	0
12	12
12	0
12	0
12	12
5	5
1	6
8	0
8	0
12	12
2	2
2	0
2	6
13	13
1	0
1	1
8	0
8	0
8	8
13	13
16	0
1	0
16	16
4	0
4	4
13	13
13	0
2	0
2	0
1	0
1	0
1	0
1	0
1	0
1	0
1	0
1	0
1	0
1	0
8	0
12	0
9	2
17	6
8	8
16	0
16	0
16	16
17	6
12	0
12	0
12	0
8	8
12	0
12	0
12	12
13	13
12	6
12	0
8	0
8	8
2	2
2	6
8	8
17	0
17	0
17	0
12	4
5	6
1	0
16	0
16	1
8	0
8	8
13	13
14	0
12	14
8	0
8	0
8	0
8	8
8	2
12	6
8	0
8	8
2	2
12	0
8	8
3	0
16	0
16	0
16	16
5	0
11	0
4	0
3	16
16	0
11	4
13	13
13	0
12	0
13	0
6	6
8	0
12	0
12	1
13	13
8	0
1	8
8	0
8	0
8	0
8	8
13	13
12	0
12	0
12	12
13	13
8	6
12	12
12	0
12	12
13	13
9	9
13	13
4	0
4	0
4	4
1	0
1	1
8	0
8	0
8	0
8	8
2	0
2	2
1	0
1	0
1	0
1	1
8	0
8	0
8	0
8	0
8	0
8	8
13	13
8	0
12	12
13	13
13	13
13	0
1	0
1	0
1	0
1	0
8	0
8	0
1	0
1	0
1	0
12	0
6	6
8	0
8	0
8	0
8	0
8	8
4	0
11	4
6	6
8	0
8	0
8	0
8	0
8	8
2	0
2	2
8	0
8	0
12	12
12	0
12	0
12	0
12	12
13	13
13	0
1	0
1	0
12	0
1	0
1	0
1	0
1	0
8	0
8	0
1	0
1	0
1	0
8	0
8	0
1	0
12	0
12	0
12	0
12	0
8	0
8	0
1	0
1	0
1	0
8	0
8	0
16	0
1	0
1	0
1	0
1	0
1	0
8	0
8	0
12	0
17	8
12	6
12	0
12	8
2	0
3	3
3	0
1	0
16	0
16	0
16	16
12	12
13	13
9	2
12	6
1	0
6	0
1	0
1	0
1	1
8	0
8	0
8	8
12	0
12	0
8	0
8	12
8	0
2	0
2	0
2	4
8	0
8	0
8	8
12	6
12	0
12	0
12	0
8	0
12	0
12	0
8	8
5	2
8	0
8	8
16	0
16	0
16	16
13	13
11	0
4	14
16	0
11	0
11	11
16	0
11	2
1	0
11	6
13	0
12	0
4	14
17	11
17	0
17	0
17	10
3	0
3	3
1	0
17	0
17	16
11	0
11	4
13	13
14	6
8	8
1	0
12	0
16	0
16	16
13	13
14	0
14	0
14	0
14	4
12	6
8	0
8	0
8	0
8	0
8	0
8	0
8	0
8	8
2	0
2	2
8	0
12	0
12	0
12	8
5	5
8	0
8	8
16	0
16	0
16	16
5	5
1	6
8	0
8	0
8	0
8	0
8	8
8	0
8	8
2	0
2	0
2	2
8	0
13	0
12	0
8	6
9	0
13	0
9	9
8	0
8	8
1	0
1	0
16	1
8	0
8	0
8	8
11	4
1	0
3	0
1	0
1	0
16	0
16	16
13	13
13	0
1	0
8	0
1	0
8	0
16	0
16	0
16	0
16	0
16	0
16	0
16	0
1	0
1	0
1	0
1	0
1	0
1	0
16	0
8	0
1	0
1	0
1	0
1	0
1	0
8	0
12	0
17	0
17	0
17	0
8	0
16	0
16	0
16	0
16	0
8	0
8	0
16	0
1	0
12	0
8	0
12	0
8	0
8	0
12	1
8	0
8	0
8	8
2	0
2	0
2	2
1	6
8	0
8	0
8	0
8	0
8	8
8	0
12	0
12	0
12	0
12	12
8	12
13	13
8	6
9	0
13	0
8	0
12	0
1	0
1	1
12	8
13	13
3	11
11	0
11	6
9	0
9	0
1	0
1	0
1	0
1	1
8	0
8	0
12	8
2	0
2	2
12	0
12	8
16	0
2	0
1	0
16	0
16	0
16	16
11	4
13	13
11	0
13	0
12	0
6	6
8	0
8	0
8	0
8	0
8	8
12	4
12	6
12	0
8	0
8	0
8	0
8	0
8	0
8	0
8	0
8	0
8	8
16	0
16	0
16	1
8	0
8	8
3	0
9	9
8	8
3	0
1	2
8	0
8	8
1	0
1	0
1	0
1	0
1	16
5	5
1	0
3	0
1	0
1	0
1	0
1	16
16	0
16	0
16	16
13	13
13	0
1	0
1	0
16	0
8	0
1	0
1	0
1	0
1	0
1	0
1	0
16	0
1	0
8	0
9	9
8	0
8	8
2	0
2	2
12	12
8	0
8	12
13	13
8	0
8	0
8	0
8	0
8	0
8	0
8	8
13	13
13	0
1	0
1	0
16	0
8	0
16	0
8	0
8	0
8	0
16	0
1	0
1	0
1	0
1	0
8	0
8	0
8	0
8	0
8	0
8	0
8	0
1	0
16	0
16	0
1	0
8	0
8	0
8	0
8	0
1	0
8	0
8	0
16	0
2	0
16	0
8	0
1	0
1	0
1	0
8	0
8	0
8	0
12	0
6	0
9	3
2	0
2	2
8	8
4	0
4	4
2	2
12	0
8	0
8	0
8	0
8	8
3	0
3	0
1	0
1	0
3	3
9	9
8	0
8	0
8	8
16	0
4	0
4	0
16	16
4	0
16	4
13	13
13	0
1	0
1	0
1	0
1	0
1	0
1	0
1	0
1	0
1	0
1	0
1	0
1	0
1	0
1	0
1	0
1	0
1	0
8	0
2	0
2	0
1	0
8	0
1	0
2	0
1	0
8	0
8	0
3	0
1	0
12	0
2	0
12	0
9	6
8	0
8	0
8	0
8	0
8	8
16	0
16	0
16	0
16	0
16	16
3	3
3	0
3	6
8	0
8	8
5	5
2	0
2	0
17	0
17	0
1	16
8	0
8	0
8	16
8	0
8	3
3	0
3	11
5	5
1	0
2	2
1	0
2	6
8	0
8	0
8	0
8	0
8	0
8	8
1	0
1	0
1	3
2	0
1	0
2	4
13	13
13	0
1	0
1	0
1	0
8	0
16	0
16	0
16	0
1	0
2	0
12	0
3	0
1	0
1	0
1	8
8	6
12	0
8	0
8	8
3	0
2	2
8	0
8	0
8	0
8	0
8	8
2	2
3	0
12	6
8	0
8	0
8	0
8	0
8	8
17	0
17	0
17	0
16	0
16	0
16	16
3	3
17	0
1	3
17	0
1	1
16	0
11	10
13	13
14	0
14	2
8	0
8	0
8	8
16	0
1	0
16	0
16	0
16	0
3	16
5	6
8	0
8	8
3	0
3	3
13	13
13	0
1	0
1	0
1	0
1	0
12	0
12	0
12	2
12	12
12	0
12	0
8	12
17	0
11	2
8	0
8	0
8	0
8	12
8	0
12	12
11	11
4	0
11	4
12	0
11	6
1	0
6	0
1	0
1	1
8	0
8	0
8	0
8	8
2	2
3	0
12	0
12	0
12	6
8	0
8	0
8	0
8	0
8	8
13	13
13	0
1	0
1	0
1	0
1	0
1	0
8	0
1	0
1	0
1	0
1	0
1	0
1	0
16	0
16	0
1	0
8	0
8	0
8	0
16	0
1	0
12	0
3	0
1	6
8	0
8	0
8	0
8	8
2	2
8	0
8	0
8	8
16	0
16	0
16	0
16	0
16	16
3	0
3	3
1	0
1	0
1	3
1	0
2	0
12	0
2	10
13	13
2	2
11	0
11	0
14	11
11	11
3	0
1	6
8	0
8	0
8	0
8	0
8	0
8	8
1	0
1	0
1	0
1	0
1	0
1	1
1	0
16	0
16	0
16	0
16	16
13	13
13	0
1	0
1	0
1	0
3	0
3	0
3	0
3	0
16	0
1	0
6	0
1	6
8	0
8	0
8	0
8	8
4	0
11	4
3	3
3	3
1	0
1	0
1	1
5	5
3	0
11	11
2	2
3	0
6	0
3	0
3	3
3	0
1	0
1	0
1	0
1	16
16	0
16	0
4	4
13	13
13	0
1	0
1	0
16	0
1	0
1	0
1	0
8	0
8	0
8	0
8	0
8	0
16	0
1	0
1	0
8	0
16	0
1	0
1	0
1	0
3	0
16	0
3	0
3	0
1	0
1	0
1	0
1	0
1	0
12	0
17	0
2	6
8	0
8	0
8	0
8	8
3	0
3	3
8	0
8	8
16	0
5	5
8	0
8	0
8	0
8	8
16	0
17	0
16	0
16	0
16	16
12	0
12	0
12	6
8	0
8	8
2	0
2	2
8	0
8	0
8	8
2	2
3	0
1	6
1	0
1	0
1	1
8	0
8	8
2	0
2	2
8	0
8	0
8	0
8	0
8	0
8	8
3	0
3	0
3	0
1	0
1	1
13	13
13	0
3	0
16	0
16	0
16	0
1	0
12	0
2	2
2	0
6	6
8	0
8	0
8	0
8	0
8	8
12	0
16	0
16	16
3	6
1	0
9	1
8	0
8	0
8	8
2	0
2	2
17	17
17	17
17	17
17	0
17	17
17	0
17	17
13	13
12	0
12	0
12	12
13	13
13	13
13	0
1	0
1	0
1	0
1	0
8	0
1	0
1	0
1	0
8	0
1	0
8	0
1	0
1	0
8	0
1	0
1	0
1	0
8	0
8	0
8	0
16	0
16	0
12	0
16	0
3	0
1	0
12	0
8	6
8	0
8	0
8	8
3	2
3	0
4	0
4	0
4	6
8	0
8	0
8	8
16	0
2	0
2	0
2	4
3	3
9	0
9	9
8	0
8	0
8	0
8	0
8	8
2	2
8	0
8	0
8	0
8	0
8	0
8	8
2	2
12	12
2	0
3	0
3	0
16	16
13	13
13	0
1	0
16	0
16	0
1	0
8	0
8	0
1	0
1	0
12	0
16	0
8	0
8	0
8	0
16	0
1	0
1	0
1	0
8	0
8	0
16	0
12	0
8	0
16	8
16	0
2	0
2	0
17	0
3	4
2	2
8	0
8	0
8	0
8	0
8	0
8	8
13	13
8	0
8	0
8	0
8	0
8	0
8	8
5	5
8	0
8	0
8	0
8	0
8	0
8	0
8	0
8	0
8	0
8	0
8	8
13	13
13	0
8	0
8	0
8	0
8	0
8	0
8	0
8	0
16	0
8	0
8	0
16	0
16	0
16	0
16	0
16	0
17	0
8	0
16	0
1	0
8	0
8	0
8	0
8	0
8	0
12	0
6	0
12	6
12	0
12	0
12	12
4	0
11	4
2	0
2	0
3	0
1	2
1	0
2	0
3	0
1	0
1	1
8	0
8	0
8	0
8	8
2	0
16	0
16	3
5	0
3	0
14	0
3	0
3	0
3	3
3	0
2	2
3	0
1	0
1	0
1	1
8	0
8	0
8	0
8	0
8	8
12	0
12	16
13	13
13	0
1	0
1	0
1	0
12	0
12	0
12	0
16	0
1	0
1	0
1	0
1	0
1	0
1	0
1	0
1	0
12	0
6	2
8	0
8	0
8	8
16	0
16	0
16	0
16	16
2	0
2	6
12	0
12	0
8	8
17	0
12	0
12	3
9	9
8	0
8	8
3	0
3	3
8	0
8	8
13	13
5	5
2	2
3	0
1	6
8	0
8	0
8	0
8	0
8	8
1	0
17	0
1	0
16	16
13	13
2	0
2	16
12	0
12	6
12	0
12	0
8	12
13	13
13	0
1	0
8	0
8	0
1	0
8	0
12	0
1	0
1	0
2	0
1	0
1	0
17	0
13	0
13	13
4	14
12	6
8	0
8	0
8	0
8	0
8	8
1	0
1	0
1	0
1	16
1	0
3	4
6	6
8	0
8	0
8	8
3	2
6	6
8	0
8	8
3	10
2	0
1	0
16	0
16	16
13	13
4	0
4	4
12	6
8	0
8	0
8	0
8	8
1	0
1	1
4	0
16	4
13	13
13	0
1	0
3	0
1	0
1	0
3	0
1	0
8	0
1	0
1	0
1	0
1	0
1	0
1	0
1	0
1	0
1	0
1	0
1	0
13	0
6	2
8	0
8	8
16	0
16	0
16	0
16	16
12	6
12	0
12	0
12	0
8	8
8	0
8	0
8	8
13	13
8	0
8	0
8	0
8	0
8	8
5	5
3	11
13	13
3	3
14	0
11	14
1	0
2	2
8	0
8	0
8	8
1	0
11	3
1	0
2	6
8	0
8	8
3	0
3	3
16	0
16	16
13	13
13	13
2	0
2	16
3	0
12	6
12	0
12	8
12	0
12	0
12	8
2	0
2	2
8	0
17	0
8	12
13	0
12	0
8	6
8	0
8	0
8	8
1	0
16	0
16	0
16	16
16	0
11	11
13	13
13	0
1	0
1	0
16	0
16	0
16	0
8	0
1	0
1	0
16	0
16	0
16	0
16	0
16	0
16	0
16	0
16	0
16	0
16	0
16	0
1	0
1	0
1	0
1	0
16	0
3	0
1	0
3	0
16	0
16	0
16	0
16	0
16	0
1	0
1	0
1	0
1	0
16	0
16	0
16	0
16	0
16	0
16	0
16	0
16	0
1	0
1	0
1	0
13	0
13	13
8	0
1	0
2	2
1	0
1	6
8	0
8	8
16	0
16	16
6	6
1	0
1	0
1	0
1	1
8	0
8	0
8	0
8	0
8	8
2	2
2	6
8	12
13	13
13	0
1	0
1	0
1	0
8	0
8	0
3	0
3	0
1	0
1	0
1	0
8	0
1	0
1	0
1	0
1	0
3	0
3	0
1	0
8	0
8	0
8	0
1	0
1	0
1	0
1	0
1	0
1	0
1	0
8	0
16	0
3	0
8	0
1	0
1	0
12	0
3	2
6	11
1	0
17	0
17	16
17	0
12	11
16	0
16	16
5	5
3	0
3	3
6	11
16	16
17	6
8	0
8	8
1	0
2	0
2	0
3	0
3	0
1	0
1	3
1	0
1	0
1	0
1	1
13	13
13	13
2	0
2	16
3	0
12	6
12	12
12	12
2	2
3	0
12	6
12	0
12	12
13	13
3	0
2	6
1	0
1	0
1	0
16	0
1	1
1	0
1	0
1	1
8	0
8	0
8	0
8	0
8	8
13	13
13	0
13	0
12	14
12	6
12	0
12	0
12	0
12	8
16	0
4	0
4	10
1	0
1	0
1	0
16	16
13	13
3	0
3	16
3	0
3	3
3	0
3	3
3	6
17	0
9	1
13	13
1	0
1	0
1	0
1	0
1	0
17	0
1	0
1	0
1	1
13	0
1	0
1	0
1	0
1	0
1	0
1	0
1	0
1	0
12	0
1	0
1	0
1	0
1	0
1	0
12	0
1	0
8	0
1	0
1	0
8	0
8	0
1	0
1	0
1	0
3	0
12	0
2	0
2	0
2	0
2	0
17	0
12	0
13	0
17	0
13	0
17	0
12	0
13	0
12	0
12	0
12	12
17	17
12	0
12	0
12	12
17	17
12	0
12	17
17	17
9	9
17	0
12	4
17	0
12	0
17	2
12	0
8	0
8	12
8	17
12	0
12	17
8	17
12	0
2	0
2	3
12	0
1	0
12	0
1	0
1	1
17	0
12	0
9	4
13	13
13	0
1	0
17	0
1	0
17	0
1	0
1	0
17	0
17	0
17	0
17	0
12	0
6	6
1	0
1	0
1	0
1	0
1	1
8	0
8	0
8	8
16	2
8	0
8	0
8	0
8	0
8	8
2	2
3	0
9	0
9	0
1	0
1	0
1	0
1	0
1	0
1	1
8	0
8	0
8	0
8	0
8	8
16	0
11	2
12	12
17	0
2	5
6	6
8	0
8	0
8	0
8	8
16	0
1	4
2	0
2	2
1	0
1	0
1	0
1	1
8	0
8	0
8	0
8	0
8	8
16	0
16	0
16	16
13	13
14	0
13	0
12	0
2	2
3	0
6	0
6	6
1	0
1	0
1	9
8	0
8	0
8	0
8	0
8	0
8	8
13	13
3	11
9	9
3	0
1	6
8	0
8	0
8	0
8	8
1	0
2	2
3	0
6	6
8	0
8	8
2	0
2	2
8	8
16	0
1	0
2	0
16	0
16	0
16	0
16	16
16	0
16	0
16	0
12	4
13	13
16	0
14	0
14	4
1	0
2	0
1	0
2	0
3	9
16	0
11	2
3	0
3	0
1	0
1	0
2	0
13	0
12	0
3	0
3	6
8	0
8	0
8	0
8	8
16	0
16	4
17	0
11	0
17	0
17	0
3	3
17	0
1	0
1	0
1	1
17	0
17	0
12	4
13	13
3	0
3	3
1	0
1	0
1	0
1	0
1	1
17	0
17	0
17	10
17	0
17	3
17	6
1	0
17	0
1	0
1	1
8	0
8	0
8	0
8	8
16	0
16	0
16	16
4	0
17	4
16	0
2	0
1	4
13	13
3	0
5	0
5	5
2	3
12	0
12	6
12	0
13	0
3	0
11	0
11	11
16	0
17	0
2	0
17	4
3	3
2	0
1	0
1	0
1	0
2	1
8	0
8	0
8	0
8	8
5	5
8	0
8	17
12	0
12	5
8	0
8	0
8	0
8	0
8	0
8	8
13	13
8	0
8	8
13	13
8	0
8	0
8	0
8	8
13	13
8	0
8	0
8	0
8	0
8	0
8	8
13	13
8	0
8	0
8	0
8	8
17	0
17	5
17	0
17	0
8	0
8	8
1	0
2	0
2	0
16	0
1	16
13	0
12	0
5	2
8	0
8	8
2	0
2	2
8	0
8	0
8	0
8	0
8	0
8	0
8	8
2	0
2	2
12	0
8	0
12	12
8	17
12	0
12	17
8	17
17	0
17	0
17	0
17	4
17	0
11	0
11	11
3	0
1	6
8	0
8	0
8	8
1	2
1	1
8	0
8	0
8	0
8	0
8	8
12	0
2	0
12	0
16	0
16	0
16	16
17	0
17	5
8	0
8	0
8	0
8	0
8	0
8	0
8	0
8	8
17	0
17	5
13	0
12	0
12	0
9	6
8	0
8	0
8	0
8	0
8	8
4	0
4	0
4	4
3	0
1	0
1	16
13	13
14	0
14	2
8	0
8	0
8	0
8	8
2	2
2	0
11	0
11	6
8	0
8	0
8	0
8	0
8	8
2	6
13	13
8	0
8	8
13	13
2	2
2	0
11	0
6	6
8	0
8	0
8	8
3	0
3	0
1	10
4	0
3	10
12	0
1	16
13	13
13	0
1	0
8	0
16	0
16	0
3	0
3	0
1	0
1	0
1	0
12	0
2	6
8	0
8	0
8	8
16	0
16	0
4	0
4	16
2	0
2	2
13	13
17	0
1	1
8	8
13	13
2	2
12	0
8	0
8	0
13	0
17	0
17	0
17	0
12	0
13	0
12	0
13	0
12	12
2	0
2	0
2	0
16	0
16	16
4	0
4	4
13	13
13	0
1	0
3	0
8	0
8	0
8	0
1	0
1	0
8	0
8	0
1	0
1	0
8	0
3	0
3	0
16	0
8	0
2	0
2	0
3	0
1	0
1	0
8	0
12	0
14	2
6	6
8	0
8	0
8	0
8	8
2	0
2	2
8	0
8	0
8	8
9	9
17	4
12	0
12	6
12	8
2	2
2	6
1	0
1	0
1	0
1	1
9	9
8	0
8	8
2	0
1	2
8	0
8	0
8	0
8	0
8	8
16	0
16	0
16	0
16	16
13	13
13	0
1	0
1	0
1	0
8	0
8	0
12	0
8	0
8	0
16	0
1	0
8	0
8	0
16	0
16	0
1	0
1	0
8	0
8	0
16	0
16	0
8	0
12	0
6	6
1	0
1	1
8	0
11	0
1	4
8	0
2	2
8	8
1	0
2	0
1	0
16	16
13	13
17	0
17	5
12	0
12	6
12	8
1	0
12	0
1	0
16	0
16	0
16	16
3	0
3	0
3	0
3	3
2	3
17	0
8	0
8	0
8	0
8	0
8	0
8	8
13	13
13	0
1	0
1	0
1	0
1	0
8	0
17	0
12	0
8	0
1	0
8	0
8	0
8	0
8	0
8	0
8	0
1	0
1	0
1	0
1	0
8	0
12	0
12	0
12	6
12	0
13	0
12	8
17	4
1	6
8	0
8	0
8	8
2	2
1	0
1	0
1	1
8	0
8	0
8	0
8	0
8	0
8	0
8	0
8	8
2	0
16	0
2	0
16	0
16	0
16	0
16	0
16	16
13	13
3	0
16	3
6	6
8	0
8	0
8	0
8	8
12	12
12	0
12	0
12	12
12	0
13	0
16	0
3	0
3	0
3	12
13	13
13	0
1	0
16	0
1	0
8	0
16	0
16	0
1	0
1	0
1	0
12	0
6	6
8	0
8	0
8	8
2	0
2	2
1	0
1	0
1	0
1	1
8	0
8	0
8	0
8	0
8	0
8	0
8	8
16	0
16	2
12	0
8	0
8	0
8	8
13	13
8	0
8	8
17	0
2	5
8	0
8	0
8	8
17	4
12	0
12	6
12	8
2	0
2	2
8	8
12	0
12	0
1	0
16	16
13	13
13	0
1	0
1	0
16	0
16	0
16	0
16	0
3	0
8	0
1	0
12	0
1	0
1	0
1	0
16	0
16	0
12	0
12	6
1	0
2	0
2	0
9	0
1	1
8	0
8	0
8	8
2	2
1	0
1	0
1	0
1	0
1	1
8	0
8	0
8	0
8	0
8	0
8	0
8	8
17	0
12	2
12	12
3	0
16	0
16	0
16	16
2	0
2	2
1	0
1	0
1	1
8	0
8	0
8	0
8	0
8	8
2	2
2	6
8	0
8	0
8	0
8	8
1	0
2	2
2	0
6	6
8	0
8	0
8	0
8	0
8	8
13	13
13	0
1	0
1	0
1	0
12	0
12	0
12	6
12	0
1	0
1	0
1	0
1	0
1	1
8	0
8	0
8	8
2	0
2	2
9	9
8	0
8	0
8	8
6	4
2	0
2	2
8	8
5	2
8	0
8	0
8	8
3	0
1	0
1	2
1	1
8	0
8	0
8	8
17	0
2	2
12	12
2	2
12	6
12	0
12	0
12	0
12	12
12	0
12	12
16	16
13	13
14	0
14	11
1	0
1	0
1	0
1	0
1	0
1	1
8	0
13	0
8	0
8	0
8	12
13	0
12	0
6	6
1	0
1	0
1	0
1	0
1	0
1	1
8	0
8	8
2	0
2	2
8	0
8	8
17	0
17	5
17	6
1	1
8	0
8	0
8	8
2	0
2	2
1	0
1	0
1	0
1	0
1	1
8	0
8	0
8	0
8	0
8	8
16	0
16	0
2	0
4	4
12	0
12	6
12	0
1	1
8	0
8	0
8	0
8	0
8	8
5	0
3	0
3	0
3	16
16	0
16	0
16	16
13	13
16	2
17	17
17	0
17	17
2	0
13	0
12	0
17	4
17	0
12	6
12	0
12	8
16	0
12	0
1	0
16	0
16	16
13	13
13	13
3	0
14	0
16	0
14	0
14	14
17	17
17	0
17	0
17	17
2	0
2	2
8	8
2	0
2	2
1	0
1	0
1	0
1	0
1	1
8	0
8	0
8	0
8	0
8	0
8	8
16	0
1	0
1	0
1	16
6	4
1	0
3	5
1	0
1	3
5	6
1	0
1	0
1	0
1	1
8	0
8	0
8	8
2	2
8	0
8	0
8	0
13	0
17	0
17	2
8	0
8	0
8	0
8	0
8	0
8	0
8	0
8	8
2	0
2	2
9	9
8	8
17	0
17	0
2	0
17	4
17	3
17	0
6	2
8	0
8	0
8	8
16	0
16	0
17	0
17	0
17	1
17	0
17	5
17	0
17	0
1	0
17	0
17	0
17	1
8	0
8	0
8	0
8	8
2	0
2	0
2	0
2	0
2	0
1	0
16	16
13	13
3	0
3	3
6	6
2	0
3	2
1	1
1	0
1	0
1	0
1	1
13	0
12	0
14	6
6	6
8	0
8	0
8	0
8	0
8	8
17	0
2	0
2	0
17	4
17	0
12	2
12	0
8	0
8	12
5	6
8	0
8	0
8	8
1	0
2	0
2	0
16	0
17	16
13	13
17	0
17	0
12	17
12	17
13	13
17	0
17	5
17	0
2	0
2	0
2	4
2	0
11	0
11	6
8	0
8	0
8	8
2	0
2	2
8	0
8	0
8	8
1	0
1	0
1	0
1	0
1	0
16	16
13	13
13	0
3	0
3	0
17	0
12	0
12	0
12	0
12	12
13	13
12	0
12	0
12	12
17	0
17	5
8	12
17	0
2	0
2	0
2	4
6	6
1	0
1	0
3	0
1	0
1	0
1	1
8	0
8	8
16	0
3	0
1	0
1	0
3	3
1	0
2	2
8	0
8	0
8	0
8	8
8	0
1	0
16	0
16	16
13	13
5	5
8	0
8	0
8	0
8	8
3	2
1	0
11	6
8	0
8	0
8	0
8	0
8	8
2	0
2	2
8	0
8	0
8	0
8	0
13	0
12	0
17	0
12	6
12	0
1	0
1	0
1	0
17	0
1	1
1	0
17	0
1	0
17	0
1	1
8	8
17	0
17	0
17	0
16	0
16	16
2	2
2	6
8	0
8	0
8	0
8	8
3	3
5	5
3	0
3	3
1	0
2	2
1	0
1	0
1	0
1	1
8	0
8	0
8	0
8	0
8	8
17	0
17	5
17	4
9	9
1	6
1	0
12	0
2	0
1	0
1	0
17	0
1	1
8	0
8	0
8	0
8	8
1	2
8	0
13	0
12	0
8	0
8	0
8	0
8	2
6	6
8	0
8	0
8	8
2	0
2	2
1	0
6	0
1	0
1	0
1	1
8	8
17	0
16	2
12	0
12	6
12	0
12	0
12	12
12	12
17	0
17	4
17	6
17	0
1	0
1	0
1	0
1	1
8	0
8	0
8	0
8	0
8	0
8	0
8	8
2	0
2	2
12	0
8	0
8	12
8	17
12	0
12	17
8	17
3	0
3	0
3	0
1	0
3	3
4	0
4	0
1	0
16	1
13	13
13	0
12	0
13	13
12	0
12	0
8	0
8	0
8	0
8	8
12	0
12	0
12	12
12	0
12	0
12	0
17	0
12	0
12	0
12	0
17	0
12	0
12	12
12	0
12	0
12	12
13	13
8	0
8	0
8	0
8	0
8	0
8	0
8	0
8	0
8	8
16	2
6	6
8	0
8	0
8	8
2	2
8	0
8	0
8	0
8	8
17	0
2	5
8	0
8	0
8	0
8	0
8	0
8	0
8	8
13	13
11	4
9	9
17	0
12	11
1	0
13	0
2	0
6	6
3	0
1	0
1	0
1	0
1	1
8	0
8	0
8	0
8	8
2	2
2	6
12	0
8	0
8	0
13	0
12	0
1	0
1	0
13	0
1	0
1	0
8	8
17	0
4	2
1	0
9	1
8	0
8	0
8	0
8	0
8	0
8	8
1	0
2	0
16	0
16	0
2	16
2	0
2	0
3	0
3	3
3	0
2	2
6	6
1	0
1	0
1	0
1	0
1	1
8	0
8	0
8	8
16	0
11	6
16	0
16	0
1	0
13	0
12	0
17	8
17	0
17	8
8	0
8	2
8	0
2	6
8	0
8	0
8	0
8	0
8	0
8	8
5	6
8	0
8	0
8	0
8	0
8	8
2	0
2	2
8	0
8	0
8	0
8	0
8	0
8	0
8	8
16	4
12	0
12	6
12	8
17	0
8	8
2	2
8	0
12	0
12	12
13	13
2	2
6	0
6	0
1	6
1	0
1	0
1	1
1	0
1	1
8	0
8	0
8	0
8	0
8	0
8	8
2	2
3	0
2	6
12	0
13	0
12	0
14	14
1	0
1	0
1	0
1	0
1	0
1	3
3	0
6	0
6	6
8	0
8	0
8	8
2	0
2	0
3	0
1	0
2	1
8	0
8	8
2	0
16	0
16	16
4	0
4	4
16	0
2	0
1	4
13	13
4	0
4	4
11	11
3	0
3	0
1	0
1	1
1	0
12	4
13	13
6	6
1	0
1	0
1	0
1	1
8	0
8	0
8	0
8	0
8	0
8	8
2	0
3	10
1	0
1	0
1	0
1	0
1	0
1	16
13	0
12	0
12	0
12	6
12	0
8	0
8	0
8	0
8	0
8	0
8	8
16	0
16	4
2	2
12	0
12	0
12	0
12	8
1	0
2	0
16	0
16	16
13	13
3	0
3	0
5	0
14	5
16	2
6	6
1	0
1	1
8	0
8	0
8	8
5	6
8	0
8	0
8	8
13	13
5	5
3	3
1	0
1	2
8	0
8	0
8	0
8	0
8	0
8	8
13	13
13	0
1	0
16	0
1	0
1	0
16	0
16	0
16	0
16	0
1	0
1	0
12	0
12	0
12	6
12	0
12	0
8	0
8	8
16	0
16	2
5	6
3	0
1	0
1	1
8	0
8	0
8	0
8	0
8	8
2	2
2	6
8	0
8	0
8	0
8	0
8	0
8	0
8	0
8	0
8	8
13	13
5	0
5	0
3	0
5	5
2	0
2	2
8	0
8	0
8	0
8	8
2	2
6	6
1	0
1	0
1	1
8	0
8	0
8	0
8	0
8	0
8	0
8	0
8	0
8	0
8	8
16	0
5	5
2	2
6	6
13	0
12	0
17	8
17	0
17	0
17	12
8	0
8	0
8	0
8	0
8	0
8	0
8	8
16	0
2	0
2	4
1	0
1	0
1	0
1	0
1	0
1	0
1	1
8	0
8	0
8	0
8	0
8	0
8	0
8	8
16	0
16	2
3	0
6	0
6	6
1	0
1	0
1	0
1	1
8	0
8	0
8	0
8	0
8	8
13	13
13	0
1	0
1	0
1	0
16	0
16	0
16	0
1	0
1	0
1	0
16	0
16	0
16	0
16	0
16	0
16	0
12	0
17	6
17	8
17	0
17	0
17	12
2	2
12	0
12	0
12	12
17	0
17	4
16	0
11	11
16	0
16	0
16	16
2	0
3	0
1	0
9	0
2	2
2	2
3	0
9	9
8	0
8	0
8	8
5	6
8	0
8	0
8	0
8	0
8	0
8	8
1	0
2	0
2	0
16	0
16	16
13	13
3	11
6	6
8	0
8	0
8	8
2	2
8	0
8	0
8	12
17	0
2	12
8	0
12	0
8	12
17	0
17	5
17	0
8	12
13	0
12	0
16	0
1	0
16	0
16	0
16	1
3	0
3	2
6	6
8	0
8	0
8	0
8	8
13	13
3	0
16	0
14	16
3	0
6	6
12	0
8	0
8	8
11	0
2	6
8	0
8	0
8	8
5	6
17	0
17	0
3	0
1	0
1	0
1	0
1	1
1	0
1	1
8	0
8	0
8	8
2	0
2	0
2	0
16	0
2	16
13	13
14	14
6	6
8	0
8	0
8	8
2	0
2	2
8	0
8	0
8	12
3	0
3	0
3	0
13	0
12	0
17	0
12	0
8	0
8	0
12	1
17	0
1	0
17	1
17	0
17	5
1	0
1	0
1	1
8	0
8	0
8	0
8	8
16	0
17	0
1	4
2	0
2	2
8	8
13	13
14	0
11	14
6	6
8	0
8	0
8	0
8	0
8	8
2	0
3	10
1	0
1	0
1	0
1	0
1	0
16	16
13	13
13	0
1	0
8	0
16	0
16	0
1	0
17	0
17	0
1	0
16	0
16	0
16	0
17	0
1	0
1	0
1	0
1	0
1	0
12	0
11	6
16	0
6	0
1	0
3	0
3	1
8	0
8	0
8	0
8	8
8	0
12	6
12	0
8	0
8	0
8	0
8	8
2	2
2	6
6	0
1	9
8	0
8	0
8	0
8	0
8	0
8	8
2	2
12	0
12	0
12	12
2	2
2	0
2	0
6	6
1	0
1	0
1	0
1	1
8	0
8	8
16	0
17	0
16	16
3	0
1	11
2	10
17	0
17	5
17	0
17	0
2	0
2	0
16	16
1	3
1	0
1	0
1	0
13	0
12	0
3	2
14	0
14	0
14	0
14	6
9	9
1	0
1	0
1	0
1	1
8	0
8	0
8	0
8	0
8	8
2	0
2	0
2	4
9	9
17	0
12	6
12	0
12	0
8	0
8	0
8	0
8	0
8	8
5	6
8	0
8	8
17	0
17	0
12	16
4	0
16	4
13	13
17	0
2	5
3	0
12	6
12	0
8	0
8	8
2	2
2	6
1	0
1	0
1	1
8	0
8	0
8	0
8	0
8	0
8	0
8	8
16	0
2	4
13	0
12	0
6	0
12	6
12	0
8	0
8	0
8	0
8	0
8	8
2	2
2	0
6	6
8	0
8	0
8	0
8	8
4	0
4	0
4	4
3	0
3	2
1	0
1	0
1	0
1	1
8	0
8	0
8	8
3	0
16	0
16	16
13	13
14	0
11	11
3	0
3	0
3	0
14	5
14	2
6	6
12	0
8	0
8	8
2	2
2	6
8	0
8	0
8	0
8	0
8	8
2	2
2	6
8	0
8	0
8	8
5	2
3	3
2	2
2	6
13	0
12	0
13	13
12	0
12	0
12	0
8	0
8	0
8	8
13	0
8	0
8	0
8	0
8	0
8	0
1	0
8	0
1	0
1	0
8	0
8	0
1	0
8	0
1	0
8	0
8	0
8	0
8	0
1	0
1	0
8	0
8	0
8	0
8	0
8	0
1	0
1	0
8	0
1	0
8	0
8	0
8	0
8	0
8	0
8	0
8	0
8	0
8	0
1	0
1	0
8	0
8	0
8	0
8	0
8	0
8	0
8	0
8	0
8	0
8	0
1	0
12	0
17	0
17	0
12	0
12	0
17	0
12	0
12	0
17	0
12	12
8	0
12	6
8	8
16	0
11	11
12	0
6	10
17	0
17	0
1	0
1	0
1	16
8	0
8	0
8	0
8	8
8	0
12	6
12	0
8	0
8	8
12	0
12	12
4	0
11	4
9	9
13	13
16	0
14	2
8	0
12	8
2	2
11	0
1	0
1	6
9	0
1	1
8	0
8	0
8	0
8	0
8	8
13	13
3	0
3	0
3	0
3	3
16	0
3	0
13	0
12	0
6	6
8	0
8	0
8	0
8	8
2	2
2	6
1	0
1	0
1	1
8	0
8	0
8	0
8	0
8	0
8	0
8	8
16	0
16	0
16	4
11	0
11	11
2	0
2	2
1	0
1	0
1	6
8	0
8	0
8	0
8	8
2	0
2	0
16	0
16	0
16	0
16	0
16	0
16	16
13	13
3	0
1	0
3	0
3	0
1	0
1	3
2	0
2	2
8	0
8	0
8	0
8	0
8	0
8	12
17	0
17	5
17	0
8	0
13	0
12	0
12	0
12	6
12	0
8	0
8	0
12	0
12	0
8	8
12	0
16	0
16	0
16	0
16	16
2	0
2	0
6	6
1	0
1	0
1	0
1	0
1	1
8	0
8	0
8	8
17	0
17	5
17	0
17	0
17	0
17	0
8	0
17	0
8	8
2	0
2	2
8	0
8	0
8	8
2	0
2	2
8	0
8	0
8	0
8	8
17	0
2	0
17	0
17	1
17	0
17	5
17	0
17	0
17	0
17	0
17	0
17	16
17	0
11	11
13	0
12	0
6	2
8	0
8	0
8	0
8	8
16	0
16	0
16	4
12	0
12	12
16	2
3	0
3	0
3	1
12	0
12	0
12	12
13	13
2	2
11	0
11	11
2	0
3	3
11	0
12	2
12	12
13	13
16	0
16	0
1	0
1	0
1	1
8	0
8	0
8	0
8	0
8	0
8	0
8	0
8	8
1	0
1	0
16	16
13	13
13	0
1	0
3	0
16	0
16	0
3	0
3	0
3	0
1	0
16	0
16	0
16	0
16	0
16	0
1	0
12	0
12	0
12	6
12	0
12	0
8	8
16	0
4	0
4	4
2	0
2	2
8	0
8	0
8	8
17	0
3	5
2	3
3	2
6	6
8	0
8	0
8	0
8	8
12	0
3	0
17	0
3	0
3	1
8	0
8	0
12	0
8	0
8	8
1	0
1	0
1	0
16	0
16	16
13	13
13	0
1	0
16	0
16	0
1	0
1	0
1	0
1	0
8	0
12	0
12	0
8	0
3	0
16	0
16	0
3	0
3	0
3	0
1	0
8	0
1	0
12	0
6	6
8	0
8	0
8	0
8	8
4	0
4	4
3	0
1	2
17	0
12	6
17	0
17	0
8	0
8	8
2	2
17	0
13	0
17	0
13	0
17	0
12	0
12	12
17	2
17	6
1	0
1	0
1	0
1	1
8	0
8	0
17	0
17	8
17	0
17	5
17	0
12	0
12	0
8	0
8	0
8	0
8	0
8	8
13	13
3	0
3	0
14	5
3	0
1	2
1	0
8	0
8	0
8	0
8	0
8	8
3	0
2	2
17	0
13	0
12	0
6	6
8	0
8	0
8	0
8	12
12	0
8	0
8	12
4	0
11	4
3	0
3	3
1	11
5	6
8	0
8	0
8	0
8	8
2	2
2	6
8	0
8	0
8	8
16	0
17	0
4	0
16	16
13	13
3	11
9	9
3	0
3	0
9	6
8	0
8	0
8	8
2	2
2	0
6	0
6	6
8	0
8	8
2	2
11	0
3	0
3	6
1	0
6	0
1	0
1	1
8	0
8	0
8	0
8	0
8	0
8	0
8	8
8	0
13	0
12	0
2	2
11	0
3	0
3	6
1	0
16	0
1	1
8	0
8	0
8	0
8	0
8	8
17	0
4	5
1	0
6	0
1	0
1	0
1	0
1	1
8	0
8	0
8	8
16	0
3	0
3	4
2	3
2	0
12	2
12	0
8	12
2	6
1	0
1	0
1	0
1	0
3	1
8	0
8	0
8	0
8	0
8	8
1	0
1	0
1	0
16	0
16	16
13	13
13	0
1	0
1	0
1	0
16	0
8	0
8	0
16	0
16	0
16	0
16	0
12	0
12	0
12	12
17	0
16	0
17	4
17	0
16	0
17	0
3	3
3	0
3	0
9	6
8	0
8	0
8	0
8	0
8	8
12	2
12	0
8	0
8	12
1	0
17	0
17	0
17	16
17	0
17	5
17	0
11	11
17	0
6	3
3	0
3	3
17	0
6	0
5	5
3	3
5	2
1	0
1	0
1	0
1	0
1	0
1	0
1	1
8	0
8	0
8	0
8	0
8	8
12	0
12	0
9	10
1	0
12	0
2	0
16	0
2	0
13	0
12	0
3	6
12	0
1	0
1	1
8	0
8	0
8	0
8	8
16	0
16	0
3	4
2	3
2	0
12	2
12	0
12	0
12	12
3	0
3	0
16	0
16	0
16	0
16	16
13	13
16	0
1	0
1	2
8	0
8	0
8	0
8	0
8	0
8	8
2	2
1	0
1	0
1	0
1	1
8	0
8	0
8	0
8	0
8	0
8	0
8	8
13	13
13	0
16	0
16	0
16	0
16	0
16	0
16	0
16	0
16	0
16	0
16	0
2	0
1	0
12	0
11	0
12	2
12	12
16	0
16	0
16	0
16	0
16	16
2	0
12	6
12	0
12	0
12	12
2	0
2	2
12	0
12	12
2	6
6	0
1	0
1	0
1	1
8	8
13	13
13	0
1	0
1	0
1	0
8	0
8	0
12	0
12	0
12	0
8	0
8	0
12	0
1	0
1	0
3	0
1	0
8	0
8	0
1	0
8	0
1	0
1	0
1	0
1	0
12	0
3	0
3	0
16	0
8	0
12	0
1	0
12	0
12	0
12	0
1	0
12	0
3	3
16	0
16	0
16	4
12	0
6	6
12	0
12	0
8	8
3	0
3	0
9	6
8	0
8	0
8	8
17	0
2	2
2	6
12	0
8	0
8	8
2	0
6	0
6	2
1	0
1	0
1	0
1	0
1	1
8	0
8	0
8	0
8	8
5	0
3	3
16	0
16	16
13	13
13	0
1	0
1	0
1	0
1	0
1	0
8	0
1	0
3	0
3	0
16	0
16	0
8	0
8	0
1	0
16	0
16	0
16	0
16	0
1	0
1	0
12	0
9	0
8	0
9	9
8	0
12	0
12	0
12	12
8	0
8	8
12	0
12	0
12	17
12	0
12	0
12	17
12	0
12	17
12	17
9	0
9	17
17	0
8	0
8	0
8	0
8	17
8	0
8	2
9	0
8	0
8	0
12	1
8	0
8	0
8	0
8	8
2	2
2	6
8	0
8	0
8	8
8	0
17	0
17	4
12	0
12	12
12	0
12	6
12	0
12	17
12	17
9	0
9	17
8	0
8	0
8	0
8	0
8	17
17	0
13	0
12	0
12	0
12	6
12	0
12	0
8	0
8	8
3	11
2	0
2	0
6	0
6	2
17	0
8	8
2	2
9	9
8	0
8	0
8	8
3	0
1	0
16	0
16	0
16	0
16	0
16	16
3	0
3	0
3	4
11	0
11	4
13	13
16	0
16	0
16	4
1	6
8	0
8	0
8	0
8	0
8	0
8	8
13	13
3	11
3	0
3	2
5	6
8	0
8	0
8	0
8	0
8	0
8	0
8	0
8	0
8	0
8	8
2	2
12	0
13	0
12	0
12	0
12	6
12	0
8	0
8	0
8	0
8	0
8	0
8	0
8	0
8	8
2	2
8	0
8	0
8	0
8	8
4	0
11	4
2	2
9	9
8	0
8	8
3	0
12	0
1	0
16	0
16	0
16	16
13	13
13	0
1	0
8	0
1	0
1	0
1	0
12	0
8	0
16	0
1	0
1	0
1	0
8	0
8	0
1	0
16	0
1	0
1	0
1	0
12	0
8	0
1	0
1	0
1	0
8	0
8	0
8	0
8	0
1	0
1	0
12	0
3	0
12	6
12	0
12	0
12	8
4	0
3	4
3	0
3	3
3	2
2	0
6	0
6	6
8	0
8	8
1	0
3	0
1	0
1	0
1	0
1	1
13	13
14	11
17	6
3	0
1	0
1	0
1	0
1	1
8	0
8	0
8	0
8	8
2	2
2	0
6	0
6	6
8	0
8	0
8	0
8	0
8	0
8	8
1	0
2	0
1	0
16	0
16	16
13	13
13	0
1	0
3	0
3	0
3	0
3	0
3	0
1	0
1	0
1	0
12	0
11	0
11	11
4	0
4	0
4	16
11	0
6	0
3	3
2	3
2	0
6	0
6	2
8	0
8	0
8	0
8	0
8	0
8	0
8	8
1	0
1	0
1	0
1	0
1	0
16	16
13	13
14	2
11	0
6	0
11	11
17	0
12	6
12	0
12	0
8	8
17	0
17	5
17	0
12	6
12	0
12	0
8	0
8	0
8	8
3	0
3	0
3	0
3	0
1	1
16	0
16	16
4	0
4	0
4	4
16	0
16	0
4	0
4	16
13	0
12	0
17	0
12	0
12	0
12	12
12	12
12	0
12	6
12	0
12	0
12	8
17	0
12	0
12	0
12	12
12	12
16	0
16	0
16	4
9	9
11	0
1	0
1	6
1	0
1	0
1	0
1	0
1	0
1	0
1	0
1	0
1	1
8	0
12	0
12	8
1	0
2	0
12	0
16	0
16	16
13	13
17	0
2	5
17	6
1	1
8	0
8	0
8	0
8	0
8	8
4	0
11	4
2	2
11	0
1	6
1	0
1	1
8	0
8	0
13	0
12	0
6	0
12	6
12	0
8	0
8	0
8	0
8	8
16	0
16	2
12	0
8	0
8	8
2	0
2	2
17	12
17	0
17	12
5	0
4	0
4	16
17	0
17	0
12	11
3	0
3	3
2	2
6	0
1	6
8	0
8	0
8	8
8	2
12	0
12	6
12	0
12	0
8	0
8	0
8	0
8	8
2	0
2	2
8	0
8	0
8	8
2	0
16	0
16	16
13	13
3	0
5	0
5	5
2	3
3	0
1	6
12	0
12	0
12	0
13	0
12	0
2	2
11	0
1	0
11	2
1	0
1	0
1	0
8	0
1	0
1	0
1	1
8	0
8	0
8	0
8	0
8	8
12	0
17	0
16	0
16	0
16	0
16	16
12	0
11	11
12	6
1	1
17	0
12	0
12	0
17	0
8	12
12	12
12	0
12	0
12	3
2	2
11	0
1	6
1	0
1	1
1	0
1	0
1	0
1	0
1	1
8	0
8	0
8	0
8	0
8	0
8	8
13	13
13	0
1	0
1	0
1	0
1	0
1	0
1	0
12	0
11	0
11	11
1	0
1	0
1	0
1	0
16	16
3	3
11	0
16	6
9	0
1	1
8	0
8	0
8	0
8	0
8	8
13	13
3	0
16	0
16	0
16	0
16	0
16	0
14	0
2	0
14	14
12	0
6	6
12	0
12	0
8	8
2	0
2	0
2	1
9	9
5	5
16	0
11	0
16	0
16	16
2	0
9	2
1	6
1	0
1	0
3	1
8	0
8	0
8	0
8	0
8	0
8	8
16	0
3	0
1	0
1	0
2	16
13	0
12	0
2	6
8	0
8	0
8	0
8	0
8	0
8	0
8	8
5	2
8	0
8	0
8	0
8	0
8	8
16	0
17	2
17	6
17	0
1	0
1	0
1	0
1	1
8	8
2	2
12	0
12	12
13	13
13	0
8	0
8	0
1	0
8	0
16	0
8	0
16	0
16	0
16	0
12	0
8	0
8	0
16	0
17	0
8	0
8	0
8	0
12	0
1	0
1	0
1	0
8	0
8	0
8	0
16	0
16	0
1	0
1	0
8	0
8	0
8	0
17	0
12	0
12	12
12	12
12	12
12	0
12	0
12	12
3	11
17	0
1	8
2	2
2	6
8	0
8	0
8	0
8	0
8	0
8	0
8	0
8	8
1	0
1	0
17	0
1	0
1	16
3	0
3	0
3	4
11	0
11	4
1	0
1	0
16	0
1	16
17	2
12	0
12	0
8	0
8	0
8	0
8	8
3	0
3	0
1	10
13	13
13	0
1	0
1	0
16	0
16	0
16	0
16	0
16	0
16	0
1	0
1	0
1	0
1	0
1	0
12	0
2	2
11	0
11	0
6	6
1	0
1	1
13	13
3	2
9	9
8	0
8	8
1	0
1	0
1	0
1	0
1	0
1	16
13	13
8	0
8	0
8	8
4	0
4	4
3	0
9	0
9	11
1	6
8	0
8	8
17	2
12	0
12	6
12	0
12	0
8	0
8	8
17	0
17	5
12	0
12	6
12	0
12	0
12	0
8	0
8	0
8	0
8	0
8	8
13	13
13	0
1	0
12	0
1	0
1	0
1	0
1	0
1	0
1	0
1	0
12	0
6	0
12	6
12	0
12	0
12	8
3	0
2	2
8	0
8	0
8	0
8	8
1	0
16	0
16	0
16	16
17	2
17	6
1	0
1	0
1	0
1	0
1	1
1	0
1	0
1	0
1	0
1	0
1	1
8	0
8	8
13	13
14	0
14	6
8	0
8	0
8	0
8	0
8	0
8	0
8	0
8	8
17	0
17	5
2	0
2	6
1	0
1	0
1	1
8	0
8	0
8	0
8	8
3	0
6	2
8	0
8	0
8	0
8	8
13	0
12	0
6	0
6	6
12	0
12	0
8	0
8	0
8	8
17	0
17	0
17	16
17	6
12	0
8	0
8	8
17	0
17	5
17	0
17	0
1	16
2	0
2	0
2	0
6	2
1	0
1	0
1	0
1	0
1	0
1	0
1	1
8	0
8	8
2	0
2	2
8	0
8	0
8	0
8	0
8	0
8	8
5	6
8	0
8	0
8	8
2	2
6	6
8	0
8	0
8	8
3	0
6	10
12	0
1	0
1	16
13	13
13	0
1	0
1	0
17	0
12	0
17	0
12	6
12	0
17	0
3	8
17	0
11	4
1	0
1	0
1	0
1	0
1	0
1	1
2	0
17	0
3	0
3	0
3	0
3	16
17	0
17	5
1	0
1	0
1	1
1	0
1	0
1	0
1	0
1	0
16	0
16	16
13	13
13	0
1	0
1	0
12	0
1	0
1	0
1	0
1	0
17	0
1	0
1	0
1	0
1	0
1	0
1	0
12	0
12	0
12	0
17	0
1	0
1	0
1	0
1	0
1	0
1	0
8	0
17	0
12	0
2	2
11	0
3	0
3	6
3	0
1	0
1	0
1	0
1	1
13	13
1	0
1	0
1	0
1	0
1	0
1	1
8	0
8	8
4	0
11	4
3	0
1	6
12	0
8	0
8	0
8	0
8	8
17	6
1	0
1	0
1	1
8	0
8	0
8	0
8	8
1	0
2	2
12	6
8	0
8	0
8	8
13	13
13	0
8	0
1	0
1	0
1	0
1	0
1	0
1	0
1	0
1	0
1	0
1	0
1	0
1	0
1	0
1	0
1	0
12	0
2	0
8	0
2	0
8	0
2	8
9	2
11	0
16	0
2	6
8	0
8	0
8	0
8	0
8	0
8	8
16	0
4	0
16	4
12	0
12	12
12	6
8	0
8	0
8	0
8	8
2	2
6	6
12	0
12	12
12	0
12	0
12	12
2	0
2	0
1	0
1	0
16	0
16	16
13	13
13	0
3	0
1	0
8	0
8	0
8	0
8	0
1	0
8	0
8	0
8	0
8	0
16	0
16	0
16	0
1	0
1	0
1	0
8	0
8	0
12	0
12	0
12	6
12	0
12	0
12	0
12	8
13	13
3	11
9	9
3	2
17	6
8	12
12	0
12	0
12	0
12	12
16	0
1	0
2	0
2	0
16	16
3	0
3	0
3	4
11	0
11	4
13	13
16	0
11	0
16	0
16	0
16	0
16	16
5	2
1	0
9	1
17	0
17	0
1	0
1	1
8	0
8	0
8	0
8	8
2	2
2	6
8	0
8	0
8	8
16	0
2	10
13	13
13	0
3	0
8	0
1	0
1	0
1	0
1	0
12	0
11	0
11	11
4	0
4	0
4	16
17	0
12	11
17	0
17	0
17	10
17	0
3	3
1	0
1	0
1	1
4	0
2	16
13	13
8	0
8	0
8	8
2	2
12	0
12	12
1	3
17	2
3	0
6	6
12	0
12	0
8	8
4	2
1	0
1	0
1	1
8	0
8	0
8	8
3	0
3	10
12	0
1	16
13	13
5	0
5	0
5	5
4	0
4	0
4	16
16	0
11	11
3	0
11	0
3	3
1	0
1	0
1	1
1	2
13	0
12	0
6	2
8	0
8	0
8	0
8	8
16	0
4	0
16	4
12	0
12	12
3	2
6	0
6	6
1	0
1	0
9	6
8	0
8	0
8	0
8	0
8	0
8	8
2	0
12	2
12	12
3	0
1	0
1	0
2	0
16	0
16	0
16	0
16	16
13	13
13	0
1	0
1	0
1	0
1	0
16	0
16	0
8	0
8	0
1	0
1	0
1	0
3	0
16	0
1	0
16	0
16	0
16	0
16	0
16	0
16	0
16	0
2	0
3	0
1	0
12	0
6	2
8	8
16	0
16	0
16	4
17	0
12	6
12	0
12	0
8	8
2	0
12	2
12	0
8	0
8	12
17	6
1	1
17	0
8	0
8	8
12	0
1	0
1	0
1	0
1	0
16	16
13	13
3	11
17	0
12	6
12	0
8	0
8	8
2	2
12	0
12	12
17	0
2	2
1	0
1	0
1	0
1	1
8	0
8	8
1	0
1	0
2	0
1	0
1	0
1	0
1	16
13	13
13	0
1	0
16	0
17	0
16	0
12	0
12	0
12	0
12	0
12	6
12	0
12	0
8	8
13	13
8	0
8	0
8	0
8	0
8	0
8	8
13	13
8	0
8	0
8	0
8	8
17	0
17	5
8	0
8	0
8	0
8	0
8	0
8	0
8	0
8	8
13	13
13	0
1	0
8	0
8	0
8	0
1	0
12	0
12	0
8	0
8	0
8	0
1	0
1	0
1	0
1	0
1	0
8	0
1	0
12	0
16	0
12	0
12	0
8	0
8	0
8	0
8	0
8	0
8	0
8	0
1	0
1	0
12	0
11	0
11	11
16	0
16	0
16	0
16	16
17	0
12	6
12	0
8	0
8	0
8	0
8	8
13	13
14	0
2	2
11	0
6	0
6	6
17	0
12	6
12	0
8	0
8	8
17	0
12	6
12	0
8	0
8	0
8	0
8	0
8	0
8	0
8	8
17	0
17	5
17	0
12	6
12	0
12	0
8	0
8	8
3	2
11	0
3	0
3	6
3	0
1	0
1	0
1	0
1	0
1	1
8	0
8	0
8	0
8	0
8	8
1	2
13	0
13	0
13	13
8	0
8	0
8	0
8	0
8	0
8	0
8	0
8	8
13	0
8	0
8	0
1	0
8	0
8	0
8	0
8	0
1	0
1	0
8	0
8	0
8	0
8	0
8	0
1	0
8	0
1	0
8	0
8	0
8	0
8	0
1	0
8	0
1	0
1	0
8	0
8	0
8	0
8	0
8	0
8	0
8	0
8	0
8	0
8	0
8	0
1	0
1	0
1	0
1	0
8	0
8	0
8	0
8	0
8	0
8	0
8	0
8	0
1	0
12	0
12	0
8	0
9	9
8	0
12	0
12	0
12	12
12	0
12	0
12	17
12	0
12	0
12	17
17	0
17	0
17	0
17	0
17	0
17	0
12	0
17	0
17	12
8	6
17	0
8	0
8	8
2	2
8	0
8	0
8	8
17	0
8	0
17	0
8	8
12	0
12	0
12	12
2	4
9	9
1	0
12	6
12	0
1	0
1	1
8	0
8	0
8	0
8	0
8	0
8	0
8	0
8	0
8	8
2	2
2	6
8	0
8	8
2	2
13	0
12	0
17	0
8	6
2	0
2	0
2	0
2	0
1	0
16	0
1	1
8	0
8	0
8	8
4	0
11	4
2	0
2	2
3	0
11	0
6	6
8	0
8	0
8	0
8	8
3	0
3	0
3	0
3	0
3	10
12	0
16	0
16	16
13	13
13	0
1	0
1	0
1	0
8	0
3	0
1	0
1	0
1	0
1	0
8	0
8	0
8	0
1	0
8	0
1	0
1	0
1	0
1	0
1	0
1	0
1	0
1	0
1	0
1	0
16	0
3	0
12	0
13	13
12	0
12	6
12	0
8	0
8	8
2	2
2	6
8	0
8	0
8	0
8	8
8	0
8	0
8	8
5	5
8	0
8	0
8	0
8	0
8	8
2	2
12	0
12	0
12	12
13	13
3	11
9	9
17	0
2	0
2	0
9	9
1	0
9	1
8	0
8	8
11	4
16	0
4	0
4	0
4	16
1	0
1	16
5	5
3	3
3	0
3	3
9	6
8	0
8	8
2	0
2	2
8	0
8	0
8	0
8	0
8	8
5	2
13	0
12	0
8	13
2	6
8	0
8	0
8	0
8	8
2	2
2	6
8	0
12	0
8	0
8	12
12	0
12	0
12	0
12	12
12	0
12	0
12	17
12	0
12	0
12	0
12	0
12	17
13	13
6	0
6	0
1	6
8	0
8	0
8	0
8	0
8	0
8	0
8	8
13	13
3	11
2	0
3	0
3	0
1	0
2	2
2	2
3	0
1	0
1	6
8	0
8	0
8	0
8	8
2	0
2	0
6	0
6	2
1	0
1	1
8	0
8	0
13	0
12	0
13	13
9	6
8	0
8	0
8	8
2	0
2	2
8	0
8	0
8	8
12	0
12	0
12	0
8	0
12	0
12	0
8	0
8	0
8	8
2	2
2	6
8	0
8	0
8	0
8	0
8	8
12	0
12	0
12	12
13	13
3	11
3	0
1	6
8	0
8	0
8	0
8	0
8	0
8	0
8	8
1	0
1	0
1	0
1	0
1	0
1	0
1	1
1	1
1	0
1	0
1	0
1	0
16	0
16	0
16	16
13	13
2	2
2	6
13	0
12	0
13	13
12	0
12	6
12	0
8	0
8	0
8	8
2	2
3	0
6	0
6	6
12	0
8	0
8	0
13	0
8	0
8	8
13	13
2	0
2	2
11	0
11	11
2	2
12	0
12	0
12	0
12	0
12	0
12	12
13	13
12	12
5	5
12	12
13	13
13	0
1	0
1	0
12	0
16	0
16	0
16	0
16	0
8	0
16	0
12	0
12	0
16	0
8	0
16	0
12	0
16	0
12	0
16	0
16	0
1	0
1	0
1	0
1	0
8	0
12	0
13	13
12	0
17	0
17	6
17	0
16	0
17	1
8	0
8	0
8	0
8	0
8	0
8	8
13	13
3	11
12	0
12	0
8	12
2	0
2	2
8	0
8	0
8	8
2	2
8	0
8	0
8	0
8	0
8	0
8	8
3	0
3	0
16	0
16	0
16	0
16	16
11	4
13	13
2	0
2	2
11	0
11	11
2	2
6	6
8	0
8	0
8	0
8	8
2	0
2	2
8	0
8	0
8	8
13	13
3	11
12	0
12	6
12	0
13	0
12	0
13	13
9	6
8	0
8	0
8	0
8	0
8	8
2	2
2	6
1	1
8	0
8	0
8	0
8	8
2	2
2	6
8	0
8	8
2	2
11	0
1	6
1	0
1	0
1	0
1	0
1	0
1	1
8	0
8	0
8	0
8	0
8	8
2	2
6	6
3	0
1	0
1	0
1	1
8	0
8	0
8	0
8	0
8	8
13	13
14	0
14	2
8	8
5	5
3	3
3	0
2	0
2	2
3	0
6	6
12	0
8	0
8	0
8	0
13	0
12	0
12	0
12	0
12	12
11	4
3	0
6	6
1	0
1	0
1	0
1	0
1	0
1	1
8	0
8	0
8	0
8	8
2	0
2	2
1	0
1	0
2	0
3	0
1	1
8	0
8	0
8	0
8	0
8	0
8	0
8	0
8	8
1	0
1	0
16	0
16	0
16	16
13	13
3	0
3	3
3	0
6	6
12	0
1	0
8	8
2	2
12	12
5	5
12	6
8	0
8	0
8	0
1	0
1	1
8	0
8	8
16	0
2	10
1	0
13	0
12	0
8	0
2	2
9	6
12	0
8	0
9	8
2	0
2	2
8	0
8	0
8	0
8	8
16	0
16	0
2	4
12	0
12	6
12	0
12	0
12	12
13	13
12	12
5	5
12	12
17	0
2	0
2	2
12	0
6	6
12	0
12	0
8	0
8	0
8	8
16	0
11	2
17	17
12	0
12	12
13	13
17	0
17	0
17	12
17	12
12	0
12	12
13	13
12	0
12	12
13	13
17	0
12	6
12	0
12	0
8	0
8	8
2	2
2	6
13	0
12	0
12	0
12	6
12	0
17	0
12	1
12	0
12	0
8	8
2	2
9	6
8	0
8	8
2	2
12	0
12	0
12	12
13	4
16	0
11	11
3	0
3	0
3	0
3	0
3	3
2	2
1	0
1	0
1	6
1	1
8	0
8	0
8	8
13	13
3	11
3	2
1	0
6	0
1	0
1	0
1	1
8	0
8	0
8	8
3	0
1	0
1	0
16	16
4	0
4	0
4	0
4	4
13	13
3	0
1	0
1	0
1	1
16	0
11	0
13	0
12	0
8	0
8	8
9	9
16	0
2	0
2	4
3	0
6	6
8	0
8	8
2	2
2	6
8	0
8	0
8	0
8	8
8	0
8	0
8	8
5	5
8	0
8	0
12	0
8	0
8	8
2	2
2	6
8	0
8	0
8	0
8	0
8	8
12	0
12	0
12	12
1	0
1	1
2	0
11	6
1	0
1	0
1	0
1	0
1	0
1	0
1	1
8	0
8	0
8	0
8	0
8	0
8	0
8	8
2	0
16	0
16	0
16	16
13	13
13	0
16	0
11	11
16	4
16	0
11	11
2	0
2	2
1	0
3	0
1	0
1	0
1	0
1	0
1	1
1	0
1	0
1	0
1	0
1	1
8	0
8	0
8	0
8	0
8	0
8	0
8	8
2	2
2	6
8	0
8	12
2	2
6	0
1	6
8	0
8	0
8	0
8	0
8	0
8	8
2	2
2	0
2	0
2	0
9	9
1	0
1	1
8	0
8	8
13	13
3	11
3	0
6	6
12	0
8	0
8	8
2	2
2	6
8	0
8	8
13	0
13	0
8	0
8	0
8	8
12	0
12	0
12	0
12	12
13	13
12	0
8	0
8	0
8	17
12	0
12	0
12	17
8	0
8	0
8	0
8	0
12	17
13	13
12	0
12	8
9	0
9	9
8	6
17	0
16	0
16	0
2	1
8	0
8	0
8	0
8	0
8	8
2	2
3	0
3	0
1	6
1	0
1	0
1	1
1	0
3	0
1	0
1	0
1	1
8	0
8	0
8	8
8	0
8	6
1	0
1	0
1	0
1	0
1	0
1	0
13	0
12	0
3	0
3	0
2	2
2	6
8	0
8	0
8	8
13	13
8	8
5	5
2	0
2	6
8	0
8	8
2	0
2	2
1	0
1	0
1	1
8	0
8	0
8	8
16	0
16	16
16	0
11	11
2	0
2	0
2	0
6	2
8	0
8	0
8	0
8	0
8	0
8	8
12	0
6	0
1	6
1	0
1	0
1	0
1	1
8	0
8	0
8	8
2	0
2	2
1	0
6	0
1	0
1	0
1	1
8	0
8	0
8	8
13	13
13	0
1	0
12	0
12	0
6	6
12	0
8	0
8	0
8	0
8	8
13	13
9	6
8	0
8	8
5	5
9	6
8	0
8	0
8	8
2	0
2	0
2	2
12	0
12	8
2	2
2	6
8	0
8	0
8	0
8	0
8	0
8	0
8	8
13	13
6	0
6	6
12	0
1	0
8	0
8	0
8	0
8	8
13	13
12	0
12	0
12	6
16	0
2	0
2	0
9	9
8	0
8	0
8	0
8	0
8	0
8	8
5	5
17	0
6	6
12	0
8	0
13	0
12	0
6	0
6	6
12	0
12	0
12	0
8	8
3	0
3	0
3	3
13	13
3	11
3	0
6	6
12	0
12	0
12	0
8	8
2	0
2	2
1	0
6	0
1	0
1	0
1	1
8	0
8	0
8	8
16	0
16	0
16	0
16	16
13	13
4	4
1	0
1	0
1	0
1	0
1	0
1	1
8	0
8	0
8	0
8	0
8	8
2	2
1	0
1	0
1	6
1	0
1	0
1	0
1	0
1	0
1	0
1	0
1	1
8	0
8	0
13	0
12	0
12	0
12	6
12	1
8	0
8	0
8	0
8	8
2	2
2	6
8	0
8	0
8	0
8	12
12	0
12	0
12	0
12	17
12	0
12	0
12	17
12	0
12	0
12	0
8	0
12	17
13	13
12	0
12	6
12	0
12	8
9	0
9	9
13	13
16	0
16	0
16	0
16	16
1	0
2	0
2	0
16	0
1	0
16	1
2	2
2	0
4	6
9	0
9	9
8	0
8	0
8	0
8	8
13	13
3	0
3	0
3	3
9	9
8	0
13	0
12	0
3	0
9	6
8	0
8	0
8	0
8	0
8	0
8	8
16	0
16	0
16	0
16	16
11	0
11	2
2	6
1	0
1	1
8	0
8	0
8	8
2	2
8	0
8	0
8	8
5	5
2	3
1	0
11	2
2	6
1	0
1	0
1	0
1	0
1	0
1	0
1	1
8	0
8	8
2	2
16	0
1	0
11	0
3	0
2	6
8	0
8	0
8	8
13	13
13	0
1	0
1	0
1	0
1	0
1	0
1	0
1	0
16	0
16	0
3	0
12	0
9	9
8	0
17	0
13	0
9	9
8	2
17	6
6	0
1	0
1	6
1	1
1	0
1	0
1	0
1	0
1	0
1	1
8	0
8	0
8	0
8	0
8	8
13	13
14	14
8	0
8	0
8	0
8	8
13	13
8	0
8	0
8	0
8	0
8	0
8	8
17	0
5	5
6	0
1	0
1	1
8	0
12	0
12	0
12	12
12	0
12	0
12	0
13	0
12	0
12	0
12	12
8	0
8	0
8	8
13	13
4	0
16	16
3	0
13	0
13	0
17	0
5	10
3	3
3	0
16	2
1	0
6	0
1	0
1	0
1	1
8	0
8	0
8	8
13	13
13	0
1	0
1	0
1	0
1	0
1	0
1	0
1	0
1	0
1	0
1	0
1	0
1	0
1	0
1	0
1	0
1	0
1	0
8	0
8	0
8	0
1	0
1	0
8	0
1	0
1	0
1	0
8	0
1	0
1	0
1	0
1	0
1	0
1	0
1	0
1	0
1	0
1	0
1	0
1	0
1	0
1	0
1	0
8	0
8	0
12	0
3	0
1	6
8	0
8	0
8	0
8	0
8	0
8	0
8	0
8	8
4	0
11	4
1	6
8	0
8	8
13	13
5	5
12	0
6	6
12	0
12	0
8	0
8	0
8	0
8	0
8	0
8	0
8	0
8	0
8	8
2	2
12	0
12	0
12	12
16	0
12	0
2	4
17	0
6	0
3	3
2	3
1	0
12	0
12	0
12	0
1	0
16	16
13	13
3	3
1	0
17	1
17	0
6	6
12	0
12	0
8	0
1	8
1	0
13	0
12	0
12	0
12	6
12	0
8	0
8	0
8	0
8	8
4	0
11	4
1	6
8	0
8	0
8	0
8	0
8	0
8	0
8	8
13	13
3	11
3	3
1	0
1	0
1	0
1	0
1	0
1	1
4	0
11	4
5	5
3	6
1	0
1	0
1	1
8	0
8	0
8	8
5	5
3	0
2	2
9	6
1	0
8	0
8	0
8	0
8	0
8	0
8	0
8	8
2	2
2	0
1	0
6	0
1	0
1	0
1	1
8	0
8	0
8	0
13	0
13	0
6	2
8	0
8	0
8	0
8	8
2	0
2	2
8	0
1	0
1	1
8	0
8	0
8	8
13	13
3	11
3	0
2	2
2	0
2	6
12	0
12	0
12	0
12	0
8	8
16	0
16	0
16	16
13	13
2	0
2	0
2	0
16	0
16	0
16	16
2	6
1	0
3	0
1	0
1	0
1	1
8	0
8	0
8	8
2	0
2	2
2	0
2	6
8	0
12	0
8	0
8	8
13	13
9	0
13	0
9	0
9	0
13	0
9	0
13	0
12	0
3	0
1	1
16	0
16	0
16	16
3	0
6	6
8	0
8	0
8	8
2	0
2	2
1	0
6	0
1	0
1	0
1	1
8	0
8	0
8	8
2	0
2	2
8	0
8	8
2	0
2	2
1	0
1	1
8	0
8	8
8	10
5	5
16	16
3	0
3	0
3	0
3	5
9	9
17	0
5	5
9	9
8	0
8	0
8	0
8	8
13	13
13	0
3	0
3	0
8	0
1	0
1	0
1	0
8	0
8	0
3	0
3	0
3	0
1	0
12	0
4	14
6	0
6	6
1	0
3	0
1	0
1	0
1	1
8	0
12	8
9	9
8	0
8	0
8	0
8	0
8	8
13	13
9	0
13	0
9	0
9	0
13	0
9	0
9	9
8	0
8	0
8	0
8	8
13	13
1	0
2	0
16	0
16	0
16	0
16	16
5	5
3	3
3	0
3	3
3	0
2	0
2	0
1	1
11	0
11	4
5	5
12	0
12	6
12	0
12	0
8	0
8	17
8	0
5	5
1	0
12	6
12	1
8	0
13	0
12	0
11	6
3	0
16	0
16	0
16	0
16	0
16	16
2	3
17	0
12	6
12	0
17	0
1	1
8	0
8	8
2	0
2	2
1	0
6	0
1	0
1	0
1	1
8	0
8	0
8	0
8	0
8	0
8	0
8	0
8	8
13	13
13	0
1	0
8	0
8	0
8	0
1	0
3	0
1	0
1	0
1	0
1	0
1	0
1	0
1	0
1	0
1	0
3	0
3	0
3	0
3	0
3	0
3	0
17	0
17	0
12	0
12	0
1	0
17	0
12	0
12	0
12	6
12	0
12	0
12	0
12	12
12	0
12	0
12	0
12	17
12	0
12	0
12	17
8	0
8	0
8	0
8	0
12	17
12	0
12	0
16	0
16	0
16	16
2	0
2	0
2	0
2	0
3	0
2	1
1	0
1	0
1	1
8	0
8	0
8	0
8	0
8	0
8	0
8	0
8	0
8	0
8	8
2	2
2	6
8	0
8	0
8	8
12	0
12	0
12	0
12	12
13	13
13	0
1	0
1	0
1	0
1	0
1	0
1	0
12	0
17	0
12	6
12	0
8	0
8	0
8	0
8	0
8	0
8	8
2	2
2	0
2	6
8	0
8	0
13	0
12	0
8	0
13	0
8	0
8	8
13	13
17	0
12	6
12	0
13	0
12	0
8	0
13	0
8	0
8	0
8	0
8	0
8	0
8	0
8	0
8	0
8	8
2	2
2	0
9	0
11	6
8	0
8	0
8	0
8	0
8	8
16	0
11	2
1	0
1	1
8	0
8	0
8	8
5	5
6	6
1	0
1	2
8	0
13	0
12	0
8	6
8	0
8	8
2	0
2	0
2	0
6	2
1	0
1	0
1	0
1	0
1	1
8	0
8	8
5	0
3	0
3	3
16	0
11	2
1	0
1	0
1	0
1	0
1	1
8	0
8	0
8	8
5	5
2	2
8	0
8	0
8	0
8	0
8	0
8	8
4	0
11	4
1	6
8	0
8	0
8	0
8	0
8	0
8	0
8	8
2	0
2	2
12	0
12	0
12	6
1	0
2	0
6	0
3	0
1	0
1	0
2	1
8	0
13	0
12	0
12	0
12	0
12	3
4	0
11	4
1	0
1	0
1	0
1	1
12	0
12	0
12	4
13	13
3	0
2	2
8	0
8	0
8	8
17	0
12	0
12	6
8	8
5	5
8	0
8	8
8	0
2	0
2	2
1	0
1	6
8	0
8	8
16	0
1	2
17	0
6	0
11	11
8	0
2	0
2	2
3	0
6	6
12	0
8	0
8	8
5	5
8	8
3	0
3	10
1	0
1	0
1	0
1	0
1	16
13	13
13	0
8	0
1	0
3	0
12	0
12	0
12	6
12	0
12	0
12	0
12	12
12	0
12	0
12	0
12	17
12	0
12	0
12	17
12	0
12	0
12	0
8	0
12	17
4	0
11	4
2	2
3	0
2	0
2	0
9	9
8	0
8	0
8	0
8	8
2	0
2	0
2	2
6	6
12	0
8	0
8	0
8	0
8	8
13	13
3	6
1	0
1	0
16	0
2	1
12	0
12	0
12	0
13	0
8	0
8	0
8	0
8	0
8	0
8	0
8	8
13	13
16	0
11	0
13	0
12	0
8	0
3	0
3	3
2	0
2	3
4	0
11	4
12	0
12	6
12	0
12	0
8	0
8	0
8	0
8	0
8	8
1	0
1	0
1	0
1	0
1	0
1	0
1	1
2	0
2	2
8	0
8	0
8	0
8	0
8	0
8	8
2	0
2	0
2	0
2	2
8	0
8	0
8	0
8	8
1	0
1	0
16	0
16	0
16	0
16	16
13	13
3	3
14	0
11	0
14	14
12	0
6	6
12	0
8	0
8	0
8	8
3	0
2	2
13	0
12	0
8	0
8	0
8	8
12	0
12	0
12	0
12	12
13	13
8	0
12	0
8	12
9	9
8	0
8	0
8	17
13	13
8	0
8	8
9	0
9	0
8	0
8	17
8	0
12	6
3	0
3	0
3	0
3	5
1	1
5	5
2	3
1	0
17	0
1	0
1	1
1	0
1	0
1	0
1	0
1	1
8	0
8	0
8	0
8	0
8	0
8	0
8	0
8	8
9	0
9	0
8	0
8	17
4	0
11	4
2	2
3	0
9	0
9	9
13	0
3	0
6	6
1	0
1	0
1	0
1	0
1	0
1	0
1	1
1	0
1	0
1	0
1	0
1	0
1	1
5	5
1	0
1	0
1	1
8	0
8	0
8	0
8	0
8	0
8	0
8	8
4	0
4	4
1	0
1	0
1	0
1	0
1	0
1	0
1	1
1	0
1	0
1	1
3	0
16	0
16	2
6	6
6	6
8	0
8	0
8	0
8	0
8	0
8	0
8	0
8	8
2	0
2	2
9	0
8	0
8	0
13	0
8	0
8	0
13	0
12	0
6	0
6	6
12	0
8	0
8	0
8	0
8	8
2	0
2	2
8	0
8	0
8	0
8	0
8	8
13	13
8	0
8	0
8	8
5	5
8	0
8	0
8	8
16	0
16	0
4	0
16	0
16	16
3	3
3	0
3	3
2	0
2	6
8	0
8	0
8	0
8	0
8	8
13	13
1	0
1	0
1	0
1	0
1	0
1	0
1	0
1	0
1	1
8	0
8	0
8	0
8	0
8	8
2	0
6	10
1	0
1	0
1	16
5	5
13	0
3	0
2	2
3	0
2	2
6	6
1	0
1	0
1	0
1	0
1	1
8	0
8	8
4	0
11	4
11	11
2	2
8	8
3	0
16	0
16	16
13	13
13	0
1	0
1	0
1	0
1	0
1	0
1	0
1	0
1	0
1	0
8	0
8	0
16	0
3	0
1	0
1	0
1	0
1	0
1	0
16	0
1	0
1	0
1	0
1	0
1	0
16	0
1	0
3	0
1	0
8	0
1	0
1	0
1	0
1	0
1	0
1	0
8	0
16	0
16	0
12	0
3	0
11	0
9	6
9	0
6	0
9	9
8	0
8	0
8	8
2	0
2	2
8	0
8	8
13	13
8	0
8	0
8	0
8	0
8	8
5	5
8	0
8	0
8	0
8	8
4	4
1	0
1	0
1	0
1	0
1	1
13	13
3	0
3	3
3	6
3	0
1	0
1	1
1	0
1	0
1	0
1	1
8	0
8	0
8	0
8	0
8	8
16	0
16	0
16	16
5	5
3	6
16	0
4	0
11	1
8	0
8	0
8	0
8	0
13	0
12	0
8	0
8	0
8	8
12	0
12	0
12	0
12	12
13	13
17	0
17	0
8	17
17	0
12	0
12	17
13	13
12	0
8	8
9	0
9	0
8	17
8	0
12	6
12	0
8	8
9	0
9	0
8	17
1	0
1	0
2	0
2	0
1	0
1	0
16	16
2	0
2	2
1	0
1	0
1	0
1	0
1	0
1	0
1	1
8	0
8	8
2	6
8	0
8	0
8	0
8	0
8	0
8	0
8	8
2	2
2	6
8	0
8	0
8	8
13	0
12	0
3	0
14	14
6	0
6	6
8	0
8	0
8	0
8	0
8	0
8	0
8	0
8	0
8	0
8	8
3	0
11	0
3	0
3	3
3	0
1	0
1	1
4	0
3	10
12	0
1	16
5	5
16	0
12	0
12	10
3	0
3	3
13	13
11	0
14	0
14	14
11	11
3	0
12	6
12	0
12	0
8	8
2	0
16	16
13	13
11	0
11	4
11	0
11	11
3	0
3	0
1	0
1	3
1	0
2	0
1	0
1	0
1	0
1	0
13	0
3	0
14	14
1	0
1	0
1	0
1	0
1	3
2	0
2	2
1	6
1	0
1	0
1	0
1	1
8	0
8	0
8	0
8	0
8	0
8	8
2	0
1	0
16	0
16	16
4	0
16	4
11	0
11	4
13	13
3	0
4	0
4	0
4	16
17	0
12	0
12	6
1	0
12	0
1	0
1	0
1	3
2	0
2	6
8	0
8	0
8	0
8	0
8	0
8	0
8	8
3	0
3	0
2	0
2	0
16	0
16	16
5	5
1	0
1	0
13	0
13	0
3	0
1	6
8	0
8	0
8	0
8	0
8	0
8	0
8	8
4	4
1	0
2	0
1	0
1	0
1	0
1	0
1	0
16	16
5	5
2	0
11	0
11	2
3	0
1	1
8	0
5	5
1	0
1	0
1	1
8	0
8	0
8	0
8	0
8	0
8	8
1	0
2	0
1	0
1	0
1	0
1	0
16	16
4	0
16	4
13	13
13	0
1	0
1	0
1	0
1	0
1	0
1	0
1	0
8	0
8	0
1	0
1	0
1	0
1	0
12	0
12	0
12	6
12	0
8	0
8	0
8	8
2	0
2	2
8	0
8	0
8	0
8	0
8	0
8	0
8	8
16	0
16	0
16	0
16	16
3	0
1	0
1	0
1	0
1	0
1	0
1	0
1	0
1	0
1	0
1	0
1	1
2	3
1	6
8	8
8	0
2	2
8	0
8	0
8	0
8	0
8	0
8	0
8	8
13	13
3	0
3	3
14	0
11	11
2	0
6	6
12	0
12	8
3	0
1	0
3	3
16	0
2	2
4	0
13	0
12	0
12	0
12	6
12	0
12	0
12	0
12	12
17	0
17	0
8	17
12	0
12	0
12	17
4	0
4	0
4	4
2	2
3	0
6	0
1	6
9	0
8	0
8	0
13	0
8	0
8	0
8	0
8	0
8	0
8	0
8	0
8	0
8	8
2	0
3	0
16	16
13	13
13	0
1	0
1	0
8	0
8	0
8	0
8	0
1	0
1	0
1	0
8	0
1	0
12	0
8	0
1	0
1	0
17	0
1	0
1	0
1	0
12	0
16	0
16	0
12	0
17	0
8	0
8	8
8	0
8	0
17	0
17	0
12	12
13	13
8	0
17	0
17	0
8	17
17	0
8	17
17	17
1	0
1	0
1	17
17	17
17	0
8	17
13	13
12	0
12	8
9	0
9	0
9	17
8	0
8	6
2	0
6	0
6	2
8	0
8	0
8	0
8	0
8	0
8	8
2	0
1	0
1	0
16	0
2	1
8	0
8	0
8	0
8	8
2	0
16	0
16	0
16	0
16	16
17	0
17	0
17	6
17	0
17	0
13	0
12	0
2	0
11	0
11	2
1	1
8	0
8	0
8	0
8	0
8	0
8	8
13	13
3	11
3	0
17	0
12	6
8	0
8	0
8	0
8	0
8	0
8	0
8	8
2	2
9	6
8	0
8	8
1	0
1	0
1	0
16	0
16	0
16	16
13	13
4	4
12	0
12	6
12	0
12	0
12	12
13	13
9	6
8	0
8	0
8	0
8	0
8	0
8	0
8	8
5	5
12	0
12	6
12	0
8	0
8	0
8	0
8	0
8	8
1	0
13	0
12	0
12	0
12	6
12	0
12	0
12	0
12	0
12	0
8	0
12	8
16	0
16	0
16	0
16	16
1	6
8	0
8	0
13	0
8	0
8	0
8	8
2	2
8	0
8	0
8	0
8	8
5	5
1	6
8	0
8	0
8	0
8	0
8	0
8	0
8	0
13	0
8	0
8	8
13	13
13	0
1	0
1	0
1	0
8	0
8	0
8	0
1	0
12	0
1	0
12	0
8	0
8	0
8	0
8	0
12	0
3	0
8	0
16	0
3	0
1	0
12	0
12	0
12	6
12	0
12	8
9	0
8	0
9	17
4	0
11	4
2	2
1	0
6	0
1	6
8	0
8	0
8	0
8	0
8	8
1	0
2	0
1	0
1	0
16	0
16	0
16	0
16	16
13	13
3	11
8	0
8	0
8	0
8	0
8	8
2	0
2	0
2	2
1	6
1	0
1	0
1	0
1	0
1	0
1	1
8	0
17	0
17	0
8	8
2	2
2	6
8	0
8	8
1	0
1	0
16	0
16	16
13	13
3	0
1	0
13	0
12	0
6	6
8	0
8	0
8	0
8	0
8	0
8	0
8	8
2	2
8	0
9	0
11	6
1	0
1	0
1	0
1	0
1	0
1	0
1	0
1	1
8	0
8	8
13	13
3	11
3	0
2	0
2	2
2	6
12	0
12	0
8	0
8	0
8	8
1	0
2	0
1	0
1	0
16	0
16	16
4	0
4	0
4	0
4	4
16	0
3	16
13	13
3	0
16	0
16	0
16	16
11	0
11	2
9	0
9	9
8	0
8	0
8	0
8	8
13	0
13	0
8	0
8	0
8	8
17	17
13	13
17	0
17	0
17	0
17	0
17	17
8	0
17	0
17	0
8	17
13	13
8	0
8	8
9	0
9	0
8	17
6	6
8	0
8	0
8	0
8	8
2	2
3	0
3	0
1	0
1	0
1	0
1	1
8	0
8	8
13	13
3	11
3	0
6	0
1	2
1	0
6	0
1	0
1	0
1	1
1	0
3	0
1	0
1	0
1	1
5	5
3	0
3	0
1	0
1	0
1	0
1	0
1	0
1	1
13	0
12	0
8	0
8	6
2	0
2	0
6	2
8	0
8	8
9	0
9	0
8	17
2	0
1	0
1	0
1	0
1	0
1	0
16	0
1	1
8	0
8	0
8	8
4	0
11	4
3	6
1	0
1	0
1	0
1	1
12	0
12	0
8	0
8	0
8	0
8	8
2	2
12	0
12	0
8	12
2	2
6	0
6	0
3	0
1	0
1	0
1	1
8	0
8	0
8	0
8	0
8	0
8	8
13	13
13	0
1	0
1	0
1	0
1	0
1	0
1	0
12	0
17	0
17	6
17	0
17	1
17	0
17	0
17	0
17	1
17	0
17	0
17	0
17	0
1	17
8	0
17	0
17	0
8	17
17	0
16	0
16	0
16	0
16	16
2	2
2	0
11	0
11	6
8	0
8	0
8	0
8	0
8	0
8	8
2	2
8	0
8	0
8	0
8	0
8	0
8	0
8	0
8	0
8	8
5	5
3	6
1	0
1	0
1	2
9	9
8	0
8	0
8	8
1	0
1	0
1	0
1	0
1	1
8	0
8	0
13	0
12	0
2	0
12	6
12	0
12	0
12	0
8	8
3	2
9	9
8	0
8	0
8	8
3	0
11	0
9	0
16	0
16	16
11	0
11	11
3	0
11	0
11	2
2	2
8	0
8	0
8	0
8	0
8	0
8	0
8	8
1	0
1	0
1	0
1	0
1	0
1	0
1	1
8	0
8	8
13	13
13	0
1	0
1	0
1	0
1	0
1	0
1	0
1	0
1	0
12	0
1	0
16	0
16	0
1	0
1	0
8	0
8	0
1	0
3	0
16	0
12	0
5	2
8	0
12	8
4	0
4	0
16	0
16	16
3	6
1	0
1	1
13	13
1	0
1	0
1	2
8	0
8	0
8	0
8	8
16	0
16	0
16	0
2	1
8	0
8	0
8	0
8	0
8	0
8	0
8	0
8	8
2	0
2	0
2	2
1	0
1	1
8	0
8	0
8	0
8	0
8	0
8	0
8	0
8	0
8	8
2	0
2	2
8	0
8	8
13	13
13	0
1	0
3	0
3	0
1	0
1	0
1	0
1	0
1	0
1	0
12	0
9	9
9	0
8	0
9	9
8	0
12	0
12	0
8	12
8	0
8	0
8	0
8	0
8	8
12	0
12	0
12	0
12	0
12	12
12	0
12	6
12	0
12	8
9	9
4	0
6	4
2	2
3	0
1	0
1	0
1	0
1	0
1	1
8	0
8	0
8	0
8	0
8	8
12	0
1	0
16	0
16	16
16	0
12	0
12	4
13	13
3	11
12	0
12	0
12	12
3	0
1	0
16	0
16	16
4	0
4	0
2	4
13	13
3	0
13	0
13	0
12	0
12	0
12	12
13	13
13	0
8	0
8	0
8	0
8	0
8	0
1	0
1	0
8	0
8	0
8	0
8	0
8	0
1	0
1	0
8	0
8	0
8	0
8	0
8	0
8	0
8	0
8	0
8	0
8	0
8	0
8	0
8	0
1	0
1	0
8	0
8	0
8	0
8	0
8	0
8	0
8	0
8	0
8	0
8	0
8	0
8	0
12	0
8	0
8	0
8	0
8	0
8	0
1	0
8	0
8	0
8	0
1	0
1	0
1	0
13	0
13	13
12	0
12	0
12	17
8	0
8	17
2	17
8	0
8	0
8	17
13	13
13	13
13	0
8	0
12	0
8	0
16	0
16	0
16	0
16	0
16	0
8	0
8	0
16	0
16	0
16	0
16	0
8	0
1	0
8	0
8	0
16	0
16	0
16	0
12	0
8	0
16	0
16	0
16	0
16	0
1	0
1	0
8	0
8	0
16	0
16	0
16	0
12	0
16	0
16	0
16	0
16	0
1	0
8	0
8	0
8	0
16	0
16	0
16	0
12	0
12	0
12	6
12	0
8	0
8	0
8	0
8	8
2	2
2	6
8	0
8	0
8	0
8	0
8	8
16	0
11	2
17	17
12	0
12	12
13	13
17	0
17	0
17	12
17	12
12	0
12	12
13	13
12	0
12	12
13	13
2	0
2	2
8	0
12	0
8	8
2	2
2	6
12	0
12	0
13	0
8	0
8	0
8	8
2	4
9	9
1	0
2	0
1	0
1	0
1	0
1	0
1	0
1	1
1	0
1	0
1	0
16	16
5	5
13	0
12	0
4	0
4	6
1	0
9	1
8	0
8	0
8	0
8	0
8	0
8	8
2	2
8	0
8	0
8	0
8	8
2	2
12	0
12	0
12	12
13	13
12	12
5	5
12	12
16	4
12	0
12	6
12	0
12	8
5	5
12	0
12	0
12	6
3	0
1	0
1	0
1	0
1	0
1	1
8	0
8	0
8	0
8	0
8	8
2	0
2	2
8	0
8	0
8	0
8	8
2	0
2	0
2	0
16	0
16	0
16	16
13	13
13	0
1	0
3	0
12	0
3	2
2	6
1	0
1	0
1	0
1	1
8	0
8	8
4	0
11	4
2	6
8	0
8	0
8	0
8	0
8	0
8	8
2	0
2	10
1	0
6	0
1	0
1	0
1	1
17	0
12	0
12	4
12	0
9	0
17	2
9	6
8	0
8	8
2	0
2	2
8	0
8	8
9	9
13	13
13	0
3	0
1	0
1	0
8	0
8	0
8	0
1	0
1	0
1	0
1	0
1	0
8	0
16	0
1	0
3	0
3	0
1	0
1	0
8	0
13	0
3	0
2	2
2	0
6	6
1	0
1	0
1	0
1	1
8	0
8	0
8	0
8	0
8	0
8	8
16	4
16	0
11	11
2	6
8	0
8	0
8	0
8	8
2	2
2	6
12	0
12	0
12	12
17	0
17	0
17	12
17	12
2	0
2	0
2	2
1	6
8	0
8	0
8	0
8	0
8	8
2	2
2	0
6	0
6	6
3	0
9	0
1	1
8	0
8	8
13	13
2	2
11	0
11	0
11	11
3	0
6	0
3	0
3	3
13	0
12	0
12	0
12	6
12	0
13	0
8	0
8	0
8	0
13	0
8	0
8	0
8	8
2	2
12	0
8	0
12	0
12	0
12	0
8	12
13	4
1	6
8	0
8	0
8	0
8	0
8	0
8	0
8	0
8	8
2	2
9	9
8	0
8	0
8	8
16	0
16	0
16	16
13	13
13	0
16	0
16	0
1	0
1	0
16	0
16	0
16	0
16	0
16	0
1	0
12	0
8	0
8	0
8	0
16	0
16	0
16	0
4	0
4	0
16	0
16	0
12	0
2	2
2	0
6	0
6	6
1	1
8	0
8	8
4	0
11	4
2	6
12	12
12	0
12	12
12	0
12	0
12	12
2	0
2	0
6	2
12	0
12	0
12	0
12	0
12	12
12	0
12	0
12	12
12	0
12	0
12	0
13	0
8	0
8	12
2	0
2	2
2	6
1	0
1	0
1	0
1	1
1	0
1	0
1	0
1	1
8	0
8	8
16	0
16	0
16	16
13	13
13	0
3	0
1	0
1	0
8	0
8	0
8	0
12	0
12	0
17	0
9	9
6	4
12	0
12	0
8	12
4	0
16	0
16	0
16	0
2	2
2	6
1	0
9	0
1	1
8	0
8	8
2	2
8	0
8	8
5	5
1	0
1	0
1	0
1	1
8	0
8	0
8	0
8	8
5	5
8	0
8	0
8	0
8	0
8	0
8	0
8	0
8	8
2	2
2	6
12	0
12	12
8	0
12	12
12	17
16	0
3	0
1	0
16	0
16	16
13	13
13	0
3	0
3	0
16	0
16	0
16	0
16	0
1	0
1	0
12	0
17	0
8	6
12	0
12	0
12	0
12	1
8	0
8	0
13	0
8	0
8	0
8	0
8	0
8	0
8	8
4	0
11	4
1	6
1	0
1	0
1	1
8	0
8	0
8	0
8	8
13	13
13	0
1	0
1	0
1	0
1	0
1	0
1	0
1	0
3	0
1	0
1	0
1	0
1	0
1	0
1	0
1	0
1	0
1	0
1	0
1	0
1	0
1	0
2	0
2	0
1	0
1	0
1	0
1	0
1	0
1	0
1	0
8	0
8	0
12	0
12	0
12	6
12	0
8	0
8	8
8	0
2	0
2	2
12	0
12	6
12	0
12	8
9	9
4	0
11	4
3	0
3	0
1	0
3	3
1	0
2	0
1	0
1	0
16	16
4	0
4	4
5	5
3	0
16	0
16	16
13	13
3	0
3	0
16	0
16	0
3	3
3	0
3	0
3	0
3	3
1	0
1	0
1	0
1	1
4	0
4	10
4	0
4	0
4	0
4	4
13	13
13	0
8	0
8	0
8	0
12	0
12	0
8	0
16	0
12	0
12	0
12	0
12	12
5	5
12	0
6	6
12	0
8	0
8	0
8	0
8	0
8	8
8	0
8	6
9	9
3	0
16	0
16	0
16	0
16	16
11	0
11	11
12	0
12	0
12	12
3	0
2	2
1	0
1	0
1	1
8	0
8	0
8	8
13	13
14	0
14	14
3	0
12	0
12	6
8	0
8	0
8	0
8	0
8	1
16	0
2	0
2	2
3	0
6	6
8	0
9	0
1	8
2	2
2	6
8	0
8	0
8	0
8	0
13	0
11	0
6	2
8	0
8	0
8	0
8	0
8	0
8	0
8	0
8	8
13	13
14	0
11	0
14	14
11	11
3	0
3	3
3	0
3	0
1	1
4	0
11	4
11	0
3	10
1	0
1	0
1	0
1	16
13	13
11	11
11	11
1	0
1	0
16	0
16	16
13	13
5	5
14	0
11	0
14	14
11	11
3	0
3	3
16	0
1	0
16	0
16	16
13	13
11	11
11	11
1	0
16	0
16	16
13	13
16	0
2	0
16	0
16	0
1	0
13	0
1	0
6	6
8	0
8	0
8	0
8	0
8	17
5	5
8	0
8	0
8	0
8	0
8	0
8	0
8	0
8	8
16	4
3	0
2	2
8	0
8	8
13	13
14	0
11	0
11	6
1	0
1	0
1	1
1	0
17	0
16	0
1	1
5	5
1	0
1	0
1	1
8	0
8	0
8	8
2	2
2	6
8	0
8	0
8	8
3	0
3	10
1	0
1	0
1	0
3	16
13	13
11	0
6	10
1	0
1	0
1	16
5	5
3	0
10	2
13	0
12	0
17	0
12	6
12	0
8	8
2	2
2	6
13	13
17	0
17	0
17	17
12	0
12	17
17	0
17	0
17	0
17	17
17	17
17	0
12	0
12	12
13	13
16	4
3	0
2	2
8	0
8	0
8	0
8	8
2	0
2	2
6	6
8	0
8	0
8	0
8	0
8	0
13	0
8	0
8	0
8	0
8	8
2	0
2	2
8	0
8	0
8	0
8	12
1	0
2	0
2	0
2	0
2	0
16	0
16	16
13	13
13	0
1	0
17	0
17	0
12	0
12	0
12	6
12	0
8	0
8	0
8	0
8	0
8	8
4	4
4	0
2	2
9	1
8	0
8	0
8	8
9	9
2	6
12	17
17	17
12	12
2	0
2	0
2	0
2	0
2	0
16	0
16	16
4	0
4	4
13	13
13	0
3	0
1	0
8	0
8	0
8	0
3	0
1	0
1	0
8	0
1	0
1	0
1	0
1	0
1	0
1	0
1	0
1	0
12	0
1	0
8	0
8	0
8	0
8	0
3	0
3	0
2	0
8	0
8	0
12	0
11	0
11	11
16	0
4	0
4	0
4	16
3	0
11	0
12	6
1	0
1	0
1	1
8	0
8	8
3	0
3	0
3	0
3	3
1	0
1	0
1	0
16	0
16	0
16	16
13	13
14	0
11	0
14	6
8	0
8	0
8	8
2	0
2	2
8	0
8	0
8	0
8	0
8	8
3	0
3	10
1	0
1	0
1	0
1	0
1	0
16	16
13	13
13	0
3	0
3	0
16	0
1	0
12	0
1	0
1	0
1	0
1	0
1	0
1	0
12	0
12	0
12	0
12	12
6	4
9	9
17	3
17	6
1	0
1	1
8	0
8	0
8	0
8	0
8	0
8	0
8	8
16	0
16	0
16	0
16	0
16	16
13	13
14	0
14	0
14	0
3	3
9	6
1	0
9	1
8	0
8	0
8	0
8	0
8	8
2	0
2	2
6	0
8	0
8	8
2	2
2	0
11	0
11	6
1	0
1	0
1	0
1	0
1	1
8	0
8	0
8	8
12	0
12	0
12	0
12	12
12	0
12	0
12	12
13	0
12	0
6	2
8	0
8	0
8	0
8	8
11	4
3	0
2	11
3	0
1	3
9	0
1	0
9	9
8	8
5	5
9	9
8	0
8	8
16	0
16	0
16	16
13	13
14	0
14	14
2	0
6	0
6	2
8	0
8	0
8	0
8	8
2	2
9	9
8	0
8	8
2	2
12	0
12	6
12	0
8	0
8	8
2	0
2	2
8	0
8	0
8	0
8	0
8	0
8	8
16	0
12	0
12	0
12	10
12	16
13	13
13	0
1	0
1	0
1	0
12	0
3	2
3	0
12	0
12	6
8	0
8	0
8	8
4	0
11	4
2	0
2	11
2	2
2	0
1	0
1	6
12	0
12	0
8	12
9	9
8	0
8	0
8	0
8	12
1	0
2	0
1	0
1	0
1	0
16	0
16	0
16	16
12	0
12	0
12	4
13	13
13	0
12	0
1	0
1	0
1	0
8	0
8	0
8	0
8	0
1	0
1	0
8	0
8	0
12	0
1	0
12	0
12	0
8	0
1	0
1	0
1	0
1	0
3	0
1	0
12	0
8	0
8	0
8	0
8	8
12	0
12	6
12	0
1	0
1	0
1	1
8	0
8	0
8	0
8	8
4	0
11	4
2	2
3	0
9	9
1	0
1	0
1	0
1	0
1	0
1	0
1	0
1	1
8	0
8	0
8	0
8	8
12	0
16	0
16	0
16	16
12	0
12	0
12	4
13	13
13	0
1	0
1	0
8	0
12	0
12	0
1	0
1	0
1	0
1	0
1	0
1	0
12	0
12	0
8	0
1	0
1	0
1	0
8	0
8	0
17	0
17	0
12	6
17	0
16	0
16	0
2	1
17	4
3	0
3	0
3	0
3	0
1	2
2	2
17	6
17	17
17	0
17	0
17	0
17	12
17	17
17	17
17	0
17	0
17	0
17	12
13	13
12	0
12	12
13	13
1	0
2	0
2	0
1	0
1	0
1	0
1	16
13	13
13	0
1	0
8	0
17	0
17	0
17	0
17	0
17	0
17	0
17	0
12	0
8	0
17	0
1	0
1	0
8	0
1	0
1	0
1	0
8	0
8	0
1	0
12	0
12	0
12	0
8	12
12	4
12	6
17	0
8	0
8	0
8	8
12	0
12	0
12	0
12	0
12	12
12	0
12	0
12	12
12	0
12	12
9	9
8	0
8	0
17	12
16	0
16	0
16	16
13	13
2	2
11	0
12	0
14	11
11	0
11	6
8	0
8	0
8	0
8	0
8	0
8	0
8	8
5	5
8	0
8	8
12	12
12	0
12	12
12	0
12	0
12	12
9	9
2	0
6	6
8	0
8	0
8	0
8	0
8	0
8	8
13	0
12	0
1	0
1	0
1	2
1	0
1	0
1	0
1	1
8	0
8	0
8	0
8	0
8	0
8	0
8	0
8	0
8	0
13	0
8	0
8	0
8	0
8	8
2	2
12	0
12	0
12	0
12	12
2	4
12	0
12	0
8	12
8	0
1	0
2	0
2	0
2	3
1	6
8	0
8	0
8	0
8	0
8	0
8	0
8	8
3	0
3	0
3	0
2	0
3	2
2	2
2	6
12	12
17	0
17	0
17	17
17	0
17	17
12	17
17	0
13	0
12	0
17	0
12	6
12	0
8	0
8	0
8	0
8	8
16	0
11	2
17	17
12	0
12	12
13	13
17	0
17	0
17	12
17	12
12	0
12	12
13	13
12	0
12	12
13	13
17	4
3	0
1	6
1	0
1	0
1	0
1	1
8	0
12	0
8	8
12	0
1	0
1	0
1	0
16	0
16	16
13	13
11	0
11	0
11	11
2	0
11	0
11	6
8	0
8	0
8	0
8	0
8	0
8	8
2	0
6	0
6	2
8	0
8	0
8	0
13	0
12	0
3	0
3	3
5	5
9	9
8	0
8	0
8	0
8	8
13	13
6	0
3	0
3	3
2	6
12	0
12	0
12	0
12	0
12	1
12	0
12	12
12	0
12	0
12	12
13	13
2	6
2	0
2	0
1	0
1	0
1	0
1	0
16	0
9	1
8	0
8	0
8	0
8	0
8	0
8	8
12	12
12	0
12	0
12	0
12	0
12	12
5	5
3	0
12	6
12	0
8	0
8	0
8	0
8	8
2	2
2	6
12	0
12	0
8	0
13	0
12	0
2	6
8	0
8	0
8	0
8	0
8	0
8	8
2	0
2	2
8	0
8	8
4	0
11	4
2	6
8	0
8	0
8	0
8	8
3	2
12	0
12	0
12	6
1	0
6	0
1	0
1	0
1	1
8	0
8	0
8	0
8	8
2	2
9	0
9	0
9	9
1	0
3	0
1	0
1	0
1	1
8	0
8	8
13	13
3	0
3	0
2	0
2	0
16	0
1	0
1	3
9	0
9	9
8	0
8	8
13	13
16	0
12	0
9	4
13	0
11	0
1	0
1	0
1	1
3	3
11	3
5	5
2	6
8	0
8	0
8	0
8	0
8	0
8	8
13	13
13	0
1	0
1	0
8	0
1	0
8	0
1	0
1	0
16	0
1	0
1	0
8	0
8	0
8	0
1	0
8	0
8	0
8	0
8	0
16	0
8	0
1	0
8	0
8	0
8	0
8	0
8	0
1	0
8	0
8	0
1	0
1	0
1	0
1	0
1	0
1	0
1	0
1	0
1	0
8	0
8	0
8	0
8	0
8	0
16	0
12	0
13	13
8	0
12	0
12	0
8	8
17	0
17	0
17	0
17	0
17	0
17	0
17	0
17	0
17	0
17	12
17	0
17	17
17	17
8	0
8	17
12	8
17	0
2	2
17	0
12	6
12	0
12	0
8	8
9	9
4	0
4	4
17	0
12	6
17	0
8	17
17	17
8	0
8	17
1	6
8	0
8	0
8	0
8	0
8	0
8	0
8	8
2	0
2	0
2	2
1	0
1	0
2	0
1	0
1	0
1	0
1	0
1	1
8	0
13	0
3	0
6	2
8	0
8	0
8	0
8	8
17	4
12	0
12	0
12	6
1	0
17	0
12	0
12	1
8	8
17	0
12	2
9	9
8	0
8	0
8	0
8	0
8	8
16	0
16	0
16	0
16	16
13	13
3	11
9	0
9	9
8	0
8	0
8	0
8	0
8	0
8	8
5	5
9	9
8	0
8	8
2	2
2	6
12	0
12	0
12	12
12	12
1	0
3	0
1	0
1	16
4	0
16	4
4	4
13	13
13	0
1	0
2	0
1	0
1	0
12	0
8	0
2	0
8	0
2	0
8	0
1	0
2	1
8	0
8	0
8	0
8	0
8	0
8	0
16	8
12	0
12	0
12	12
17	4
12	0
12	6
12	12
12	12
13	13
3	0
6	6
12	0
8	8
2	2
8	0
8	0
8	12
13	13
5	5
2	6
9	1
8	0
8	0
8	0
8	0
8	0
8	8
2	2
2	6
1	0
1	0
1	1
8	0
8	0
8	0
8	0
8	8
2	2
2	6
8	0
8	0
8	0
8	8
13	13
13	0
12	0
3	0
12	6
12	0
12	0
8	0
8	0
1	8
17	4
12	0
12	0
12	6
17	0
17	0
17	0
2	1
8	0
8	0
8	0
8	8
3	0
3	0
1	0
1	2
2	6
12	0
8	8
5	5
6	6
8	0
8	0
8	8
2	0
2	2
12	0
13	0
12	12
12	0
12	0
12	12
3	0
1	0
2	0
1	0
16	0
16	16
13	13
13	0
1	0
12	0
1	0
16	0
16	0
16	0
16	0
12	0
16	0
16	0
16	0
16	0
12	0
14	0
14	0
14	12
11	4
2	2
2	6
8	0
8	0
8	0
8	0
8	8
13	13
17	0
17	0
17	0
17	17
17	17
13	13
16	0
16	0
16	0
16	16
13	13
14	0
14	0
14	14
3	0
12	6
8	0
8	8
2	6
8	0
8	0
8	8
2	2
8	0
1	0
12	3
3	3
3	0
3	3
12	0
12	0
12	4
4	0
4	4
13	13
3	0
16	0
16	0
16	16
11	0
11	0
11	11
3	3
3	0
1	6
1	0
13	0
12	0
3	2
1	0
1	0
1	6
8	0
8	0
8	8
13	13
1	0
12	0
1	0
1	0
1	0
16	16
13	13
13	0
1	0
1	0
1	0
8	0
8	0
8	0
1	0
1	0
1	0
1	0
8	0
8	0
8	0
1	0
1	0
1	0
1	0
8	0
8	0
1	0
1	0
1	0
1	0
8	0
8	0
8	0
8	0
1	0
1	0
1	0
1	0
1	0
1	0
1	0
1	0
8	0
1	0
1	0
1	0
1	0
1	0
1	0
8	0
12	0
12	0
12	6
12	0
8	8
12	0
12	0
8	8
4	0
11	4
2	0
6	0
6	2
1	0
1	0
1	0
1	0
1	1
8	0
8	0
8	0
8	0
8	8
2	0
2	2
3	0
6	6
12	0
12	0
8	0
8	8
2	0
2	2
8	0
8	0
8	8
1	0
2	0
1	0
1	0
16	16
4	0
16	4
13	13
3	11
8	0
8	0
8	0
8	0
8	8
2	0
11	0
2	0
6	2
17	0
8	8
17	0
17	0
8	0
13	0
12	0
5	0
5	5
2	0
2	2
8	0
12	0
8	8
2	2
2	0
11	0
11	6
9	0
1	1
8	0
8	0
8	0
8	0
8	0
8	8
2	4
12	12
9	9
1	0
1	1
5	5
3	0
3	0
3	0
3	0
3	0
1	0
1	0
1	1
8	0
8	8
1	0
2	0
1	0
16	0
16	0
16	0
16	16
13	13
3	11
3	0
17	0
17	6
2	0
1	0
1	1
8	0
8	8
5	5
2	6
8	0
8	0
8	0
8	0
13	0
12	0
12	0
12	0
10	8
8	0
2	0
2	2
8	0
8	0
8	0
8	0
8	8
8	6
8	0
17	0
17	0
17	0
1	0
1	1
8	0
8	8
2	0
2	2
8	0
8	0
8	0
8	0
8	0
8	0
8	0
8	0
8	0
8	8
2	2
2	6
17	0
8	17
17	17
8	0
8	17
17	0
11	4
17	0
12	6
12	0
12	0
8	0
8	0
8	8
12	0
12	0
12	4
13	13
13	0
1	0
8	0
1	0
1	0
16	0
16	0
12	0
12	0
12	6
8	0
12	0
8	0
8	0
8	0
8	8
2	0
2	2
12	12
12	0
12	12
17	4
2	2
13	13
17	17
17	17
17	17
17	0
17	0
17	12
13	13
1	6
8	0
8	0
8	8
3	0
2	2
6	6
12	0
8	8
2	2
3	0
12	0
4	0
4	6
12	0
12	0
8	0
12	8
2	0
2	2
8	0
8	0
8	0
8	0
8	0
8	8
2	2
2	6
8	0
8	0
8	0
1	0
1	1
8	0
8	0
13	0
12	0
14	0
14	6
8	0
8	0
8	0
8	0
8	8
17	4
12	0
12	6
12	0
8	0
8	8
2	0
2	2
8	0
8	0
8	0
8	8
3	0
2	0
3	0
16	0
16	0
16	16
13	13
13	0
14	0
14	0
14	14
11	0
11	0
11	11
12	0
12	6
12	0
12	0
8	0
8	0
8	0
8	0
8	8
3	0
2	0
1	0
1	2
8	0
8	8
5	5
8	0
8	0
8	0
8	8
1	0
2	0
16	0
16	0
16	16
13	0
12	0
2	2
13	13
12	17
13	13
17	0
17	0
17	0
17	17
17	17
17	0
17	0
17	0
17	17
13	13
4	4
12	0
12	0
12	6
1	0
1	0
3	0
1	0
2	1
1	0
13	0
1	0
1	0
1	1
12	0
12	0
8	8
12	0
12	12
12	0
12	0
12	12
3	0
1	6
8	0
8	0
8	0
8	0
8	0
8	8
2	2
12	0
12	6
12	0
8	8
16	0
16	0
16	16
13	13
13	0
1	0
1	0
17	0
17	0
16	0
12	0
2	0
11	0
11	2
1	0
1	1
8	8
2	0
2	2
8	0
8	12
2	0
16	0
16	0
16	0
16	16
13	13
11	4
16	0
12	0
11	11
2	2
3	0
12	0
17	0
2	6
8	0
8	0
8	0
8	8
17	0
12	0
12	6
12	0
17	0
16	0
2	1
8	0
8	0
8	0
8	0
8	0
8	0
8	8
2	2
1	0
1	0
1	1
8	0
8	0
8	0
8	0
8	0
8	8
16	0
16	0
16	16
13	13
13	0
1	0
16	0
6	6
8	0
8	8
16	4
2	0
6	0
6	2
8	0
8	0
8	0
8	0
8	0
8	0
8	0
8	0
8	8
1	0
1	0
1	0
1	0
16	16
13	13
13	0
1	0
1	0
16	0
1	0
16	0
1	0
1	0
1	0
1	0
1	0
1	0
16	0
16	0
16	0
1	0
1	0
1	0
1	0
1	0
16	0
16	0
16	0
16	0
16	0
16	0
16	0
16	0
16	0
1	0
8	0
1	0
1	0
1	0
1	0
1	0
1	0
12	0
6	0
12	6
8	0
8	0
8	0
8	0
8	8
13	13
8	0
8	17
13	13
2	2
2	6
1	0
1	1
8	0
8	0
8	0
8	0
8	0
8	0
8	8
12	12
12	0
12	12
17	4
12	0
12	6
12	0
8	0
8	0
8	0
8	0
8	0
8	0
8	8
2	2
12	0
12	0
8	8
13	13
3	0
6	6
8	0
8	0
8	0
8	8
2	2
2	6
8	0
8	0
8	0
8	0
8	0
8	0
8	0
8	0
8	8
13	0
12	0
13	13
12	0
12	0
12	0
8	8
12	0
12	12
17	0
2	0
12	0
12	0
12	0
17	0
12	12
11	0
6	0
6	2
1	0
1	0
1	0
1	0
1	0
1	1
8	0
8	0
8	0
8	0
8	0
8	0
8	0
8	0
8	8
16	4
12	0
12	12
2	2
1	0
1	1
8	0
8	0
8	8
5	5
11	0
1	6
1	0
1	0
1	0
1	0
1	0
1	0
1	0
1	1
8	0
8	0
8	0
8	0
8	8
1	0
13	0
13	0
2	6
12	0
1	1
8	0
8	0
8	0
8	8
2	0
2	0
2	2
8	0
8	0
8	17
5	5
8	0
8	0
8	0
8	8
11	4
2	2
1	0
1	0
1	0
1	1
8	8
5	5
8	0
8	0
8	8
2	2
1	0
1	0
1	6
8	0
8	0
8	8
1	6
8	0
8	0
8	0
8	0
8	8
3	0
3	0
1	0
16	16
13	13
13	0
3	0
1	0
1	0
1	0
3	0
1	0
2	0
1	0
16	0
8	0
16	0
12	0
2	6
8	0
8	0
8	0
8	0
8	0
8	8
4	0
4	4
12	0
12	0
12	6
1	0
1	0
1	0
1	0
1	0
1	1
12	0
12	0
12	0
8	0
8	8
2	0
6	0
6	2
1	0
1	1
8	0
8	0
8	8
8	0
2	0
2	2
8	0
8	0
8	0
8	8
12	0
12	0
12	4
13	13
3	11
1	0
1	0
1	0
1	1
5	5
1	0
1	0
1	0
1	1
1	0
1	0
1	0
1	0
1	0
1	0
13	0
12	0
8	0
8	0
2	2
12	0
12	0
12	6
8	0
8	0
8	0
8	0
8	0
8	0
8	0
8	8
13	13
3	11
1	0
3	0
1	0
1	0
1	0
1	0
1	1
8	0
2	0
2	2
12	0
12	0
12	6
1	0
3	0
2	0
1	0
1	0
1	0
1	0
1	0
1	0
1	0
1	0
1	1
1	0
1	0
1	0
1	0
1	0
8	0
8	1
8	0
8	8
1	0
1	0
1	0
1	0
16	0
1	1
4	0
4	4
13	0
12	0
3	3
3	0
3	3
3	0
2	0
2	4
3	0
6	0
3	0
3	3
2	0
6	2
8	0
8	0
8	8
3	0
2	0
1	0
1	0
1	0
16	0
1	1
8	0
8	0
8	0
8	0
8	8
5	0
3	3
2	2
12	0
12	6
12	0
12	0
12	0
12	12
16	0
4	0
4	0
4	16
3	0
3	0
3	3
1	0
16	16
4	0
4	0
4	0
4	4
13	13
13	0
3	0
1	0
3	0
8	0
8	0
1	0
1	0
8	0
1	0
8	6
8	0
4	0
8	0
16	8
11	4
14	0
6	6
2	2
6	6
1	0
1	0
1	1
13	13
1	0
1	1
12	0
12	0
13	0
12	0
8	8
1	0
1	0
1	1
8	0
8	0
8	8
13	13
3	11
3	0
3	0
6	0
3	2
1	0
1	0
1	0
1	1
8	0
8	0
8	0
8	8
1	0
1	16
4	0
4	0
4	4
13	13
16	0
14	0
3	0
3	3
1	0
1	0
1	0
1	1
1	0
2	0
1	0
13	0
12	0
3	3
3	0
3	3
3	0
4	0
4	0
4	16
12	0
12	0
12	6
1	0
1	0
1	0
1	0
1	0
1	0
1	1
8	0
8	0
8	0
8	0
8	0
8	8
2	2
3	0
3	0
2	0
1	1
3	0
3	0
6	6
8	0
8	0
8	0
8	0
8	0
8	0
8	8
2	0
1	0
1	0
16	0
16	16
4	0
4	0
4	0
4	4
13	13
11	11
2	0
2	0
2	0
2	0
1	0
1	1
8	0
8	0
8	0
13	0
12	0
3	0
8	0
2	0
2	6
8	0
8	0
8	0
8	8
16	0
16	0
16	1
16	4
12	0
12	12
2	0
2	2
8	0
8	8
2	0
2	2
8	0
8	8
2	3
12	0
12	6
12	0
8	0
8	0
8	0
8	0
8	8
2	2
2	0
11	0
11	0
11	0
2	6
8	0
8	0
8	0
8	0
8	0
8	0
8	0
8	0
8	8
2	2
2	6
12	0
12	0
12	0
12	12
5	5
2	2
12	12
2	0
2	2
12	12
13	0
4	0
6	2
8	0
8	0
8	0
8	0
8	0
8	8
4	0
11	4
2	0
6	6
12	0
8	0
8	0
8	0
8	0
8	8
2	2
9	6
8	0
8	0
8	0
8	8
2	2
1	0
1	1
8	0
8	0
8	0
8	8
2	0
2	0
2	2
12	0
6	6
12	0
8	0
8	0
8	0
8	0
8	8
1	0
1	0
1	0
1	0
1	1
2	0
1	0
16	0
16	16
4	0
4	4
13	13
13	0
3	0
1	0
1	0
12	0
12	0
12	0
3	3
3	0
3	3
6	4
12	0
12	12
12	0
12	6
8	0
8	0
8	0
8	0
8	0
8	0
8	0
8	0
8	0
8	0
8	0
8	0
8	0
8	8
2	2
2	0
6	0
6	6
1	0
1	0
1	1
1	0
1	0
1	0
1	0
1	0
1	0
1	1
8	0
8	0
8	0
8	8
3	0
2	0
2	0
1	1
1	0
1	0
1	0
1	0
1	16
5	5
9	6
8	0
8	0
8	0
8	8
2	0
16	0
1	0
13	0
12	0
1	0
9	1
8	0
8	0
8	8
5	5
8	0
8	0
8	0
8	8
5	5
1	6
8	0
8	0
8	0
8	0
8	8
16	0
2	2
3	0
3	0
1	0
1	0
1	0
1	0
1	6
8	0
8	0
8	0
8	8
16	0
16	0
2	4
2	0
9	2
9	6
8	0
8	0
8	0
8	12
9	9
2	2
8	0
8	0
8	0
8	8
13	13
16	0
2	2
11	0
11	0
14	0
4	11
1	0
6	6
8	0
8	0
8	0
13	0
12	0
13	13
12	0
12	0
12	0
8	8
12	17
12	0
12	17
17	0
17	0
17	0
17	0
17	0
17	0
17	0
17	0
17	12
2	2
8	0
8	0
8	0
8	0
8	0
8	8
9	9
4	0
4	4
12	17
12	0
12	17
2	2
1	0
1	0
1	8
8	0
5	0
3	0
3	3
1	0
1	0
1	1
17	0
12	0
12	4
13	13
2	0
2	2
11	0
11	11
3	0
4	0
4	2
6	6
1	1
5	5
8	0
8	0
8	0
13	0
13	0
2	0
14	2
12	0
12	0
12	6
12	0
12	0
12	0
12	8
17	0
3	10
1	0
1	0
16	16
13	13
6	4
12	17
12	0
12	17
2	0
2	2
6	6
9	9
1	1
5	5
3	6
9	9
1	0
1	0
1	0
1	1
8	0
8	8
2	2
2	6
1	0
1	1
8	0
8	0
8	0
8	0
8	0
8	8
5	5
2	0
11	6
8	0
8	0
8	0
8	0
8	0
8	8
9	9
8	0
8	0
8	0
8	0
8	8
13	0
1	0
6	0
6	6
8	0
8	0
8	0
8	0
8	8
2	0
2	2
8	0
8	0
8	0
8	0
8	8
4	4
3	2
9	9
8	0
8	0
8	8
1	0
2	0
2	0
2	0
1	0
16	0
1	0
16	16
4	0
16	4
13	13
9	9
3	2
6	6
8	0
8	0
8	0
1	1
8	0
8	0
8	8
13	13
13	13
3	11
16	0
11	0
11	11
1	0
2	0
1	0
3	3
8	0
2	0
2	2
2	6
9	0
8	0
8	0
13	0
12	0
1	0
12	0
12	0
8	0
12	0
3	3
16	0
17	0
17	16
17	2
12	17
12	0
12	17
3	3
12	0
12	0
8	8
13	13
14	0
14	14
12	0
12	0
12	6
16	0
2	0
16	0
16	16
13	13
11	0
11	4
12	0
12	6
12	0
8	0
8	0
8	0
8	8
3	3
3	2
6	6
1	0
1	0
1	0
1	0
1	0
1	1
12	0
8	0
8	0
8	8
2	0
2	2
8	0
8	0
8	0
8	0
8	0
8	0
13	0
12	0
12	0
12	2
12	0
12	0
12	0
13	0
8	0
8	0
8	0
8	0
8	8
5	5
6	6
8	0
8	0
8	0
8	0
8	0
8	0
13	0
8	0
8	0
8	0
8	0
8	0
8	0
8	0
8	0
8	0
8	8
2	2
8	0
8	12
13	13
13	0
1	0
1	0
1	0
8	0
8	0
1	0
8	0
16	0
16	0
1	0
1	0
16	0
1	0
1	0
1	0
8	0
8	0
1	0
8	0
8	0
16	0
1	0
8	0
1	0
13	0
3	0
12	2
12	0
12	0
12	0
12	0
13	0
8	0
12	0
12	0
8	0
8	8
5	5
9	6
12	17
17	17
2	2
2	6
8	0
8	0
8	0
8	0
8	8
2	2
12	12
13	13
13	0
1	0
1	0
8	0
8	0
8	0
8	0
16	0
1	0
8	0
16	0
8	0
1	0
8	0
8	0
1	0
8	0
8	0
16	0
8	0
16	0
1	0
1	0
8	0
8	0
16	0
1	0
8	0
8	0
8	0
8	0
8	0
16	0
8	0
2	0
2	2
8	0
8	0
8	0
8	0
8	8
16	0
2	2
8	8
5	5
8	0
8	0
8	0
8	8
16	2
6	6
8	0
8	0
8	0
8	0
8	0
8	8
5	5
6	6
8	0
8	0
8	0
8	0
8	0
8	0
8	0
8	0
8	0
8	8
2	2
12	0
8	0
8	12
13	13
13	0
16	0
16	0
16	0
16	0
1	0
16	0
16	0
1	0
8	0
8	0
16	0
16	0
16	0
16	0
16	0
8	0
16	0
8	0
8	0
17	0
2	2
8	0
8	0
8	0
8	0
8	8
3	2
2	6
12	0
12	0
13	0
12	0
12	0
17	0
13	0
8	0
8	0
8	0
8	0
8	0
8	0
8	0
8	0
8	0
8	8
13	13
9	6
12	0
12	0
12	12
17	0
17	0
17	12
17	12
5	5
6	6
12	0
12	12
8	0
12	12
17	17
2	2
12	0
12	0
8	12
5	5
3	3
3	2
2	6
12	0
12	0
12	12
12	17
17	0
17	0
17	17
17	17
13	0
12	0
8	0
12	0
3	0
12	0
12	0
12	16
4	4
17	0
8	0
8	0
13	0
8	0
8	0
8	8
5	5
12	0
12	0
12	6
1	0
1	0
1	1
1	1
8	0
8	0
8	0
8	8
2	0
2	0
2	2
12	0
12	6
12	0
8	8
2	0
2	2
8	0
8	8
2	2
8	0
8	0
12	0
12	0
8	12
13	13
8	12
13	13
2	2
12	12
13	13
12	0
12	6
12	0
12	17
12	17
17	17
2	2
12	0
12	0
13	0
12	0
6	2
8	0
8	0
8	0
8	8
16	0
4	0
2	4
2	3
12	0
12	6
12	0
12	0
8	0
8	8
2	0
2	0
2	2
12	0
12	0
12	6
1	1
8	0
8	0
8	0
8	8
12	0
12	0
12	12
9	9
1	0
3	3
1	0
1	0
1	0
16	16
13	13
13	0
1	0
3	0
12	0
16	0
16	0
8	0
16	0
16	0
16	0
16	0
1	0
16	0
16	0
1	0
16	0
16	0
1	0
1	0
12	0
1	0
12	0
12	0
3	0
1	0
1	6
1	0
1	0
1	0
1	0
1	0
1	1
8	0
8	0
8	0
8	8
1	0
1	0
2	0
1	0
16	16
13	13
6	4
12	17
12	0
12	17
17	2
17	6
17	0
12	0
17	0
4	6
8	0
8	0
8	0
8	0
8	0
8	8
12	0
12	6
12	0
8	8
2	2
2	6
8	0
8	8
16	0
16	0
3	0
16	0
16	16
13	13
14	0
14	0
2	2
17	0
17	0
14	11
12	0
12	6
8	0
13	0
12	0
4	0
14	14
16	0
11	0
11	11
5	6
8	0
8	8
4	0
11	4
13	13
17	0
12	6
12	0
12	0
8	0
8	17
2	2
2	6
8	0
8	0
8	8
13	13
8	0
8	0
8	0
8	0
8	0
8	8
5	5
8	0
8	0
8	0
8	8
2	2
2	6
12	0
8	0
12	0
13	0
12	0
13	0
8	0
8	8
3	1
2	0
2	2
1	6
8	0
8	8
1	0
1	0
1	0
1	16
4	0
4	10
12	0
12	0
13	0
12	0
13	13
12	0
12	0
12	0
12	8
12	0
12	0
12	12
12	12
12	0
12	0
12	12
12	0
12	6
12	0
12	0
12	12
12	12
12	0
12	0
12	12
17	4
1	6
1	0
1	0
1	0
1	0
1	0
1	1
8	0
8	0
8	0
8	8
16	0
16	0
16	16
13	13
2	0
2	2
11	0
11	11
2	0
2	2
8	0
8	0
8	17
5	5
8	0
8	0
8	17
5	5
2	0
2	2
1	0
1	1
8	0
8	0
8	0
13	0
13	0
12	0
12	0
12	12
16	4
16	0
11	11
2	2
8	0
8	0
8	0
8	0
8	0
8	0
8	0
8	8
5	2
8	0
8	0
8	12
2	2
2	0
11	0
11	6
8	0
8	0
8	0
8	0
8	0
8	0
8	0
8	0
8	0
8	0
8	8
16	0
16	0
16	0
16	0
16	16
5	5
11	4
2	2
8	0
8	0
8	0
8	0
8	0
8	8
2	0
2	2
8	0
8	17
12	17
13	13
14	0
14	6
3	0
11	0
13	0
12	0
12	0
12	0
12	12
6	4
1	0
3	0
1	0
1	0
3	3
1	6
1	0
1	0
1	0
1	0
1	0
1	0
1	1
8	0
8	0
8	0
8	8
16	0
16	0
16	0
16	0
16	16
5	5
6	4
3	2
1	0
1	0
1	8
17	0
12	6
12	0
12	0
12	12
17	0
17	0
17	12
17	12
2	2
12	0
8	0
12	0
12	0
12	0
12	12
2	0
16	0
16	0
16	0
16	16
13	13
3	11
16	0
11	11
17	0
13	0
12	0
12	2
12	12
4	0
11	4
12	0
12	6
12	0
8	0
8	0
8	0
8	0
8	0
8	8
2	2
2	6
8	0
8	0
8	0
8	0
8	8
2	2
2	6
1	0
1	0
1	1
8	0
8	0
8	8
12	0
12	0
8	12
2	0
2	2
6	6
1	1
8	0
8	0
8	8
12	12
9	9
5	5
2	0
2	6
17	17
17	17
17	17
12	12
12	12
2	0
2	2
8	0
8	0
8	8
2	2
2	6
8	0
8	0
8	0
13	0
12	0
12	0
12	12
16	4
16	0
11	11
3	0
3	0
1	0
1	0
3	3
2	0
2	2
1	6
8	0
8	0
8	0
8	0
8	8
1	0
1	0
1	0
16	16
5	5
17	4
17	0
12	6
12	17
12	0
12	12
12	0
8	0
12	0
17	12
17	0
17	0
17	17
2	2
8	0
8	0
8	0
8	8
1	0
1	0
16	0
16	0
16	16
13	13
13	0
16	0
16	0
16	0
1	0
16	0
16	0
16	0
3	0
1	0
8	0
1	0
12	0
8	0
17	12
17	4
1	0
1	6
8	0
8	0
8	8
16	0
16	0
16	2
6	6
8	0
8	0
8	0
8	8
8	0
12	12
12	0
12	12
5	5
8	0
12	12
8	0
12	0
12	12
1	0
2	0
1	0
1	0
1	0
16	16
13	13
13	0
1	0
1	0
16	0
16	0
16	0
1	0
1	0
16	0
16	0
12	0
12	0
12	0
16	0
16	0
16	0
1	0
1	0
1	0
1	0
3	0
16	0
16	0
16	0
1	0
1	0
13	0
14	0
3	0
14	12
6	4
3	0
3	0
3	2
1	0
1	1
8	0
8	0
8	0
8	0
8	8
2	6
8	0
8	0
8	0
8	8
2	0
16	0
16	16
5	5
3	0
1	6
1	0
1	0
1	0
1	0
1	1
17	0
8	0
8	8
2	0
2	2
2	0
2	0
1	0
1	1
8	0
8	0
8	0
8	0
8	0
8	0
8	0
8	0
8	0
8	0
8	8
1	0
1	0
1	0
1	0
1	0
16	0
16	0
16	16
13	0
12	0
12	0
12	12
16	4
11	0
11	0
11	6
8	0
8	8
5	2
8	0
8	8
2	2
2	0
1	0
1	0
1	0
1	0
1	1
8	0
8	0
8	0
8	8
2	0
2	0
2	2
2	0
6	6
12	0
8	0
8	0
8	8
2	2
1	6
8	8
13	0
8	0
8	0
1	0
2	0
1	0
8	0
8	0
8	0
2	0
2	0
1	0
8	0
16	0
16	0
1	0
2	0
1	0
1	0
1	0
1	0
16	0
16	0
1	0
1	0
13	0
12	0
12	0
12	0
12	12
12	0
12	0
12	17
12	0
12	0
12	0
12	0
12	17
17	0
17	0
17	0
12	0
17	0
17	12
8	0
8	0
8	0
8	0
12	0
8	0
8	8
4	0
11	4
1	0
3	0
1	0
1	0
1	1
13	13
13	0
1	0
1	0
8	0
12	0
12	0
1	0
1	0
17	0
17	0
17	0
12	0
16	0
1	0
1	0
1	0
1	0
1	0
1	0
1	0
1	0
12	0
12	0
12	0
12	0
17	0
12	0
8	0
8	0
12	0
8	8
13	13
8	3
9	9
4	0
11	4
12	0
8	0
8	12
4	0
3	3
1	0
2	0
2	0
3	0
3	2
1	0
12	0
2	0
6	0
1	0
1	0
3	0
1	1
8	0
8	0
8	0
8	0
8	0
8	0
8	8
1	0
16	0
1	0
16	16
13	13
13	0
1	0
1	0
1	0
1	0
1	0
1	0
1	0
8	0
8	0
8	0
8	0
3	0
16	0
1	0
1	0
1	0
1	0
1	0
1	0
3	0
11	6
16	0
16	0
3	0
1	0
1	0
3	1
8	0
8	0
8	0
8	0
8	8
3	11
16	0
11	2
2	0
2	0
2	6
8	0
8	0
8	8
16	0
1	0
1	0
1	0
16	16
1	5
8	3
2	0
2	2
8	0
8	0
8	0
8	8
2	0
2	2
8	0
8	0
8	8
1	0
1	0
1	0
1	0
16	16
4	0
4	4
13	13
13	0
1	0
1	0
1	0
1	0
1	0
1	0
16	0
16	0
16	0
16	0
16	0
12	0
2	2
1	0
1	0
1	0
1	1
8	0
8	0
8	0
8	0
8	0
8	0
8	0
8	8
2	4
17	0
9	11
17	0
1	6
8	0
8	0
8	0
8	0
8	0
8	0
8	8
2	2
2	6
1	0
1	0
1	0
1	0
1	0
1	0
1	0
1	0
1	1
8	0
8	8
16	5
12	0
8	0
1	8
12	0
3	0
1	3
3	0
2	0
3	0
3	2
1	0
3	0
1	0
1	0
1	0
1	0
1	0
1	0
1	1
13	0
12	0
13	13
9	9
4	0
11	4
12	0
6	6
12	0
8	0
8	8
16	0
12	0
9	4
2	2
2	6
8	0
8	0
8	0
8	0
8	0
8	8
13	13
3	0
3	0
3	0
3	0
3	2
2	2
2	6
12	12
12	12
12	0
12	0
12	12
13	13
3	11
17	0
2	2
8	0
8	0
8	0
8	0
8	8
4	0
11	4
1	0
17	0
1	0
1	0
16	16
4	0
1	4
17	5
3	11
1	0
1	1
17	0
8	0
8	8
13	0
12	0
2	0
2	6
8	0
8	0
8	0
8	0
8	0
8	8
2	2
3	0
12	0
12	6
1	0
1	0
1	0
1	0
1	0
1	0
8	1
17	0
6	0
12	0
12	0
1	1
8	0
8	0
8	0
8	8
4	0
11	4
3	0
6	6
1	0
1	0
1	0
1	1
8	0
8	0
8	0
8	0
8	0
8	0
8	8
2	2
1	0
1	0
1	0
1	1
1	0
1	0
1	0
1	0
1	0
1	1
8	0
8	0
8	0
8	0
13	0
12	0
12	0
12	6
12	12
12	12
8	0
12	0
12	12
17	0
11	4
1	0
2	0
2	3
8	3
12	0
1	0
1	0
1	0
1	1
17	0
2	2
17	0
17	0
17	0
1	1
17	0
17	0
17	0
8	8
17	0
17	0
17	0
17	0
17	0
1	16
3	5
17	0
11	4
12	0
12	0
8	0
8	3
2	2
12	12
1	6
2	0
2	0
2	0
1	1
8	0
8	0
8	0
8	8
12	0
12	0
12	0
12	4
13	13
13	0
1	0
12	0
8	13
16	6
12	0
1	1
8	0
8	0
8	0
8	0
8	0
8	0
8	0
8	8
2	2
2	0
6	0
1	6
8	0
8	0
8	8
13	13
12	0
12	6
12	0
12	0
12	12
12	17
13	13
11	4
2	2
8	0
11	0
11	0
2	0
2	6
8	0
1	0
8	0
8	0
8	8
16	0
16	0
4	0
4	0
4	16
3	0
1	2
3	0
1	0
3	0
16	16
13	13
13	0
1	0
1	0
1	0
1	0
3	0
16	0
16	0
12	0
12	0
12	6
12	0
12	0
12	0
12	0
8	0
12	0
8	8
4	0
11	4
9	9
2	0
2	2
1	0
1	1
17	0
8	0
8	8
17	0
1	0
17	0
1	0
1	0
16	16
4	0
1	4
1	5
11	4
2	2
2	0
11	0
11	6
8	0
12	0
8	0
8	8
1	0
2	0
2	0
16	0
16	0
16	16
13	13
13	0
1	0
1	0
1	0
12	0
2	0
2	0
1	0
8	0
8	0
3	0
3	0
16	0
1	0
1	0
12	0
6	0
12	6
12	0
8	0
8	0
8	0
8	0
8	0
8	0
8	0
8	0
8	0
8	8
16	2
12	0
12	6
12	0
8	0
8	0
13	0
8	0
8	0
8	17
5	5
3	0
2	2
17	0
13	0
8	0
8	0
8	0
8	0
8	8
17	0
12	4
12	3
3	0
1	0
1	0
1	0
1	0
1	0
1	3
2	0
2	0
1	0
1	0
1	1
17	0
12	0
12	4
13	13
13	0
1	0
1	0
8	0
8	0
16	0
16	0
12	0
6	2
1	0
1	0
1	0
1	0
1	1
8	0
8	8
13	13
3	0
3	0
3	3
12	0
1	0
8	0
1	3
11	0
11	2
12	12
13	13
12	0
11	2
12	12
13	13
12	0
11	2
12	12
5	5
12	0
11	2
12	12
13	13
11	0
11	4
12	0
12	6
12	0
8	0
12	12
12	17
17	0
2	2
12	0
1	0
8	0
1	3
1	0
1	0
1	0
1	1
8	0
8	0
8	0
8	0
8	8
1	0
1	0
1	16
13	0
12	0
12	0
12	2
12	0
12	0
8	12
3	0
2	2
8	0
12	0
12	0
12	8
17	4
12	0
12	6
12	0
13	0
8	0
8	0
8	0
8	0
8	0
8	8
2	0
2	0
6	2
8	8
2	0
2	2
8	0
8	12
12	0
12	12
8	17
12	0
12	0
12	17
12	17
17	17
2	0
2	0
2	2
3	0
12	0
12	1
8	0
8	0
8	0
8	0
8	8
16	0
12	0
16	0
16	0
16	16
13	13
13	0
1	0
1	0
1	0
12	0
13	13
1	6
1	0
1	0
1	1
8	0
8	0
8	0
8	0
8	0
8	8
2	0
2	2
8	0
8	0
8	8
4	0
11	4
3	0
12	6
12	0
12	0
12	0
8	0
8	0
1	0
8	8
2	0
2	2
8	0
12	12
17	0
17	12
2	0
2	2
8	8
12	0
12	0
12	4
13	13
8	0
8	0
8	0
8	3
16	0
2	2
3	0
1	6
1	0
1	0
1	0
1	0
1	0
1	1
8	0
8	0
8	0
8	0
13	0
12	0
17	6
12	0
17	0
1	0
9	1
8	0
8	0
8	0
8	0
8	0
8	0
8	0
8	8
1	2
1	0
1	0
1	0
1	0
1	0
1	1
8	0
8	0
8	8
4	0
4	4
2	0
2	0
3	2
1	0
1	0
1	0
1	3
1	0
1	0
1	0
1	0
1	1
8	0
8	0
8	0
8	0
8	0
8	8
2	0
1	0
1	0
1	0
16	16
4	0
16	4
13	13
3	11
3	0
4	6
12	0
12	0
12	0
12	8
13	0
12	0
2	6
12	0
12	8
17	0
17	0
17	17
17	17
17	0
17	17
17	17
17	17
17	0
11	4
17	0
2	2
12	0
12	6
12	0
12	0
8	0
8	8
1	0
1	16
3	5
17	4
4	0
17	6
3	0
12	0
12	0
1	0
3	1
8	0
8	8
17	2
17	6
17	0
17	0
17	0
17	1
17	0
8	0
8	8
1	0
1	0
16	0
16	0
16	16
13	13
13	0
1	0
1	0
17	0
17	0
1	0
12	0
17	0
3	0
1	0
12	0
13	13
2	2
9	6
1	0
8	0
8	0
8	0
8	0
8	0
8	8
2	0
2	2
8	0
8	0
8	8
12	17
12	0
12	0
12	17
4	0
11	4
12	0
6	6
12	0
8	0
8	0
8	0
8	0
8	8
3	0
3	0
3	3
2	0
2	2
8	0
8	0
8	8
2	2
12	0
8	0
8	8
5	5
8	0
12	8
1	0
12	0
12	0
1	16
13	13
13	0
1	0
1	0
1	0
1	0
8	0
1	0
1	0
1	0
1	0
12	0
12	0
12	6
1	0
6	0
12	0
1	0
1	1
8	8
16	0
16	0
16	16
17	0
2	2
12	6
1	0
1	0
1	0
13	0
1	0
1	0
1	0
1	1
8	0
8	0
8	0
8	0
8	0
8	0
8	8
2	0
2	2
8	0
8	0
8	8
13	13
3	11
2	0
2	2
8	0
8	0
8	8
9	9
1	0
12	0
1	1
2	0
2	2
8	0
8	8
17	0
11	4
17	0
12	0
12	4
13	13
13	0
17	0
1	0
1	0
12	0
12	0
12	0
12	12
4	0
11	4
2	2
3	0
12	6
1	0
6	0
12	0
1	0
1	1
8	0
12	0
13	0
8	0
8	0
8	0
8	8
2	0
12	2
17	0
17	0
1	0
2	1
1	5
1	0
1	1
8	0
8	0
8	0
8	0
8	0
8	8
1	0
1	0
1	0
16	16
13	13
16	5
17	0
12	6
12	0
12	0
12	17
3	0
3	4
9	0
9	11
1	2
8	0
8	0
8	8
5	5
12	12
12	0
12	0
13	0
12	0
6	0
12	6
12	0
8	0
8	8
6	4
2	2
8	0
11	0
11	0
11	0
3	6
1	0
1	0
1	0
1	1
1	5
1	0
1	0
1	1
8	0
8	0
8	0
8	0
8	0
8	8
17	0
12	6
12	0
8	0
8	0
8	8
2	0
16	0
16	0
1	0
16	16
16	5
6	4
2	2
12	12
3	0
3	0
1	0
1	0
1	1
8	0
8	0
8	0
8	0
8	0
8	0
8	0
8	0
8	0
8	0
8	8
11	0
13	0
12	0
17	3
17	0
12	2
12	0
12	0
8	0
8	0
12	12
5	5
17	0
2	2
8	0
8	0
8	0
13	0
1	0
13	0
12	0
8	0
8	8
17	0
12	4
12	0
12	6
12	0
12	0
8	0
8	0
8	8
16	0
17	0
16	0
3	3
1	0
1	0
1	1
1	0
1	0
1	0
1	0
8	16
13	13
13	0
17	0
1	0
12	0
16	0
17	0
16	0
12	0
12	0
16	0
16	0
8	0
3	0
17	0
1	0
1	0
1	0
12	0
13	13
2	2
12	0
12	0
16	8
6	4
12	0
8	0
8	12
8	2
3	0
12	0
2	6
8	0
8	0
8	8
3	0
1	6
1	0
1	0
8	0
1	0
1	8
1	0
1	0
1	0
1	0
1	0
1	0
1	0
16	0
16	16
13	13
2	2
2	6
8	0
8	0
8	8
2	2
3	0
1	6
1	0
1	0
1	0
1	0
1	1
8	0
8	0
8	17
13	13
2	6
1	0
1	0
1	0
1	0
1	0
1	1
8	0
13	0
12	0
2	2
6	0
6	0
1	6
8	0
8	0
8	0
8	0
8	8
8	0
11	4
17	0
12	6
8	0
8	0
8	0
8	0
8	0
8	8
17	0
17	0
12	10
3	0
3	0
3	3
1	0
16	0
16	0
16	16
13	13
4	0
4	6
8	0
8	0
8	0
8	0
8	8
2	2
2	0
6	0
1	6
8	0
8	8
3	0
3	10
1	0
1	0
1	0
1	16
13	13
3	0
5	0
5	5
16	0
2	3
9	6
8	0
8	0
13	0
12	0
12	0
8	0
8	12
17	4
2	0
2	2
2	0
6	11
2	0
3	3
9	9
1	0
1	1
8	0
8	0
8	0
8	8
2	2
12	0
6	0
1	6
8	0
8	0
8	8
3	0
3	0
3	0
2	0
2	0
2	0
1	0
16	0
16	0
16	16
3	5
4	0
11	4
8	0
17	0
17	3
17	6
1	0
1	0
1	0
1	0
1	0
1	1
8	0
8	0
8	8
8	2
12	0
12	0
2	6
12	0
8	0
8	0
8	0
13	0
13	0
13	13
14	0
14	0
17	2
17	6
12	0
17	0
17	0
17	3
2	0
2	0
14	0
14	0
1	0
2	1
8	0
8	0
8	0
8	0
8	8
3	2
3	0
6	0
6	0
1	6
8	0
8	0
8	8
2	2
12	12
2	0
3	10
16	0
16	0
16	16
13	13
14	0
17	4
17	6
1	0
6	0
1	0
1	0
1	1
8	0
8	0
8	0
8	8
2	0
2	2
8	0
8	0
8	8
16	0
9	2
17	0
2	6
1	0
13	0
12	0
14	0
12	6
8	0
8	0
8	0
8	0
8	0
8	0
8	8
2	2
3	0
1	6
12	0
8	0
8	0
13	0
8	0
8	0
8	8
12	0
12	4
16	2
3	0
12	6
1	0
1	0
1	0
1	0
1	1
8	0
8	0
8	0
8	8
2	2
3	0
12	0
14	6
8	0
8	0
8	0
8	0
8	0
8	8
2	0
6	6
3	0
3	0
3	0
1	1
8	0
8	0
8	8
16	0
2	0
11	0
9	2
8	8
1	0
13	0
12	0
13	13
8	0
2	6
12	0
8	0
12	0
13	0
8	0
8	0
8	17
16	2
12	0
12	6
12	12
17	0
2	4
1	0
6	2
8	0
8	0
13	0
8	0
8	0
8	0
8	8
12	17
12	0
12	0
12	17
16	0
2	0
1	0
16	0
16	16
4	0
16	4
13	13
16	5
11	0
4	0
2	2
14	0
11	6
6	4
17	0
12	6
12	0
8	0
8	0
8	0
8	0
8	8
8	5
2	6
8	0
8	0
8	0
8	8
13	0
12	0
3	0
1	0
14	0
14	0
14	3
4	0
11	4
11	0
6	2
12	0
12	12
1	6
2	0
2	0
17	0
1	0
1	1
17	0
13	0
8	8
1	0
2	0
1	0
1	0
16	16
4	0
16	4
13	13
3	11
16	0
17	0
11	2
3	0
1	6
8	0
1	0
1	0
1	8
8	0
8	0
8	0
8	0
8	0
8	0
8	8
2	0
2	2
3	0
3	0
1	0
1	0
1	0
1	0
1	1
8	0
8	0
8	8
1	0
13	0
12	0
6	0
12	2
12	0
12	0
12	0
8	0
8	12
17	4
12	0
12	6
12	0
12	0
12	8
1	0
1	0
1	0
1	0
1	0
1	0
1	0
1	3
2	0
11	0
11	0
1	6
8	0
8	0
8	0
8	0
8	0
8	8
16	0
16	0
4	0
4	0
4	16
3	0
1	0
1	16
8	5
12	6
8	0
8	0
8	0
8	8
16	0
16	16
13	13
13	0
1	0
3	0
8	0
1	0
12	0
1	0
12	0
12	0
1	0
1	0
12	0
13	13
8	0
8	0
8	12
8	4
1	0
2	2
1	0
1	0
1	0
1	1
8	0
8	0
8	8
1	3
17	0
1	6
17	0
8	0
8	8
17	0
2	2
8	0
8	0
8	0
8	0
12	0
13	0
12	0
8	0
8	8
16	0
16	0
4	0
4	0
2	16
1	0
1	0
1	0
1	0
1	16
8	5
1	0
16	0
2	0
1	0
16	16
3	0
3	11
3	0
3	0
1	3
17	0
2	2
3	0
12	6
12	0
12	0
13	0
12	0
3	0
12	6
12	0
1	0
1	0
1	8
2	2
3	0
3	3
2	0
2	2
9	0
9	0
9	0
9	0
9	9
1	0
2	0
9	0
1	0
1	1
17	0
8	0
8	17
2	0
1	0
1	0
1	0
16	16
17	6
1	0
1	0
1	0
1	0
1	0
1	1
8	0
8	0
8	0
8	0
8	8
2	0
2	2
12	0
8	0
8	8
2	0
2	2
3	0
1	0
1	6
8	8
13	13
13	0
1	0
1	0
1	0
1	0
1	0
12	0
17	6
17	0
17	0
17	1
17	0
12	0
12	0
17	0
8	8
2	2
17	0
12	6
8	0
8	0
8	0
8	0
8	0
8	0
8	0
8	8
17	2
17	0
12	6
17	0
1	0
1	0
1	1
8	0
8	0
8	0
8	0
8	0
8	0
8	0
8	8
17	0
12	2
12	12
17	4
17	0
9	11
1	0
1	0
3	0
1	0
1	1
2	0
2	2
3	0
3	0
3	0
3	3
3	0
1	0
1	0
1	1
2	0
1	0
13	0
12	0
9	9
8	0
8	0
8	0
9	8
13	13
8	6
8	0
8	0
8	0
8	0
8	0
8	0
8	0
8	0
8	8
17	17
17	0
17	17
17	4
9	9
1	0
1	0
2	1
1	0
1	0
16	0
16	16
13	13
8	0
8	0
8	0
8	3
3	0
4	0
2	2
12	6
1	0
1	0
1	0
1	0
1	0
1	1
8	0
8	0
8	0
8	0
8	0
8	0
8	0
8	0
8	8
12	0
12	0
12	0
12	12
12	0
12	0
13	0
12	0
3	0
12	6
8	0
8	0
8	0
8	0
8	0
16	8
11	4
2	2
9	6
8	0
8	0
8	0
8	8
2	2
2	0
6	0
9	0
9	0
1	1
8	0
8	0
8	0
8	8
1	2
8	0
8	0
8	0
8	0
8	0
8	8
2	2
12	0
1	6
8	0
8	0
8	0
8	0
8	0
8	8
1	0
2	0
1	0
16	0
1	16
16	5
17	4
1	0
1	0
1	0
4	0
1	16
17	0
12	6
12	0
12	0
8	0
13	0
12	0
8	0
8	8
8	0
12	6
12	0
17	0
8	8
17	0
17	0
2	2
17	6
1	0
12	0
12	0
1	0
1	1
12	0
8	0
8	0
13	0
12	0
12	0
8	0
8	8
9	9
4	0
4	4
1	3
8	2
17	0
12	0
2	6
8	0
8	0
8	8
2	0
11	0
2	0
6	2
8	0
8	0
8	8
2	2
8	0
8	0
8	8
13	13
8	8
5	5
8	0
8	0
8	8
12	0
12	16
13	13
13	0
1	0
1	0
1	0
12	0
16	0
12	2
17	0
4	0
14	11
17	0
11	0
12	3
17	0
12	4
1	0
1	0
1	0
1	0
13	0
1	0
1	0
1	0
1	0
1	0
17	0
17	0
12	1
3	5
1	0
1	0
1	0
1	0
1	1
17	0
12	0
12	0
9	1
8	0
8	0
8	0
8	8
16	0
2	0
16	0
16	16
13	13
3	11
2	0
2	0
1	3
8	0
8	0
8	0
8	0
8	0
8	8
16	0
16	0
16	16
13	13
13	0
3	0
1	0
13	0
17	0
12	6
12	12
12	12
12	0
12	0
12	12
13	13
13	0
8	0
8	0
17	0
17	0
12	0
12	0
12	0
16	0
16	0
16	0
12	0
12	0
12	0
12	0
12	0
16	0
16	0
12	0
12	0
12	0
8	0
8	0
8	0
16	0
17	0
12	0
12	0
12	0
16	0
16	0
16	0
12	0
8	0
8	0
12	0
17	0
16	0
12	0
12	0
12	0
12	0
16	0
8	0
8	0
8	0
8	0
8	0
17	0
16	0
17	0
12	0
6	2
8	0
8	8
2	2
3	0
12	6
8	0
8	0
8	8
8	2
3	0
12	0
12	6
17	0
6	0
12	0
12	0
1	1
8	0
12	0
8	0
8	8
2	0
1	0
16	0
16	0
16	16
12	0
12	0
8	12
3	0
12	0
2	2
1	0
1	0
1	0
1	0
1	0
12	1
8	0
8	0
8	0
8	0
8	0
8	8
12	0
12	0
12	0
8	8
8	2
12	0
12	6
8	0
8	0
8	0
8	0
8	0
8	0
13	0
12	0
6	0
12	6
12	0
8	0
8	8
16	0
16	0
16	16
11	0
11	2
3	0
2	0
2	9
12	0
13	0
12	0
13	0
8	0
8	0
8	0
8	8
3	2
2	0
2	0
2	0
1	0
2	1
8	0
8	0
8	8
13	13
13	0
1	0
8	0
1	0
1	0
1	0
1	0
8	0
1	0
8	0
8	0
8	0
1	0
2	0
1	0
1	0
12	0
12	0
8	0
8	0
16	0
16	0
16	0
16	0
16	0
3	0
2	0
1	0
12	0
3	0
6	6
12	0
12	0
12	0
8	8
2	2
3	0
12	6
1	0
1	0
1	0
1	0
1	0
1	1
8	0
8	0
8	0
8	0
8	0
8	0
8	0
8	0
8	0
8	8
16	0
16	0
16	0
16	16
3	0
6	2
12	0
12	0
12	0
12	8
2	0
2	0
2	2
8	0
8	0
8	0
8	8
2	0
6	2
8	0
8	0
8	0
8	0
8	0
8	0
8	0
8	8
13	13
13	0
1	0
1	0
1	0
1	0
1	0
12	0
3	0
3	0
2	14
12	0
6	6
12	0
1	0
8	0
8	0
8	0
8	0
8	0
8	0
8	0
8	0
8	0
8	0
8	8
16	0
16	3
1	0
3	0
1	0
1	1
17	0
12	4
13	13
5	0
3	0
3	0
3	0
3	0
1	16
3	3
1	0
1	6
8	0
12	8
13	13
13	0
1	0
1	0
1	0
1	0
16	0
1	0
1	0
1	0
16	0
16	0
12	0
1	0
1	0
1	0
8	0
8	0
8	0
8	0
8	0
12	0
17	6
12	0
1	0
17	0
12	0
12	0
12	1
17	0
8	0
8	0
8	0
8	8
2	0
2	0
3	0
3	2
1	0
1	1
1	0
1	0
2	0
1	0
1	0
1	0
16	0
1	1
17	0
8	0
8	8
4	0
4	0
4	4
3	0
2	0
2	2
2	0
11	0
3	0
3	3
1	0
1	0
1	1
8	0
8	0
8	0
8	0
8	8
2	0
1	0
1	0
1	0
16	16
1	5
1	0
1	0
1	0
1	16
3	3
13	0
12	0
8	0
1	0
2	2
12	0
11	11
11	0
11	0
4	4
3	3
11	0
11	0
11	6
1	0
1	1
1	0
8	0
8	0
8	0
8	0
8	8
3	0
2	2
8	0
8	8
13	13
13	0
1	0
1	0
16	0
16	0
16	0
2	0
8	0
1	0
2	0
16	0
16	0
16	0
16	0
8	0
8	0
1	0
1	0
8	0
16	0
16	0
1	0
1	0
8	0
8	0
12	0
8	0
8	0
3	0
2	0
3	0
11	0
8	0
1	0
13	0
8	0
12	12
17	0
12	12
13	13
13	0
8	0
8	0
8	0
8	0
16	0
8	0
8	0
8	0
16	0
8	0
8	0
8	0
8	0
8	0
8	0
8	0
16	0
8	0
16	0
8	0
8	0
8	0
8	0
8	0
8	0
8	0
8	0
8	0
8	0
16	0
8	0
8	0
8	0
8	0
8	0
8	0
8	0
8	0
8	0
16	0
8	0
16	0
16	0
12	0
8	0
8	0
8	0
8	0
16	0
8	0
8	0
16	0
8	0
12	0
17	0
17	0
17	17
17	17
17	0
17	17
17	17
17	17
17	0
12	6
12	0
12	12
17	0
17	12
2	0
2	0
2	0
16	0
16	0
16	16
17	0
17	0
12	10
3	0
3	0
3	3
2	2
2	0
11	0
11	6
9	0
8	0
8	0
13	0
8	0
8	0
8	0
8	0
8	0
8	0
8	0
8	0
8	0
8	8
5	5
14	0
2	0
13	0
3	0
12	6
1	0
3	0
1	0
1	0
1	0
1	0
1	3
1	0
13	0
12	0
6	0
12	6
12	0
8	0
8	8
16	0
16	0
16	0
16	16
3	0
2	0
2	9
8	0
8	0
8	0
8	8
17	2
2	0
2	0
16	0
1	1
1	5
2	0
2	0
6	0
1	0
1	0
1	0
1	1
8	0
8	0
8	8
13	13
3	11
14	0
14	0
1	11
3	0
6	0
1	6
8	0
8	0
8	8
16	0
16	0
16	16
13	13
3	0
3	14
3	0
3	0
3	3
2	6
8	0
8	0
8	0
8	0
8	0
13	0
13	0
17	0
17	17
17	0
17	0
8	17
13	13
13	0
8	0
8	0
1	0
8	0
1	0
8	0
8	0
8	0
8	0
8	0
1	0
8	0
8	0
1	0
1	0
8	0
8	0
8	0
8	0
8	0
8	0
1	0
8	0
8	0
1	0
1	0
8	0
1	0
1	0
8	0
8	0
8	0
8	0
8	0
8	0
1	0
1	0
1	0
1	0
1	0
1	0
8	0
8	0
8	0
8	0
8	0
1	0
1	0
8	0
1	0
1	0
1	0
12	0
2	0
2	0
2	2
1	0
1	0
1	0
1	0
1	1
8	0
8	0
8	8
12	6
12	0
4	0
17	0
17	9
8	0
12	0
8	0
8	8
2	0
2	2
17	0
17	17
17	0
17	0
17	17
9	9
16	0
9	4
1	2
1	0
17	0
1	0
1	9
8	0
8	0
13	0
8	0
8	0
8	8
1	0
2	0
3	0
1	0
1	16
4	0
16	4
13	13
13	0
1	0
16	0
16	0
16	0
16	0
16	0
16	0
16	0
4	0
12	0
3	3
3	0
12	4
8	0
8	0
8	8
12	0
12	0
12	0
12	12
12	0
12	12
5	5
8	0
16	12
17	12
17	12
8	12
13	13
9	6
12	0
12	0
8	0
12	0
8	0
8	8
12	12
12	0
12	0
12	12
12	5
12	0
12	6
12	0
8	0
8	0
8	0
8	8
12	0
12	12
12	0
12	0
12	0
12	12
13	13
12	0
12	12
12	0
12	12
5	5
12	12
12	12
3	0
3	0
2	3
12	0
12	9
12	0
13	0
13	0
12	0
12	12
13	13
13	0
8	0
8	0
12	0
8	0
8	0
8	0
8	0
8	0
12	0
12	0
8	0
8	0
8	0
8	0
8	0
16	0
12	0
8	0
8	0
8	0
8	0
8	0
12	0
8	0
8	0
8	0
8	0
8	0
8	0
12	0
8	0
8	0
8	0
8	0
8	0
8	0
8	0
12	0
8	0
16	0
16	0
8	0
12	0
8	0
8	0
8	0
8	0
8	0
12	0
8	0
8	0
8	0
8	0
8	0
16	0
12	0
12	6
12	0
17	0
12	0
1	1
8	0
8	0
8	8
2	2
12	8
1	5
12	0
12	0
12	8
8	0
12	6
1	0
3	0
1	0
1	0
1	0
1	1
8	0
8	0
8	0
8	0
8	0
8	0
8	8
12	0
12	12
17	4
3	0
2	0
2	2
12	0
8	0
8	12
12	0
11	11
1	0
2	0
3	0
3	3
1	0
1	0
1	0
1	0
1	0
1	1
8	0
8	0
8	0
8	8
2	0
2	0
6	2
8	0
13	0
12	0
12	0
12	6
12	0
17	0
8	8
16	0
16	0
16	16
2	2
3	0
1	6
1	0
1	0
1	0
1	0
1	1
8	0
8	0
8	8
3	0
1	2
12	0
8	0
8	0
8	0
8	0
8	8
13	13
3	11
12	12
12	0
12	0
12	0
12	12
12	5
8	12
12	0
12	12
2	0
2	2
12	0
8	0
8	12
8	17
12	0
12	17
8	17
2	2
2	0
11	6
12	0
8	0
8	8
12	0
12	0
12	0
12	12
1	0
13	0
12	0
8	0
8	0
2	3
6	0
6	0
8	4
1	0
1	6
8	0
8	0
8	8
2	0
2	2
8	0
8	0
8	8
2	0
2	0
3	2
1	0
2	0
1	0
2	0
2	0
1	1
8	0
8	0
8	0
8	8
2	0
2	2
1	0
1	0
1	0
1	0
1	0
1	1
12	17
12	0
1	17
12	0
12	12
12	0
12	0
4	0
4	0
4	16
16	0
12	0
2	0
16	16
13	13
13	0
1	0
8	0
8	0
2	0
16	0
8	0
12	0
6	0
12	6
12	0
12	0
12	17
12	17
2	2
11	0
11	0
1	6
1	0
8	1
13	13
1	0
3	0
1	0
1	0
1	3
2	2
12	0
12	12
1	0
2	0
2	0
1	0
16	0
1	1
8	0
8	0
8	8
4	0
11	4
11	0
12	2
12	0
12	0
12	0
12	12
1	0
2	0
1	0
1	0
16	16
4	0
16	4
13	13
13	0
1	0
12	0
8	0
1	0
16	0
11	0
3	0
1	0
1	0
1	0
1	0
1	0
12	0
17	6
17	0
17	0
17	0
17	0
12	1
8	0
8	0
8	8
2	2
9	9
8	0
8	0
8	8
16	0
16	0
16	16
17	0
17	0
12	3
17	6
12	0
17	0
17	0
12	0
12	1
17	0
8	0
8	0
8	8
2	2
12	0
8	0
8	12
2	0
2	2
1	0
1	0
1	0
1	1
8	0
8	0
8	8
13	13
13	0
1	0
12	0
12	0
8	0
1	0
1	0
1	0
1	0
8	0
16	0
1	0
1	0
1	0
8	0
13	0
12	0
8	0
12	12
5	5
8	17
13	13
13	0
8	0
8	0
1	0
8	0
8	0
8	0
8	0
8	0
1	0
1	0
1	0
8	0
8	0
8	0
8	0
8	0
16	0
8	0
16	0
8	0
8	0
8	0
1	0
8	0
8	0
1	0
1	0
8	0
8	0
16	0
8	0
8	0
8	0
8	0
8	0
8	0
8	0
16	0
8	0
8	0
8	0
8	0
8	0
8	0
8	0
8	0
8	0
8	0
8	0
1	0
1	0
1	0
13	0
8	0
8	0
8	8
2	0
2	2
8	0
8	0
8	0
8	0
8	0
8	8
12	6
1	0
1	0
1	1
8	0
8	0
8	8
2	0
2	2
8	0
8	0
8	8
2	0
2	2
8	0
8	0
8	8
12	0
8	0
12	12
5	5
8	17
17	0
2	4
8	0
8	0
8	0
8	0
8	0
8	8
2	0
2	2
8	0
8	0
8	0
8	0
8	0
8	0
8	8
2	2
3	0
9	0
9	0
1	9
1	1
8	0
8	0
13	0
12	0
8	0
2	2
1	0
6	0
1	0
1	0
1	0
1	1
8	0
8	0
8	0
8	8
12	12
12	0
12	0
12	0
12	12
13	13
2	0
2	2
1	0
1	0
1	0
1	0
1	1
8	0
8	0
8	0
13	0
8	0
8	0
8	0
8	0
8	0
8	0
12	8
12	0
12	0
12	12
13	13
2	0
2	2
1	0
6	0
1	0
1	0
1	0
1	1
8	0
8	0
8	0
8	0
8	0
8	0
8	8
12	0
12	12
12	12
13	0
12	0
14	0
14	0
2	2
12	0
8	0
8	12
12	0
12	4
17	0
9	11
12	3
1	6
8	0
8	0
8	8
1	0
2	0
1	0
16	0
16	16
13	13
3	11
17	0
1	6
17	0
1	1
17	0
8	8
2	0
2	2
12	0
8	0
8	8
3	0
6	0
16	0
1	0
16	16
13	13
13	0
1	0
1	0
16	0
17	0
1	0
17	0
17	0
17	0
16	0
16	0
16	0
16	0
16	0
17	0
12	0
12	0
1	0
1	0
1	0
12	0
1	0
8	0
8	0
1	0
1	1
8	0
8	0
8	0
8	8
16	5
12	0
12	8
8	0
8	0
8	0
8	0
8	2
12	0
12	6
8	0
8	0
8	0
8	0
8	0
8	0
8	0
8	0
8	0
8	0
8	8
2	4
12	0
8	0
8	12
2	0
2	0
2	0
16	0
2	3
1	0
1	0
1	0
1	0
1	0
1	0
1	1
1	0
1	0
1	0
1	0
1	0
1	0
1	1
1	5
1	0
1	0
16	0
3	1
13	0
17	0
6	0
12	6
12	0
8	0
8	8
17	17
12	0
12	0
12	17
3	0
2	2
8	0
12	0
12	0
12	8
3	0
2	0
16	0
16	0
16	16
3	0
1	6
12	0
12	8
17	0
11	2
3	0
12	6
1	0
1	0
1	1
8	0
8	0
8	0
8	0
8	0
8	8
12	0
13	0
8	8
5	5
12	0
13	0
12	0
12	0
8	8
13	13
3	11
1	2
17	0
1	0
1	0
1	6
8	0
8	0
8	8
17	3
2	2
13	0
12	0
12	0
12	6
12	0
8	0
8	8
17	0
17	0
12	17
12	0
12	17
16	0
16	0
16	16
3	0
3	0
3	3
2	0
2	2
1	0
1	0
1	1
8	0
8	0
8	8
13	13
2	0
2	0
2	0
3	0
1	2
8	0
8	0
8	0
8	0
13	0
8	0
8	0
8	0
8	8
2	0
2	0
2	0
6	2
8	0
8	0
8	0
8	0
8	8
5	5
2	0
2	2
1	0
1	0
1	0
1	1
8	0
8	0
8	0
13	0
12	0
17	0
12	6
8	0
8	0
8	0
8	0
8	0
8	0
8	8
8	0
2	0
2	2
8	0
8	0
8	0
8	8
9	9
13	13
17	0
17	6
17	17
17	17
17	17
17	0
17	17
13	13
17	0
11	4
17	0
11	6
17	0
1	0
1	0
1	1
8	0
8	8
17	2
17	6
1	0
1	0
1	0
1	0
1	0
1	1
8	0
8	0
8	0
8	0
8	0
8	0
1	8
8	5
1	0
1	0
16	0
16	16
3	0
12	11
13	0
12	0
8	0
8	0
8	0
8	0
8	8
12	0
12	12
2	0
2	2
12	0
8	0
12	12
8	17
12	0
12	17
8	17
13	13
12	0
12	0
12	0
12	12
13	13
12	12
8	0
12	0
2	2
12	0
12	6
17	0
2	2
9	9
8	0
8	0
8	8
16	0
16	0
16	0
16	0
2	1
12	0
8	0
12	17
12	17
6	4
9	0
9	11
12	0
8	0
8	12
2	0
2	0
6	2
1	0
3	0
1	0
1	0
1	0
1	0
13	0
12	0
12	6
12	0
1	0
1	0
1	0
16	1
8	0
8	0
12	0
12	0
8	8
12	0
12	4
12	6
17	0
12	0
12	0
12	1
8	0
12	0
8	8
17	0
17	0
17	0
17	0
17	0
17	0
1	2
2	2
2	6
8	0
8	0
12	0
8	8
2	2
2	0
11	6
8	0
8	0
8	0
8	8
2	2
8	0
8	8
16	0
11	2
2	0
2	6
12	0
8	8
12	0
12	12
12	0
12	12
13	13
17	17
17	17
13	13
13	0
13	0
8	0
6	0
9	9
8	0
8	0
8	8
16	0
11	2
2	6
8	0
8	0
8	0
8	8
2	0
2	2
8	0
8	0
8	8
13	13
6	6
8	0
8	0
8	8
8	5
2	6
12	0
12	0
12	0
12	0
1	1
8	0
8	0
8	0
8	0
8	0
8	0
8	8
16	0
9	4
3	0
2	2
12	0
12	0
12	0
12	8
2	0
2	2
12	0
8	0
8	12
8	17
12	0
12	17
8	17
1	0
1	0
1	0
1	16
13	0
12	0
6	0
12	6
17	0
8	0
8	8
12	0
12	4
17	0
12	6
12	0
8	0
8	0
8	0
8	0
8	0
8	0
8	0
8	0
8	8
3	0
16	0
16	0
4	0
1	16
12	0
17	0
12	0
1	0
12	16
12	5
12	0
12	4
12	0
12	6
12	0
12	0
8	0
8	0
8	0
8	0
8	0
8	0
8	0
8	8
5	0
3	4
13	13
3	0
1	11
2	2
6	6
8	0
8	0
8	0
8	0
8	0
8	8
3	0
13	0
12	0
9	9
8	0
8	0
8	12
17	0
8	12
12	0
12	0
12	12
17	4
8	3
8	2
12	0
12	0
2	6
8	0
8	0
8	8
4	0
2	3
1	0
17	0
1	0
1	6
17	0
17	0
17	0
1	0
17	0
12	1
12	0
12	0
12	8
1	0
1	0
1	0
16	0
16	0
16	0
16	0
16	16
13	13
3	11
3	0
12	6
12	0
8	0
8	0
8	8
2	0
2	2
8	0
8	0
8	8
13	13
8	0
8	0
8	8
13	0
12	0
12	0
12	6
12	0
12	0
16	8
2	0
2	2
12	0
8	0
12	12
17	0
8	12
17	0
9	4
2	2
1	0
1	0
1	0
1	1
8	0
8	0
8	0
8	0
8	8
3	2
2	0
11	0
11	6
8	8
16	5
12	0
12	4
1	0
1	0
1	0
1	0
1	0
1	0
1	0
1	0
1	1
12	0
12	0
8	0
8	0
8	8
17	2
17	0
11	6
6	0
6	0
1	0
1	1
8	0
8	0
8	0
8	8
13	13
13	0
12	0
8	0
8	0
9	8
12	0
8	0
12	12
17	0
12	17
17	17
17	17
9	9
13	13
12	0
8	0
8	0
13	0
8	0
12	0
8	0
8	12
13	13
12	0
12	0
8	12
12	0
12	0
12	0
12	12
12	0
12	0
12	17
17	17
12	0
12	17
17	6
17	0
17	0
2	6
8	0
8	0
13	0
12	0
12	0
8	0
8	8
17	4
12	0
8	0
8	12
17	0
12	6
12	0
12	12
17	0
17	12
17	5
17	0
12	6
13	0
12	0
13	13
13	0
8	0
8	0
8	0
8	0
8	0
8	0
8	0
8	0
8	0
8	0
8	0
8	0
8	0
8	0
8	0
8	0
8	0
8	0
8	0
8	0
8	0
8	0
8	0
8	0
8	0
8	0
8	0
8	0
8	0
8	0
8	0
8	0
8	0
8	0
8	0
8	0
8	0
8	0
8	0
8	0
8	0
8	0
8	0
8	0
8	0
8	0
8	0
8	0
8	0
8	0
8	0
8	0
8	0
8	0
8	0
8	0
8	0
12	0
8	0
8	0
17	12
17	0
17	17
17	17
12	12
9	9
13	13
8	0
12	0
12	8
12	0
12	0
12	12
13	13
12	12
12	0
12	6
12	0
12	0
12	12
12	0
12	0
12	12
17	0
12	2
12	12
17	4
17	0
9	11
8	2
12	0
12	0
2	6
1	0
1	0
1	0
1	1
8	0
8	0
8	0
8	0
8	0
8	8
2	0
2	2
8	0
8	0
13	0
8	0
8	0
8	0
8	0
8	0
8	8
17	0
2	2
13	0
12	0
2	2
2	6
3	0
1	0
1	0
1	0
1	0
1	1
8	0
8	0
8	0
8	8
2	0
2	2
8	0
12	0
12	8
12	0
12	0
12	12
12	0
12	4
17	0
9	11
17	0
2	2
9	9
8	0
8	0
8	8
16	0
11	2
12	0
12	0
12	12
3	5
2	6
1	0
1	0
1	1
8	0
8	0
8	0
8	8
1	0
2	0
1	0
16	16
13	13
13	0
1	0
1	0
1	0
8	0
16	0
16	0
16	0
16	0
16	0
12	0
17	0
11	0
3	3
12	0
12	0
12	4
3	0
10	0
1	0
2	0
1	0
16	0
16	0
16	0
1	1
12	0
12	6
12	0
12	0
12	0
8	0
8	0
8	0
8	0
8	8
16	0
3	4
13	13
14	6
1	0
1	0
1	0
1	1
12	0
8	0
8	0
13	0
8	0
8	0
8	0
8	8
3	10
1	0
16	0
2	0
16	0
16	16
13	13
13	0
1	0
1	0
1	0
1	0
1	0
1	0
1	0
1	0
1	0
1	0
12	0
8	0
8	0
17	12
17	0
12	17
12	17
13	13
12	0
12	12
12	0
12	12
13	13
12	0
12	12
9	2
12	0
12	0
12	6
12	0
12	0
12	0
13	0
12	0
8	8
17	0
9	4
17	0
12	0
1	11
17	0
12	6
8	0
8	8
17	0
12	2
12	12
5	5
12	12
16	0
2	2
3	0
1	6
1	0
1	0
1	0
1	1
8	0
8	0
8	0
8	8
2	2
3	0
1	6
1	0
12	0
1	0
1	0
1	1
13	0
12	0
8	0
8	0
8	0
8	0
8	0
8	0
8	1
2	0
2	2
12	0
8	0
12	0
13	0
8	0
8	0
13	0
12	0
12	8
12	0
12	0
12	12
12	0
12	0
12	0
12	12
13	13
11	4
3	0
6	6
1	0
1	0
1	0
1	0
1	0
1	1
8	8
2	6
1	0
1	0
1	0
1	0
1	1
8	0
8	0
8	0
8	0
8	0
8	8
1	0
1	0
1	0
1	2
8	0
8	0
8	0
8	8
2	5
12	0
13	0
12	0
12	0
12	0
12	1
8	0
8	0
8	0
8	0
8	8
13	13
8	3
3	0
12	6
2	0
1	0
9	0
9	0
1	1
8	0
8	0
8	8
2	0
2	0
1	0
17	0
8	0
8	3
4	0
6	4
12	0
12	0
12	12
9	9
8	0
8	0
8	0
8	8
2	0
2	2
12	0
12	0
12	12
12	17
17	0
17	0
12	17
12	0
12	0
12	12
17	17
17	17
12	0
12	0
12	4
13	13
13	0
1	0
1	0
1	0
1	0
12	0
14	0
14	6
12	0
8	8
17	4
9	9
17	17
17	0
8	17
16	0
1	0
16	0
16	0
16	0
16	16
5	5
11	0
11	4
3	0
6	6
1	0
1	0
1	1
8	8
2	0
2	0
2	2
9	9
3	0
3	2
8	0
2	2
12	12
3	0
3	0
1	0
1	0
1	0
1	16
13	13
13	0
1	0
3	0
1	0
16	0
16	0
16	0
16	0
16	0
16	0
16	0
1	0
1	0
8	0
1	0
1	0
1	0
1	0
16	0
17	0
12	6
12	0
1	0
17	0
1	1
12	0
8	0
8	0
13	0
8	0
8	0
13	0
8	0
12	0
8	8
12	0
12	12
12	0
12	0
12	12
17	12
12	0
12	12
16	5
12	12
12	12
12	0
12	12
2	0
12	2
12	0
12	0
12	0
12	12
12	0
3	4
17	0
9	11
9	6
9	0
1	1
8	0
8	8
2	0
2	2
8	0
8	0
8	0
8	0
8	0
8	0
8	0
8	0
8	8
2	0
1	0
16	0
1	0
13	0
12	0
13	13
8	0
3	2
9	0
9	9
8	0
8	0
8	8
17	0
9	4
17	0
2	2
9	0
1	1
8	0
8	0
8	0
8	8
2	0
2	2
12	0
8	0
8	12
12	0
12	0
12	0
12	0
12	12
2	0
2	2
1	0
1	0
1	0
1	0
1	1
8	0
12	0
12	0
8	0
8	0
12	0
13	0
8	12
1	0
2	0
2	0
1	0
1	0
16	0
1	1
17	0
12	0
12	4
13	13
13	0
1	0
17	0
17	0
1	0
12	0
2	2
3	0
12	6
8	0
8	0
8	0
8	0
8	0
8	8
3	0
9	4
12	3
9	6
1	0
1	1
12	0
12	0
13	0
8	0
8	8
1	5
12	0
8	0
8	0
13	0
8	0
8	0
13	0
8	0
12	8
12	12
12	0
12	0
12	12
3	5
12	0
12	6
1	0
1	0
1	0
1	0
1	0
1	1
8	0
8	0
8	8
12	12
12	0
12	12
16	0
16	0
16	0
16	16
13	13
13	0
1	0
3	0
1	0
1	0
12	0
13	13
8	0
8	0
8	12
11	4
12	0
9	11
17	0
2	2
1	0
1	0
1	1
8	0
8	0
8	8
3	0
3	0
1	3
17	0
2	0
2	2
3	0
6	6
17	17
12	17
12	0
13	0
8	0
12	0
12	17
17	17
17	17
1	0
16	0
16	0
16	16
13	13
13	0
1	0
8	0
1	0
8	0
1	0
1	0
12	0
1	0
17	0
1	0
8	0
16	0
16	0
16	0
1	0
1	0
1	0
1	0
1	0
1	0
8	0
12	0
8	6
12	12
12	0
12	12
2	0
2	2
12	0
12	0
12	12
17	0
8	12
6	4
2	0
2	0
3	0
3	0
1	2
8	0
8	8
17	0
1	2
12	0
12	0
12	0
12	0
8	8
2	0
12	2
12	12
16	0
12	0
4	0
4	0
3	16
2	6
12	0
8	0
8	8
2	0
2	2
3	0
1	0
1	0
1	1
12	0
12	0
8	0
13	0
12	0
12	0
13	0
8	0
8	8
9	9
1	0
1	0
1	0
16	16
13	0
12	0
13	13
8	3
8	0
2	2
1	1
12	0
12	0
8	8
4	0
6	4
12	0
8	0
8	12
2	0
2	2
8	0
8	0
8	0
8	8
2	0
2	2
12	0
12	0
12	12
12	0
12	0
12	17
17	17
17	17
1	0
12	0
1	1
17	0
12	0
12	4
13	13
13	0
1	0
1	0
1	0
16	0
1	0
1	0
1	0
1	0
1	0
1	0
1	0
1	0
1	0
1	0
17	0
1	0
1	0
1	0
1	0
1	0
1	0
1	0
12	0
9	9
4	0
11	4
9	6
8	0
8	8
1	0
11	0
3	16
4	0
16	4
13	13
5	5
8	0
8	0
8	0
8	0
8	0
8	0
8	8
4	5
12	0
8	0
8	0
8	12
13	13
12	0
12	12
13	13
5	5
8	0
12	0
12	0
8	12
13	13
12	0
12	12
13	13
16	0
2	4
6	0
3	0
3	0
3	2
8	0
12	16
13	13
13	0
1	0
1	0
1	0
1	0
1	0
1	0
1	0
16	0
1	0
16	0
3	0
8	0
2	2
8	0
1	0
1	8
2	2
3	0
12	6
12	0
17	3
2	0
2	0
3	0
3	0
3	3
1	0
1	0
1	0
1	1
8	0
12	0
12	0
8	8
2	2
12	0
12	0
12	12
13	13
12	0
12	0
12	12
13	13
13	13
12	12
13	13
12	0
12	0
12	12
13	13
13	13
8	0
12	0
12	0
8	0
8	0
8	12
13	13
12	12
13	13
5	5
8	0
8	12
13	13
12	0
12	0
12	12
13	13
13	13
13	0
1	0
12	0
3	0
1	0
2	0
1	0
1	8
8	0
12	6
12	0
12	0
12	0
8	0
8	0
8	0
8	8
2	0
2	2
12	12
12	12
12	0
12	0
12	12
4	0
4	4
2	0
2	0
3	2
8	0
8	8
2	0
2	0
1	0
1	0
16	16
4	0
16	4
13	13
3	0
3	0
3	0
3	11
3	0
3	0
3	3
3	0
2	2
11	0
6	6
8	0
8	0
8	0
8	0
8	8
5	5
16	0
2	2
11	0
6	6
8	0
13	0
13	0
17	6
17	0
12	0
17	0
1	0
1	1
12	0
12	0
12	0
12	8
17	0
9	4
17	3
8	0
17	0
2	2
11	0
6	6
8	0
8	0
8	0
8	0
8	0
8	8
12	17
12	0
12	0
12	17
2	0
3	0
16	16
4	0
16	4
13	13
13	0
1	0
16	0
4	0
1	0
1	0
1	0
16	0
16	0
16	0
16	0
16	0
16	0
17	0
17	0
1	0
1	0
1	0
16	0
17	0
16	0
16	0
16	0
8	0
8	0
12	0
17	0
14	2
17	17
8	17
2	0
2	2
12	0
6	6
12	0
12	0
13	0
8	0
8	0
8	0
8	12
16	5
17	0
6	6
17	0
6	0
17	0
17	0
1	1
8	0
8	0
8	12
8	17
12	0
12	17
8	17
2	2
12	0
12	0
12	0
12	12
2	3
3	0
2	2
3	0
1	6
1	0
6	0
17	0
17	0
1	1
12	0
8	0
8	0
13	0
8	0
8	0
8	8
2	2
12	0
12	0
12	0
12	12
13	13
13	0
12	0
12	0
12	6
12	0
8	0
8	8
8	0
12	12
17	0
12	12
13	13
3	11
2	0
13	0
14	0
2	0
3	2
17	0
1	0
16	0
1	1
17	0
8	8
8	8
1	5
8	0
8	0
8	0
8	0
8	0
8	0
8	0
8	0
8	8
4	0
11	4
1	0
17	0
1	0
1	0
1	16
4	0
1	4
13	13
11	4
1	6
1	0
1	0
1	0
17	0
17	0
1	1
8	0
8	8
17	0
17	0
16	0
16	0
16	16
13	0
12	0
11	2
11	0
6	0
16	6
17	0
12	4
12	0
8	0
8	8
2	0
2	2
12	0
8	0
8	12
17	0
8	12
2	0
2	2
8	0
8	0
8	0
8	8
5	5
3	0
2	2
8	0
8	0
8	0
8	0
12	8
1	0
1	0
17	16
13	13
13	0
3	0
3	0
16	0
1	0
8	0
12	0
8	0
8	0
16	0
3	0
1	0
16	0
4	0
16	0
16	0
8	0
8	0
16	0
16	0
16	0
1	0
1	0
1	0
1	0
13	0
12	0
12	0
12	12
17	17
17	0
17	6
8	0
8	0
8	0
8	8
12	0
12	0
12	0
12	12
13	13
3	11
16	0
2	3
3	2
9	9
8	0
8	8
1	0
1	0
1	0
1	0
1	1
4	0
11	4
13	13
13	0
11	0
3	4
17	0
12	2
12	0
12	0
12	0
13	0
8	0
8	0
8	8
12	0
12	0
12	0
12	12
2	0
2	0
16	0
16	0
16	0
16	16
13	13
13	0
1	0
1	0
16	0
12	0
16	0
17	0
12	0
12	0
12	12
8	8
2	2
8	0
8	0
8	0
8	0
8	8
9	9
3	0
3	4
9	9
12	0
8	0
12	0
13	0
8	0
13	0
8	0
8	0
8	8
2	0
2	2
8	0
8	8
12	8
5	5
12	0
8	0
8	8
2	0
12	2
8	0
8	0
8	0
8	12
16	0
16	0
16	16
13	13
13	0
1	0
2	0
16	0
16	0
8	0
16	0
16	0
16	0
16	0
16	0
8	0
16	0
16	0
16	0
16	0
16	0
12	0
6	0
6	0
1	0
1	2
8	0
8	8
17	17
12	0
17	0
8	17
12	0
12	4
12	0
12	11
12	0
17	0
4	0
4	0
8	16
17	0
12	6
12	0
12	12
13	13
17	0
12	6
17	0
17	17
17	17
8	0
8	17
17	5
17	6
17	0
8	0
8	0
1	1
8	0
8	0
8	8
12	0
12	0
12	0
1	0
16	16
13	13
13	0
1	0
1	0
16	0
16	0
16	0
16	0
16	0
16	0
16	0
16	0
12	0
12	0
12	0
8	0
12	6
8	0
4	0
4	0
16	0
16	1
17	0
12	0
8	0
12	8
17	0
17	17
17	17
17	0
2	6
8	0
8	0
8	8
12	12
12	12
12	0
12	0
12	12
13	13
3	11
3	0
1	0
1	0
1	0
1	1
1	0
2	0
2	2
12	0
6	6
12	0
8	0
8	0
13	0
8	0
13	0
8	0
8	0
8	8
1	0
16	0
3	0
16	0
16	16
4	0
11	4
4	0
1	4
13	13
3	0
16	16
17	0
13	0
12	0
12	0
12	6
12	0
12	0
8	8
4	0
4	0
4	4
2	0
2	0
6	0
3	0
1	2
1	0
1	0
1	0
1	0
1	1
8	8
1	0
1	0
1	0
1	16
3	11
2	0
2	0
1	2
8	0
8	0
8	0
8	0
8	0
8	8
1	0
16	0
16	16
4	0
11	4
13	13
13	0
1	0
1	0
16	0
1	0
1	0
1	0
1	0
12	0
12	0
8	0
16	0
3	0
3	0
3	0
2	0
1	0
3	0
1	0
1	0
12	0
2	2
3	0
12	0
12	6
8	8
12	0
12	0
12	16
17	0
17	2
8	0
8	0
8	0
8	8
9	9
4	0
2	6
8	0
8	0
8	0
8	8
1	3
2	0
2	0
2	0
16	0
1	0
16	16
16	0
5	5
1	0
1	0
1	0
1	16
13	13
13	0
1	0
1	0
1	0
8	0
1	0
8	0
8	0
1	0
1	0
1	0
8	0
8	0
8	0
1	0
1	0
16	0
12	0
1	0
16	0
1	0
1	0
8	0
8	0
4	0
14	0
14	0
2	0
2	2
8	0
8	0
8	8
3	0
2	2
12	0
8	0
8	12
8	8
12	0
12	10
1	0
1	0
1	0
1	16
4	0
11	4
8	0
12	0
12	3
12	6
17	0
13	0
8	0
8	0
8	0
8	0
8	8
3	0
1	0
2	0
1	0
16	16
4	0
16	4
13	13
13	0
3	0
1	0
1	0
1	0
1	0
16	0
14	0
16	0
4	0
4	0
1	0
16	0
4	0
4	0
16	0
16	0
16	0
1	0
12	0
12	0
12	6
8	0
8	0
8	0
8	0
8	8
4	0
11	4
2	2
3	0
2	3
1	0
1	0
1	0
1	1
2	0
2	2
8	0
8	0
8	8
17	0
12	0
12	0
12	12
2	0
1	0
1	0
1	0
1	0
16	16
16	5
12	2
12	0
12	0
12	0
12	9
8	0
8	8
1	0
1	0
1	0
1	0
1	1
13	13
13	0
1	0
1	0
1	0
1	0
1	0
1	0
16	0
16	0
1	0
1	0
3	0
3	0
1	0
12	0
12	0
12	6
12	0
13	0
8	0
8	0
8	0
8	8
4	0
11	4
17	0
11	0
17	1
3	0
1	0
17	0
17	0
17	0
1	3
1	0
1	0
1	0
1	1
13	13
1	5
17	0
12	6
12	0
8	0
8	0
13	0
8	0
8	8
4	0
4	0
4	0
4	4
1	0
11	0
12	0
1	1
13	13
1	0
17	0
17	0
1	1
8	0
8	0
8	0
8	0
8	0
8	0
8	8
16	16
13	13
13	0
1	0
1	0
1	0
12	0
3	2
8	0
13	0
12	0
13	0
8	0
8	8
12	0
12	2
12	12
12	0
12	4
12	0
12	6
12	0
12	0
8	8
2	0
2	2
12	0
8	0
12	12
8	12
17	0
12	6
12	0
12	0
8	0
8	0
8	0
8	0
8	0
8	0
8	8
2	0
2	2
1	0
1	0
1	1
8	8
8	0
12	0
4	0
4	0
4	16
2	0
2	0
2	0
2	0
16	16
13	13
13	0
8	0
1	0
12	0
16	0
16	0
12	0
1	0
12	0
8	0
8	0
2	2
11	0
12	6
12	0
12	0
12	0
12	8
4	0
6	4
1	0
17	0
12	3
12	6
17	17
17	0
17	17
2	0
2	0
1	2
1	0
1	0
1	0
1	0
1	1
12	0
12	0
12	8
8	0
8	0
8	8
2	0
2	0
1	0
16	0
16	16
4	0
16	4
13	13
13	0
1	0
3	0
1	0
1	0
1	0
1	0
2	0
1	0
1	0
1	0
1	0
12	0
3	0
16	0
16	0
1	0
1	0
12	0
12	0
8	0
2	0
2	0
14	2
8	0
8	8
12	0
12	0
12	0
12	12
17	0
17	17
12	17
12	0
12	0
12	4
1	0
12	0
12	0
12	0
1	3
16	0
16	0
4	0
4	0
4	16
2	6
1	0
1	0
1	1
8	0
8	8
2	2
3	0
2	2
3	0
6	0
9	0
1	0
1	1
8	0
8	0
8	8
16	0
2	0
1	0
16	16
13	13
13	0
1	0
1	0
8	0
1	0
1	0
8	0
17	0
1	0
1	0
1	0
12	0
13	13
8	0
8	0
8	0
8	0
8	0
8	0
8	8
17	0
17	0
17	0
17	0
12	0
17	0
17	12
12	0
12	0
12	0
12	1
17	0
17	0
8	0
8	0
8	8
2	2
8	0
8	0
8	12
8	0
12	6
12	0
13	0
8	0
8	0
8	0
13	0
8	0
8	0
8	0
8	0
8	0
8	8
2	2
2	6
12	0
12	0
12	12
12	12
16	0
16	0
16	0
16	16
12	0
12	6
12	0
8	0
8	8
2	2
13	0
12	0
9	9
17	0
17	4
17	6
17	0
17	0
17	0
1	0
1	0
1	0
1	1
8	0
8	0
8	8
3	0
3	0
3	0
2	0
16	0
16	0
16	16
13	13
14	2
1	0
1	0
1	0
1	0
1	0
1	1
8	0
8	0
8	0
8	0
8	0
8	8
2	0
2	0
2	0
14	0
16	0
16	0
16	0
12	1
8	0
8	0
8	8
2	0
2	0
12	2
1	0
1	0
1	0
1	0
1	0
1	1
8	8
2	0
12	10
13	0
3	0
6	2
8	0
8	0
8	0
8	0
8	8
16	0
16	0
16	16
3	0
6	6
12	0
12	0
8	0
8	8
2	2
2	6
1	0
13	0
8	0
8	0
8	0
13	0
8	0
8	0
8	0
8	0
8	0
8	8
13	13
3	11
3	0
6	6
8	0
8	0
8	0
13	0
8	0
8	0
8	8
3	0
1	0
16	0
16	16
13	13
13	0
1	0
1	0
1	0
16	0
3	0
3	0
3	0
16	0
1	0
1	0
12	0
12	0
12	0
12	0
2	2
9	9
8	0
8	8
2	0
2	2
9	0
1	9
8	0
8	0
8	0
8	0
8	0
8	8
6	4
8	0
8	0
8	12
9	9
1	6
8	0
8	0
8	0
8	0
8	8
2	0
2	2
3	0
1	0
1	0
1	0
1	0
1	0
1	1
8	0
8	0
8	8
2	0
1	0
1	0
16	16
13	13
13	0
1	0
3	0
16	0
16	0
1	0
1	0
8	0
16	0
1	0
1	0
1	0
1	0
16	0
8	0
16	0
16	0
12	0
6	0
6	6
12	0
8	0
8	0
8	0
8	0
8	0
8	8
2	2
3	0
12	0
12	6
1	0
2	0
2	0
1	0
1	0
1	0
16	0
16	0
1	1
8	0
8	0
8	0
8	0
8	0
8	0
8	0
8	8
17	0
9	4
17	0
12	6
12	0
9	0
9	0
1	0
8	8
2	2
3	0
3	9
17	0
12	0
12	0
1	0
1	1
8	0
8	0
8	0
8	0
8	8
17	5
12	0
12	6
12	0
12	0
1	0
13	0
12	0
3	0
12	6
8	0
8	0
8	0
13	0
8	0
8	0
8	0
8	0
8	0
8	8
12	4
4	0
4	6
8	0
8	0
8	8
2	2
12	0
12	12
2	2
2	0
6	0
12	0
12	0
1	1
8	0
8	0
8	0
8	0
8	0
8	0
8	0
8	0
8	0
8	8
2	0
12	2
12	12
12	12
13	13
11	0
6	2
12	12
17	0
12	12
2	5
2	0
12	2
12	12
1	0
1	0
16	16
1	5
1	0
1	0
1	0
13	0
12	0
6	0
6	6
12	0
12	0
8	0
13	0
8	0
8	0
8	0
8	0
8	8
16	0
16	0
2	0
16	16
17	0
6	6
8	0
8	8
2	2
2	0
2	0
11	0
3	0
1	6
8	0
8	0
8	8
12	5
16	0
16	0
16	16
2	2
2	0
11	0
11	6
8	8
3	0
1	6
1	0
1	0
1	0
1	0
8	0
8	0
8	0
8	8
3	0
2	2
8	0
8	0
8	0
8	0
8	8
13	13
13	0
1	0
1	0
3	0
12	0
8	0
2	6
3	0
1	0
1	0
1	0
1	0
1	0
1	1
1	0
1	0
1	0
1	0
16	0
3	1
1	5
2	0
1	0
1	0
1	0
1	1
8	0
8	0
8	0
8	0
8	8
2	2
3	0
2	6
12	0
8	0
8	8
17	0
1	2
2	0
2	0
6	6
8	0
8	8
16	0
16	0
16	0
16	16
2	6
1	0
1	0
1	0
1	3
1	0
1	0
1	0
1	0
1	0
1	0
1	0
1	1
12	0
12	0
13	0
12	0
8	0
12	3
2	0
12	0
16	0
16	0
16	16
13	13
11	0
11	4
3	0
6	6
12	0
12	0
8	0
13	0
8	0
8	0
8	0
8	8
2	0
12	2
12	0
12	12
2	0
1	2
12	0
13	0
8	0
8	0
8	0
8	0
8	8
1	0
3	0
3	0
1	0
1	16
4	0
16	4
13	13
13	0
1	0
1	0
1	0
1	0
1	0
1	0
16	0
16	0
16	0
16	0
1	0
16	0
16	0
1	0
1	0
12	0
12	0
12	0
17	2
1	0
1	1
8	0
8	0
8	0
8	0
8	0
8	0
8	0
8	8
2	2
3	0
12	6
12	0
8	0
8	8
17	4
12	0
8	0
8	12
9	9
17	6
1	0
1	1
17	0
12	0
13	0
12	0
8	0
8	0
8	0
8	0
8	0
8	8
5	2
8	8
2	2
1	0
1	0
1	0
1	0
1	0
1	0
1	1
8	0
8	0
8	8
1	0
2	0
16	0
16	0
16	0
16	16
13	13
3	11
3	0
12	6
13	0
12	0
3	0
12	6
1	0
1	1
8	0
8	0
8	0
8	0
8	0
8	0
8	8
12	0
12	10
12	0
12	0
12	0
12	12
17	4
9	6
8	0
8	0
8	8
2	0
2	0
3	2
1	0
1	0
1	0
1	0
1	0
1	0
1	1
8	0
8	0
8	0
8	0
8	0
8	8
2	2
1	0
1	0
1	0
1	0
1	1
8	0
12	0
8	0
13	0
8	0
8	0
8	0
8	8
16	0
16	0
16	0
16	16
13	13
13	0
3	0
12	0
14	0
12	6
12	0
1	8
8	0
8	0
8	0
13	0
8	0
8	8
16	4
3	0
2	2
8	0
8	0
8	0
8	8
2	2
3	0
1	6
8	0
1	1
8	0
8	0
8	8
2	2
12	12
1	6
1	0
1	0
1	0
1	0
1	0
1	0
1	0
8	1
12	0
12	0
12	0
12	8
2	0
2	2
8	0
8	0
8	0
8	0
8	8
2	0
2	2
1	0
1	0
1	1
8	8
2	0
1	0
1	0
16	0
16	16
13	0
12	0
11	0
12	2
12	0
12	0
12	12
13	13
11	0
6	2
8	0
12	0
8	0
12	12
13	13
12	0
12	2
12	12
12	0
12	12
16	5
12	0
12	2
12	12
17	4
1	0
12	11
1	2
12	0
8	0
8	8
17	0
2	0
2	2
8	0
8	0
8	0
8	0
8	8
17	6
17	0
17	0
1	0
1	0
1	1
8	0
8	0
8	8
2	0
2	2
12	0
12	0
8	0
13	0
12	0
17	8
2	0
2	2
12	0
12	12
13	0
12	0
2	2
3	0
12	6
8	0
8	0
8	0
8	0
8	0
16	8
2	0
2	2
1	0
6	0
1	0
1	0
16	0
1	1
12	0
13	0
12	0
13	0
12	0
8	8
12	0
12	0
12	12
3	0
9	4
8	0
8	0
8	0
8	0
8	8
2	0
2	2
12	0
12	0
12	12
13	13
11	0
12	2
12	0
12	0
12	12
3	5
2	0
2	2
12	0
12	0
12	0
13	0
12	0
8	8
2	0
12	2
12	0
13	0
12	12
13	0
12	0
2	0
14	2
12	0
12	0
12	0
8	8
2	2
8	0
8	0
8	0
8	17
16	0
2	17
12	0
12	17
12	17
13	13
2	0
2	0
3	0
3	1
8	0
8	0
8	0
8	0
8	0
8	8
2	0
2	2
8	8
2	2
12	0
12	0
8	8
2	0
2	2
1	0
1	0
12	0
1	0
1	1
8	0
8	8
13	13
6	0
12	4
12	0
12	6
12	0
8	0
8	8
2	2
12	12
5	5
8	0
8	8
12	0
12	2
13	0
12	0
2	2
2	6
17	0
8	8
12	0
12	2
12	0
12	0
12	0
12	0
8	0
8	12
17	4
8	0
8	0
8	12
1	6
12	0
12	0
13	0
8	8
1	0
1	0
16	0
16	0
16	16
13	13
3	11
3	0
14	0
3	0
14	0
14	2
2	6
3	0
3	0
3	0
1	1
12	0
8	0
8	0
8	8
1	6
1	0
1	0
1	0
1	0
16	0
16	0
16	1
13	13
1	0
1	0
1	0
1	0
1	0
1	0
1	1
13	0
12	0
13	13
8	0
8	0
8	0
8	0
8	0
8	0
8	1
8	0
8	0
8	0
12	1
8	0
8	0
8	0
8	8
9	9
8	0
12	0
12	0
12	17
12	0
12	0
12	17
8	0
12	12
17	0
17	0
17	0
17	0
17	12
17	0
17	0
17	0
17	0
17	0
17	0
17	0
17	0
17	0
17	0
17	0
17	12
17	0
12	12
17	0
17	0
17	0
17	0
12	12
17	4
17	0
17	0
11	0
1	6
8	0
8	0
8	0
13	0
12	0
2	6
3	0
3	0
3	3
2	0
1	0
6	0
3	0
9	0
1	1
1	0
1	0
1	1
12	0
8	8
17	5
12	6
17	0
12	0
17	0
17	0
17	1
17	0
17	0
17	0
17	0
12	0
12	1
17	0
8	0
8	0
8	0
8	0
8	0
8	0
8	0
8	8
12	0
12	4
12	0
12	6
12	0
12	0
12	0
8	0
8	0
8	8
8	0
16	0
16	0
16	16
13	13
13	0
1	0
1	0
1	0
1	0
1	0
16	0
12	0
14	0
12	6
8	0
8	0
8	0
8	0
8	8
17	4
17	3
16	0
1	6
17	0
8	0
8	0
8	0
8	8
2	0
2	0
2	2
12	0
6	6
12	0
8	0
8	0
8	0
8	0
8	0
8	0
8	8
5	5
13	0
1	0
1	0
3	0
1	0
1	8
1	0
1	0
1	0
1	0
1	0
1	0
1	0
1	0
16	16
13	13
3	0
2	2
8	0
12	0
12	0
12	0
12	8
2	2
6	6
8	0
8	0
8	0
13	0
3	0
2	2
1	0
1	0
1	0
1	0
1	0
1	1
8	0
8	0
8	0
8	0
8	0
8	0
8	0
8	0
8	0
8	0
8	0
8	0
8	8
12	0
12	4
3	0
4	0
4	0
4	0
14	0
11	1
3	0
6	3
8	0
8	0
8	8
16	0
16	0
4	0
4	0
1	16
1	0
1	0
1	0
1	0
1	16
4	0
4	0
4	0
4	4
13	13
11	11
3	0
3	0
3	2
8	0
8	0
8	0
8	8
13	13
3	3
13	0
12	0
8	0
8	0
2	0
4	2
12	0
12	0
8	8
12	0
3	10
16	0
16	16
13	13
11	4
14	0
16	0
1	11
12	0
12	6
17	0
8	0
8	0
8	0
8	8
2	0
2	2
8	0
8	0
8	0
8	0
8	0
8	0
8	8
2	0
6	0
6	2
8	0
1	0
1	0
1	1
8	0
8	0
8	0
8	0
8	0
8	0
8	0
8	8
16	0
2	0
16	0
16	0
16	16
13	13
3	11
3	0
2	2
12	0
12	0
13	0
13	0
1	0
1	0
1	0
1	0
1	1
16	0
9	4
17	0
2	2
8	0
8	0
8	0
8	0
8	0
8	0
8	0
8	0
8	8
1	0
1	1
17	0
8	0
8	8
3	0
1	0
1	0
1	16
4	0
16	4
13	13
13	0
1	0
1	0
1	0
1	0
16	0
16	0
16	0
4	0
16	0
16	0
1	0
16	0
16	0
16	0
16	0
16	0
1	0
16	0
16	0
16	0
4	0
8	0
8	0
1	0
1	0
1	0
4	0
8	0
12	0
2	0
3	0
5	0
3	0
3	2
2	2
2	0
11	0
11	0
11	0
1	6
1	0
17	0
17	0
1	1
1	0
1	0
3	0
3	0
3	0
12	0
1	1
17	8
17	17
17	4
12	0
12	12
17	0
17	0
17	0
17	0
12	12
2	0
16	0
16	0
2	1
8	0
8	0
8	8
10	0
1	0
1	0
16	0
16	16
13	13
3	11
3	0
6	6
8	0
8	0
8	0
8	0
8	0
8	0
8	0
8	0
8	8
1	0
13	0
12	0
2	2
2	0
2	0
9	0
1	0
1	0
1	1
8	0
8	0
8	0
8	0
8	0
8	0
8	8
2	4
2	0
6	6
8	0
8	0
8	0
8	0
8	0
8	0
8	0
8	0
8	8
2	6
17	0
12	0
12	1
9	0
13	0
8	0
13	0
12	0
8	0
8	0
13	17
1	5
13	0
12	0
8	0
8	0
8	0
8	0
13	0
8	0
8	0
8	0
8	0
8	0
8	8
16	0
16	0
4	0
4	0
3	16
1	0
13	0
12	0
1	0
1	0
6	0
8	0
13	0
8	0
8	0
8	0
8	8
3	5
17	0
2	0
12	0
9	1
12	0
12	0
12	0
13	0
8	0
8	0
8	0
8	0
8	0
8	8
4	0
4	0
4	0
4	4
2	0
2	2
3	0
6	0
1	0
9	1
8	0
8	0
8	8
2	2
2	0
6	0
1	6
8	8
3	0
16	0
4	0
4	0
3	16
1	0
1	0
1	0
16	16
13	13
13	0
3	0
1	0
8	0
8	0
17	0
1	0
12	0
14	0
14	0
2	2
12	0
12	6
12	0
12	0
8	8
2	0
2	2
12	0
12	0
12	12
17	12
6	4
8	0
12	12
17	0
17	0
17	0
17	0
12	12
17	0
12	0
12	0
9	1
8	0
8	0
8	0
8	0
8	0
8	0
8	0
8	0
8	8
16	0
16	0
16	0
16	16
13	13
3	0
1	11
1	0
1	0
1	0
1	0
1	0
1	0
1	0
1	0
1	0
1	0
1	0
8	0
1	0
1	1
8	0
8	0
13	0
12	0
3	0
3	3
16	0
9	4
8	0
11	0
12	0
9	1
8	0
8	0
8	0
8	8
2	2
2	0
1	0
1	0
1	0
1	0
1	0
1	1
8	0
8	0
13	0
8	0
8	8
2	0
2	0
2	2
8	0
8	1
12	13
8	0
12	0
12	0
8	0
8	17
8	0
5	5
8	0
8	0
8	0
8	0
8	0
8	0
8	0
8	8
1	0
1	0
1	0
1	0
1	16
13	13
16	5
2	2
2	0
2	6
3	0
3	0
13	0
12	0
1	2
8	0
8	0
8	0
8	8
8	0
2	0
2	2
8	0
8	0
8	0
8	0
8	0
8	0
8	8
4	0
4	0
4	4
9	9
2	0
2	0
6	2
1	0
1	0
1	0
1	1
8	0
8	0
8	0
8	0
8	8
2	0
2	0
1	0
16	0
16	16
13	13
13	0
1	0
3	0
8	0
2	0
8	0
16	0
1	0
1	0
1	0
8	0
8	0
8	0
8	0
2	0
2	0
2	0
1	0
1	0
1	0
8	0
8	0
12	0
3	0
12	6
8	0
8	0
8	0
8	0
8	8
2	0
2	0
16	2
8	0
8	0
13	17
8	5
12	0
12	0
12	0
12	8
6	4
2	2
3	0
12	6
1	0
1	0
1	0
1	0
1	1
8	0
8	0
13	0
8	0
8	0
8	8
2	0
11	2
8	0
8	0
8	0
8	0
8	8
12	0
11	6
1	0
1	0
1	0
1	0
1	0
1	0
1	0
1	0
1	1
8	0
8	0
8	0
8	8
16	0
3	0
3	0
13	0
12	0
8	0
2	0
2	2
8	0
8	0
8	0
8	8
13	13
3	2
9	9
8	0
8	0
8	8
8	0
2	0
2	2
12	0
12	6
12	0
12	0
17	12
17	17
13	13
5	5
17	0
12	0
12	17
4	0
4	0
4	0
4	4
8	0
8	0
8	8
2	2
8	0
8	0
8	0
8	0
12	0
12	0
13	0
8	0
12	0
8	0
8	8
1	0
1	0
2	0
16	0
16	0
16	0
16	16
13	13
13	0
1	0
1	0
8	0
8	0
12	0
3	0
3	0
3	0
1	1
4	0
4	0
4	0
4	4
2	0
11	0
12	0
9	1
8	0
8	0
8	0
8	0
8	0
8	0
8	0
8	8
2	0
1	0
1	0
1	0
1	16
8	5
17	0
17	0
1	0
17	0
17	0
12	1
17	0
17	0
17	0
17	0
12	1
12	5
17	0
17	0
17	0
1	1
8	0
8	0
8	0
8	0
8	8
2	0
2	0
16	0
16	16
13	13
13	0
8	0
2	0
8	0
12	0
1	0
1	0
12	0
6	2
8	0
8	0
8	0
8	0
8	0
8	0
8	0
8	0
8	0
8	8
2	0
2	0
16	2
8	0
8	0
8	0
8	0
13	17
1	5
8	0
8	0
8	0
8	0
8	0
8	8
13	13
17	0
17	0
17	0
17	17
5	5
17	0
17	0
17	17
13	13
2	4
12	0
12	12
17	0
17	0
17	0
17	0
17	12
2	6
12	0
12	0
12	0
12	12
1	0
2	0
1	0
1	0
16	16
13	13
14	0
11	0
11	0
13	0
12	0
3	0
12	11
4	0
11	4
1	0
2	0
2	0
3	0
1	2
1	0
1	0
1	1
12	0
1	0
1	0
1	0
1	1
13	13
2	0
3	0
3	0
3	0
1	0
9	1
8	0
8	0
8	0
8	0
8	0
8	8
5	5
8	0
8	0
8	0
8	0
8	0
8	8
2	0
2	2
8	0
8	0
8	8
2	0
2	2
8	0
8	0
8	0
8	0
8	0
8	0
8	0
8	8
5	5
13	0
1	0
3	0
3	0
3	0
13	0
12	0
11	11
12	0
12	16
2	2
6	6
1	0
1	0
1	0
1	0
1	0
1	0
1	1
1	0
1	0
1	0
1	0
1	0
1	1
8	0
8	0
8	0
8	0
13	0
8	0
8	0
8	0
8	0
8	8
16	0
5	5
8	0
8	0
8	0
8	0
8	8
4	5
12	0
12	0
12	0
12	0
8	8
8	0
5	5
1	0
1	0
1	0
1	0
1	0
1	0
1	0
1	1
8	0
8	0
8	0
8	0
8	0
8	8
16	0
13	0
12	0
8	0
12	12
17	0
17	0
17	0
17	0
12	12
4	0
11	4
2	0
2	2
8	0
8	0
8	0
8	8
2	0
2	0
3	2
12	0
12	12
12	12
17	0
17	0
17	17
17	17
9	9
2	0
17	0
2	2
12	0
12	6
8	0
8	8
2	0
2	0
6	2
13	13
17	17
17	17
17	17
13	13
2	0
2	2
12	0
12	0
12	0
8	8
13	13
17	0
17	17
5	5
17	0
17	17
17	0
8	12
13	13
16	0
11	0
13	0
12	0
6	2
8	0
12	0
12	0
13	0
8	0
8	0
8	0
8	0
8	8
2	4
8	0
8	12
17	0
17	0
17	0
17	0
12	12
2	0
2	2
8	0
8	0
8	0
8	0
8	8
2	6
12	0
12	0
17	0
17	12
1	0
1	0
1	1
1	0
17	0
1	16
13	13
14	6
17	0
12	0
17	0
1	1
8	0
8	0
8	8
2	2
12	0
12	0
13	0
8	0
8	0
8	0
8	0
8	0
8	8
1	0
2	0
2	2
13	0
12	0
3	12
16	12
11	4
2	0
2	2
12	0
12	12
12	0
12	0
12	0
12	0
12	12
2	0
2	0
2	2
6	0
6	6
8	0
8	0
8	8
2	0
11	0
11	6
8	0
13	0
8	0
8	0
8	0
8	0
8	0
8	0
8	8
1	0
16	0
16	0
16	16
13	13
13	0
1	0
1	0
16	0
2	0
1	0
1	0
1	0
1	0
3	0
16	0
16	0
8	0
1	0
1	0
8	0
1	0
12	0
1	0
12	0
16	0
2	0
12	0
12	0
12	0
12	0
12	12
13	13
3	11
3	0
2	2
1	0
3	0
1	0
1	0
1	0
1	0
1	0
1	1
8	0
8	0
8	8
2	0
2	0
2	2
8	0
8	8
3	0
2	2
8	0
8	0
8	8
2	0
2	2
8	0
8	0
8	0
8	0
8	0
8	0
8	0
8	0
8	0
8	0
8	8
12	0
12	0
17	12
16	0
16	0
16	0
16	16
13	13
16	0
16	0
16	0
16	16
6	0
6	0
3	3
8	0
13	0
12	0
8	0
8	0
1	0
8	1
2	0
16	0
16	0
16	0
16	0
16	0
2	1
12	0
12	0
8	0
8	0
8	0
8	8
2	0
2	2
1	0
1	1
8	0
8	0
8	0
8	0
8	0
8	0
8	0
8	8
13	13
17	17
17	0
17	0
17	0
17	17
17	0
17	0
17	0
17	17
13	13
13	13
3	11
1	0
1	0
1	0
1	0
1	16
13	13
8	0
8	0
8	0
8	0
8	0
8	8
17	0
3	10
12	0
3	0
13	0
12	0
3	2
1	0
3	0
2	1
1	0
3	0
1	0
1	0
1	0
1	0
1	0
1	1
1	0
1	0
1	0
1	1
17	0
12	0
13	0
8	8
2	4
12	0
12	12
17	0
17	0
17	0
17	0
12	12
2	0
2	0
1	2
1	0
1	0
1	1
8	0
8	0
8	0
8	0
8	8
2	0
2	0
2	2
12	0
12	0
12	0
8	8
1	0
1	0
1	0
1	0
1	1
16	0
16	0
4	0
4	0
4	16
2	0
2	0
13	0
12	0
3	0
12	6
8	0
8	0
8	0
8	0
8	0
8	8
6	4
6	0
1	9
17	0
12	0
12	0
9	1
8	0
8	0
8	8
1	0
1	0
1	2
17	0
17	0
1	16
13	13
13	0
8	0
16	0
16	0
16	0
1	0
1	0
1	0
1	0
16	0
16	0
16	0
1	0
16	0
1	0
1	0
1	0
1	0
1	0
16	0
16	0
16	0
16	0
16	0
16	0
16	0
16	0
16	0
16	0
16	0
1	0
1	0
1	0
1	0
12	0
6	2
17	0
12	0
13	0
12	0
8	0
8	0
8	0
8	8
4	0
11	4
2	0
2	2
8	0
8	0
8	0
8	0
8	0
8	8
17	6
17	0
17	0
17	0
17	1
17	0
17	0
1	0
17	1
17	0
17	1
12	0
12	0
12	0
17	0
12	0
9	0
9	12
17	0
17	8
17	0
17	0
2	2
17	0
17	0
9	0
9	0
1	0
1	0
9	1
8	0
8	0
8	0
8	0
8	0
8	8
17	0
17	0
17	0
13	0
12	0
6	2
8	0
8	0
8	0
8	0
8	8
2	2
3	0
12	6
12	0
8	0
8	0
12	0
13	17
16	5
12	0
12	6
17	0
1	0
1	1
8	0
8	0
8	0
8	8
13	13
17	0
17	17
5	5
17	0
17	0
17	17
17	0
17	0
17	17
13	13
17	0
17	4
12	6
1	0
1	0
1	0
1	0
1	0
1	0
1	1
12	0
8	0
8	0
8	0
8	0
8	8
13	13
8	0
8	0
8	8
13	13
8	0
8	8
13	0
12	0
11	6
16	0
16	0
16	0
1	0
3	1
8	0
8	0
8	0
8	0
8	0
8	0
8	0
8	8
6	4
9	9
1	3
8	0
8	0
8	0
13	0
12	0
8	12
2	0
2	0
2	2
17	0
1	0
3	1
8	0
8	0
8	0
8	0
8	0
8	8
16	0
16	0
16	0
16	16
13	13
13	0
1	0
8	0
8	0
1	0
2	0
16	0
16	0
16	0
16	0
1	0
8	0
1	0
1	0
1	0
1	0
16	0
16	0
16	0
12	0
6	2
8	0
8	0
8	8
2	2
3	0
1	6
12	0
12	0
8	0
8	8
2	4
8	0
8	12
17	0
17	0
17	0
17	0
12	12
16	0
16	0
4	0
4	0
2	16
1	6
8	0
8	0
8	0
8	0
8	0
8	0
8	8
13	13
8	0
8	0
8	0
8	0
8	0
8	0
8	0
8	8
2	2
12	0
12	0
8	0
8	8
13	13
8	0
2	0
2	0
2	0
3	2
2	0
11	0
12	0
9	1
8	0
8	0
13	0
12	0
8	0
12	12
17	0
17	0
17	0
12	0
12	12
17	4
9	9
1	2
1	0
1	9
1	0
1	0
1	1
8	0
8	0
8	0
8	0
8	0
8	0
8	8
16	0
12	0
16	0
16	16
13	13
13	0
16	0
16	0
16	0
1	0
1	0
1	0
1	0
16	0
1	0
16	0
8	0
8	0
8	0
8	0
16	0
16	0
16	0
8	0
8	0
16	0
16	0
16	0
17	0
16	0
16	0
16	0
1	0
1	0
1	0
1	0
1	0
12	0
17	2
17	0
17	12
17	0
12	2
12	0
8	0
8	0
8	0
8	12
13	13
17	0
2	2
8	0
8	0
8	12
17	0
12	2
12	12
8	5
17	0
2	2
8	0
8	0
8	12
12	12
12	0
12	2
12	12
13	13
13	0
17	0
16	0
16	0
12	0
16	0
16	0
16	0
1	0
12	0
8	0
17	0
1	0
17	0
17	0
12	0
16	0
17	0
16	0
16	0
17	0
8	0
12	0
1	0
16	0
8	0
17	0
17	0
17	0
12	0
13	13
8	0
8	0
8	0
8	0
8	0
8	0
8	8
12	0
12	6
12	0
12	0
12	12
12	12
16	2
9	6
8	8
12	0
12	0
1	1
8	8
8	0
8	0
8	0
8	2
12	0
12	0
1	1
8	8
16	4
3	0
12	0
1	11
2	6
8	0
8	0
8	0
8	0
8	0
8	0
8	0
8	0
8	8
2	0
2	2
12	0
12	0
12	12
12	12
2	0
2	2
8	0
8	0
8	8
9	9
16	0
2	2
3	0
13	0
12	0
17	3
17	0
12	6
12	0
12	0
12	8
17	0
17	4
17	2
12	0
17	0
17	6
8	0
12	0
8	8
17	0
6	0
3	3
3	0
3	3
17	0
17	0
1	0
3	3
1	0
1	0
1	1
17	0
17	0
17	4
13	13
13	0
1	0
17	0
17	0
16	0
1	0
1	0
16	0
17	0
17	0
17	0
17	0
17	0
1	0
1	0
17	0
17	0
12	0
12	0
17	0
17	0
17	0
17	0
12	0
17	0
17	0
17	0
17	0
12	0
12	0
12	0
16	12
17	4
17	0
12	6
12	0
8	17
17	17
12	0
17	0
8	17
2	0
6	0
1	2
8	0
8	0
8	0
8	0
8	0
8	8
1	0
2	0
12	0
16	0
16	16
13	13
3	11
2	0
2	2
17	0
8	17
17	17
8	0
8	17
2	0
6	2
8	0
9	0
8	0
9	12
1	0
1	0
16	0
16	0
16	16
13	13
16	5
12	0
6	2
12	0
12	0
12	12
2	0
2	2
1	0
1	0
1	0
13	0
12	0
3	0
2	0
4	0
14	0
14	3
17	4
17	0
12	6
12	0
12	0
8	8
8	2
17	0
11	6
17	0
8	8
12	0
12	2
12	0
12	0
8	0
8	12
17	0
2	2
12	0
12	0
12	12
12	0
12	0
12	12
1	6
8	0
8	0
8	0
8	0
8	0
8	0
12	8
1	0
1	0
1	0
1	2
8	0
8	0
8	8
13	13
17	0
17	0
8	17
17	17
17	17
17	17
17	0
12	17
13	13
16	0
12	0
12	0
13	0
12	0
6	2
8	0
8	0
8	8
2	0
2	2
1	0
1	0
1	0
1	1
8	0
8	8
17	4
12	0
12	0
8	12
17	0
12	6
12	0
12	0
12	0
12	12
17	12
17	5
12	6
17	0
17	0
8	17
17	17
12	17
1	0
1	0
1	0
16	0
16	0
16	0
16	0
16	16
13	13
13	0
3	0
16	0
1	0
16	0
16	0
1	0
1	0
1	0
16	0
16	0
16	0
1	0
1	0
1	0
1	0
1	0
16	0
16	0
16	0
12	0
8	0
2	0
2	2
11	0
6	6
12	0
12	0
12	0
13	0
8	8
17	0
2	4
12	0
12	2
8	0
8	0
8	0
8	12
13	13
16	0
2	0
1	2
8	0
8	0
8	8
2	2
12	0
12	0
12	12
13	13
3	0
3	9
2	0
2	0
2	1
12	0
12	0
12	0
13	0
8	0
8	0
8	0
8	8
2	0
2	0
1	0
16	0
16	16
4	0
4	4
13	13
13	0
3	0
1	0
1	0
3	0
16	0
12	0
1	0
4	0
12	0
12	0
12	12
11	4
2	2
3	0
12	6
12	0
8	0
8	0
8	8
12	0
12	2
12	12
12	0
12	11
8	0
8	0
8	0
8	0
8	8
1	0
1	0
1	0
1	0
16	16
13	13
13	0
1	0
1	0
16	0
17	0
16	0
16	0
16	0
16	0
1	0
1	0
16	0
1	0
12	0
16	0
1	0
1	0
1	0
16	0
16	0
16	0
16	0
16	0
8	0
1	0
1	0
1	0
8	0
8	0
17	0
12	0
12	0
12	0
3	0
2	0
14	0
14	0
14	3
6	4
17	0
12	6
12	0
12	0
8	8
17	0
2	2
12	0
8	0
8	0
8	8
17	0
12	2
12	0
12	0
12	12
17	6
17	0
17	0
17	0
12	1
8	0
12	0
8	8
2	0
2	2
8	0
8	0
8	0
8	8
2	0
2	0
3	0
3	0
3	2
1	0
1	0
1	0
1	0
1	1
1	0
6	0
1	0
1	0
1	0
1	1
8	0
8	0
8	8
2	0
2	0
2	0
13	0
13	0
8	0
16	0
16	0
16	0
16	8
8	0
12	8
11	4
2	2
12	0
11	0
6	6
8	0
8	0
8	8
12	0
12	12
3	0
1	6
8	0
8	0
8	0
8	8
5	0
3	4
13	13
13	0
1	0
16	0
12	0
1	0
12	0
1	0
8	0
1	0
1	0
12	0
1	0
16	0
1	0
1	0
1	0
16	0
16	0
16	0
16	0
1	0
16	0
16	0
16	0
16	0
16	0
16	0
16	0
12	0
3	0
1	0
1	0
8	0
12	0
12	0
12	6
12	0
12	0
8	8
4	0
6	4
8	0
8	0
8	0
8	8
2	0
2	2
8	0
8	8
12	0
12	0
12	12
17	0
17	4
17	5
17	4
17	0
2	2
8	0
8	0
8	8
2	0
2	2
12	0
8	0
8	12
12	0
12	17
9	9
1	0
1	0
1	0
1	1
8	0
8	0
8	0
8	0
8	0
8	8
1	0
1	0
1	0
3	0
16	0
16	0
16	0
16	16
13	13
13	0
1	0
1	0
1	0
1	0
12	0
12	0
12	12
12	0
12	12
17	4
1	0
1	6
8	0
8	0
8	0
8	0
8	8
8	2
12	0
12	6
8	0
8	0
8	0
8	0
8	0
8	0
8	0
8	0
8	8
1	0
1	0
1	0
1	0
1	0
16	0
1	0
16	0
16	16
13	13
11	4
12	0
12	6
12	0
8	0
8	0
8	0
8	0
8	0
8	8
1	0
1	0
1	0
1	0
16	16
13	13
16	0
11	0
11	6
1	0
1	0
1	1
8	0
8	8
13	0
12	0
3	0
12	6
12	0
12	0
12	0
12	8
12	12
5	5
8	0
8	8
3	0
3	0
3	0
3	3
2	5
12	0
12	6
12	0
12	0
12	0
8	0
13	17
1	5
8	0
8	0
8	0
8	0
8	8
2	2
12	12
12	0
12	0
12	12
17	0
2	4
8	2
12	0
12	0
2	6
8	0
8	0
8	8
3	0
6	0
2	3
3	0
3	3
17	0
17	0
1	0
3	3
1	0
1	0
1	0
1	0
1	1
1	0
11	0
13	0
12	0
8	6
12	0
13	0
12	0
12	0
8	0
8	0
12	0
8	0
8	8
2	0
12	2
12	0
8	0
12	0
12	0
8	0
8	12
16	5
12	0
12	6
12	8
12	17
17	17
17	0
12	2
12	0
12	0
13	0
12	0
12	12
12	0
12	4
17	0
2	0
2	2
8	12
12	6
12	0
1	0
1	0
1	1
8	0
8	0
8	8
16	0
1	0
16	0
16	16
13	13
13	0
1	0
1	0
17	0
16	0
16	0
16	0
12	0
12	0
12	0
1	0
1	3
1	4
12	0
12	6
12	0
12	0
8	8
9	9
8	0
8	0
8	0
8	8
2	0
2	2
1	0
6	0
1	0
16	0
3	1
12	0
13	0
12	0
13	0
12	0
8	8
1	0
1	0
16	0
16	0
16	16
13	13
13	0
1	0
3	0
1	0
1	0
1	0
16	0
3	0
1	0
8	0
1	0
8	0
1	0
1	0
1	0
16	0
16	0
8	0
12	0
12	0
16	0
16	0
1	0
1	0
1	0
16	0
1	0
12	0
12	0
17	12
17	4
1	0
1	6
17	0
8	0
8	8
8	0
4	0
2	2
8	0
8	0
8	0
8	0
8	8
2	0
2	2
8	8
16	0
16	0
16	16
13	13
14	0
4	0
16	3
2	0
2	0
6	2
8	0
12	12
12	0
12	0
12	0
12	12
2	0
12	2
12	0
12	12
12	0
8	12
8	5
12	0
2	6
12	0
12	0
12	0
13	0
8	0
8	0
8	0
8	0
8	0
8	0
8	0
8	8
2	0
12	2
13	0
12	0
2	0
12	0
11	0
1	6
9	0
1	1
8	0
8	0
8	0
8	0
8	8
17	4
17	0
12	6
12	0
12	0
8	8
17	0
12	2
12	0
12	0
12	0
8	12
13	13
12	12
13	13
2	0
2	0
2	0
3	3
2	2
9	9
8	0
8	0
8	8
8	0
12	0
12	0
16	0
16	16
13	13
13	0
1	0
1	0
16	0
12	0
17	0
16	0
16	0
16	0
1	0
8	0
8	0
8	0
16	0
16	0
16	0
17	0
12	0
12	0
8	0
17	12
17	4
17	0
12	6
12	0
12	12
8	0
12	0
12	12
9	9
17	5
17	0
12	6
12	0
12	12
12	0
12	0
12	0
12	0
12	0
12	12
1	0
1	0
1	0
1	0
16	16
13	13
13	0
1	0
16	0
17	0
12	0
12	0
12	0
12	0
16	0
16	0
12	0
12	0
12	0
16	0
16	0
16	0
1	0
12	0
12	0
16	0
16	0
8	0
12	0
12	0
8	0
12	0
12	0
16	0
17	0
17	0
12	0
12	0
3	0
12	6
12	0
12	0
16	8
17	4
12	0
12	6
12	0
12	12
12	0
12	0
12	12
2	0
2	0
2	2
11	0
11	0
11	6
8	0
8	0
8	0
8	0
8	8
13	13
17	17
17	17
17	0
17	0
17	17
13	13
2	0
2	2
8	0
12	12
17	17
17	0
8	17
12	0
12	0
12	0
12	17
16	0
2	0
2	0
16	0
16	16
13	13
13	0
3	0
16	0
1	0
8	0
12	0
12	0
16	0
16	0
16	0
2	0
12	0
3	0
10	0
16	0
2	0
16	0
16	0
3	0
16	0
1	1
17	4
8	0
17	11
17	0
2	2
8	0
8	0
8	8
2	0
2	2
8	8
8	0
8	8
12	0
12	0
12	0
12	12
2	2
3	6
1	0
1	0
3	0
1	0
1	0
1	1
8	0
8	0
8	0
8	0
8	8
2	0
2	2
8	0
8	0
12	8
12	6
8	0
8	0
12	17
16	0
12	6
8	0
8	0
8	0
8	0
8	8
2	0
2	2
8	0
13	0
12	0
6	0
12	6
12	0
8	0
8	0
16	8
3	11
2	2
8	8
8	0
12	0
8	0
8	0
8	8
17	2
17	6
8	0
8	12
17	0
9	4
1	0
1	0
1	0
1	0
1	0
3	16
4	0
16	4
13	13
16	0
17	4
17	0
2	2
1	0
2	0
1	0
1	0
1	1
8	0
8	0
8	0
8	0
8	0
8	0
8	8
12	0
12	0
17	0
17	0
16	16
13	13
13	0
1	0
1	0
8	0
1	0
8	0
8	0
8	0
12	0
3	0
12	0
12	12
4	0
11	4
3	0
3	0
1	3
1	0
1	0
1	1
4	0
16	4
13	13
11	4
2	0
11	0
11	6
8	0
8	8
1	0
16	0
16	0
1	0
16	0
16	16
8	5
12	0
12	6
12	0
12	0
8	0
8	0
8	8
1	2
1	0
1	1
8	0
8	0
8	8
16	0
16	0
16	16
13	13
13	0
1	0
1	0
3	0
3	0
3	0
3	0
3	0
3	0
1	0
3	0
1	0
1	0
1	0
1	0
12	0
3	0
8	0
8	2
2	6
8	0
8	0
8	0
8	8
2	2
2	6
12	0
8	0
8	0
8	0
8	0
8	8
17	4
12	0
12	6
12	0
8	0
8	8
2	0
2	0
2	0
6	2
8	0
8	0
8	0
8	0
8	12
12	6
12	0
1	0
1	0
1	0
1	1
1	0
1	0
1	0
3	0
1	1
17	0
8	8
2	0
2	2
8	0
8	0
8	0
8	8
16	0
2	0
16	0
16	16
13	13
13	0
1	0
3	0
8	0
13	0
14	0
12	0
14	0
14	3
14	0
6	0
14	14
12	0
12	12
1	0
12	6
8	0
8	8
1	4
1	0
1	0
1	0
1	0
1	0
1	0
16	16
16	5
17	0
2	0
12	0
9	1
12	0
8	0
8	0
8	12
17	4
1	0
1	0
1	0
1	0
16	16
13	13
11	4
16	0
2	11
12	0
11	11
1	0
1	0
1	0
1	0
3	1
8	0
8	0
8	0
8	0
8	8
16	0
16	0
16	16
13	13
13	0
1	0
16	0
12	0
2	0
2	2
8	0
6	0
12	0
12	1
1	0
1	1
8	0
8	0
8	0
8	8
16	0
16	16
17	0
12	6
12	17
12	0
12	0
12	0
12	12
9	9
13	13
12	0
12	6
12	0
12	12
12	0
12	0
12	12
13	13
12	0
6	6
8	0
8	8
2	0
2	2
12	0
8	0
8	8
2	0
2	2
12	0
1	0
1	1
8	0
8	0
8	0
8	0
8	0
8	0
8	0
8	0
8	0
8	8
2	0
2	0
2	2
13	0
13	0
12	0
12	12
12	4
2	0
1	0
11	0
1	6
8	0
8	0
8	0
8	8
1	0
3	0
1	0
1	0
3	2
2	0
2	2
8	0
8	0
8	0
8	0
8	0
8	8
3	0
1	3
1	0
1	0
1	0
16	0
16	16
13	13
13	0
1	0
16	0
16	0
16	0
16	0
1	0
1	0
1	0
1	0
8	0
16	0
1	0
1	0
1	0
16	0
16	0
1	0
1	0
1	0
1	0
1	0
1	0
16	0
16	0
16	0
16	0
12	0
17	6
9	9
8	0
8	0
8	8
2	0
2	2
8	0
17	0
8	8
17	0
17	17
12	8
8	0
12	8
13	13
3	11
2	0
2	2
8	0
8	0
12	0
8	8
2	0
2	2
8	0
12	0
13	0
8	0
17	0
13	0
8	8
12	0
12	2
12	0
8	12
13	13
12	0
12	12
13	13
2	0
2	2
8	0
8	0
8	0
8	0
8	0
8	0
8	8
2	0
2	2
12	12
12	0
12	12
5	5
3	0
2	6
8	0
13	0
12	0
12	0
12	12
6	4
2	2
1	0
1	0
1	0
1	0
1	0
1	0
1	0
1	1
8	0
8	0
8	0
8	8
5	5
11	0
1	6
1	0
1	0
1	0
1	1
8	0
8	0
8	0
8	0
8	8
2	0
11	6
8	0
8	0
8	0
8	0
8	8
1	0
16	0
16	0
16	16
13	13
13	0
3	0
3	0
1	0
1	0
1	0
16	0
16	0
16	0
1	0
1	0
1	0
1	0
1	0
1	0
1	0
1	0
1	0
1	0
12	0
12	12
12	4
12	0
12	2
12	0
17	0
8	12
13	13
12	12
13	13
1	0
1	6
1	0
1	0
16	0
2	1
17	0
8	8
2	0
2	2
1	0
1	0
1	1
8	0
8	12
2	0
2	0
16	0
16	16
16	5
11	4
9	9
1	0
1	0
1	1
8	0
8	0
8	0
8	8
2	0
2	0
2	2
8	0
8	0
8	0
8	0
8	0
8	0
8	0
8	0
8	8
1	0
1	0
1	0
1	16
13	13
13	0
1	0
1	0
12	0
17	0
9	11
17	0
9	4
9	0
9	0
9	3
2	0
2	2
1	0
1	0
1	1
8	0
8	0
8	0
8	0
8	0
8	8
4	5
12	0
13	0
8	0
8	0
8	8
12	12
12	0
12	12
17	0
17	0
1	16
17	0
17	4
13	13
13	0
3	0
1	0
16	0
1	0
1	0
16	0
1	0
16	0
8	0
8	0
16	0
16	0
8	0
16	0
8	0
8	0
1	0
1	0
1	0
1	0
1	0
1	0
1	0
1	0
1	0
17	0
17	0
17	12
17	0
3	17
5	5
17	0
11	0
11	17
17	0
11	4
1	0
1	1
8	0
3	0
1	0
8	0
8	16
13	13
14	0
11	11
3	0
3	0
3	0
3	0
3	2
2	2
3	0
12	6
8	0
8	0
8	0
8	8
17	0
12	12
16	0
16	0
16	17
5	5
1	0
12	12
17	0
17	0
17	17
4	5
3	3
2	2
3	0
12	6
12	0
12	0
12	0
12	0
8	0
8	8
17	0
12	12
16	0
1	0
13	0
17	0
12	0
8	0
8	12
17	4
12	0
12	6
12	0
8	0
8	8
17	0
17	17
17	0
17	0
17	0
17	0
17	0
17	0
1	2
2	2
2	6
12	0
12	0
12	12
12	0
12	0
12	17
17	17
17	17
2	0
12	2
8	0
8	12
1	0
2	0
16	0
16	0
16	16
13	13
2	2
3	0
3	0
1	3
3	0
6	6
12	0
8	0
8	0
13	0
8	0
8	0
13	0
8	0
8	0
8	0
8	8
13	13
3	11
3	0
13	0
12	0
2	2
8	0
12	0
12	0
8	8
2	0
2	2
8	0
12	0
12	12
12	12
17	4
12	0
12	6
12	0
12	0
8	8
2	2
6	0
6	0
1	6
8	0
8	0
8	0
8	0
8	0
8	8
2	0
12	6
8	0
8	0
8	8
12	0
12	0
12	0
12	12
12	0
1	0
1	0
16	0
16	0
16	16
13	13
3	11
3	0
2	0
14	0
3	3
2	0
2	0
6	2
8	0
8	0
8	0
8	0
8	0
8	0
8	0
13	0
12	0
6	0
8	12
8	0
8	12
17	4
2	0
2	0
11	0
3	6
9	9
8	0
8	0
8	0
8	0
8	8
8	0
12	0
12	0
16	0
16	16
16	5
2	4
1	6
8	0
8	0
8	8
2	0
2	0
2	0
1	2
17	0
13	0
8	0
8	0
8	0
8	8
1	0
2	0
1	0
1	0
16	16
13	13
13	0
1	0
3	0
16	0
16	0
16	0
16	0
16	0
16	0
2	0
2	0
3	0
1	0
8	0
1	0
8	0
1	0
12	0
13	13
8	0
8	0
8	0
8	0
8	0
8	0
1	8
12	0
12	0
12	12
12	12
12	12
6	6
16	0
4	0
2	0
16	0
3	0
9	1
8	0
8	0
8	8
8	2
17	0
17	0
2	6
8	0
8	0
8	8
3	3
1	1
1	0
17	4
1	0
3	0
1	0
12	0
8	16
13	13
11	0
11	4
3	0
3	0
3	0
3	0
3	2
2	0
2	2
6	6
3	0
1	0
1	0
1	1
8	0
8	0
8	0
8	8
13	0
12	0
12	6
16	0
1	0
1	0
16	0
1	1
8	0
8	0
8	0
8	8
2	0
2	0
2	2
17	6
12	0
17	0
17	0
12	0
12	1
8	0
8	0
8	0
8	8
2	0
2	2
8	0
8	8
2	2
3	0
2	6
12	0
13	0
8	0
8	0
8	0
8	0
8	8
5	5
6	6
12	0
8	0
8	0
13	0
8	0
8	8
16	0
9	4
1	0
3	0
3	0
1	0
1	2
17	6
2	0
1	0
1	0
16	0
16	0
13	0
13	0
12	0
12	0
12	12
4	4
2	0
11	0
11	6
1	0
1	0
1	0
1	0
1	1
8	0
8	0
8	0
8	0
8	8
2	2
2	6
12	0
12	0
12	0
12	0
12	12
12	12
3	0
3	0
1	3
16	0
16	0
16	16
13	13
2	2
2	6
8	0
8	0
8	0
8	8
2	0
2	0
3	2
1	0
1	0
1	0
1	0
1	0
1	0
1	0
1	0
1	0
1	0
1	0
1	1
8	0
8	0
8	0
13	0
8	0
13	0
12	0
3	0
12	6
8	0
8	8
2	0
2	2
12	0
8	0
8	8
4	0
11	4
2	0
2	0
1	2
8	0
8	0
8	0
8	0
8	8
2	0
2	2
8	0
17	0
12	12
8	8
2	2
12	17
12	17
2	0
2	2
8	0
8	0
8	0
8	0
8	8
1	0
17	0
1	0
1	16
13	13
3	0
1	2
8	0
8	0
8	0
8	8
2	2
3	0
3	0
9	9
8	0
8	0
8	0
13	0
8	0
8	0
8	0
8	8
13	0
12	0
12	0
12	0
12	12
12	4
1	6
8	0
8	0
8	8
12	0
16	0
16	0
16	0
16	0
16	16
13	13
3	11
2	0
2	2
11	0
1	1
2	0
2	2
8	0
8	0
8	0
8	8
1	6
1	0
1	0
1	0
1	1
1	0
3	0
1	0
1	0
1	0
1	1
8	0
8	0
8	8
2	2
6	6
1	0
1	0
1	0
1	0
1	0
1	1
8	0
8	0
8	0
8	0
8	8
16	0
16	0
16	0
16	16
13	13
13	0
12	0
6	6
8	0
8	0
8	0
8	8
4	0
11	4
17	0
11	6
8	0
12	0
12	0
8	8
2	0
2	0
2	2
12	0
6	6
12	0
8	0
8	0
8	0
8	0
8	0
8	8
2	0
2	2
2	0
6	0
1	6
1	0
1	0
1	1
8	0
8	8
3	5
12	0
12	0
16	0
16	16
3	0
2	2
3	0
1	6
1	0
1	0
1	0
1	0
1	0
1	0
8	1
1	0
1	0
1	0
1	0
1	0
1	0
1	1
13	0
12	0
12	0
12	0
16	0
8	0
4	8
8	0
8	8
17	4
12	0
12	6
12	17
17	0
12	0
8	0
8	17
17	0
8	0
8	12
1	0
1	0
1	0
16	0
16	16
13	13
3	0
1	6
2	2
3	0
17	0
2	3
1	0
1	0
1	0
1	0
1	0
1	0
1	1
8	0
8	0
8	8
13	13
13	0
1	0
8	0
1	0
1	0
3	0
16	0
16	0
16	0
16	0
1	0
16	0
12	0
1	0
12	0
1	0
1	0
1	0
12	0
3	0
12	6
12	0
12	0
8	0
8	0
8	8
2	0
2	2
8	0
8	0
13	0
8	0
8	0
8	0
8	8
17	0
12	2
12	12
12	12
16	5
2	0
2	2
12	17
12	0
1	17
12	0
12	8
12	6
8	8
12	0
12	4
12	0
1	6
8	0
8	0
8	0
8	0
8	0
8	0
8	0
8	0
8	8
2	0
2	0
2	2
8	0
8	0
8	8
3	3
2	0
2	0
1	2
8	0
8	8
16	0
16	0
1	0
13	0
12	0
12	0
12	12
12	0
12	12
6	4
1	6
3	0
3	0
2	0
1	6
17	0
8	0
8	8
1	0
1	0
1	0
1	0
1	0
1	0
16	0
1	0
16	0
16	0
16	16
13	13
3	11
3	0
6	6
12	0
12	0
8	0
8	0
8	8
4	0
11	4
1	0
2	2
8	0
8	0
8	0
8	0
8	8
1	0
1	0
1	0
1	16
13	13
3	3
14	0
11	0
14	14
6	0
6	6
12	0
8	0
8	8
3	0
1	6
13	0
12	0
12	12
17	4
1	0
1	6
8	0
8	0
8	0
8	0
8	8
2	2
9	9
1	0
1	0
1	0
1	0
1	1
8	0
8	0
8	8
16	0
16	0
16	16
13	13
11	4
16	0
4	0
11	0
16	0
11	6
2	0
11	0
16	0
1	1
8	0
8	0
8	0
8	0
8	0
8	8
2	0
2	2
9	9
1	0
10	0
1	0
1	0
1	0
1	0
1	0
1	0
1	1
8	0
8	8
2	0
16	0
16	0
16	0
16	16
13	0
12	0
9	9
4	0
11	4
1	0
2	0
2	2
8	0
8	0
8	12
13	13
11	11
3	0
6	6
8	0
8	0
8	0
8	8
1	0
16	0
1	0
16	16
13	13
16	0
11	11
8	0
8	0
8	0
8	0
8	8
12	0
12	0
12	4
13	13
13	0
16	0
16	0
16	0
1	0
1	0
1	0
16	0
1	0
16	0
16	0
16	0
1	0
16	0
16	0
1	0
8	0
1	0
1	0
1	0
16	0
16	0
16	0
1	0
1	0
1	0
12	0
2	2
9	6
8	0
1	0
8	0
8	8
2	2
2	0
8	9
2	0
10	0
1	0
2	0
1	0
16	0
1	0
1	0
1	0
1	1
17	0
8	8
16	2
2	0
2	0
6	6
8	0
8	0
8	0
8	0
8	0
8	8
13	0
12	0
8	0
8	0
1	0
1	0
1	0
1	0
1	0
1	0
16	0
16	0
8	0
16	0
1	0
1	0
1	0
1	0
1	0
8	0
1	0
1	0
1	0
8	0
8	0
1	0
1	0
1	0
12	0
12	0
12	0
12	0
12	12
12	0
12	0
12	17
12	0
12	0
12	0
12	17
17	0
17	0
17	0
17	0
17	0
12	12
12	0
12	6
12	0
12	0
8	8
2	0
2	2
2	6
17	0
8	0
8	0
17	12
17	0
17	0
17	0
17	8
8	0
1	0
1	8
2	0
2	2
2	6
8	0
8	0
8	8
12	6
12	0
12	12
12	0
2	0
16	0
16	0
16	16
12	0
12	6
12	0
12	0
12	0
12	12
12	0
2	0
13	0
12	0
6	6
8	0
8	0
8	0
8	0
8	8
4	0
11	4
9	9
2	2
6	6
8	0
8	0
8	8
2	0
2	2
3	6
1	0
1	1
8	0
8	0
8	8
12	0
12	0
12	0
12	0
12	0
12	12
13	13
3	11
17	0
1	2
8	0
8	8
1	0
2	0
1	0
1	0
2	1
2	0
2	0
1	0
1	0
1	0
1	0
1	0
1	0
1	1
8	0
8	0
8	8
8	0
8	0
8	8
16	0
16	0
16	16
13	13
13	0
12	0
12	0
12	3
3	0
16	0
16	0
16	0
16	16
6	6
8	0
2	2
8	0
8	12
2	0
3	0
3	0
3	0
1	3
2	0
2	2
9	9
8	0
8	0
8	8
2	0
2	0
2	0
2	0
16	0
2	0
16	0
2	1
8	0
8	0
13	0
8	0
8	0
8	8
5	5
8	12
13	13
16	0
2	6
8	0
8	0
8	0
8	0
8	0
8	0
8	8
12	0
2	2
12	0
8	8
13	13
13	0
1	0
1	0
1	0
1	0
12	0
11	0
11	11
6	4
8	0
8	12
12	6
12	0
8	8
17	0
17	0
16	0
16	2
17	0
17	0
17	0
17	1
13	13
14	0
2	2
8	8
1	0
12	0
16	0
1	0
16	0
12	1
12	0
12	0
12	0
12	8
13	13
11	11
2	2
12	0
12	6
8	0
8	0
8	8
3	0
1	0
1	1
8	0
8	0
13	0
8	0
8	0
8	8
2	0
12	10
12	0
1	0
3	16
16	0
16	0
16	0
16	16
13	13
16	0
13	0
12	0
12	0
12	0
8	8
17	0
2	2
8	8
9	2
2	6
8	0
8	0
8	0
8	0
8	8
4	0
11	4
1	0
12	6
12	0
1	0
1	0
1	0
1	0
1	1
8	8
2	0
2	2
2	6
8	0
8	0
13	0
8	0
8	0
8	8
3	0
2	0
1	0
1	1
2	0
2	2
3	6
1	0
1	0
1	0
1	1
8	0
8	0
8	0
8	8
5	5
17	0
6	6
8	0
8	0
8	0
8	17
5	5
8	0
8	0
13	0
12	0
12	6
8	8
16	4
16	0
11	11
2	0
2	2
8	0
8	8
2	0
2	2
3	6
1	0
1	1
8	0
8	0
8	0
8	8
13	13
3	0
11	11
2	2
9	6
8	0
8	0
8	0
8	0
8	0
8	0
8	8
2	0
2	2
8	0
8	0
13	0
8	0
8	0
8	8
2	2
12	0
8	0
8	0
8	0
8	0
8	0
8	8
2	2
3	6
1	0
1	1
8	0
8	8
2	0
2	2
2	6
8	0
8	8
11	0
13	0
12	0
14	0
4	0
14	14
6	6
1	0
12	1
13	13
17	0
1	0
1	1
12	0
12	0
12	8
5	5
8	0
8	0
8	0
8	0
8	0
8	8
17	0
17	0
17	0
12	16
17	0
17	4
4	0
4	4
13	13
3	5
11	0
11	0
11	11
12	0
12	6
8	0
8	0
8	0
8	8
2	0
2	2
8	0
8	12
16	0
16	0
16	0
16	0
16	16
13	13
6	4
8	0
8	12
2	0
6	6
8	0
8	0
8	8
1	0
13	0
12	0
1	0
1	0
3	3
3	0
16	0
16	0
16	16
3	0
6	0
6	11
3	0
2	2
2	0
6	0
1	6
1	0
1	1
8	0
8	0
8	8
17	0
11	2
2	0
2	0
2	0
6	0
1	0
1	0
1	0
1	1
8	0
8	0
8	0
8	8
13	13
13	0
6	6
8	0
8	0
8	8
17	6
17	3
1	0
1	0
1	0
1	1
8	0
8	0
8	0
8	8
2	0
2	0
16	0
16	0
16	16
13	13
13	0
1	0
1	0
12	0
17	6
17	0
17	0
1	0
1	1
8	0
8	0
8	8
2	0
2	2
8	0
8	0
8	8
5	5
17	0
12	8
17	6
1	0
1	1
8	0
8	0
8	0
8	8
17	0
17	0
3	3
5	5
6	6
1	0
1	0
1	1
8	0
8	0
8	8
2	0
2	2
2	6
8	0
8	8
13	13
5	5
3	0
12	6
12	0
12	12
8	0
8	12
13	13
8	0
8	0
8	0
8	12
5	5
8	0
12	12
13	13
16	0
2	4
13	0
12	0
6	6
1	0
1	0
1	0
1	0
1	0
1	1
8	0
8	0
8	8
2	0
2	2
8	0
8	0
8	0
8	8
5	5
12	0
12	6
12	0
12	1
8	0
8	0
8	0
8	0
8	0
8	0
8	8
2	0
2	0
1	0
16	2
8	0
8	0
8	17
5	5
8	0
8	0
8	8
2	2
12	0
1	0
2	0
3	0
1	0
6	6
8	0
8	0
8	0
12	0
8	8
2	0
2	2
6	6
8	0
8	0
13	0
8	0
13	0
12	0
8	0
8	12
6	4
3	0
2	0
2	0
1	0
3	3
8	0
8	0
12	0
13	0
12	0
8	8
2	2
17	0
6	0
1	0
12	6
12	0
2	2
2	6
6	0
6	0
3	0
3	0
1	1
8	0
8	0
8	0
8	0
8	0
8	0
8	0
8	0
8	8
2	0
2	2
2	6
8	8
13	13
3	0
3	0
3	0
3	0
3	3
16	2
3	6
1	0
1	0
1	0
1	0
1	0
1	0
1	1
12	0
8	0
8	0
13	0
12	0
8	0
12	1
16	0
16	0
16	0
16	0
16	16
8	0
12	12
2	2
8	0
12	8
9	9
2	0
2	2
9	9
1	0
1	1
8	0
8	0
8	0
8	0
8	8
13	13
13	0
1	0
1	0
1	0
8	0
1	0
12	0
1	0
3	0
3	0
3	0
8	0
8	0
8	0
1	0
1	0
2	0
3	0
3	0
8	0
8	0
1	0
1	0
8	0
3	0
16	0
16	0
1	0
8	0
12	0
12	0
12	0
12	0
12	0
3	0
13	0
1	0
9	1
17	0
8	8
12	0
12	12
17	4
2	0
2	2
8	8
1	3
1	0
1	1
8	0
13	0
8	0
8	8
13	13
11	11
2	2
8	0
8	0
8	8
5	5
8	0
8	0
8	8
1	0
1	0
1	1
4	0
11	4
1	0
1	0
1	0
1	0
16	16
5	5
6	6
3	0
3	0
3	1
1	0
1	1
8	0
8	0
8	8
2	0
6	0
6	2
1	0
1	0
1	0
1	0
1	0
1	1
1	0
1	0
13	0
12	0
2	2
17	0
6	6
1	0
1	1
8	0
8	8
12	0
16	0
16	0
16	16
2	0
1	0
1	0
1	3
1	6
8	0
8	0
13	0
8	0
8	8
2	2
6	6
1	0
1	1
8	0
8	0
8	8
12	0
12	0
12	0
12	0
12	0
12	12
13	13
13	0
1	0
1	0
1	0
1	0
8	0
8	0
1	0
1	0
1	0
1	0
1	0
1	0
8	0
1	0
12	0
1	0
3	0
3	0
3	0
3	0
3	0
2	0
2	0
12	0
8	0
8	8
8	0
8	0
8	0
12	2
12	0
8	0
12	0
12	0
8	8
17	0
2	2
8	8
13	13
11	11
3	2
8	0
8	12
2	0
2	2
8	0
8	0
8	8
2	0
2	2
12	0
8	0
13	0
8	0
8	0
8	8
2	0
2	2
2	6
8	0
8	0
8	0
8	0
8	0
8	8
16	0
16	0
16	16
4	0
4	4
13	13
11	0
11	4
9	9
17	0
11	6
12	0
2	0
1	0
1	0
3	1
8	0
13	0
12	0
8	0
8	0
8	8
8	0
12	12
12	0
12	0
12	0
12	0
12	0
12	12
6	6
16	0
16	0
3	1
12	0
2	2
8	0
8	12
16	0
1	0
1	0
16	0
16	0
2	1
12	0
12	0
12	8
17	4
1	0
1	6
12	0
8	0
8	0
8	8
17	0
12	2
8	0
12	0
8	0
8	0
13	0
8	0
8	0
8	8
12	17
12	0
12	0
12	17
2	0
11	0
2	2
8	0
8	0
8	0
8	0
8	0
8	0
13	0
12	0
6	6
17	0
2	2
17	0
12	11
17	0
17	0
1	0
1	0
1	1
8	0
8	0
8	8
12	0
12	0
12	0
12	0
12	0
12	12
4	0
11	4
12	0
1	0
1	0
1	16
2	0
2	2
2	6
8	0
8	0
13	0
8	0
8	0
8	0
8	8
13	13
11	11
3	0
2	2
8	0
8	0
8	0
8	8
2	0
2	2
12	0
12	0
8	0
12	8
12	0
12	4
4	0
4	4
13	13
13	0
1	0
1	0
8	0
1	0
12	0
12	0
12	6
12	0
8	8
16	0
11	2
8	0
8	0
13	0
8	0
8	0
8	8
13	13
8	12
5	5
1	0
1	0
1	0
1	0
1	0
1	0
1	1
8	0
8	0
8	0
8	8
16	0
16	0
16	0
16	0
16	16
2	2
8	0
8	0
8	0
8	17
8	0
5	5
1	0
1	1
8	0
8	0
8	0
8	8
3	0
2	2
8	0
8	0
8	0
8	0
8	0
8	8
13	13
5	5
3	0
3	3
5	5
1	0
13	0
12	0
9	9
8	0
12	6
12	0
8	8
2	0
2	2
2	6
8	0
8	0
8	8
4	0
4	4
6	6
17	0
1	6
12	0
12	0
8	0
12	8
13	13
6	11
2	0
6	2
3	0
2	2
8	0
8	12
1	0
1	0
1	0
1	0
1	1
13	0
8	0
12	0
12	0
13	0
13	0
8	0
8	0
8	0
8	0
8	12
16	0
11	2
1	0
1	0
1	1
5	5
3	0
1	1
8	0
8	0
13	0
8	0
8	0
8	8
13	0
12	0
2	6
8	0
8	0
8	0
8	0
8	8
4	0
4	0
4	4
2	0
2	0
11	0
9	2
8	0
8	0
8	0
8	0
8	8
2	0
2	2
8	0
8	0
8	0
8	0
8	0
8	0
8	0
8	8
16	0
11	2
2	0
2	0
6	6
8	0
8	8
2	0
2	0
16	0
16	0
16	16
13	13
13	0
1	0
1	0
1	0
1	0
1	0
1	0
8	0
16	0
16	0
1	0
3	0
3	0
3	0
3	0
3	0
1	0
8	0
12	0
12	0
12	6
12	0
12	0
8	8
4	0
4	4
11	0
3	0
3	0
3	0
1	3
9	9
17	2
3	6
8	0
12	12
17	0
12	12
17	0
12	0
12	12
1	0
1	0
1	0
1	0
1	0
1	0
1	0
16	16
4	0
17	4
13	13
13	0
1	0
1	0
1	0
8	0
12	0
1	0
17	0
1	0
17	0
1	0
1	0
17	0
12	0
1	0
12	0
1	0
1	0
1	0
17	0
1	0
1	0
1	0
8	0
8	0
17	0
12	0
3	0
14	14
1	0
1	0
1	0
1	1
8	0
8	0
8	0
8	0
8	8
1	0
17	0
1	0
1	0
12	16
17	0
12	10
12	0
17	0
17	16
13	13
11	4
12	0
12	6
12	0
12	8
2	0
6	6
8	0
8	0
8	0
13	0
8	0
8	0
8	0
8	0
8	0
8	0
8	0
8	8
2	2
8	0
8	0
8	8
17	0
17	0
1	0
1	2
17	0
17	0
17	0
17	0
17	1
8	8
16	0
2	0
2	0
13	0
12	0
8	0
8	0
12	8
8	12
12	0
12	6
12	0
12	12
8	0
8	0
12	12
17	4
9	9
2	2
2	0
11	0
11	6
1	0
1	0
1	0
1	0
1	1
8	8
5	5
3	6
1	0
1	0
1	0
1	0
1	1
8	0
8	0
8	0
8	8
2	0
2	2
2	6
8	0
8	0
8	8
2	0
16	0
1	0
1	1
8	0
8	0
8	0
8	0
8	8
2	0
16	0
16	16
13	13
13	0
16	0
16	0
16	0
16	0
1	0
12	0
6	6
1	0
1	1
8	0
8	0
8	8
17	0
17	2
17	0
8	0
13	0
8	0
8	0
8	8
4	0
11	4
2	0
6	0
3	2
2	0
9	2
3	0
3	3
9	9
8	0
8	0
8	8
1	0
17	0
1	0
1	0
1	1
8	0
8	0
8	8
1	0
1	0
1	0
1	0
1	0
16	16
4	0
17	4
13	13
13	0
1	0
1	0
1	0
1	0
1	0
1	0
8	0
1	0
1	0
1	0
1	0
1	0
1	0
8	0
12	0
17	0
12	6
12	0
12	0
12	12
16	0
16	0
16	16
2	0
2	0
11	2
8	0
8	0
8	0
8	8
2	0
2	2
3	6
1	0
1	0
1	1
13	13
1	0
1	0
1	1
5	5
1	0
1	0
1	0
1	1
8	0
8	0
13	0
8	0
8	8
2	0
2	2
3	6
17	0
1	1
8	0
8	0
8	8
13	13
11	0
11	4
3	0
11	0
3	3
3	0
2	2
8	8
3	0
3	0
2	0
2	0
1	1
13	13
13	0
12	0
6	6
1	0
1	0
1	0
1	1
17	0
1	0
1	0
1	1
8	0
8	0
8	0
8	8
16	0
16	0
16	16
17	0
6	6
8	0
8	0
8	8
17	0
12	6
12	1
8	0
8	0
8	8
13	13
3	0
3	3
1	0
3	0
1	0
1	3
2	6
1	0
1	0
17	0
1	0
1	1
1	0
1	1
8	8
2	0
2	2
2	6
8	0
8	8
12	0
1	0
16	0
12	16
12	0
16	0
16	0
16	16
13	13
13	0
1	0
12	0
9	0
8	0
9	9
8	0
12	0
12	0
12	12
8	0
8	0
8	0
8	0
8	8
12	0
12	0
12	0
12	17
12	0
12	0
12	17
8	8
17	0
2	2
8	0
8	0
8	0
8	0
8	0
8	8
9	9
2	4
8	0
8	12
8	6
8	0
8	0
8	8
2	0
2	2
11	0
11	11
17	0
9	2
1	0
1	6
8	0
8	0
8	0
8	0
8	0
8	0
8	8
17	0
12	2
8	8
17	0
2	2
8	8
1	0
13	0
12	0
3	0
12	6
12	0
12	8
4	4
17	0
6	0
3	3
2	3
3	2
17	0
17	0
17	0
1	0
17	1
17	0
1	1
17	0
8	8
5	2
1	0
1	0
1	0
1	1
8	0
8	0
8	0
8	0
8	0
8	8
16	0
16	0
16	16
13	13
13	0
3	0
1	0
1	0
1	0
16	0
1	0
1	0
1	0
1	0
1	0
1	0
1	0
12	0
12	0
16	0
16	0
1	0
3	0
1	0
1	0
1	0
17	0
17	0
17	0
12	0
1	0
2	0
16	0
16	0
16	0
16	16
4	0
4	4
12	0
12	6
12	0
12	0
8	12
12	12
17	17
2	17
12	12
13	13
12	0
12	6
12	0
1	1
8	8
17	17
12	0
12	0
12	12
13	13
17	6
8	8
17	17
12	0
12	0
12	12
12	12
12	12
13	13
12	0
12	6
12	0
12	0
12	0
12	12
17	17
5	5
12	0
12	6
12	0
12	0
12	12
17	17
17	17
17	17
13	13
13	0
12	0
12	0
12	0
12	0
12	0
3	0
1	0
8	0
16	0
16	8
4	0
11	4
8	0
8	12
2	2
2	6
12	0
12	0
13	0
8	0
8	8
13	13
17	0
2	2
3	6
12	0
12	0
13	0
8	0
8	0
8	8
13	13
17	0
2	2
8	0
12	0
8	0
8	0
8	0
12	8
5	5
3	2
3	6
3	0
3	3
1	0
1	0
1	0
1	0
1	0
1	1
12	0
12	17
12	0
12	17
17	0
17	2
12	0
12	8
2	0
2	2
2	6
8	0
13	0
12	0
12	0
12	0
12	1
8	0
8	0
8	0
8	0
8	0
8	0
8	0
8	0
8	8
2	0
2	0
2	2
8	0
8	0
8	8
17	0
2	2
1	0
17	1
8	0
13	0
8	0
8	8
5	5
12	12
16	0
3	4
3	0
6	6
12	0
8	0
8	0
8	0
8	8
3	0
2	2
2	6
8	0
8	8
17	0
12	2
12	0
8	8
16	0
2	0
2	0
16	0
16	0
16	0
16	0
16	16
13	13
13	0
1	0
8	0
2	0
12	0
8	0
8	0
13	0
8	0
8	0
8	8
8	6
8	0
13	0
8	0
8	8
12	12
12	12
17	4
5	2
17	0
1	0
3	1
1	0
1	1
8	0
8	0
13	0
8	0
8	0
8	8
17	0
12	6
12	0
12	0
12	0
8	8
2	0
2	2
2	6
8	0
8	8
2	0
2	2
8	8
1	0
8	0
8	0
16	0
16	0
16	16
13	13
13	0
1	0
1	0
8	0
16	0
1	0
16	0
16	0
16	0
16	0
16	0
1	0
12	0
6	0
12	6
8	0
8	8
9	9
16	0
2	2
2	6
12	12
17	17
17	17
17	4
9	9
2	0
2	2
8	8
17	2
17	6
17	0
12	1
8	0
8	8
2	2
12	12
9	9
5	5
17	0
2	2
17	0
17	1
8	0
8	8
17	0
2	2
17	12
17	17
17	0
2	2
8	8
13	13
3	11
14	0
11	0
11	11
17	0
1	0
1	1
2	0
2	2
1	0
1	1
12	0
12	8
2	0
2	0
1	0
1	0
1	0
13	0
12	0
8	0
2	0
2	2
12	0
6	6
12	0
12	0
12	0
12	0
12	8
12	0
12	12
13	13
11	11
6	6
8	0
8	0
8	0
8	8
2	0
2	0
2	2
8	8
9	9
2	0
2	2
2	0
11	6
8	0
8	0
8	8
16	0
16	0
16	0
16	0
16	16
13	13
4	0
11	4
11	0
11	11
1	6
3	0
2	0
1	0
3	0
3	1
1	0
1	0
1	0
1	0
1	1
1	0
8	0
8	0
8	0
8	0
8	8
13	0
12	0
2	0
3	2
12	12
4	0
11	4
2	0
2	2
8	0
8	0
8	0
8	0
8	8
13	13
5	5
1	0
1	1
8	0
8	0
13	0
8	0
8	0
8	0
8	8
2	0
2	2
8	8
13	13
6	6
8	0
8	0
8	0
8	12
12	12
12	0
12	0
12	12
13	13
5	6
16	0
16	0
3	1
1	0
1	0
12	1
8	8
12	0
12	0
12	16
13	13
13	0
16	0
1	0
1	0
1	0
1	0
1	0
1	0
1	0
1	0
13	0
12	0
12	6
12	0
8	0
8	0
8	0
8	0
8	8
17	4
17	0
2	2
8	8
17	0
2	0
17	0
1	0
2	0
12	0
1	2
17	0
2	2
17	0
17	0
17	0
17	0
1	1
8	0
8	8
13	13
17	17
17	17
17	17
17	17
13	13
2	2
12	12
12	0
2	0
12	0
12	0
1	0
1	0
12	16
13	13
13	0
1	0
1	0
12	0
12	0
16	0
17	0
17	0
16	0
16	0
17	0
1	0
17	0
1	0
1	0
12	0
2	6
12	0
12	0
12	0
13	0
8	8
12	0
12	0
12	0
12	12
12	0
12	12
4	0
2	4
6	6
17	8
12	0
17	0
12	2
17	0
17	1
1	0
1	1
8	0
8	0
8	0
8	17
5	5
8	0
8	0
8	0
13	0
8	0
13	0
8	0
8	0
8	8
2	0
2	2
8	0
8	0
8	0
8	8
2	0
2	2
2	6
8	0
8	8
12	0
12	0
12	4
13	13
13	0
1	0
1	0
1	0
16	0
16	0
16	0
12	0
5	6
8	0
8	0
8	8
16	0
16	0
16	16
2	0
11	0
11	11
3	0
1	2
8	0
8	8
2	0
2	2
2	6
8	0
8	0
8	0
8	0
8	0
8	0
8	0
8	0
8	8
2	0
2	2
3	6
1	0
1	1
8	0
8	12
12	0
12	0
12	0
12	0
12	0
12	12
13	13
14	0
14	0
14	0
14	0
14	14
11	11
3	0
2	2
8	0
8	0
8	0
8	0
8	0
8	0
8	0
8	8
2	0
2	0
13	0
12	0
12	0
12	6
12	0
12	0
8	0
8	0
8	0
8	8
16	0
16	4
2	0
2	2
8	8
2	2
12	0
12	0
12	12
1	0
2	0
2	0
1	0
1	0
1	0
1	16
5	5
1	0
3	0
1	0
16	0
16	16
3	0
3	0
1	0
1	1
3	0
3	3
3	10
13	13
6	6
8	0
8	8
2	0
2	2
8	0
8	12
5	2
3	0
6	0
9	6
9	0
2	2
3	6
1	0
1	0
1	0
1	0
1	0
1	1
13	0
12	0
9	9
16	4
16	0
11	11
12	0
12	6
12	12
12	12
13	13
8	0
8	0
8	0
8	0
8	8
5	5
8	0
8	8
13	13
14	0
12	2
12	0
12	0
12	8
2	0
2	2
3	6
8	0
12	12
17	0
12	12
17	0
17	0
12	12
2	2
12	12
2	0
1	0
16	0
16	0
16	16
13	13
13	0
3	0
3	0
16	0
16	0
16	0
16	0
16	0
16	0
12	0
12	0
12	0
16	0
1	0
1	0
8	0
8	0
8	0
12	0
11	0
11	11
11	4
3	0
1	6
8	0
8	0
8	0
8	0
8	0
8	8
2	2
12	0
12	0
12	12
13	13
17	0
12	6
8	0
8	8
5	5
17	0
1	6
1	0
1	0
1	0
1	0
1	1
8	0
8	0
8	0
8	8
16	0
16	0
16	0
16	1
5	0
4	0
2	0
4	2
8	0
12	8
1	0
12	0
3	0
3	0
16	0
1	0
16	16
13	13
13	0
1	0
1	0
1	0
1	0
16	0
16	0
1	0
12	0
12	0
12	0
12	6
12	0
8	8
13	13
8	0
8	0
8	0
8	0
8	8
5	5
8	0
8	0
8	0
8	0
8	0
8	8
12	0
12	12
12	0
12	0
12	12
13	13
16	0
2	6
8	0
12	8
2	0
2	2
1	0
1	0
1	1
8	8
13	13
11	0
11	4
2	0
2	2
8	0
8	0
8	0
8	0
8	8
2	0
2	2
8	8
2	0
2	2
2	6
8	0
8	8
3	0
3	0
3	0
3	0
3	3
1	0
1	0
13	0
13	0
14	0
11	6
12	0
17	0
1	0
1	1
1	0
1	1
8	8
2	4
3	0
6	0
6	6
8	0
8	0
13	0
8	0
8	8
2	2
12	0
12	0
12	8
16	0
12	0
16	0
16	0
16	0
16	16
13	13
5	5
14	0
11	0
11	11
6	4
2	2
1	0
11	6
1	0
1	0
1	0
1	1
8	0
8	0
8	0
8	0
8	8
2	0
2	2
1	0
1	6
3	0
1	0
1	1
8	0
8	0
8	8
1	0
1	0
13	0
12	0
8	0
8	17
5	5
8	0
8	0
8	8
4	0
4	4
17	0
12	11
17	2
1	6
17	0
17	6
17	0
8	0
8	0
8	8
1	0
1	0
16	0
16	0
16	16
13	13
13	0
3	0
3	0
3	0
17	0
17	0
17	0
1	0
1	0
1	0
1	0
17	0
1	0
1	0
1	0
1	0
1	0
1	0
16	0
1	0
1	0
1	0
1	0
8	0
1	0
17	0
8	0
3	0
3	0
17	0
17	0
3	0
1	0
17	0
1	0
12	0
11	0
11	11
4	0
11	4
17	0
6	0
3	3
2	3
17	0
17	2
17	0
17	0
17	1
8	0
8	0
8	0
8	8
2	0
2	2
12	0
12	0
12	12
5	5
2	2
1	0
1	0
1	0
1	0
1	1
8	0
13	0
8	0
8	0
8	8
17	0
12	10
17	0
17	0
17	0
17	16
17	0
12	0
12	4
13	13
13	0
1	0
12	0
16	0
16	0
1	0
1	0
1	0
12	0
17	0
17	0
17	0
17	0
1	0
17	0
12	0
8	0
12	8
12	0
12	0
12	0
12	0
12	0
12	12
13	13
12	0
12	6
12	0
12	0
8	8
13	0
2	0
16	0
16	2
17	0
8	8
8	2
8	6
17	0
17	0
17	0
1	0
12	1
17	0
12	0
12	1
5	5
12	0
12	1
12	0
8	0
8	0
12	8
13	13
11	11
3	0
2	2
8	0
8	0
8	0
8	0
8	0
8	8
2	0
2	2
3	6
1	0
1	1
8	0
8	0
8	8
8	0
12	12
12	0
13	0
12	0
6	6
8	0
8	0
8	8
12	12
12	12
12	4
12	0
16	0
16	3
6	6
8	0
8	0
8	0
8	0
8	8
2	0
2	2
2	6
8	0
12	8
13	13
12	12
12	0
12	12
13	13
5	5
17	0
12	6
12	0
12	8
17	0
17	0
12	2
17	0
17	0
17	0
17	0
12	1
8	0
8	0
8	0
8	0
8	0
8	8
2	0
2	2
17	0
6	6
12	0
17	0
12	1
12	0
12	0
12	8
2	0
2	2
8	0
13	0
12	0
12	0
12	6
12	0
12	0
12	0
8	8
4	0
4	4
17	2
12	0
12	0
12	8
17	0
17	0
12	2
17	0
17	0
17	0
17	0
17	0
17	0
12	1
12	0
12	0
12	0
12	8
12	0
12	16
13	13
16	0
16	0
16	0
16	0
16	16
1	0
1	0
1	0
1	2
8	8
2	0
2	2
12	12
12	12
13	13
13	0
1	0
12	0
1	0
12	0
12	0
8	0
8	0
3	0
1	0
8	0
1	0
12	0
17	0
17	0
12	0
11	0
11	0
9	6
1	0
16	0
9	1
8	0
13	0
8	0
8	0
8	8
2	0
2	2
12	12
5	5
12	0
12	6
12	0
8	0
8	0
8	17
5	5
17	0
8	0
8	8
2	0
2	2
3	0
3	0
3	3
12	0
12	0
12	12
1	0
3	4
2	0
2	2
6	6
8	0
8	0
8	8
16	0
16	0
16	0
16	16
13	13
13	0
3	0
16	0
16	0
16	0
1	0
1	0
1	0
8	0
8	0
16	0
16	0
8	0
12	0
8	8
2	0
2	2
2	6
8	0
8	0
8	0
8	0
8	8
12	0
12	6
12	8
16	0
16	0
16	0
16	16
2	0
11	0
11	2
1	0
1	6
8	0
8	8
2	0
2	2
8	0
8	8
2	0
2	2
8	0
8	12
13	13
13	0
1	0
1	0
1	0
1	0
3	0
3	0
1	0
1	0
1	0
1	0
8	0
2	0
1	0
3	0
1	0
1	0
8	0
1	0
8	0
8	0
1	0
12	0
1	0
12	0
12	0
16	0
12	0
9	9
17	4
12	0
12	6
12	0
12	8
2	0
11	0
11	6
8	0
8	0
8	0
8	0
8	8
2	0
2	2
8	0
8	0
8	0
8	8
2	0
2	2
17	3
1	0
1	0
1	0
1	0
1	0
1	0
1	1
8	0
8	8
16	0
2	0
1	0
1	0
3	0
16	0
16	0
16	0
16	16
13	13
3	0
14	14
14	0
11	0
11	11
16	0
11	0
11	11
1	0
1	1
1	6
8	0
8	0
8	8
16	0
12	0
13	0
12	0
6	0
12	6
8	0
8	0
8	0
8	0
8	8
2	0
2	2
8	0
8	12
17	0
12	2
6	0
1	0
1	1
12	0
8	0
8	0
8	8
17	0
2	2
8	0
8	0
8	8
2	0
2	2
2	6
8	0
8	0
8	0
8	0
8	0
8	8
13	13
3	0
16	0
3	3
3	2
3	6
12	12
17	8
17	17
5	5
3	6
17	0
12	0
12	12
17	8
17	17
5	5
17	0
12	6
12	0
12	0
8	8
2	0
2	2
13	0
12	0
17	17
17	17
17	17
17	0
12	12
17	0
2	4
9	9
1	0
1	1
5	2
1	0
1	0
1	0
1	1
8	0
8	0
8	0
8	0
8	0
8	8
17	2
17	6
12	0
12	0
12	0
12	0
12	12
17	17
17	17
17	17
2	2
12	12
17	0
12	3
12	0
12	0
12	4
13	13
13	0
17	0
8	0
16	0
12	0
1	0
1	0
17	0
17	0
1	0
1	0
17	0
1	0
1	0
1	0
1	0
1	0
1	0
1	0
1	0
12	0
6	6
8	0
8	0
8	0
8	0
8	0
8	8
16	0
16	0
16	0
16	16
3	6
1	0
1	1
8	0
8	0
8	8
2	0
2	2
8	0
8	12
5	5
8	0
8	0
8	0
8	0
8	8
5	5
8	0
8	0
8	0
8	0
8	0
8	0
8	8
5	5
16	0
16	0
16	16
6	6
1	0
1	0
1	0
1	0
1	0
1	0
1	1
17	0
17	0
17	0
17	0
17	0
1	1
8	0
8	0
8	0
8	0
8	0
13	0
12	0
3	0
3	12
16	4
16	0
3	0
3	0
3	3
9	9
6	6
1	0
1	0
1	0
1	1
8	0
8	0
8	0
8	8
2	0
2	2
2	6
8	0
8	0
8	0
8	0
8	0
8	0
8	8
16	0
1	0
1	0
16	16
16	0
3	4
13	13
13	0
3	0
16	0
1	0
16	0
12	0
1	0
1	0
1	0
1	0
8	0
12	0
1	0
16	0
16	0
16	0
16	0
1	0
16	0
1	0
8	0
1	0
1	0
1	0
1	0
12	0
13	13
8	0
8	0
8	0
8	0
8	0
8	0
8	0
1	8
8	0
8	0
8	12
17	0
2	12
12	0
12	0
12	12
12	0
12	6
12	0
12	0
12	0
12	0
8	8
4	0
4	4
3	2
8	0
8	0
8	12
17	0
2	12
12	0
12	0
12	12
3	0
1	1
2	0
2	2
1	0
1	0
1	1
8	0
8	0
8	0
8	8
5	5
2	6
12	0
8	0
8	8
2	0
2	2
1	0
1	1
3	0
1	0
1	1
13	0
12	0
2	0
3	0
3	0
3	3
4	0
4	4
12	0
12	6
12	0
12	0
8	0
8	0
8	0
12	0
12	0
12	8
17	0
2	0
2	0
2	2
8	0
8	0
8	0
8	8
3	0
3	2
8	0
8	0
8	0
8	0
8	0
8	8
2	2
8	0
8	0
8	8
2	2
2	0
6	6
12	0
2	2
12	0
12	12
17	17
12	0
12	12
1	0
1	3
1	0
1	0
1	0
1	0
16	16
4	0
4	4
13	13
13	0
1	0
1	0
12	0
6	2
8	0
8	0
8	8
2	0
6	0
6	2
3	0
1	0
1	1
8	0
8	0
8	8
2	0
2	2
3	6
1	0
1	0
1	1
8	0
8	0
8	0
8	0
8	8
2	2
1	0
1	0
1	0
1	0
1	0
1	1
8	0
8	0
8	0
8	0
8	0
8	8
16	0
16	4
6	6
1	0
1	0
1	0
1	0
1	0
1	1
8	0
8	0
8	8
3	0
3	0
3	0
3	3
3	0
3	0
2	16
13	13
3	0
13	0
12	0
6	6
8	0
8	0
8	0
8	0
8	0
8	0
8	8
13	13
17	0
17	0
17	2
17	0
1	3
5	5
3	3
5	6
6	0
1	0
1	1
8	0
8	0
8	8
2	0
2	2
2	6
8	0
8	0
8	0
8	0
8	0
8	0
8	8
2	0
2	2
8	0
8	0
8	0
8	0
8	0
8	8
13	13
4	0
11	4
2	3
9	9
3	0
9	0
9	1
8	0
8	0
8	0
8	0
8	0
8	0
8	0
8	0
8	8
13	0
12	0
2	0
2	0
2	0
2	0
2	0
2	0
1	0
3	1
8	0
8	0
12	0
8	8
4	0
11	4
1	0
1	0
1	0
1	0
1	0
1	0
1	0
16	16
4	0
17	4
13	13
2	0
2	2
11	0
11	11
2	2
8	0
8	0
8	8
17	0
2	2
17	0
12	6
12	0
8	0
8	0
8	8
5	5
8	0
8	8
2	0
2	2
12	0
12	0
8	0
13	0
8	0
8	0
8	0
8	8
5	5
17	6
12	0
12	12
13	0
12	0
6	2
8	0
8	0
8	0
8	8
2	2
17	0
6	6
8	0
8	0
8	0
8	0
8	0
8	8
17	4
17	0
12	6
12	0
8	0
8	0
8	0
8	17
5	5
8	0
8	0
8	0
8	0
8	0
8	8
2	0
2	2
12	0
8	0
8	12
17	0
2	12
12	0
12	0
8	12
17	0
2	2
9	6
17	0
17	0
17	0
12	1
12	0
12	0
12	8
2	0
2	2
1	0
1	1
8	0
8	0
8	8
5	5
8	0
13	0
12	0
2	2
6	0
6	6
8	0
8	0
8	0
8	8
2	0
2	2
2	6
8	0
8	0
8	0
8	8
16	4
1	0
12	6
12	0
8	0
8	0
8	0
8	8
2	0
2	6
1	0
3	0
1	0
1	0
1	0
1	1
8	0
8	0
8	8
2	0
2	2
8	0
8	8
5	5
8	0
8	0
8	8
2	0
2	2
2	0
1	6
8	0
8	0
8	8
16	0
4	0
4	16
1	0
1	16
13	13
13	0
1	0
1	0
8	0
16	0
12	0
13	13
8	0
8	0
8	0
8	0
8	0
8	0
8	0
1	8
12	0
12	0
12	12
12	12
17	0
17	0
12	0
12	8
8	0
8	0
8	0
8	0
8	0
8	8
17	0
17	0
17	0
17	0
12	0
17	0
12	0
12	0
12	0
12	12
17	6
8	0
8	0
8	0
8	0
8	0
8	8
2	0
2	2
3	6
12	0
12	0
12	12
12	12
17	0
17	0
12	0
12	8
17	4
1	0
2	2
8	0
8	0
8	0
8	0
13	0
12	0
3	2
3	6
1	0
1	1
8	0
8	0
8	0
8	8
13	13
11	11
1	0
1	0
1	0
1	0
1	0
1	1
8	0
8	8
16	0
12	0
16	0
16	0
16	0
16	0
16	16
13	13
11	4
1	0
12	6
8	0
8	0
8	0
8	0
8	8
9	9
1	0
1	0
1	0
1	1
8	0
11	6
12	1
12	0
13	0
8	8
1	0
1	0
1	0
1	0
1	0
16	0
16	0
16	16
13	13
14	0
11	11
1	0
1	1
13	0
12	0
12	0
12	6
12	0
8	0
8	0
8	0
8	8
1	0
3	0
1	0
16	0
16	0
16	0
16	16
8	0
17	0
2	3
12	0
12	6
12	0
12	0
12	0
12	8
2	0
2	2
2	6
12	0
12	0
12	12
12	12
12	0
12	0
12	0
12	8
5	5
2	6
17	0
8	0
8	0
8	17
17	0
12	17
12	0
12	0
12	0
8	0
8	12
12	17
3	0
3	0
3	5
3	0
6	0
9	6
9	0
10	2
12	0
12	1
13	0
12	0
17	0
12	6
12	0
17	0
1	0
1	1
8	0
8	0
8	0
8	0
8	0
8	0
8	0
8	8
16	4
17	0
2	2
8	0
8	0
8	0
8	0
8	8
17	0
12	6
12	0
12	0
17	1
8	0
8	0
8	8
2	0
2	2
8	0
8	0
8	0
8	0
8	0
8	17
5	5
8	0
8	0
8	0
8	0
8	0
8	0
8	0
8	8
3	0
3	0
3	5
8	0
8	0
8	0
8	0
8	0
8	8
13	13
3	11
13	0
12	0
12	0
12	6
8	0
8	0
8	0
8	0
8	8
4	0
4	0
4	4
4	0
2	6
8	0
8	8
2	3
3	0
1	0
3	3
2	2
8	0
8	0
8	0
8	0
8	0
8	8
17	0
2	0
2	16
5	5
3	2
2	6
8	0
8	0
8	0
8	0
8	0
8	8
2	0
2	2
17	0
12	0
1	0
1	6
8	0
8	0
8	0
8	0
8	8
17	0
2	0
3	16
13	13
13	0
3	0
3	0
3	0
3	0
1	0
1	0
12	0
8	0
8	17
5	5
8	0
8	0
8	0
8	0
8	8
17	6
8	0
8	17
5	5
8	0
8	0
8	0
8	0
8	8
2	0
2	2
2	6
12	0
12	0
12	12
12	12
17	0
17	0
12	0
12	8
4	0
11	4
9	9
3	0
2	2
1	0
3	0
1	0
1	0
2	1
8	0
8	0
8	0
8	0
8	0
8	0
12	8
12	0
16	0
16	0
16	16
12	0
12	0
12	4
13	13
3	0
3	0
5	0
14	5
3	0
13	0
13	0
6	6
8	0
8	0
8	0
8	0
8	0
8	8
4	0
4	4
1	0
1	1
1	0
1	0
1	0
16	16
5	5
2	0
16	0
16	16
3	0
3	0
3	5
17	0
6	6
12	0
8	0
8	0
8	0
8	8
2	0
1	0
1	0
16	16
4	0
12	4
13	13
3	0
3	0
3	3
3	2
8	0
8	12
2	2
12	0
12	0
12	0
12	12
13	13
12	12
13	13
13	13
8	0
8	12
2	2
12	0
12	0
12	12
13	13
13	0
12	0
1	6
6	6
8	0
8	0
8	8
4	0
4	4
8	0
8	8
2	0
2	2
2	6
8	0
8	0
8	0
8	0
8	0
8	0
8	0
8	8
3	0
2	2
8	0
8	0
8	8
2	0
2	2
2	6
8	0
8	0
8	0
8	0
8	0
8	0
8	8
2	0
2	2
8	0
8	0
8	0
8	0
8	0
8	8
3	0
3	0
3	5
9	0
2	2
2	6
8	0
8	0
8	0
8	0
8	8
5	5
8	0
8	0
1	8
13	0
12	0
1	0
1	0
1	0
1	3
16	0
16	0
16	0
16	16
11	0
11	0
11	11
6	6
12	0
12	8
3	0
2	2
8	0
8	0
8	0
8	0
8	8
13	13
6	6
8	0
8	0
8	0
8	0
8	0
8	8
2	0
3	10
1	0
1	0
1	0
17	16
5	5
3	0
12	10
1	0
1	0
1	0
1	0
1	0
17	16
3	0
3	0
3	5
6	6
1	0
1	1
8	0
8	0
8	0
8	0
8	8
2	0
2	2
8	0
13	0
12	0
11	0
11	11
16	0
16	0
16	0
16	0
16	0
16	16
6	6
8	0
8	0
8	0
8	0
8	0
8	8
12	0
12	0
12	2
1	0
2	0
1	0
1	0
3	1
8	0
8	0
8	0
8	8
5	5
17	0
17	0
17	2
2	0
2	0
2	0
1	0
16	0
3	1
8	0
8	0
8	8
2	0
2	2
1	0
1	0
1	1
5	5
1	0
1	1
8	0
8	0
12	8
13	13
13	0
1	0
1	0
1	0
1	0
8	0
8	0
13	0
8	0
8	0
2	2
12	12
4	0
4	4
2	2
12	0
12	12
13	13
12	0
12	12
13	13
12	0
11	11
8	0
8	0
8	0
8	0
8	8
1	0
16	0
16	0
16	16
4	0
17	4
13	13
13	0
1	0
1	0
8	0
1	0
12	0
1	0
8	0
1	0
1	0
8	0
1	0
1	0
1	0
1	0
1	0
1	0
1	0
1	0
1	0
2	0
1	0
3	0
3	0
3	0
8	0
12	0
8	0
12	0
12	0
12	0
12	0
12	0
17	0
11	0
3	0
3	6
8	0
8	0
8	0
8	0
8	8
2	0
6	0
6	2
8	0
8	0
8	8
2	0
2	2
9	0
9	0
8	0
9	9
4	0
4	0
4	4
8	0
8	8
9	9
2	2
8	0
8	0
8	8
12	0
12	0
12	16
13	13
13	0
8	0
1	0
8	0
8	0
8	0
16	0
16	0
8	0
8	0
17	0
8	0
8	0
3	0
1	0
1	0
8	0
8	0
8	0
8	0
1	0
1	0
1	0
8	0
12	0
6	6
8	0
8	8
4	0
4	0
4	4
2	2
3	6
17	0
1	1
17	0
2	2
12	0
12	0
12	12
12	12
1	0
1	16
8	0
8	0
8	0
8	0
13	0
8	0
8	8
1	0
2	0
2	0
2	0
16	0
16	0
16	16
4	0
12	4
13	13
13	0
8	0
8	0
1	0
1	0
1	0
8	0
16	0
1	0
8	0
8	0
1	0
8	0
8	0
16	0
16	0
16	0
8	0
8	0
8	0
8	0
1	0
12	0
12	0
12	0
12	0
6	6
12	0
8	0
8	0
8	0
8	8
2	0
2	0
11	0
6	2
8	0
8	0
8	0
8	0
8	0
8	8
2	0
2	2
8	0
8	0
8	0
8	8
2	2
17	12
17	0
17	0
8	0
12	0
13	0
8	12
13	13
12	0
12	12
13	13
4	0
4	4
3	0
3	0
1	0
16	16
4	0
4	4
13	13
13	0
1	0
1	0
1	0
12	0
1	0
8	0
1	0
8	0
8	0
8	0
1	0
1	0
1	0
8	0
12	0
3	0
2	2
6	0
6	6
3	0
3	0
3	3
1	0
1	0
1	1
4	0
1	4
17	0
8	0
8	8
4	0
4	0
4	4
5	6
8	0
8	0
8	8
2	0
2	0
2	2
12	0
12	0
12	12
5	5
12	0
12	0
8	12
17	0
2	12
12	0
12	0
12	12
1	0
2	0
2	0
1	16
13	13
13	0
1	0
1	0
1	0
16	0
1	0
8	0
8	0
8	0
8	0
1	0
1	0
8	0
8	0
8	0
1	0
1	0
12	0
17	0
12	6
8	0
8	8
17	0
2	2
1	0
1	1
8	0
8	0
8	0
8	0
8	8
2	0
2	0
2	2
8	12
5	5
8	0
8	0
8	12
2	2
12	0
12	12
4	0
4	4
3	0
3	0
3	0
3	3
17	0
17	2
17	0
17	0
1	0
1	0
1	1
17	0
8	0
8	8
13	13
13	0
1	0
1	0
12	0
1	0
1	0
1	0
12	0
12	0
16	0
17	0
1	0
1	0
1	0
8	0
8	0
8	0
8	0
12	0
2	0
14	0
3	0
3	3
17	4
12	0
12	6
12	0
12	0
12	12
17	12
17	0
17	0
17	0
17	8
2	0
2	2
2	6
12	0
12	0
12	12
12	12
12	0
12	0
12	0
12	8
12	6
12	0
12	0
12	0
8	8
12	0
1	0
16	0
3	16
13	13
6	6
8	8
2	0
2	2
9	9
8	0
8	0
8	0
8	0
8	0
8	0
8	0
8	8
2	2
12	12
12	0
12	0
8	0
8	0
8	12
2	0
12	10
13	0
12	0
8	0
8	0
8	0
8	14
2	0
2	2
2	6
12	0
12	0
12	12
16	4
12	0
12	6
12	0
12	0
12	12
17	12
17	0
17	0
17	0
17	8
17	6
12	0
12	0
12	8
5	5
8	0
8	0
8	0
8	0
8	8
2	0
2	2
2	6
12	0
12	0
12	12
12	12
12	12
2	2
12	0
12	12
5	5
3	0
3	2
8	0
8	0
8	0
8	0
8	0
8	0
8	8
2	2
12	0
12	0
12	0
12	12
5	5
13	0
13	0
11	0
11	11
16	4
1	0
1	0
1	0
1	0
1	1
12	0
12	0
8	8
5	5
8	0
8	8
2	2
8	0
8	0
8	0
8	0
8	0
8	17
5	5
2	0
1	0
1	0
1	0
12	0
1	0
1	0
1	1
8	0
12	8
17	0
12	0
2	16
13	13
6	4
17	0
1	6
8	0
8	0
8	0
8	0
8	8
17	0
2	2
12	0
8	12
9	9
1	0
16	0
16	0
16	16
5	5
6	4
17	0
12	6
12	0
13	0
12	0
12	0
12	0
12	12
12	12
17	0
17	0
17	0
17	8
16	4
3	0
3	0
3	3
3	0
3	2
1	0
1	0
1	1
2	0
2	2
8	0
8	0
8	0
8	8
5	5
8	0
8	0
8	0
8	0
8	8
2	0
2	2
1	0
1	0
1	0
1	0
1	0
1	0
1	1
8	0
8	0
8	0
8	8
2	0
2	2
14	6
12	0
12	0
12	12
12	12
3	0
3	0
1	16
13	13
13	0
3	0
3	0
3	0
3	0
3	0
8	0
2	2
8	0
8	8
8	0
2	0
2	2
12	0
12	0
8	12
2	2
12	12
12	12
13	13
12	12
13	13
12	12
13	13
12	12
13	13
12	0
12	12
13	13
12	0
12	12
13	13
12	0
12	0
12	0
12	12
5	5
12	0
12	12
13	13
2	0
2	0
2	2
12	0
12	0
8	12
2	2
12	0
12	0
12	0
12	12
13	13
16	0
2	0
2	2
8	12
2	2
12	0
12	12
5	5
12	0
12	12
13	13
16	0
16	0
13	0
13	0
8	0
12	12
13	13
12	0
12	12
13	13
12	0
12	0
12	12
5	5
12	0
12	0
12	12
13	13
13	0
1	0
8	0
1	0
12	0
16	0
12	0
8	0
16	0
16	0
12	0
12	0
12	0
12	0
12	0
12	0
12	0
12	0
12	0
12	0
12	0
16	0
1	0
12	0
12	0
12	0
12	0
12	0
1	0
12	0
1	0
16	0
12	0
12	0
16	0
16	0
12	0
12	0
12	0
12	0
12	0
12	0
12	0
12	0
16	0
12	0
2	2
8	0
8	0
8	0
12	8
2	0
2	2
3	0
3	3
5	5
9	0
9	0
9	9
5	5
17	0
3	6
17	0
2	0
3	0
3	3
1	0
1	1
12	0
12	0
8	0
12	8
4	0
4	0
4	4
6	6
8	0
2	2
12	0
12	0
12	12
5	5
12	0
12	0
12	12
2	0
2	2
1	0
12	0
12	0
12	0
12	0
13	0
8	0
8	0
8	8
2	0
2	2
12	0
12	0
12	0
12	12
2	0
2	0
13	0
12	0
13	13
8	0
8	0
8	0
8	0
8	0
8	0
8	0
1	8
12	0
12	0
12	12
12	12
12	0
12	0
12	0
12	0
12	12
8	2
12	0
12	1
12	0
12	0
8	8
13	4
16	0
11	11
2	0
6	6
8	0
8	8
2	0
2	2
2	6
12	0
12	0
12	12
12	12
12	0
12	0
12	0
12	0
12	12
1	0
1	0
1	0
1	0
3	0
16	0
16	0
16	0
16	16
13	13
5	5
16	0
11	0
11	11
6	4
13	0
12	0
12	12
17	4
1	0
9	1
8	0
8	8
17	2
17	0
17	0
17	0
1	0
1	0
1	0
1	1
8	0
8	8
2	0
2	0
16	0
16	16
13	13
5	5
6	0
6	6
6	0
1	1
8	0
8	12
17	12
17	0
8	8
4	0
11	4
1	0
3	0
1	0
1	0
1	16
4	0
1	4
13	13
13	0
1	0
3	0
1	0
1	0
16	0
16	0
1	0
1	0
1	0
1	0
1	0
1	0
1	0
1	0
1	0
1	0
1	0
12	0
6	0
6	6
12	0
8	0
8	8
16	0
16	4
3	0
6	6
12	0
12	0
8	0
8	0
8	0
8	0
8	8
3	2
3	6
8	0
8	0
8	0
8	8
2	0
2	2
2	0
11	0
11	6
8	0
13	0
17	0
13	0
17	0
17	0
13	0
8	0
8	8
16	0
2	0
2	0
16	0
16	0
16	16
13	13
16	0
16	4
3	0
1	6
8	0
8	0
8	0
8	0
8	8
1	0
2	0
1	0
16	0
16	16
5	5
13	0
12	0
12	0
12	0
8	12
16	4
16	0
11	6
1	0
1	1
8	0
8	0
8	0
8	0
8	0
8	0
8	0
8	8
16	0
3	4
13	13
13	0
16	0
16	0
16	0
16	0
16	0
16	0
16	0
16	0
1	0
1	0
1	0
1	0
1	0
8	0
16	0
16	0
16	0
16	0
16	0
16	0
1	0
1	0
8	0
16	0
16	0
1	0
16	0
16	0
16	0
16	0
16	0
16	0
1	0
1	0
1	0
1	0
1	0
8	0
8	0
12	0
17	0
12	6
12	0
12	0
8	8
3	0
2	2
9	0
8	0
8	0
8	0
8	0
13	0
8	0
8	0
8	0
8	8
2	0
2	2
3	6
17	0
1	1
8	0
12	0
8	0
8	0
8	8
17	4
12	0
12	6
12	0
12	0
12	0
8	0
8	8
17	0
17	16
1	0
1	0
1	0
1	6
8	0
8	8
16	0
2	0
14	0
14	0
2	0
2	0
2	2
1	0
6	0
1	2
17	0
1	0
1	1
17	0
8	8
13	0
12	0
12	0
12	0
12	12
12	4
8	0
8	0
8	0
8	8
3	0
2	0
16	0
3	2
2	0
2	0
1	0
16	0
1	1
8	0
8	0
13	0
8	0
8	0
8	0
8	8
3	0
16	2
12	0
12	0
12	0
12	0
12	12
12	0
12	0
12	12
12	12
12	0
12	0
12	0
12	12
12	0
12	0
12	16
13	13
13	0
3	0
1	0
1	0
1	0
16	0
16	0
1	0
1	0
16	0
8	0
16	0
16	0
1	0
1	0
1	0
12	0
12	12
17	0
11	4
3	2
3	6
12	0
12	1
5	5
3	6
8	0
8	0
8	0
8	1
8	0
8	8
12	12
9	9
5	2
1	0
1	0
1	0
1	1
8	0
8	0
8	0
8	0
8	0
8	8
2	0
2	2
8	0
8	0
8	0
8	0
8	0
8	8
12	0
12	0
12	16
13	13
13	0
1	0
1	0
16	0
12	0
1	0
16	0
16	0
1	0
1	0
1	0
12	0
16	0
1	0
1	0
1	0
1	0
1	0
8	0
12	0
3	0
12	6
12	0
1	1
1	0
1	0
1	0
1	8
2	0
2	2
2	6
8	0
8	0
8	0
8	0
8	0
8	0
8	8
5	5
17	0
17	0
12	6
17	0
8	0
8	8
16	0
16	4
6	6
8	0
8	8
17	0
1	1
8	0
8	0
8	0
8	0
8	8
1	0
1	0
16	0
16	16
13	13
13	0
1	0
1	0
1	0
1	0
1	0
12	0
1	0
1	0
1	0
1	0
1	0
16	0
1	0
1	0
1	0
17	0
16	0
11	0
11	11
6	4
12	0
8	0
8	0
8	0
8	0
12	0
8	8
5	5
12	0
12	0
8	8
2	0
2	2
8	12
12	12
12	0
12	0
12	0
1	0
16	16
5	5
11	4
6	6
8	0
8	0
8	0
8	0
8	8
2	0
2	2
8	0
8	0
8	0
8	0
8	0
8	8
5	5
3	6
12	12
12	0
12	12
5	5
3	6
1	0
1	0
1	1
8	0
8	0
8	0
8	0
8	0
8	0
8	8
12	12
12	0
13	0
12	0
12	0
12	6
12	0
12	0
8	0
8	8
4	0
2	2
12	0
8	12
17	4
3	2
17	0
1	0
1	0
1	0
1	1
8	0
8	0
8	0
8	0
8	0
8	0
8	0
8	8
12	0
1	0
16	16
13	13
5	5
3	0
3	2
12	17
12	0
12	0
12	12
5	5
3	2
3	6
12	17
17	17
17	0
17	0
17	17
17	17
13	13
3	2
17	0
17	11
12	0
12	6
12	0
12	8
5	2
1	0
1	0
1	0
1	1
13	0
12	0
11	0
11	0
11	6
9	0
8	0
8	0
8	0
8	0
13	0
8	0
8	0
8	0
8	8
4	0
6	4
2	0
2	0
1	0
1	2
12	0
12	0
13	0
8	0
8	8
2	2
12	0
17	0
17	12
12	12
1	0
12	0
17	0
16	0
16	16
4	0
17	4
13	13
13	0
1	0
1	0
1	0
1	0
1	0
1	0
1	0
1	0
8	0
1	0
1	0
1	0
1	0
1	0
1	0
1	0
1	0
1	0
8	0
16	0
16	0
12	0
11	2
11	0
6	6
3	0
2	0
2	2
8	0
8	12
3	0
3	0
1	0
1	0
1	1
8	0
8	0
8	8
17	4
12	0
12	6
12	0
12	8
17	6
12	12
12	12
5	2
8	0
8	0
8	8
3	0
1	0
2	0
2	0
2	0
16	16
16	0
4	0
4	0
4	16
13	13
13	0
12	0
16	0
16	0
4	0
8	0
1	0
12	0
14	0
8	0
8	0
8	0
2	0
8	0
3	0
1	0
1	0
1	0
1	0
8	0
12	0
1	0
1	0
1	0
3	3
4	0
11	4
8	0
8	12
2	0
2	2
17	0
17	0
17	17
17	17
17	0
17	0
17	17
2	0
2	2
2	6
12	12
17	0
17	8
2	0
2	2
1	0
1	0
1	0
1	0
1	0
1	1
17	0
12	0
12	12
17	8
8	8
3	0
3	0
3	0
16	16
4	0
1	4
13	13
13	0
3	0
1	0
1	0
1	0
16	0
16	0
1	0
12	0
1	0
1	0
1	0
1	0
1	0
17	0
17	0
13	0
14	0
14	0
16	12
11	4
2	2
8	0
8	0
8	0
8	8
1	0
1	6
8	0
8	0
8	0
17	0
8	0
13	0
8	0
8	8
1	0
1	0
1	0
1	0
16	16
13	13
3	0
3	11
6	6
8	0
8	8
2	0
16	0
16	0
16	16
13	13
8	0
8	0
8	8
2	2
3	0
6	0
3	0
3	3
1	1
3	0
2	0
1	0
1	10
13	13
13	0
1	0
1	0
1	0
1	0
1	0
1	0
1	0
1	0
8	0
12	0
6	6
1	1
8	0
8	0
8	8
16	0
16	0
16	0
16	0
16	16
12	0
6	6
12	0
12	0
8	0
8	0
8	0
8	0
8	8
2	2
12	0
12	0
12	0
12	0
12	12
5	5
16	0
16	0
3	0
16	0
16	0
3	16
3	3
17	3
17	0
1	0
1	1
8	0
8	8
2	0
2	2
8	0
8	0
8	0
8	0
8	8
3	0
3	0
1	0
3	10
13	13
13	0
1	0
1	0
1	0
1	0
1	0
12	0
12	0
12	0
12	0
12	12
11	4
1	0
1	6
8	0
8	0
8	0
8	0
8	8
2	0
2	2
8	0
8	0
8	8
2	0
16	0
16	0
16	16
5	5
12	12
4	0
11	4
2	2
8	17
17	17
12	17
9	9
5	5
17	17
17	0
17	0
17	0
17	0
17	12
2	0
2	2
8	8
3	0
3	0
1	0
16	0
16	0
16	0
16	16
5	5
11	4
1	6
2	2
8	0
8	0
8	0
8	8
16	0
4	0
2	0
2	2
8	0
13	0
12	0
17	0
17	12
12	0
1	17
5	5
17	0
11	0
17	17
11	4
16	0
11	11
1	0
2	2
1	0
1	6
8	0
8	0
8	0
8	0
8	8
16	0
2	0
16	0
16	0
16	16
13	13
13	0
1	0
16	0
16	0
16	0
1	0
1	0
1	0
1	0
1	0
1	0
16	0
1	0
1	0
8	0
1	0
1	0
1	0
16	0
1	0
17	0
16	0
17	0
1	0
1	0
17	0
16	0
16	0
16	0
16	0
1	0
1	0
1	0
12	0
12	0
12	0
12	12
4	0
11	4
1	0
1	2
8	8
17	0
1	16
5	5
6	4
1	2
17	0
12	17
17	0
8	17
17	0
4	0
2	0
4	2
12	0
8	0
8	8
2	0
2	2
2	6
8	0
12	12
17	0
17	12
1	0
16	0
16	0
16	16
13	13
13	0
1	0
3	0
16	0
16	0
1	0
1	0
1	0
1	0
16	0
16	0
8	0
3	0
3	0
1	0
1	0
1	0
1	0
1	0
1	0
1	0
1	0
1	0
12	0
9	0
8	0
9	0
1	0
1	9
1	0
1	0
1	0
1	1
8	0
8	8
2	0
2	2
12	12
4	0
4	4
2	0
2	0
2	2
6	6
8	0
8	8
13	13
1	0
17	0
16	16
13	13
4	4
13	0
1	0
1	0
8	0
1	0
8	0
1	0
1	0
1	0
1	0
2	0
1	0
1	0
1	0
1	0
1	0
1	0
2	0
1	0
1	0
1	0
1	0
1	0
1	0
1	0
1	0
1	0
1	0
8	0
2	0
12	0
12	0
12	0
12	0
12	12
17	12
17	0
17	0
17	0
17	12
9	9
16	0
17	0
2	0
2	4
17	0
11	11
12	6
12	0
8	0
8	0
8	0
8	0
8	0
8	0
8	8
17	0
2	2
2	6
12	0
12	0
12	12
17	12
17	0
17	0
17	0
17	12
3	0
3	3
3	0
3	0
3	0
3	3
1	0
2	0
16	0
16	0
16	0
16	16
13	13
6	6
12	0
1	0
8	0
8	0
8	0
8	0
8	0
8	0
8	8
13	0
12	0
3	0
8	0
8	2
9	6
8	0
8	0
8	0
8	8
2	0
2	2
3	0
1	6
1	0
1	0
1	0
1	0
1	0
1	0
1	0
1	0
1	1
8	0
8	0
8	0
8	0
8	0
8	0
8	0
8	8
12	2
8	0
8	0
12	0
8	8
2	2
1	0
6	0
3	0
1	0
1	0
1	0
1	0
1	0
1	1
8	0
8	0
8	8
17	0
17	0
17	4
12	6
12	0
8	0
8	0
8	0
8	8
17	0
12	0
13	0
12	0
12	6
12	0
12	0
12	12
12	12
17	0
17	0
17	0
17	12
16	0
17	0
16	0
16	16
3	0
3	3
9	6
12	0
12	0
12	0
12	8
2	0
2	2
3	0
12	6
1	0
1	0
1	0
1	0
1	0
1	1
8	0
8	0
8	0
8	8
2	10
5	5
17	0
12	16
12	0
12	0
12	3
17	2
12	0
12	6
12	0
12	0
8	8
1	6
1	0
2	0
17	0
17	0
17	0
1	3
17	0
1	0
17	0
16	0
13	0
12	0
2	2
3	0
1	6
3	0
10	0
1	0
2	0
3	0
2	0
3	1
1	0
1	0
1	0
1	0
1	0
1	1
8	0
8	0
8	0
8	0
8	0
8	0
8	0
8	0
8	0
8	8
5	0
3	16
3	6
8	0
8	0
8	0
8	0
8	0
8	8
1	0
1	0
1	0
1	3
3	0
1	0
1	1
8	0
8	0
8	0
8	8
3	2
2	6
8	0
8	8
5	5
8	0
8	0
8	8
2	0
10	2
3	0
12	6
13	0
12	0
2	6
8	0
8	0
8	0
8	0
8	8
8	0
2	0
2	2
12	0
8	0
8	0
8	8
13	13
3	11
3	0
12	11
12	2
2	6
8	0
8	0
17	0
8	8
1	0
1	0
1	0
1	0
16	16
16	0
16	0
16	4
13	13
3	0
2	14
14	0
6	6
1	0
3	0
2	1
8	0
8	0
8	0
8	8
3	0
2	2
3	0
12	6
1	0
1	0
1	0
3	1
1	0
1	0
1	6
8	0
8	0
8	8
2	10
13	0
12	0
8	6
8	0
8	0
8	0
8	0
8	0
8	8
17	0
2	2
2	6
8	0
8	0
8	0
8	0
8	8
16	2
8	0
12	0
8	0
8	0
13	0
17	0
12	0
11	0
11	12
16	0
4	0
16	4
3	0
3	0
3	0
3	3
17	0
2	0
1	3
1	0
1	0
16	0
16	16
13	13
16	0
14	0
14	0
2	1
8	0
8	0
8	0
8	8
2	0
2	0
2	2
1	6
1	0
1	0
1	1
8	0
8	0
8	0
13	0
12	0
3	0
8	0
8	8
1	6
6	0
6	0
1	1
8	0
8	0
8	8
2	0
2	0
2	2
3	6
8	0
8	0
8	0
8	0
8	0
8	0
8	12
13	13
12	6
12	0
8	0
8	0
8	0
8	0
8	0
8	0
8	0
8	0
8	0
8	0
8	8
5	5
12	6
12	0
8	0
8	0
8	0
8	0
8	0
8	0
8	0
8	8
5	5
3	3
8	0
17	0
2	2
12	6
8	0
8	0
8	0
8	8
3	0
2	0
13	0
13	0
12	0
12	11
8	0
8	0
8	0
8	0
8	8
4	0
4	0
4	4
3	0
3	1
1	0
16	0
1	0
16	16
13	13
11	0
14	14
11	0
11	0
11	11
2	2
8	0
8	0
8	0
8	0
8	0
8	8
16	0
2	0
16	0
16	0
16	0
16	16
13	13
3	0
3	3
1	0
9	3
8	0
8	0
8	0
8	0
8	0
8	0
8	0
8	8
3	10
1	0
2	0
1	0
1	0
16	16
13	0
5	17
12	0
12	2
13	0
13	0
8	0
2	13
12	0
12	0
8	0
8	0
8	0
8	0
8	8
13	0
8	0
1	0
8	0
8	0
8	0
8	0
1	0
8	0
8	0
8	0
8	0
8	0
8	0
8	0
8	0
8	0
8	0
8	0
8	0
8	0
8	0
8	0
8	0
8	0
1	0
8	0
8	0
1	0
8	0
8	0
8	0
8	0
8	0
8	0
8	0
8	0
8	0
1	0
12	0
8	0
8	0
8	0
8	0
8	0
16	0
8	0
1	0
8	0
8	0
13	0
17	0
17	0
17	0
12	17
17	0
8	0
8	0
8	0
8	0
8	0
8	0
8	0
8	0
8	0
8	8
8	0
8	0
8	0
8	0
8	0
8	8
17	0
17	0
17	17
17	0
17	0
17	0
17	17
9	9
12	0
12	0
12	17
12	0
12	17
8	0
8	0
8	0
8	0
8	0
8	0
8	0
8	0
8	8
8	0
8	0
8	0
8	0
8	0
8	0
8	8
5	5
8	0
8	0
8	0
8	8
8	0
8	0
12	0
13	0
12	0
11	11
4	0
11	4
17	0
11	11
1	0
1	0
1	6
17	0
12	6
12	0
12	0
12	0
8	8
13	13
14	0
11	0
14	0
2	0
14	0
2	11
8	0
8	0
8	0
8	0
8	0
8	8
12	0
12	8
10	0
16	0
3	0
16	0
16	10
5	5
16	0
11	0
11	0
12	6
1	0
17	0
12	0
17	0
12	3
4	0
16	5
6	6
8	0
8	0
8	0
8	8
2	0
2	2
8	0
1	0
1	0
1	0
1	8
13	0
12	0
17	0
12	6
17	0
17	0
8	0
8	8
4	0
4	4
5	6
8	0
8	8
2	2
2	6
8	0
8	0
8	0
8	0
8	0
8	8
13	13
8	0
8	0
8	17
5	5
8	0
8	0
8	0
8	0
8	0
8	0
8	0
8	8
13	13
8	0
12	12
13	13
13	13
11	0
11	0
8	11
3	0
17	0
2	11
1	0
1	6
1	0
1	0
1	0
1	0
1	1
8	0
8	0
8	8
3	0
10	0
2	0
3	0
3	0
13	0
12	0
8	0
8	0
8	0
8	0
8	0
8	0
8	0
12	1
17	0
4	0
4	0
4	0
17	0
17	4
17	0
17	0
17	0
17	0
12	8
1	0
1	0
1	0
1	0
1	0
1	1
5	5
1	0
1	0
1	0
1	1
1	0
1	0
3	0
2	0
16	0
1	0
16	16
2	0
2	14
1	0
11	0
1	0
3	0
1	0
1	0
1	0
16	16
13	13
14	0
11	0
14	14
3	0
1	11
8	0
8	0
8	8
2	0
2	2
13	0
2	0
3	3
8	2
3	0
4	0
2	6
8	0
8	0
8	0
8	17
5	5
8	0
8	0
8	0
8	0
8	0
8	0
8	0
8	8
2	2
2	0
11	0
1	0
6	6
1	0
1	1
8	0
8	0
8	8
4	0
4	0
4	0
4	0
16	0
17	4
1	0
1	0
1	1
1	0
1	0
1	0
1	0
1	0
1	0
1	0
1	0
1	1
8	0
8	0
8	0
8	8
5	5
8	0
8	0
8	0
8	0
8	0
8	8
3	0
13	0
12	0
3	0
3	0
5	0
3	0
3	2
4	0
4	0
4	0
4	0
14	4
2	3
8	0
8	0
8	0
8	0
8	8
8	0
2	0
2	2
12	6
12	0
8	8
2	0
2	2
8	0
8	0
8	0
8	0
8	0
8	8
16	0
2	0
1	0
2	0
2	0
16	0
16	0
16	16
13	13
11	0
11	0
8	0
11	4
11	0
2	2
8	0
8	0
8	0
8	0
8	0
8	0
8	8
2	2
2	0
2	0
3	0
1	0
1	0
13	0
12	0
3	2
3	0
12	6
1	0
1	1
8	0
8	0
8	0
8	0
8	0
8	0
8	0
8	0
8	8
2	0
2	2
8	8
13	13
3	0
16	5
3	0
1	0
1	0
1	0
1	0
3	0
3	0
3	3
2	2
12	0
12	12
13	13
12	12
13	13
2	0
2	0
2	2
3	0
1	6
8	0
8	0
8	0
8	0
8	0
8	0
8	0
8	0
8	8
13	13
2	2
8	0
8	0
8	0
8	0
8	12
13	13
12	12
13	13
13	0
12	0
5	5
12	0
17	0
17	0
1	0
1	1
8	0
8	0
8	0
12	8
16	0
16	0
16	0
4	16
3	2
3	0
12	0
2	6
1	0
1	1
8	0
8	0
8	0
8	0
8	0
8	8
2	2
12	0
12	12
13	13
12	12
12	13
12	6
12	0
8	0
8	0
8	0
8	0
8	0
8	0
8	0
8	0
8	0
8	0
8	0
8	0
8	0
8	8
2	2
9	0
1	1
8	0
17	8
8	0
8	0
8	0
8	0
8	0
13	0
12	0
2	0
6	0
6	6
8	0
8	0
8	8
4	0
4	0
4	0
4	0
17	0
17	4
1	0
17	6
1	0
1	0
1	0
1	0
1	0
1	0
1	0
1	0
1	1
1	0
1	1
8	0
8	0
8	0
8	8
2	0
2	0
2	0
1	2
1	0
1	0
1	0
1	0
1	0
1	0
1	0
1	0
1	1
8	0
8	0
8	0
8	0
1	8
1	0
1	0
1	0
1	0
1	0
16	16
13	13
13	0
3	0
3	0
3	0
1	0
12	0
12	0
12	6
8	0
8	8
4	0
4	0
4	0
4	0
16	0
1	4
1	0
2	0
1	0
1	0
1	0
1	0
16	0
1	0
16	16
5	5
6	0
3	0
3	0
12	16
3	0
2	2
8	0
8	0
8	0
8	8
2	2
12	0
12	6
1	0
1	0
16	0
1	1
8	0
8	0
8	8
3	0
3	0
3	5
2	3
5	2
8	0
8	0
8	0
8	8
8	0
2	0
2	2
12	0
12	6
5	0
3	0
3	0
3	0
13	0
12	0
12	0
12	6
2	0
2	2
8	0
8	0
8	0
8	0
8	8
1	0
1	0
1	0
1	0
16	0
16	0
1	1
8	0
8	0
8	0
8	8
17	0
11	0
2	0
2	0
2	0
2	6
8	0
8	0
8	0
8	0
8	0
8	0
8	0
8	0
8	8
16	0
11	0
2	0
2	0
3	0
2	16
16	0
11	2
3	0
12	6
17	0
1	0
1	0
1	0
1	0
1	0
1	1
8	0
8	0
8	0
8	0
8	0
8	0
13	0
12	0
1	0
1	0
1	0
2	1
8	0
8	0
8	0
8	8
12	0
12	6
1	0
1	0
1	0
1	0
1	0
16	0
1	1
8	0
8	0
8	0
8	0
8	8
3	0
2	0
1	0
2	0
1	0
1	0
1	0
16	0
1	16
16	0
11	11
3	0
3	0
3	3
2	0
2	2
17	0
1	6
1	0
1	0
1	0
1	0
1	0
1	0
1	0
1	0
1	1
8	0
8	0
8	8
8	0
8	0
8	0
8	8
13	13
11	0
13	0
12	0
3	0
3	5
17	2
12	0
12	6
8	0
8	0
8	8
17	0
2	0
2	0
2	4
17	0
12	6
17	0
17	0
2	0
2	0
2	0
16	0
2	0
1	1
8	0
8	8
16	2
12	0
12	6
2	0
6	0
6	0
3	0
3	0
3	0
1	1
8	0
8	0
8	0
8	0
8	0
8	0
8	0
8	0
8	8
2	0
2	0
2	0
6	0
1	0
1	0
1	0
1	1
8	0
8	0
8	0
8	8
2	0
1	0
16	16
13	0
12	0
12	0
12	6
12	0
12	0
12	0
12	8
16	0
16	0
16	0
16	0
16	16
2	0
2	2
11	0
1	6
2	0
2	0
3	0
3	3
1	0
1	0
1	0
1	0
1	0
1	0
1	0
1	1
8	0
8	0
8	0
8	0
8	0
8	0
8	0
8	0
8	8
2	2
3	0
1	6
1	0
1	0
1	0
1	0
1	1
8	0
8	0
8	0
8	0
8	8
2	2
3	0
1	6
12	0
8	0
12	12
8	0
8	8
13	13
13	0
12	0
3	0
12	0
5	0
12	0
3	3
4	0
11	4
2	2
12	0
12	8
5	5
1	0
1	0
1	16
2	2
9	9
8	0
2	0
2	0
2	2
8	0
8	0
8	8
9	9
17	0
11	6
16	0
2	0
3	0
3	3
1	0
1	0
1	0
1	0
1	1
8	0
8	0
8	0
8	0
8	8
3	0
3	0
3	0
1	0
16	0
16	10
13	13
13	0
3	0
3	0
1	0
1	0
1	0
1	0
8	0
1	0
1	0
1	0
1	0
12	0
6	11
8	0
2	0
2	2
2	6
8	0
8	0
8	0
8	0
8	0
8	8
2	2
2	0
1	0
1	0
1	1
8	0
8	0
8	0
8	0
8	0
8	0
8	0
8	0
8	8
4	2
8	0
12	0
8	0
8	8
5	5
8	0
8	8
13	13
8	0
8	0
8	0
8	0
8	0
8	0
8	8
5	5
8	0
8	0
8	0
8	0
8	0
8	8
3	0
3	0
3	5
2	3
2	0
2	2
3	0
11	0
3	0
16	0
13	0
13	0
3	3
17	3
17	6
1	1
8	0
8	0
8	0
8	8
5	5
3	0
1	6
1	0
1	0
1	0
1	1
8	0
8	0
8	0
8	8
13	13
13	0
1	0
1	0
1	0
1	0
1	0
1	0
1	0
1	0
1	0
1	0
1	0
1	0
1	0
1	0
1	0
1	0
1	0
1	0
8	0
1	0
1	0
1	0
1	0
1	0
8	0
3	0
12	0
1	0
1	0
1	0
8	0
8	0
1	0
3	0
1	0
1	0
1	0
1	0
12	0
2	0
8	0
8	0
8	0
3	0
8	0
8	8
2	2
8	0
8	0
8	0
8	0
8	0
8	0
8	8
13	13
8	0
8	0
8	8
8	2
8	8
13	13
8	6
8	0
8	0
8	0
8	0
8	0
8	8
16	0
11	2
8	0
8	0
8	8
13	13
8	0
8	0
8	8
5	5
8	0
8	0
8	0
8	0
8	0
8	8
2	2
8	0
8	0
8	0
8	0
8	0
8	0
8	8
4	0
11	4
2	0
2	2
8	0
13	0
13	0
9	0
8	0
9	9
13	13
13	0
8	0
8	0
8	0
8	0
8	0
8	0
8	0
9	0
17	0
8	0
8	0
8	0
8	0
8	0
8	0
17	0
17	0
8	0
8	0
8	0
8	0
9	0
17	0
8	0
8	0
8	0
8	0
8	0
9	0
17	0
8	0
8	0
8	0
8	0
8	0
8	0
8	0
8	0
8	0
8	0
8	0
9	0
17	0
8	0
8	0
8	0
8	0
8	0
8	0
8	0
8	0
8	0
8	0
8	0
12	0
12	0
8	0
12	12
12	0
8	0
8	0
8	8
12	0
12	0
12	0
12	0
12	0
12	0
12	0
12	0
12	12
12	0
8	2
8	0
8	8
1	0
1	0
1	0
1	0
16	0
16	16
8	0
8	0
12	0
12	8
5	2
8	0
8	0
8	0
8	0
8	8
2	0
6	0
6	2
1	0
1	0
2	1
1	0
1	0
1	0
1	0
1	0
1	1
8	0
8	0
8	0
8	8
4	0
11	4
9	9
8	0
2	0
2	2
13	0
12	0
12	0
12	6
16	0
16	0
1	0
1	0
16	0
16	0
2	1
8	0
8	0
8	0
8	0
8	0
8	0
8	8
1	0
1	0
1	0
16	0
3	0
1	16
17	0
6	6
12	0
12	8
12	2
17	0
1	1
8	0
8	0
8	0
8	0
8	8
13	13
13	0
1	0
1	0
1	0
1	0
1	0
1	0
1	0
1	0
12	0
12	0
1	0
12	0
12	0
1	0
1	0
1	0
1	0
1	0
1	0
1	0
1	0
1	0
1	0
12	0
8	0
8	0
2	2
12	0
12	0
8	12
4	0
11	4
9	9
8	0
12	6
12	0
12	0
8	8
2	0
2	0
1	2
8	8
12	0
12	0
12	4
13	13
13	0
1	0
1	0
8	0
12	0
12	0
8	0
1	0
8	0
12	0
12	0
1	0
1	0
8	0
8	0
1	0
8	0
12	0
12	0
8	0
1	0
8	0
8	0
12	0
12	0
1	0
1	0
1	0
8	0
16	0
8	0
8	0
8	0
8	0
12	0
12	0
1	0
12	0
2	0
9	0
8	0
1	0
8	9
8	0
8	0
8	8
2	0
2	0
2	0
14	14
2	0
11	6
8	0
8	0
8	8
3	0
1	6
2	0
2	2
12	0
8	8
2	0
2	2
12	0
12	0
8	12
13	13
12	12
12	12
13	13
3	0
16	0
16	0
16	0
3	1
1	0
1	0
1	1
8	0
8	0
8	0
8	0
8	8
1	0
1	0
1	0
1	0
16	16
3	0
3	4
5	5
3	0
16	0
2	9
8	0
12	0
13	0
12	0
17	0
17	11
17	2
17	0
17	17
17	17
8	0
8	17
2	2
8	0
12	12
2	0
2	0
16	0
16	0
2	1
8	0
8	0
8	0
8	0
8	8
4	0
6	4
1	2
1	0
1	0
1	0
1	1
8	0
8	0
8	0
8	8
2	0
2	2
12	0
12	0
12	12
13	13
6	6
8	0
8	0
8	0
1	0
1	0
1	1
8	0
8	8
5	5
12	12
16	0
16	0
16	16
4	0
16	4
13	13
14	0
14	14
1	0
13	0
12	0
17	0
12	6
12	0
8	0
8	0
8	0
8	8
17	0
12	2
8	0
12	17
12	0
12	0
8	12
13	13
17	0
17	0
17	12
17	12
12	0
12	12
13	13
12	0
12	12
13	13
12	0
4	4
5	6
12	0
12	0
12	8
2	0
2	2
12	0
12	0
12	0
12	8
1	0
1	0
1	0
1	0
16	0
16	0
16	16
13	13
3	11
3	0
3	0
1	1
8	0
8	0
8	8
2	0
2	2
2	0
11	0
6	6
8	0
13	0
12	0
12	0
12	6
12	0
12	0
12	8
9	0
9	9
13	13
3	0
14	2
6	6
12	0
13	0
12	0
1	0
1	12
8	0
12	0
8	12
2	0
2	2
6	6
1	0
1	0
3	0
1	0
1	0
1	1
8	8
12	12
12	0
12	0
12	0
12	1
3	0
2	2
8	0
8	0
8	0
8	0
8	8
12	0
2	0
4	2
1	0
2	0
1	0
6	0
6	1
8	8
2	0
2	0
2	0
16	0
16	0
16	16
4	0
16	4
13	0
12	0
3	0
12	6
12	0
1	1
8	0
8	0
8	8
4	0
4	4
11	0
2	2
12	0
12	11
2	2
12	12
12	12
3	0
1	0
1	0
1	0
1	1
8	0
8	0
8	0
8	8
13	13
12	0
12	0
8	12
13	13
13	0
1	0
1	0
1	0
1	0
12	0
1	0
1	0
1	0
1	0
1	0
1	0
1	0
1	0
1	0
1	0
1	0
12	0
12	0
1	0
1	0
8	0
8	0
8	0
3	0
3	0
1	0
1	0
1	0
13	0
8	0
8	0
8	17
13	13
8	0
8	17
13	13
8	0
8	0
8	17
13	13
5	0
3	3
3	0
3	0
1	1
4	0
16	4
13	13
13	0
1	0
1	0
1	0
16	0
16	0
16	0
1	0
1	0
1	0
8	0
8	0
1	0
1	0
1	0
16	0
1	0
16	0
16	0
16	0
16	0
1	0
1	0
16	0
16	0
16	0
16	0
8	0
8	0
8	0
8	0
1	0
5	0
1	0
8	0
8	0
8	0
1	0
1	0
1	0
12	0
3	0
12	6
12	0
1	1
8	0
8	0
8	8
5	0
3	0
3	3
4	0
4	4
3	0
2	2
8	0
12	0
8	8
2	0
2	2
8	0
8	0
8	0
8	8
5	5
6	6
8	0
8	0
8	0
8	0
8	0
8	8
16	0
16	0
16	0
16	16
12	0
11	0
12	4
13	13
3	14
12	0
12	6
12	0
12	8
3	0
3	2
1	0
1	0
1	0
1	1
2	0
2	2
11	0
11	11
2	2
12	0
12	0
12	12
13	0
12	0
9	9
12	0
4	4
12	0
12	0
12	12
2	0
2	0
2	0
3	3
12	0
6	6
8	0
8	0
8	0
8	0
8	0
8	8
12	2
8	0
8	0
8	0
8	8
1	0
1	0
1	0
16	16
13	13
13	0
1	0
1	0
1	0
12	0
1	0
16	0
1	0
1	0
1	0
12	0
1	0
1	0
1	0
1	0
1	0
1	0
1	0
16	0
16	0
1	0
1	0
1	0
1	0
16	0
2	0
2	0
1	0
1	0
12	0
12	0
12	0
6	0
12	6
12	0
12	8
4	0
4	4
6	6
1	0
1	0
1	0
9	1
8	0
8	0
8	0
8	8
17	0
2	0
1	2
1	0
2	0
1	0
1	0
1	1
1	0
1	0
1	0
1	1
8	0
8	0
8	0
8	8
17	17
12	0
12	0
12	0
12	17
17	17
17	0
12	17
12	0
8	17
2	0
1	0
16	0
16	16
13	13
3	11
11	0
2	2
5	6
12	0
12	0
8	0
17	0
8	8
16	0
1	0
16	0
13	0
12	0
6	6
1	0
1	1
8	0
8	0
8	0
8	8
2	2
2	0
6	6
1	1
8	0
8	8
17	0
4	4
12	0
12	0
12	12
17	0
3	0
3	0
3	3
16	0
16	0
16	16
13	13
5	6
8	0
8	0
13	0
12	8
17	0
2	0
2	2
12	0
12	6
12	0
12	12
5	5
12	0
12	6
12	0
12	12
17	0
12	10
12	0
17	0
1	0
1	0
16	16
13	13
13	0
1	0
1	0
1	0
1	0
1	0
8	0
16	0
12	0
3	0
1	0
14	0
14	3
4	0
11	4
5	6
1	0
9	1
8	0
8	0
8	0
8	0
8	8
2	0
2	0
2	2
8	0
8	0
8	0
8	8
1	0
2	0
1	0
1	0
16	16
4	0
16	4
13	13
3	11
12	0
12	6
12	0
12	8
2	2
12	0
12	0
8	12
13	13
13	13
2	2
3	0
6	6
8	8
16	0
16	0
16	16
3	0
6	0
6	6
8	0
8	8
13	13
16	0
16	0
16	16
13	13
13	0
1	0
12	0
2	2
8	6
8	0
8	8
2	0
2	2
12	12
12	0
12	12
12	0
12	0
12	12
4	0
4	4
12	0
12	0
12	12
9	9
1	0
1	6
8	0
8	0
8	0
8	0
8	17
5	5
8	0
8	0
8	0
8	0
8	0
8	0
8	8
2	0
2	0
3	0
16	0
16	0
16	0
16	16
13	13
13	0
1	0
1	0
1	0
1	0
1	0
1	0
8	0
8	0
8	0
16	0
12	0
12	0
16	0
16	0
16	0
16	0
16	0
12	0
6	0
12	6
12	0
12	0
8	0
8	0
8	8
4	0
4	4
16	0
2	2
12	0
8	12
3	0
3	6
16	0
16	0
1	1
8	0
8	0
8	0
8	8
2	0
2	2
8	0
8	0
8	8
3	0
2	0
2	2
1	0
1	0
1	1
2	0
2	0
6	0
1	0
1	0
1	1
8	0
8	0
8	0
8	8
2	0
2	0
2	2
12	0
6	6
12	0
12	0
8	0
8	0
8	0
8	8
5	5
6	6
12	0
8	0
13	0
12	0
8	0
8	8
17	0
17	0
17	17
17	0
17	0
17	0
17	0
17	17
9	0
9	9
2	2
12	0
12	0
8	0
13	17
5	0
17	0
2	5
12	0
12	0
12	8
17	6
12	0
8	0
8	0
8	0
8	0
8	8
16	0
16	0
16	0
16	0
16	16
2	2
2	0
11	0
1	6
8	0
8	0
8	0
8	8
2	2
9	9
8	0
8	8
8	13
5	6
8	0
8	8
12	2
8	0
8	8
16	0
2	0
9	0
9	2
13	0
13	0
1	0
1	0
1	0
8	0
8	0
8	0
8	0
8	8
2	0
2	2
3	3
9	9
8	0
8	0
8	0
8	8
2	0
2	2
8	0
8	0
8	8
2	0
2	2
3	0
3	0
3	3
5	5
9	9
8	0
8	0
8	0
8	8
2	0
1	2
1	0
1	0
1	0
1	1
8	0
8	8
2	0
2	0
2	2
1	0
1	0
1	0
1	0
1	0
1	0
1	0
1	0
1	1
1	0
6	0
1	0
1	1
8	0
8	0
13	0
12	0
2	0
2	0
14	2
8	0
8	0
8	0
8	8
2	2
12	0
12	0
12	12
16	0
16	2
12	0
8	0
8	8
2	2
8	0
8	0
8	0
8	0
8	0
8	0
8	0
8	8
12	0
17	4
17	0
12	6
17	0
12	1
8	0
8	0
8	0
8	8
2	0
2	0
3	0
3	0
2	2
3	0
1	0
1	0
1	0
1	0
1	0
1	1
8	0
8	0
8	0
8	0
13	0
8	0
1	0
1	0
1	0
1	0
1	0
13	0
12	0
6	6
8	0
8	0
8	0
8	8
16	0
16	0
16	0
16	16
3	0
2	0
2	0
3	0
3	3
5	6
3	0
1	0
1	1
1	0
9	1
8	0
8	0
8	0
8	8
2	0
2	0
2	2
3	0
6	6
8	0
8	0
8	8
2	0
2	0
2	2
8	0
8	0
8	0
8	0
8	8
13	13
8	0
8	8
5	5
8	0
8	0
8	0
8	0
8	0
8	8
2	0
2	0
2	2
8	0
8	0
12	0
8	0
12	0
13	0
12	0
11	0
11	11
16	0
16	0
16	16
2	0
2	2
6	6
8	0
8	0
8	0
8	8
2	0
2	2
3	0
9	9
12	0
17	0
8	0
8	3
1	0
1	0
1	1
8	0
8	0
8	0
8	8
1	2
1	0
1	0
1	0
1	0
1	1
8	0
8	0
8	0
8	0
8	8
13	13
13	0
3	0
3	0
1	0
1	0
8	0
8	0
3	0
3	0
16	0
1	0
2	0
1	0
8	0
1	0
8	0
8	0
8	0
3	0
3	0
13	0
14	14
6	6
11	0
6	0
6	6
8	0
8	8
1	0
1	0
1	0
1	1
11	0
11	4
5	5
1	6
8	8
13	13
3	0
16	0
16	0
16	0
16	16
6	6
8	0
8	0
8	8
2	0
2	2
2	0
6	0
6	6
8	0
8	0
8	8
2	0
2	0
2	2
8	0
8	8
3	0
2	0
3	0
1	1
2	0
2	2
8	0
8	0
8	8
2	2
6	6
12	0
8	0
8	0
12	0
8	8
2	0
2	2
1	0
13	0
12	0
1	0
1	0
1	0
1	0
1	3
4	0
4	0
4	4
2	2
13	6
1	1
8	0
8	0
8	8
17	2
17	0
8	8
5	6
3	0
17	0
1	0
3	1
8	0
8	0
8	0
8	0
8	0
8	0
8	0
8	8
2	0
2	0
16	0
16	0
16	0
16	16
13	13
3	11
3	0
3	0
3	3
2	0
2	0
6	2
1	0
1	0
1	0
1	0
1	0
1	0
1	0
1	0
1	0
1	1
8	0
8	0
8	0
8	0
13	0
12	0
3	0
3	3
3	0
2	0
3	0
16	0
16	16
11	0
11	6
1	0
1	1
8	8
13	13
3	11
16	0
11	11
3	0
3	0
3	3
1	0
1	0
16	0
16	0
16	16
5	5
1	0
1	0
1	0
16	0
16	16
13	13
13	0
1	0
16	0
16	0
16	0
16	0
1	0
1	0
16	0
16	0
16	0
16	0
1	0
16	0
1	0
1	0
1	0
1	0
1	0
3	0
16	0
11	0
3	0
1	0
1	0
1	0
16	0
16	0
12	0
9	9
8	0
8	0
8	8
9	0
9	9
8	0
8	0
8	12
2	2
12	0
12	0
8	0
13	17
5	0
17	0
2	5
12	0
12	0
12	8
12	0
12	6
2	0
12	0
2	0
1	1
8	0
8	0
8	0
8	8
2	2
2	0
6	0
6	6
8	0
8	0
8	8
5	0
2	0
16	0
16	16
11	0
11	0
6	6
8	0
8	0
8	0
8	0
8	0
8	0
8	0
8	0
8	0
8	0
8	0
8	0
8	8
13	13
13	0
12	0
5	6
8	0
8	0
8	8
3	2
9	9
8	0
8	0
8	8
2	0
2	2
6	6
8	0
8	0
8	0
8	0
8	0
8	0
8	0
8	0
8	8
3	0
16	0
16	0
16	16
6	6
1	0
1	0
1	1
8	0
8	0
8	8
2	0
2	0
2	2
8	0
8	0
8	8
13	13
3	11
2	0
2	0
2	0
3	2
2	0
2	2
9	9
8	0
8	0
8	8
1	0
1	0
1	0
1	1
8	0
8	0
8	0
8	0
13	0
12	0
11	6
3	0
3	0
3	1
13	13
1	0
1	0
1	0
1	0
1	1
5	5
3	2
9	9
8	0
8	0
8	8
2	0
2	0
1	0
1	0
2	1
8	0
8	0
8	0
8	0
8	0
8	8
16	0
16	0
16	16
12	0
12	6
12	0
12	0
12	0
8	0
8	8
17	0
6	0
12	3
17	0
12	10
13	13
1	0
1	0
5	0
1	0
1	16
1	2
8	0
8	0
12	0
13	0
8	0
12	0
12	0
8	8
3	2
13	0
12	0
17	12
8	0
8	0
8	12
9	0
9	9
2	2
8	0
8	0
8	0
8	8
16	0
8	0
2	5
12	0
12	0
12	8
12	0
12	6
12	0
8	0
8	8
17	12
17	0
11	4
17	0
2	2
11	0
11	6
1	0
1	0
1	0
1	1
8	0
8	0
8	0
13	0
8	0
8	8
2	2
8	0
8	0
8	0
8	0
13	17
5	0
4	0
2	5
12	0
8	0
8	0
8	0
8	0
8	0
8	0
8	8
1	0
3	0
13	0
12	0
12	0
12	6
2	0
1	0
16	0
3	0
1	1
8	0
8	0
8	0
8	0
8	0
8	8
12	0
12	16
16	0
4	2
6	6
1	0
1	0
1	0
1	0
1	1
8	0
8	8
2	0
2	0
16	0
16	0
16	0
16	16
4	0
4	4
13	13
13	0
1	0
1	0
16	0
1	0
1	0
1	0
16	0
12	0
1	0
8	0
1	0
1	0
12	0
16	0
16	0
16	0
1	0
1	0
1	0
8	0
8	0
8	0
8	0
12	0
12	0
12	0
12	6
12	0
8	0
12	0
12	0
8	8
4	0
6	4
1	0
2	0
2	0
1	0
1	0
1	2
8	0
8	0
8	0
8	0
8	8
2	2
9	9
8	0
8	0
8	8
2	0
3	0
1	0
1	1
13	13
16	0
1	0
5	0
1	0
16	16
11	0
2	2
6	6
9	0
8	0
12	0
1	0
1	0
13	0
12	0
1	0
1	0
8	8
3	2
9	9
8	0
8	0
8	8
13	13
13	0
1	0
1	0
1	0
1	0
12	0
6	6
8	0
8	0
8	0
8	0
8	0
8	0
8	8
13	13
3	11
2	2
6	6
8	0
8	0
8	8
2	0
2	2
8	0
8	0
8	0
8	0
8	0
8	8
1	0
1	0
1	0
1	0
16	0
16	16
4	0
4	4
13	13
16	0
16	0
16	0
16	16
6	6
1	0
1	1
8	0
8	8
2	2
2	0
6	0
6	6
8	0
8	0
8	8
13	13
13	0
1	0
1	0
8	0
1	0
1	0
1	0
1	0
1	0
8	0
13	0
11	0
11	0
11	6
8	0
8	0
8	0
8	0
8	0
8	8
4	0
11	4
2	0
2	0
6	0
3	0
1	2
8	0
8	0
13	0
12	0
12	0
8	0
8	8
1	0
1	0
1	0
16	0
16	0
16	16
13	13
3	0
3	3
6	0
6	6
8	0
8	8
3	0
1	2
8	0
8	0
8	0
8	0
8	8
2	0
2	2
1	0
1	0
1	0
1	0
1	0
1	0
1	1
8	8
13	13
16	0
2	2
6	6
12	0
13	0
12	0
2	0
6	6
12	0
8	0
8	0
8	0
8	0
8	8
3	0
2	0
2	0
16	0
16	0
16	0
16	16
11	0
11	11
11	0
2	2
1	0
12	0
1	0
1	1
8	0
8	0
8	8
2	0
2	0
2	2
12	0
6	6
8	0
8	0
8	0
8	17
5	5
3	0
1	0
1	0
1	1
8	0
8	0
8	8
2	0
2	0
2	2
12	0
6	6
12	0
8	0
8	0
8	0
8	0
8	8
2	0
3	2
1	0
1	0
13	0
12	0
12	0
12	0
12	12
17	0
17	0
17	0
17	17
17	17
17	0
17	0
17	17
17	0
17	0
16	0
16	17
9	0
9	9
5	5
9	0
9	9
8	6
16	1
8	0
8	8
2	2
8	0
8	0
8	0
8	0
8	0
8	0
8	8
2	0
2	0
1	0
1	0
16	0
16	16
2	0
2	2
8	0
8	0
8	0
8	0
8	8
12	0
12	6
12	0
8	0
8	8
12	0
12	0
12	12
13	13
13	0
1	0
1	0
8	0
1	0
11	0
12	0
12	6
8	0
8	0
8	0
8	0
8	0
8	8
9	0
9	0
8	17
2	0
2	0
2	0
16	2
8	0
8	0
8	0
8	0
8	0
8	8
2	0
16	0
3	0
16	0
16	0
3	16
13	13
6	0
6	6
12	0
8	8
4	0
2	0
3	0
2	2
2	0
2	2
8	0
8	0
8	0
8	0
8	8
1	0
1	0
1	0
1	0
1	1
8	8
3	0
3	10
1	0
1	0
16	16
13	13
3	0
4	0
14	0
13	0
12	0
8	0
12	6
12	2
1	0
1	0
1	0
6	1
8	0
8	8
17	0
2	0
12	10
1	0
1	0
1	1
8	0
8	0
8	8
2	0
2	2
8	8
4	0
6	4
5	6
1	0
1	0
1	0
1	0
1	0
1	0
1	1
8	0
8	0
8	8
2	0
2	2
12	0
12	6
8	0
8	0
8	0
8	8
2	2
12	0
12	0
8	12
13	13
13	0
12	0
1	0
16	0
1	0
1	0
8	0
16	0
16	0
8	0
1	0
1	0
12	0
12	0
12	6
12	0
8	8
16	0
2	0
4	2
1	0
2	0
1	0
1	0
1	1
8	0
8	0
8	8
13	13
13	0
1	0
1	0
1	0
8	0
16	0
8	0
16	0
8	0
1	0
1	0
1	0
1	0
1	0
1	0
1	0
1	0
1	0
8	0
16	0
16	0
8	0
1	0
1	0
16	0
8	0
16	0
8	0
8	0
8	0
12	0
12	0
12	0
16	0
16	0
1	0
1	0
1	0
1	0
1	0
1	0
1	0
1	0
12	0
6	6
8	0
8	8
4	0
6	4
1	2
1	0
1	0
1	0
1	0
1	1
8	0
8	0
8	8
13	13
2	0
2	0
14	0
3	0
14	2
1	0
1	0
1	0
1	0
1	1
8	0
8	0
8	0
8	0
8	0
8	8
2	0
11	2
8	0
13	17
8	0
12	0
2	5
8	0
8	0
8	0
8	0
8	8
5	5
2	2
3	0
3	0
1	0
1	1
8	0
17	0
2	5
1	0
1	0
1	0
1	0
1	0
8	0
13	0
12	0
2	0
2	17
12	17
12	0
12	0
8	17
13	13
8	0
8	0
8	0
8	0
8	0
8	0
8	0
8	8
9	0
9	0
9	9
8	0
8	6
8	0
8	0
8	0
8	0
8	0
8	0
8	0
8	0
8	0
8	8
2	2
8	0
8	0
8	0
8	0
8	0
8	8
2	0
2	2
8	0
8	0
8	0
8	0
8	8
3	0
12	0
16	0
16	0
16	16
3	0
11	6
1	0
1	1
8	0
8	0
8	8
2	2
3	0
13	0
12	0
12	0
1	6
8	0
8	0
8	8
16	0
16	0
16	16
11	0
11	11
2	0
2	0
6	2
8	0
8	0
8	8
3	2
9	9
8	0
8	0
8	8
1	0
2	0
2	0
16	0
1	16
13	13
13	0
1	0
16	0
1	0
1	0
1	0
1	0
1	0
16	0
1	0
1	0
1	0
1	0
1	0
1	0
1	0
1	0
1	0
1	0
1	0
1	0
1	0
8	0
3	0
3	0
16	0
11	0
16	0
11	0
2	0
1	0
1	0
12	0
17	0
12	11
2	0
2	0
2	2
12	0
12	0
8	0
8	8
2	0
1	0
1	0
1	1
8	0
8	0
8	8
2	0
2	0
2	2
12	0
12	0
8	8
13	13
6	6
12	0
12	0
12	0
12	0
8	8
5	5
12	6
8	0
8	0
8	8
1	0
1	0
16	0
16	0
16	16
12	0
12	6
8	8
2	0
2	0
3	0
2	2
1	1
8	0
8	0
12	0
12	0
12	8
5	5
3	0
2	0
1	0
16	0
16	16
13	0
12	0
12	0
12	6
12	0
12	0
12	8
5	5
6	6
8	0
12	0
12	0
8	0
8	8
4	0
4	4
2	2
9	9
8	0
8	0
8	0
8	0
8	0
8	0
13	0
1	0
8	8
5	5
9	9
1	0
1	0
1	1
8	0
8	0
8	8
3	0
12	0
1	0
16	0
16	0
16	16
13	13
13	0
1	0
8	0
8	0
8	0
8	0
8	0
1	0
12	0
12	0
8	0
1	0
8	0
1	0
8	0
8	0
8	0
8	0
3	0
12	0
12	0
12	6
12	0
8	0
8	0
8	0
8	0
8	8
12	0
11	2
1	0
1	0
1	0
1	0
1	0
1	0
1	1
8	8
5	5
6	6
8	0
8	0
8	8
4	0
4	4
2	2
9	0
9	9
8	0
8	0
8	0
8	8
5	5
9	0
9	9
1	0
1	0
1	1
8	0
8	8
2	0
2	2
1	0
3	0
2	0
3	0
1	0
1	0
1	0
1	1
8	0
8	0
8	8
1	0
2	0
2	0
1	0
1	0
13	0
12	0
2	0
2	0
8	0
8	0
2	8
8	0
8	0
8	0
8	8
8	2
8	6
8	0
8	0
8	0
8	0
8	8
13	13
9	0
9	0
8	0
9	0
9	9
13	13
12	0
12	0
12	12
16	0
16	0
16	0
16	16
2	0
2	0
2	2
11	0
6	0
6	6
8	0
8	8
6	6
1	0
1	1
8	0
8	0
8	0
8	0
8	8
13	13
17	0
12	4
12	0
12	6
12	0
8	8
12	0
12	6
8	0
8	0
8	0
13	0
12	0
8	0
12	12
13	13
12	0
12	0
12	0
12	12
13	13
12	12
13	13
12	12
12	12
13	13
12	12
12	12
13	13
12	12
13	13
12	12
5	5
12	0
12	0
12	12
12	0
12	0
16	0
16	0
16	16
2	0
2	0
2	2
8	0
8	0
8	0
8	8
13	13
3	11
3	0
6	6
12	0
12	0
12	0
12	12
4	0
2	0
4	2
8	0
8	8
12	0
12	6
12	0
12	0
8	0
8	0
8	0
8	0
8	0
8	8
13	0
12	0
9	0
8	0
9	0
8	17
8	0
8	0
8	12
12	0
12	0
12	17
12	0
12	0
12	17
12	0
12	0
12	0
17	0
12	0
17	0
17	0
17	0
12	0
17	0
12	12
8	6
17	0
8	0
8	8
2	2
8	0
8	0
8	8
17	0
8	0
17	0
8	8
12	0
12	0
12	12
2	4
9	9
8	0
12	6
1	0
1	0
1	1
8	0
8	0
8	0
8	0
8	0
8	0
8	0
8	0
8	8
2	2
2	6
8	0
13	0
12	0
17	0
8	6
2	0
2	0
2	0
2	0
1	0
16	0
1	1
8	0
8	0
8	8
4	0
11	4
2	0
2	2
3	0
11	0
6	6
8	0
8	0
8	0
8	8
3	0
3	0
3	0
3	0
3	10
12	0
16	0
16	16
13	13
13	0
1	0
1	0
1	0
8	0
3	0
1	0
1	0
1	0
1	0
8	0
8	0
8	0
1	0
8	0
1	0
1	0
1	0
1	0
1	0
1	0
1	0
1	0
1	0
1	0
16	0
3	0
12	0
13	13
12	0
12	6
12	0
8	0
8	8
2	2
2	6
8	0
8	0
8	0
8	8
8	0
8	0
8	8
5	5
8	0
8	0
8	0
8	0
8	8
2	2
12	0
12	0
12	12
13	13
3	11
9	9
17	0
2	0
2	0
9	9
1	0
9	1
8	0
8	8
11	4
16	0
4	0
4	0
4	16
1	0
1	16
5	5
3	3
3	0
3	3
9	6
8	0
8	8
2	0
2	2
8	0
8	0
8	0
8	0
8	8
5	2
13	0
12	0
8	13
2	6
8	0
8	0
8	0
8	8
2	2
2	6
8	0
12	0
8	0
8	12
12	0
12	0
12	0
12	17
12	0
12	0
12	17
12	0
12	0
12	0
12	0
12	17
13	13
6	0
6	0
1	6
8	0
8	0
8	0
8	0
8	0
8	0
8	8
13	13
3	11
2	0
3	0
3	0
1	0
2	2
2	2
3	0
1	0
1	6
8	0
8	0
8	0
8	8
2	0
2	0
6	0
6	2
1	0
1	1
8	0
8	0
13	0
12	0
13	13
9	6
8	0
8	0
8	8
2	0
2	2
8	0
8	0
8	8
12	0
12	0
12	0
8	0
12	0
12	0
8	0
8	0
8	8
2	2
2	6
8	0
8	0
8	0
8	0
8	8
12	0
12	0
12	12
13	13
3	11
3	0
1	6
8	0
8	0
8	0
8	0
8	0
8	0
8	8
1	0
1	0
1	0
1	0
1	0
1	0
1	1
1	1
1	0
1	0
1	0
1	0
16	0
16	0
16	16
13	13
2	2
2	6
13	0
12	0
13	13
12	0
12	6
12	0
8	0
8	0
8	8
2	2
3	0
6	0
6	6
12	0
8	0
8	0
13	0
12	0
8	12
13	13
2	0
2	2
11	0
11	11
2	2
12	0
12	0
12	0
12	0
12	0
12	12
13	13
12	12
5	5
12	12
13	13
13	0
1	0
1	0
12	0
16	0
16	0
16	0
16	0
8	0
16	0
12	0
12	0
16	0
8	0
16	0
12	0
16	0
12	0
16	0
16	0
1	0
1	0
1	0
1	0
8	0
12	0
13	13
12	0
17	0
17	6
17	0
16	0
17	1
8	0
8	0
8	0
8	0
8	0
8	8
13	13
3	11
12	0
12	0
8	12
2	0
2	2
8	0
8	0
8	8
2	2
8	0
8	0
8	0
8	0
8	0
8	8
3	0
3	0
16	0
16	0
16	0
16	16
11	4
13	13
2	0
2	2
11	0
11	11
2	2
6	6
8	0
8	0
8	0
8	8
2	0
2	2
8	0
8	0
8	8
13	13
3	11
12	0
12	6
12	0
13	0
12	0
13	13
9	6
8	0
8	0
8	0
8	0
8	8
2	2
2	6
1	1
8	0
8	0
8	0
8	8
2	2
2	6
8	0
8	8
2	2
11	0
1	6
1	0
1	0
1	0
1	0
1	0
1	1
8	0
8	0
8	0
8	0
8	8
2	2
6	6
3	0
1	0
1	0
1	1
8	0
8	0
8	0
8	0
8	8
13	13
14	0
14	2
8	8
5	5
3	3
3	0
2	0
2	2
3	0
6	6
12	0
8	0
8	0
8	0
13	0
12	0
12	0
12	0
12	12
11	4
3	0
6	6
1	0
1	0
1	0
1	0
1	0
1	1
8	0
8	0
8	0
8	8
2	0
2	2
1	0
1	0
2	0
3	0
1	1
8	0
8	0
8	0
8	0
8	0
8	0
8	0
8	8
1	0
1	0
16	0
16	0
16	16
13	13
3	0
3	3
3	0
6	6
12	0
1	0
8	8
2	2
12	12
5	5
12	6
8	0
8	0
8	0
1	0
1	1
8	0
8	8
16	0
2	10
1	0
13	0
12	0
8	0
2	2
9	6
12	0
8	0
12	8
2	0
2	2
8	0
8	0
8	0
8	8
16	0
16	0
2	4
12	0
12	6
12	0
12	0
12	12
13	13
12	12
5	5
12	12
17	0
2	0
2	2
12	0
6	6
12	0
12	0
8	0
8	0
8	8
16	0
11	2
17	12
12	0
12	12
13	13
17	0
17	0
8	12
17	12
12	0
12	12
13	13
8	0
12	12
13	13
17	0
12	6
12	0
12	0
8	0
8	8
2	2
2	6
13	0
12	0
12	0
12	6
12	0
17	0
12	1
12	0
12	0
8	8
2	2
9	6
8	0
8	8
2	2
12	0
12	0
12	12
13	4
16	0
11	11
3	0
3	0
3	0
3	0
3	3
2	2
1	0
1	0
1	6
1	1
8	0
8	0
8	8
13	13
3	11
3	2
1	0
6	0
1	0
1	0
1	1
8	0
8	0
8	8
3	0
1	0
1	0
16	16
4	0
4	0
4	0
4	4
13	13
3	0
1	0
1	0
1	1
16	0
11	0
13	0
12	0
8	0
8	8
9	9
16	0
2	0
2	4
3	0
6	6
8	0
8	8
2	2
2	6
8	0
8	0
8	0
8	8
8	0
8	0
8	8
5	5
8	0
8	0
12	0
8	0
8	8
2	2
2	6
8	0
8	0
8	0
8	0
8	8
12	0
12	0
12	12
1	0
1	1
2	0
11	6
1	0
1	0
1	0
1	0
1	0
1	0
1	1
8	0
8	0
8	0
8	0
8	0
8	0
8	8
2	0
16	0
16	0
16	16
13	13
13	0
16	0
11	11
16	4
16	0
11	11
2	0
2	2
1	0
3	0
1	0
1	0
1	0
1	0
1	1
1	0
1	0
1	0
1	0
1	1
8	0
8	0
8	0
8	0
8	0
8	0
8	8
2	2
2	6
8	0
8	12
2	2
6	0
1	6
8	0
8	0
8	0
8	0
8	0
8	8
2	2
2	0
2	0
2	0
9	9
1	0
1	1
8	0
8	8
13	13
3	11
3	0
6	6
12	0
8	0
8	8
2	2
2	6
8	0
8	8
13	0
13	0
8	0
8	0
8	8
12	0
12	0
12	0
12	12
13	13
12	0
8	0
8	0
8	17
12	0
12	0
12	17
8	0
8	0
8	0
8	0
12	17
13	13
12	0
12	8
9	0
9	9
8	6
17	0
16	0
16	0
2	1
8	0
8	0
8	0
8	0
8	8
2	2
3	0
3	0
1	6
1	0
1	0
1	1
1	0
3	0
1	0
1	0
1	1
8	0
8	0
8	8
8	0
8	6
1	0
1	0
1	0
1	0
1	0
1	0
13	0
12	0
3	0
3	0
2	2
2	6
8	0
8	0
8	8
13	13
8	8
5	5
2	0
2	6
8	0
8	8
2	0
2	2
1	0
1	0
1	1
8	0
8	0
8	8
16	0
16	16
16	0
11	11
2	0
2	0
2	0
6	2
8	0
8	0
8	0
8	0
8	0
8	8
12	0
6	0
1	6
1	0
1	0
1	0
1	1
8	0
8	0
8	8
2	0
2	2
1	0
6	0
1	0
1	0
1	1
8	0
8	0
8	8
13	13
13	0
1	0
12	0
12	0
6	6
12	0
8	0
8	0
8	0
8	8
13	13
9	6
8	0
8	8
5	5
9	6
8	0
8	0
8	8
2	0
2	0
2	2
12	0
12	8
2	2
2	6
8	0
8	0
8	0
8	0
8	0
8	0
8	8
13	13
6	0
6	6
12	0
1	0
8	0
8	0
8	0
8	8
13	13
12	0
12	0
12	6
16	0
2	0
2	0
9	9
8	0
8	0
8	0
8	0
8	0
8	8
5	5
17	0
6	6
12	0
8	0
13	0
12	0
6	0
6	6
12	0
12	0
12	0
8	8
3	0
3	0
3	3
13	13
3	11
3	0
6	6
12	0
12	0
12	0
8	8
2	0
2	2
1	0
6	0
1	0
1	0
1	1
8	0
8	0
8	8
16	0
16	0
16	0
16	16
13	13
4	4
1	0
1	0
1	0
1	0
1	0
1	1
8	0
8	0
8	0
8	0
8	8
2	2
1	0
1	0
1	6
1	0
1	0
1	0
1	0
1	0
1	0
1	0
1	1
8	0
8	0
13	0
12	0
12	0
12	6
12	1
8	0
8	0
8	0
8	8
2	2
2	6
8	0
8	0
8	0
8	12
12	0
12	0
12	0
12	17
12	0
12	0
12	17
12	0
12	0
12	0
8	0
12	17
13	13
12	0
12	6
12	0
12	8
9	0
9	9
13	13
16	0
16	0
16	0
16	16
1	0
2	0
2	0
16	0
1	0
16	1
2	2
2	0
4	6
9	0
9	9
8	0
8	0
8	0
8	8
13	13
3	0
3	0
3	3
9	9
8	0
13	0
12	0
3	0
9	6
8	0
8	0
8	0
8	0
8	0
8	8
16	0
16	0
16	0
16	16
11	0
11	2
2	6
1	0
1	1
8	0
8	0
8	8
2	2
8	0
8	0
8	8
5	5
2	3
1	0
11	2
2	6
1	0
1	0
1	0
1	0
1	0
1	0
1	1
8	0
8	8
2	2
16	0
1	0
11	0
3	0
2	6
8	0
8	0
8	8
13	13
13	0
1	0
1	0
1	0
1	0
1	0
1	0
1	0
16	0
16	0
3	0
12	0
9	9
9	0
8	0
9	0
1	9
8	2
6	6
6	0
1	0
1	6
1	1
1	0
1	0
1	0
1	0
1	0
1	1
8	0
8	0
8	0
8	0
8	8
13	13
14	14
8	0
8	0
8	0
8	8
13	13
8	0
8	0
8	0
8	0
8	0
8	8
17	0
5	5
1	0
1	0
1	1
8	0
8	0
8	12
8	0
8	0
13	0
1	12
8	0
8	0
8	8
13	13
4	0
16	16
2	0
6	6
12	0
8	0
8	0
13	0
13	0
17	0
5	10
3	3
3	0
16	2
1	0
6	0
1	0
1	0
1	1
8	0
8	0
8	8
13	13
13	0
1	0
1	0
1	0
1	0
1	0
1	0
1	0
1	0
1	0
1	0
1	0
1	0
1	0
1	0
1	0
1	0
1	0
8	0
8	0
8	0
1	0
1	0
8	0
1	0
1	0
1	0
8	0
1	0
1	0
1	0
1	0
1	0
1	0
1	0
1	0
1	0
1	0
1	0
1	0
1	0
1	0
1	0
8	0
8	0
12	0
3	0
1	6
8	0
8	0
8	0
8	0
8	0
8	0
8	0
8	8
4	0
11	4
1	6
8	0
8	8
13	13
5	5
12	0
6	6
12	0
12	0
8	0
8	0
8	0
8	0
8	0
8	0
8	0
8	0
8	8
2	2
12	0
12	0
12	12
16	0
12	0
2	4
17	0
6	0
3	3
2	3
1	0
12	0
12	0
12	0
1	0
16	16
13	13
3	3
1	0
17	1
17	0
6	6
12	0
12	0
8	0
1	8
1	0
13	0
12	0
12	0
12	6
12	0
8	0
8	0
8	0
8	8
4	0
11	4
1	6
8	0
8	0
8	0
8	0
8	0
8	0
8	8
13	13
3	11
3	3
1	0
1	0
1	0
1	0
1	0
1	1
4	0
11	4
5	5
3	6
1	0
1	0
1	1
8	0
8	0
8	8
5	5
3	0
2	2
9	6
1	0
8	0
8	0
8	0
8	0
8	0
8	0
8	8
2	2
2	0
1	0
6	0
1	0
1	0
1	1
8	0
8	0
8	0
13	0
13	0
6	2
8	0
8	0
8	0
8	8
2	0
2	2
8	0
1	0
1	1
8	0
8	0
8	8
13	13
3	11
3	0
9	2
2	0
2	6
12	0
12	0
12	0
12	0
8	8
16	0
16	0
16	16
13	13
2	0
2	0
2	0
16	0
16	0
16	16
2	6
1	0
3	0
1	0
1	0
1	1
8	0
8	0
8	8
2	0
9	2
2	0
2	6
8	0
12	0
8	0
8	8
13	13
9	0
13	0
9	0
9	0
9	9
8	0
13	0
12	0
3	0
1	1
16	0
16	0
16	16
3	0
6	6
8	0
8	0
8	8
2	0
2	2
1	0
6	0
1	0
1	0
1	1
8	0
8	0
8	8
2	0
2	2
8	0
8	8
2	0
2	2
1	0
1	1
8	0
8	8
8	10
5	5
16	16
3	0
3	0
3	0
3	5
9	9
17	0
5	5
9	9
8	0
8	0
8	0
8	8
13	13
13	0
3	0
3	0
8	0
1	0
1	0
1	0
8	0
8	0
3	0
3	0
3	0
1	0
12	0
4	14
6	0
6	6
1	0
3	0
1	0
1	0
1	1
8	0
8	8
9	9
8	0
8	0
8	0
8	0
8	8
13	13
9	0
9	0
13	0
9	0
9	0
9	9
8	0
8	0
8	0
8	8
13	13
1	0
2	0
16	0
16	0
16	0
16	16
5	5
3	3
3	0
3	3
3	0
2	0
2	0
1	1
11	0
11	4
5	5
12	0
12	6
12	0
8	0
8	0
8	17
8	0
5	5
12	0
12	6
12	1
8	0
8	8
13	0
12	0
11	6
3	0
16	0
16	0
16	0
16	0
16	16
2	3
17	0
12	6
12	0
17	0
1	1
8	0
8	8
2	0
2	2
1	0
6	0
1	0
1	0
1	1
8	0
8	0
8	0
8	0
8	0
8	0
8	0
8	8
13	13
13	0
1	0
8	0
8	0
8	0
1	0
3	0
1	0
1	0
1	0
1	0
1	0
1	0
1	0
1	0
1	0
3	0
3	0
3	0
3	0
3	0
3	0
17	0
17	0
12	0
12	0
1	0
17	0
12	0
12	0
12	6
12	0
12	0
12	0
12	12
12	0
12	0
12	0
12	17
12	0
12	0
12	17
8	0
8	0
8	0
8	0
12	17
12	0
12	0
16	0
16	0
16	16
2	0
2	0
2	0
2	0
3	0
2	1
1	0
1	0
1	1
8	0
8	0
8	0
8	0
8	0
8	0
8	0
8	0
8	0
8	8
2	2
2	6
8	0
8	0
8	8
12	0
12	0
12	0
12	12
13	13
13	0
1	0
1	0
1	0
1	0
1	0
1	0
12	0
17	0
12	6
12	0
8	0
8	0
8	0
8	0
8	0
8	8
2	2
17	0
2	6
8	0
8	0
13	0
12	0
12	0
13	0
12	0
12	8
13	13
17	0
12	6
12	0
13	0
17	0
17	0
12	0
13	0
12	0
1	0
1	0
1	0
8	0
8	0
8	8
2	2
2	0
9	0
11	6
8	0
8	0
8	0
8	0
8	8
16	0
11	2
1	0
1	1
8	0
8	0
8	8
5	5
6	6
1	0
1	2
8	0
8	0
13	0
12	0
8	6
8	0
8	8
2	0
2	0
2	0
6	2
1	0
1	0
1	0
1	0
1	1
8	0
8	8
5	0
3	0
3	3
16	0
11	2
1	0
1	0
1	0
1	0
1	1
8	0
8	0
8	8
5	5
2	2
8	0
8	0
8	0
8	0
8	0
8	8
4	0
11	4
1	6
8	0
8	0
8	0
8	0
8	0
8	0
8	8
2	0
2	2
12	0
12	0
12	6
1	0
2	0
6	0
3	0
1	0
1	0
2	1
8	0
13	0
12	0
12	0
12	0
12	3
4	0
11	4
1	0
1	0
1	0
1	1
12	0
12	0
12	4
13	13
3	0
2	2
8	0
8	0
8	8
17	0
12	0
12	6
8	8
5	5
8	0
8	8
8	0
2	0
2	2
1	0
1	6
8	0
8	8
16	0
1	2
17	0
6	0
11	11
8	0
2	0
2	2
3	0
6	6
12	0
8	0
8	8
5	5
8	8
3	0
3	10
1	0
1	0
1	0
1	0
1	16
13	13
13	0
8	0
1	0
3	0
12	0
12	0
12	6
12	0
12	0
12	0
12	12
12	0
12	0
12	0
12	17
12	0
12	0
12	17
12	0
12	0
8	0
8	0
12	17
4	0
11	4
2	2
3	0
3	0
2	0
9	9
8	0
8	0
8	0
8	8
2	0
2	0
2	2
6	6
12	0
8	0
8	0
8	0
8	8
13	13
3	6
17	0
1	0
16	0
2	1
12	0
12	0
8	0
13	0
1	0
12	0
12	0
17	0
12	0
8	0
8	8
13	13
16	0
11	0
13	0
12	0
8	0
3	0
3	3
2	0
2	3
4	0
11	4
12	0
12	6
12	0
12	0
8	0
8	0
8	0
8	0
8	8
1	0
1	0
1	0
1	0
1	0
1	0
1	1
2	0
2	2
8	0
8	0
8	0
8	0
8	0
8	8
2	0
2	0
2	0
2	2
8	0
8	0
8	0
8	8
1	0
1	0
16	0
16	0
16	0
16	16
13	13
3	3
14	0
11	0
14	14
12	0
6	6
12	0
8	0
8	0
8	8
3	0
2	2
13	0
12	0
8	0
8	0
8	8
12	0
12	0
12	0
12	12
13	13
8	0
12	0
8	12
9	9
8	0
8	0
8	12
13	13
8	0
8	8
9	0
9	0
8	0
8	17
8	0
12	6
3	0
3	0
3	0
3	5
1	1
5	5
2	3
1	0
17	0
1	0
1	1
1	0
1	0
1	0
1	0
1	1
8	0
8	0
8	0
8	0
8	0
8	0
8	0
8	8
9	0
9	0
8	0
8	17
4	0
11	4
2	2
3	0
9	0
9	9
13	0
3	0
6	6
1	0
1	0
1	0
1	0
1	0
1	0
1	1
1	0
1	0
1	0
1	0
1	0
1	1
5	5
1	0
1	0
1	1
8	0
8	0
8	0
8	0
8	0
8	0
8	8
4	0
4	4
1	0
1	0
1	0
1	0
1	0
1	0
1	1
1	0
1	0
1	1
3	0
16	0
16	2
6	6
6	6
8	0
8	0
8	0
8	0
8	0
8	0
8	0
8	8
2	0
2	2
9	0
8	0
8	0
13	0
11	0
11	0
13	0
12	0
6	0
6	6
12	0
8	0
8	0
8	0
8	8
2	0
2	2
8	0
8	0
8	0
8	0
8	8
13	13
8	0
8	0
8	8
5	5
8	0
8	0
8	8
16	0
16	0
4	0
16	0
16	16
3	3
3	0
3	3
2	0
2	6
8	0
8	0
8	0
8	0
8	8
13	13
1	0
1	0
1	0
1	0
1	0
1	0
1	0
1	0
1	1
8	0
8	0
8	0
8	0
8	8
2	0
6	10
1	0
1	0
1	16
5	5
13	0
3	0
2	2
3	0
2	2
6	6
1	0
1	0
1	0
1	0
1	1
8	0
8	8
4	0
11	4
11	11
2	2
8	8
3	0
16	0
16	16
13	13
13	0
1	0
1	0
1	0
1	0
1	0
1	0
1	0
1	0
1	0
8	0
8	0
16	0
3	0
1	0
1	0
1	0
1	0
1	0
16	0
1	0
1	0
1	0
1	0
1	0
16	0
1	0
3	0
1	0
8	0
1	0
1	0
1	0
1	0
1	0
1	0
8	0
16	0
16	0
12	0
3	0
11	0
9	6
9	0
6	0
9	9
8	0
8	0
8	8
2	0
2	2
8	0
8	8
13	13
8	0
8	0
8	0
8	0
8	8
5	5
8	0
8	0
8	0
8	8
4	4
1	0
1	0
1	0
1	0
1	1
13	13
3	0
3	3
3	6
3	0
1	0
1	1
1	0
1	0
1	0
1	1
8	0
8	0
8	0
8	0
8	8
16	0
16	0
16	16
5	5
3	6
16	0
4	0
11	1
8	0
8	0
8	0
8	0
13	0
12	0
2	0
2	0
2	0
2	0
12	0
12	0
12	0
13	0
12	0
12	0
17	0
12	0
12	0
12	12
8	0
12	6
12	0
12	0
12	0
8	0
8	8
17	0
17	8
17	2
17	0
17	0
17	0
17	0
8	0
8	0
8	8
8	0
17	0
12	0
8	8
12	0
12	6
12	0
12	0
8	0
8	0
8	0
8	0
8	0
8	8
9	9
5	0
3	4
9	0
9	11
17	0
1	2
8	0
8	0
8	0
8	0
8	8
8	0
13	0
12	0
8	0
12	0
3	3
16	2
8	0
8	0
8	0
8	0
8	0
8	8
12	0
12	0
12	0
12	12
13	13
12	0
12	0
12	12
13	13
12	0
12	0
12	12
2	0
1	0
3	5
1	0
2	0
1	0
1	1
8	0
8	0
8	8
5	0
3	4
9	0
9	11
17	0
12	6
8	0
8	8
2	0
2	0
16	0
2	0
3	2
1	0
2	0
2	0
2	1
8	0
8	0
8	0
8	8
16	0
16	0
4	0
4	0
4	16
13	0
12	0
2	0
12	6
12	0
8	0
8	0
8	0
8	8
4	0
4	4
2	0
2	2
6	6
1	0
1	0
1	0
1	1
1	0
3	0
1	0
1	16
8	0
8	0
8	0
8	8
1	0
1	2
8	0
8	0
8	0
8	0
8	8
2	0
2	2
8	0
8	0
8	0
8	0
8	0
8	0
8	8
2	0
2	2
8	0
8	0
8	0
8	0
8	0
8	8
12	0
12	0
12	0
8	0
8	8
13	13
12	0
12	12
13	13
16	0
13	0
12	0
8	2
12	0
12	6
12	0
8	0
8	0
8	8
2	0
2	2
1	0
1	1
8	0
8	0
8	0
8	0
8	8
8	0
8	0
8	0
8	0
8	8
2	2
12	0
12	0
12	0
12	12
13	13
12	0
12	0
8	0
12	0
12	0
1	0
1	0
1	0
1	0
12	12
13	13
13	13
2	0
2	0
14	2
8	0
8	8
8	0
8	0
8	0
8	12
8	0
8	0
8	0
8	0
8	0
8	8
8	0
8	0
8	0
8	8
13	0
12	0
2	0
3	0
3	3
4	0
4	4
17	6
1	0
8	0
8	0
8	0
8	0
8	0
8	0
8	0
8	8
17	6
17	0
17	0
1	0
17	0
17	0
17	0
1	1
17	0
17	0
17	8
17	2
1	0
17	0
1	0
1	0
1	1
8	8
1	0
1	0
1	0
1	0
16	16
13	13
13	0
1	0
1	0
12	0
1	0
17	0
17	0
16	0
3	0
16	0
16	0
16	0
1	0
1	0
1	0
1	0
8	0
8	0
1	0
8	0
12	0
2	2
6	6
8	0
12	0
8	0
8	0
8	0
8	0
8	8
2	0
2	2
12	0
12	0
12	12
12	12
17	0
4	4
12	0
12	6
12	0
1	1
8	0
8	0
8	0
8	0
8	8
2	0
2	2
8	0
8	0
8	0
8	0
8	0
8	0
8	0
8	8
2	2
8	0
8	0
8	0
8	0
8	8
1	8
8	0
8	0
8	8
1	0
1	0
1	0
1	0
1	0
1	0
1	1
2	0
2	2
12	0
12	6
12	0
13	0
12	0
6	6
1	0
1	0
1	0
1	0
1	0
1	1
8	0
8	0
12	8
2	0
2	2
8	0
8	0
8	0
8	0
8	8
2	0
2	2
8	0
8	0
8	0
8	0
8	8
3	0
3	5
3	0
1	0
1	1
8	0
8	0
8	0
8	0
8	0
8	8
5	0
4	0
4	0
4	0
4	4
2	0
2	1
8	8
9	9
3	2
1	0
1	0
1	0
1	0
1	1
8	0
8	8
1	0
1	0
1	0
1	0
16	16
5	2
13	0
12	0
3	3
8	2
2	0
6	6
8	0
8	0
8	8
12	0
4	4
8	0
8	0
8	0
8	0
8	8
8	0
17	8
2	0
1	0
1	6
2	0
1	0
2	0
1	0
1	0
1	0
1	1
8	0
8	8
2	2
2	0
6	0
1	1
8	0
8	0
8	8
2	0
1	0
16	0
16	0
16	16
13	13
13	0
1	0
1	0
1	0
1	0
1	0
8	0
16	0
1	0
1	0
16	0
16	0
16	0
1	0
1	0
1	0
1	0
1	0
11	0
6	6
3	0
8	0
17	0
9	9
1	0
1	0
1	3
1	0
1	0
1	1
8	0
8	0
8	8
16	0
2	0
1	4
2	3
3	0
3	0
3	0
9	9
3	0
1	0
1	1
13	13
8	0
8	0
8	0
8	0
8	0
8	12
17	0
17	5
12	0
12	0
8	12
13	13
1	0
1	0
1	0
1	0
16	16
4	0
4	4
13	13
13	0
3	0
16	0
16	0
8	0
1	0
1	0
1	0
1	0
1	0
1	0
1	0
8	0
12	0
6	6
8	0
12	0
12	1
8	0
8	8
2	2
12	0
12	0
12	12
17	0
2	4
12	0
12	6
12	0
1	0
16	1
2	0
2	2
8	0
8	0
8	0
8	0
8	8
1	0
1	0
1	0
1	0
1	1
8	0
8	0
8	0
8	0
8	8
2	0
2	2
1	0
12	0
12	0
12	1
13	13
5	0
17	2
8	0
8	8
2	0
2	0
2	0
2	0
1	0
1	0
1	1
8	0
8	0
8	8
13	13
13	0
1	0
12	0
12	0
2	0
6	0
6	2
1	0
1	0
1	0
1	1
3	0
6	0
3	2
1	0
1	0
1	0
1	0
1	16
1	0
1	0
1	0
1	1
8	0
8	0
8	0
8	0
8	0
8	8
17	0
4	4
12	0
12	6
8	0
8	0
8	0
8	8
2	6
2	0
1	0
1	1
8	0
8	0
8	0
8	8
8	2
4	0
4	0
1	6
8	0
8	0
8	0
8	0
8	8
1	0
11	0
2	0
16	0
16	0
16	16
13	13
13	0
1	0
12	0
9	0
8	0
9	0
13	9
8	0
12	6
8	0
8	8
12	0
4	4
11	0
9	6
8	0
8	0
8	0
8	0
8	8
2	2
8	6
8	0
8	0
8	8
2	2
17	0
13	0
12	0
13	0
17	0
12	0
13	0
1	0
12	0
1	0
1	0
1	8
2	0
1	0
1	0
1	0
3	0
1	0
1	1
1	0
1	0
1	0
1	0
16	16
13	13
13	0
8	0
1	0
12	0
16	0
16	0
16	0
16	0
1	0
1	0
1	0
12	0
1	0
12	0
1	0
1	8
8	0
8	0
8	12
12	0
12	0
12	0
12	17
12	0
12	17
12	2
12	0
12	0
12	0
12	0
8	8
12	0
12	0
12	12
13	13
12	0
12	0
12	12
17	0
3	0
3	5
1	0
2	0
1	0
1	1
8	0
8	0
8	8
5	0
4	4
3	0
2	2
2	0
6	6
12	0
12	6
12	0
8	0
8	0
8	0
8	0
8	0
8	0
8	8
16	0
1	2
8	8
16	0
4	0
1	0
13	0
12	0
8	0
8	8
17	17
17	0
17	0
17	0
17	17
17	0
8	0
8	17
8	0
17	6
17	2
9	9
8	0
8	0
8	8
16	0
1	0
16	0
16	0
2	1
8	0
8	0
8	0
8	0
8	0
8	8
17	0
1	4
5	6
1	0
16	0
2	1
8	0
8	0
8	0
8	0
8	0
8	0
8	0
8	0
8	8
13	13
13	0
1	0
1	0
1	0
16	0
16	0
1	0
8	0
1	0
8	0
16	0
16	0
17	0
17	0
12	0
12	0
12	0
12	6
12	17
12	0
12	0
8	0
8	17
12	0
12	0
12	17
16	0
16	0
16	16
2	0
2	0
2	0
2	0
3	0
2	3
12	0
12	6
12	0
8	0
8	0
8	17
8	0
5	14
8	0
8	0
8	0
8	8
3	2
3	0
9	9
1	0
1	0
1	0
1	0
1	1
8	0
8	0
8	8
2	0
2	2
3	0
3	0
3	0
3	0
3	3
1	0
1	0
1	0
1	0
1	1
9	9
8	0
8	0
8	0
13	0
12	0
11	11
17	0
4	4
5	6
1	0
1	0
1	1
8	0
8	0
8	8
3	11
2	0
2	0
17	0
17	0
1	0
17	0
3	3
17	0
17	5
1	0
1	0
1	0
1	0
1	0
1	0
1	0
3	3
1	0
1	0
1	1
1	0
1	4
13	13
13	0
1	0
1	0
1	0
16	0
16	0
1	0
1	0
1	0
1	0
1	0
16	0
16	0
16	0
1	0
1	0
1	0
1	0
1	0
8	0
8	0
16	0
16	0
1	0
1	0
12	0
12	0
12	6
12	0
1	0
1	0
1	1
8	0
8	0
8	8
16	0
1	2
3	0
3	0
1	0
1	0
1	0
3	9
16	0
16	0
16	16
2	0
2	6
8	0
8	8
8	0
12	6
12	0
12	8
12	0
2	0
2	10
13	13
13	0
1	0
1	0
12	0
1	0
1	0
1	0
1	0
3	0
1	0
1	0
8	0
8	0
8	0
1	0
1	0
12	0
1	0
1	0
8	0
8	0
16	0
1	0
1	0
1	0
1	0
1	0
12	0
8	0
8	17
17	0
17	0
17	17
12	0
12	6
12	0
12	0
12	12
2	0
2	2
8	0
8	8
17	0
8	17
17	0
17	0
17	17
16	0
16	4
2	2
12	0
12	0
8	8
16	2
6	6
1	1
8	0
8	0
8	0
8	0
8	0
8	8
2	0
11	0
2	0
11	2
8	0
8	0
8	8
2	0
2	2
12	12
12	0
12	0
12	12
16	0
16	0
16	0
16	16
13	13
13	0
3	0
16	0
16	0
16	0
16	0
16	0
17	0
6	6
1	0
1	1
8	0
8	0
8	0
8	0
8	0
8	0
8	0
8	8
12	0
17	0
17	0
16	0
16	0
16	16
3	0
9	11
17	0
2	0
1	2
9	0
8	0
8	0
13	0
1	0
1	0
1	0
1	0
17	0
1	0
1	0
17	0
17	8
17	0
17	5
17	0
2	4
1	2
3	0
2	0
2	0
2	9
8	0
8	0
8	0
8	0
8	0
8	0
8	0
8	8
2	0
2	0
1	0
2	0
16	0
1	0
13	0
12	0
8	0
8	0
8	0
8	0
8	12
8	3
2	0
2	0
2	0
2	0
2	9
8	0
8	0
8	8
17	0
4	4
17	0
12	6
12	0
12	0
8	0
8	0
8	8
12	0
12	6
12	0
12	0
12	0
8	0
12	0
8	0
8	0
8	8
2	2
1	0
1	0
1	6
1	0
1	0
1	0
1	0
1	0
1	1
8	0
8	0
8	0
8	0
8	12
2	0
2	0
2	0
2	0
2	0
3	0
16	0
16	0
3	1
4	0
13	0
12	0
6	6
8	0
12	0
12	0
1	1
8	0
8	0
8	8
2	0
2	2
8	0
8	8
12	0
12	0
12	0
12	12
13	13
12	0
12	0
12	0
12	0
12	0
8	12
13	13
12	0
8	0
12	0
8	12
17	0
17	5
12	0
12	0
12	0
12	0
8	8
17	0
2	0
1	0
17	0
1	0
1	16
3	0
10	0
3	0
3	3
2	2
1	0
1	0
1	0
1	0
1	1
8	0
8	0
8	0
8	0
8	8
17	0
17	5
13	0
12	0
8	0
8	0
8	0
8	0
8	8
8	0
8	0
8	0
8	0
8	0
8	8
12	17
12	0
12	0
12	0
12	17
17	0
12	0
12	17
8	3
8	6
1	0
1	0
1	0
1	0
1	1
8	0
8	8
2	0
2	2
17	17
12	0
12	0
12	0
12	17
12	0
12	0
12	17
16	0
8	2
12	0
8	12
9	9
16	0
2	4
2	6
1	0
1	0
1	0
1	0
1	0
1	0
1	1
8	0
8	0
8	0
8	0
8	0
13	0
13	0
2	12
8	0
8	0
8	8
2	0
6	0
6	2
1	0
1	0
1	1
8	0
8	0
8	0
8	0
8	0
8	8
4	0
4	4
2	6
8	0
8	0
8	0
8	0
8	0
8	8
3	0
3	0
3	0
1	0
1	0
1	1
1	2
8	0
8	0
8	8
1	0
12	0
2	0
16	0
16	0
16	16
4	0
16	4
13	13
13	0
3	0
1	0
3	0
8	0
3	0
1	0
1	0
1	0
1	0
3	0
1	0
1	0
4	0
4	0
8	0
2	2
6	6
8	0
8	0
8	8
1	3
3	2
6	6
8	0
8	8
16	0
17	0
2	0
12	4
12	0
12	0
8	8
5	5
12	0
12	0
8	12
13	13
12	0
12	0
12	12
13	13
8	0
8	0
12	0
12	0
8	0
12	12
13	13
12	12
13	13
12	0
12	0
12	12
13	13
12	12
12	12
12	0
17	5
12	12
12	12
10	0
10	0
10	0
16	16
13	13
13	0
1	0
1	0
17	0
8	0
16	0
16	0
16	0
1	0
12	0
8	0
12	0
12	0
8	0
12	8
9	2
8	0
6	6
8	0
8	0
8	8
17	0
4	4
8	0
8	0
8	0
8	0
8	8
8	0
8	8
17	0
1	0
1	6
8	0
8	0
8	0
8	8
2	0
2	2
8	0
8	0
8	8
8	0
8	0
8	8
17	0
2	5
8	0
8	8
17	0
2	0
2	0
6	2
3	0
3	0
1	1
8	0
8	0
8	0
8	8
1	0
1	0
16	0
16	0
16	16
13	13
13	0
1	0
1	0
12	0
8	0
2	2
6	6
1	0
1	0
1	1
1	6
8	0
8	0
8	0
8	8
4	4
12	0
12	6
12	0
8	8
5	2
8	0
8	0
8	0
8	8
12	0
12	6
12	0
8	0
1	1
8	0
8	0
8	0
8	8
1	0
16	0
16	0
16	0
16	16
13	13
13	0
1	0
1	0
1	0
1	0
1	0
12	0
1	0
12	0
1	0
1	0
1	0
1	0
1	0
1	0
1	0
1	0
8	0
8	0
8	0
3	0
12	0
12	0
12	0
6	2
3	0
3	0
1	0
1	0
1	1
8	0
8	0
8	8
2	0
2	2
8	0
8	0
8	0
8	0
8	8
16	0
4	2
12	0
1	0
8	12
17	0
12	4
3	0
12	6
12	0
8	0
8	0
8	0
8	0
8	0
8	8
3	0
3	0
3	0
3	0
1	1
2	2
6	6
8	0
8	0
8	0
8	8
8	0
8	0
8	0
8	8
1	0
1	1
8	0
8	8
3	0
2	2
2	0
1	0
1	1
8	8
12	0
13	0
12	0
2	2
8	0
6	6
8	0
8	8
4	0
4	0
4	0
4	0
4	4
1	0
2	1
3	0
1	0
1	0
1	0
1	1
8	0
8	0
8	0
8	0
8	8
17	0
17	5
17	0
8	0
8	0
8	0
8	8
2	0
2	0
16	0
16	0
16	0
16	0
16	16
13	13
13	0
1	0
3	0
1	0
1	0
8	0
16	0
1	0
1	0
1	0
1	0
1	0
1	0
3	0
3	0
16	0
3	0
3	0
3	0
3	0
3	0
1	0
12	0
6	6
1	0
1	0
1	0
1	0
1	1
8	0
8	0
8	0
8	8
3	0
2	0
2	4
2	0
16	0
16	2
8	0
8	0
8	0
8	8
2	0
2	2
1	0
1	0
1	0
1	0
1	0
1	0
1	1
8	0
8	0
8	0
8	0
8	0
8	0
8	8
12	12
12	0
12	12
3	0
2	0
16	0
16	0
16	16
17	0
17	5
17	0
17	0
1	16
17	0
17	4
13	13
13	0
3	0
3	0
16	0
3	0
16	0
16	0
12	0
9	9
8	0
8	0
8	8
8	0
8	0
8	0
8	0
8	0
8	0
8	0
8	8
12	12
12	0
12	12
2	2
3	0
2	0
1	0
1	1
8	0
8	0
8	0
8	0
8	0
8	0
8	0
8	8
8	0
12	0
8	0
8	0
8	8
16	0
1	4
2	2
6	6
8	0
8	0
8	0
8	0
8	0
8	8
13	13
9	9
8	0
8	8
8	0
8	0
8	0
8	0
8	0
8	0
8	8
12	12
12	0
12	12
13	13
13	0
12	0
1	0
12	6
12	0
12	0
1	0
1	1
8	0
8	0
8	8
12	0
12	0
12	0
8	0
8	8
16	0
16	0
11	0
16	16
1	6
8	0
8	0
8	8
13	13
12	0
12	12
12	0
12	0
12	0
12	12
13	13
8	0
8	0
8	0
8	0
8	0
8	0
8	0
8	0
8	0
8	8
5	5
8	0
8	0
8	0
8	8
13	13
13	13
3	3
3	0
4	4
12	0
12	6
12	0
12	0
1	0
1	1
8	0
8	0
13	0
12	0
12	0
12	6
12	8
12	0
4	4
17	6
8	0
8	0
8	0
8	0
8	0
8	0
8	8
17	0
2	5
8	0
8	0
8	0
8	8
12	0
12	12
12	0
12	0
12	0
12	12
1	0
1	2
1	0
1	0
1	0
1	0
1	1
8	0
8	8
2	2
8	0
8	0
8	8
16	0
2	0
16	0
16	0
16	16
13	13
13	0
1	0
12	0
12	0
12	0
12	0
1	0
1	0
1	0
1	0
1	0
1	0
8	0
8	0
8	0
12	0
13	13
8	0
8	0
8	0
8	0
8	0
8	8
13	0
8	0
8	0
8	0
8	0
8	0
8	0
8	0
8	0
8	0
8	0
8	0
8	0
8	0
8	0
8	0
8	0
8	0
8	0
8	0
8	0
8	0
8	0
8	0
8	0
8	0
1	0
8	0
8	0
8	0
8	0
8	0
8	0
8	0
8	0
8	0
8	0
8	0
8	0
1	0
8	0
8	0
8	0
8	0
8	0
8	0
8	0
8	0
8	0
8	0
8	0
1	0
12	0
12	0
12	0
12	12
12	12
13	13
8	0
8	0
8	0
8	0
8	0
8	0
8	0
8	8
9	9
13	13
8	0
12	0
8	0
8	8
5	5
12	0
8	8
17	0
2	0
12	0
12	0
13	0
12	0
12	0
12	0
13	0
12	12
12	0
12	0
12	1
12	0
12	0
8	0
8	0
8	0
8	0
8	0
8	8
9	0
8	0
9	9
8	0
12	0
12	0
8	12
12	0
12	0
12	17
17	17
12	0
12	17
17	0
8	0
13	0
12	0
12	0
12	6
16	0
16	0
16	0
16	0
16	1
8	0
8	0
8	0
8	0
1	8
17	0
11	4
12	0
12	0
12	4
13	13
14	2
11	0
12	6
12	6
3	0
3	0
1	0
1	1
1	0
1	0
1	0
1	1
8	0
8	0
8	0
8	8
2	2
8	0
8	0
8	8
16	0
2	2
12	0
12	6
12	0
8	0
8	8
16	0
16	0
16	1
4	0
4	10
12	0
4	0
4	0
4	0
16	4
13	13
13	0
1	0
3	0
12	0
2	0
11	2
12	0
2	6
8	0
8	0
8	0
8	8
16	2
17	0
17	6
17	0
17	0
12	0
1	1
8	0
8	0
8	0
8	0
8	8
2	0
2	2
8	0
8	0
8	0
8	8
3	0
3	0
2	4
17	0
6	6
12	0
8	0
8	0
8	0
8	8
1	0
1	0
1	0
1	0
1	0
1	0
1	3
12	0
17	0
12	0
1	16
1	0
1	0
1	0
16	0
16	16
4	0
4	0
4	0
4	0
4	4
13	13
13	0
12	0
14	0
12	6
1	0
1	0
1	0
1	1
5	5
1	0
1	0
1	0
1	0
1	0
1	0
1	1
8	0
8	0
8	0
8	0
8	8
2	2
8	12
8	0
8	0
8	0
8	0
8	12
16	0
16	0
16	0
17	0
17	0
17	0
17	16
17	0
17	0
12	10
3	0
3	3
17	0
12	6
12	8
2	2
12	0
12	0
12	12
5	5
12	0
8	0
12	0
8	12
13	13
3	0
5	0
5	5
2	0
2	2
11	0
11	11
13	0
12	0
8	0
8	8
17	0
17	0
17	12
12	0
12	0
12	12
13	13
8	8
17	0
12	6
12	6
12	0
12	0
12	8
2	0
2	2
8	0
17	0
8	8
12	0
12	0
12	12
13	13
2	0
3	0
3	0
3	0
1	1
3	0
2	0
1	0
1	0
1	0
1	0
1	0
1	1
8	0
8	0
8	0
8	0
8	8
13	13
11	0
11	4
3	0
3	0
3	3
1	0
11	2
8	8
1	0
1	0
1	0
16	16
13	13
13	0
1	0
12	0
6	6
1	0
1	1
1	0
1	0
1	0
1	0
1	0
1	0
1	0
1	0
1	0
1	1
8	0
8	0
8	8
2	0
2	2
8	0
8	0
8	0
8	0
8	0
8	8
16	0
16	0
16	0
16	16
2	0
6	0
3	0
3	0
3	3
1	6
2	0
1	0
1	0
1	1
8	8
13	13
13	0
1	0
1	0
1	0
8	0
1	0
1	0
1	0
1	0
1	0
1	0
1	0
1	0
1	0
1	0
1	0
1	0
1	0
1	0
12	0
11	0
12	6
12	6
8	0
8	8
4	0
11	4
2	0
2	0
3	2
1	0
1	1
8	0
8	0
8	0
8	17
8	0
5	5
3	0
3	0
1	6
1	0
1	0
1	0
1	1
8	0
8	8
2	0
2	0
1	0
2	0
16	0
16	0
16	16
13	13
11	11
2	0
2	2
8	0
8	0
8	12
3	3
3	0
2	2
8	0
8	0
8	0
8	0
8	0
8	0
8	8
16	0
12	6
1	0
17	1
17	0
5	5
17	0
13	0
12	0
8	0
17	0
8	12
12	0
12	12
12	0
12	6
12	0
8	0
8	0
8	0
8	0
8	0
8	8
2	2
12	0
12	6
8	0
8	0
8	0
8	8
12	0
12	12
4	0
4	4
9	9
2	2
1	0
1	0
1	0
1	1
8	0
8	0
8	0
8	8
1	0
2	0
1	0
1	0
1	0
16	16
4	0
16	4
13	13
13	0
1	0
1	0
1	0
1	0
1	0
1	0
1	0
12	0
1	0
1	0
1	0
1	0
1	0
8	0
12	0
6	2
8	0
8	0
8	0
8	0
8	8
4	0
11	4
8	6
16	0
16	1
1	0
1	1
5	5
3	0
3	0
17	0
17	0
1	0
1	1
8	0
8	0
8	0
8	0
8	0
8	0
8	8
2	0
6	0
3	0
3	0
3	0
3	16
13	13
13	0
1	0
1	0
1	0
1	0
1	0
1	0
1	0
1	0
1	0
1	0
1	0
1	0
1	0
1	0
1	0
16	0
1	0
1	0
8	0
8	0
8	0
3	0
1	0
1	0
12	0
6	6
17	0
12	0
12	0
1	1
8	0
8	0
8	0
8	8
2	2
11	0
11	0
6	6
1	0
1	0
1	0
1	0
1	0
1	1
8	0
8	0
8	0
8	0
8	0
8	8
5	5
3	0
1	6
1	0
1	0
1	0
1	0
1	0
1	0
8	0
8	0
8	0
8	0
8	1
8	0
8	8
13	13
8	0
8	0
8	8
5	5
8	0
8	8
16	0
16	16
2	0
2	2
8	0
8	0
8	0
8	8
5	5
8	0
13	0
12	0
6	0
6	6
12	0
12	0
13	0
8	0
8	0
8	0
8	8
16	0
16	0
16	0
16	16
3	0
2	2
3	0
12	6
1	0
1	0
1	0
1	0
1	0
1	0
1	1
8	0
8	0
8	0
8	0
8	8
2	0
2	2
8	0
8	0
8	0
8	0
8	8
2	2
8	12
8	0
8	0
8	0
8	0
8	12
13	13
13	0
1	0
1	0
1	0
12	0
16	0
1	0
8	0
16	0
16	0
16	0
16	0
1	0
16	0
16	0
12	0
12	0
12	12
8	0
8	12
8	0
12	6
12	6
12	0
12	0
8	0
12	8
12	0
12	12
8	0
8	12
2	2
8	12
8	0
8	0
8	0
8	0
8	12
16	0
16	0
16	0
16	0
16	16
2	0
2	0
2	0
2	2
8	0
8	0
8	0
8	0
8	0
8	8
2	2
9	9
8	0
8	0
8	0
8	8
13	13
13	0
1	0
1	0
16	0
16	0
16	0
1	0
8	0
12	0
16	0
16	0
16	0
16	0
16	0
16	0
12	0
3	0
12	6
12	6
8	0
8	0
8	0
8	0
8	0
8	8
5	5
12	0
12	6
12	6
16	0
16	0
16	0
16	0
1	1
8	0
8	0
8	0
8	0
8	0
8	8
2	0
2	2
1	0
1	0
1	0
1	16
8	0
8	0
13	0
8	8
4	0
17	5
17	0
12	6
2	0
1	0
1	0
1	6
12	0
8	0
13	0
8	0
8	0
8	0
8	8
17	0
17	0
17	0
17	16
1	0
1	1
8	0
8	0
8	0
13	0
12	0
8	0
8	0
8	0
8	0
8	8
8	0
12	6
12	6
12	0
12	0
12	0
13	0
8	0
8	8
12	0
12	12
12	17
12	0
12	6
17	0
12	0
12	0
12	1
12	0
8	0
8	0
13	0
8	0
8	0
8	8
16	0
16	0
16	16
3	0
1	0
1	1
2	0
2	2
8	12
8	0
8	0
8	0
8	0
8	12
5	5
3	0
2	0
11	0
11	0
2	6
8	0
12	0
8	0
8	0
8	0
8	0
8	8
13	13
13	0
12	0
3	3
16	0
4	4
16	0
11	11
12	0
6	6
12	0
12	8
12	0
2	3
12	0
6	6
8	0
8	0
8	8
5	5
2	0
6	0
6	11
1	0
3	0
1	2
8	0
8	0
8	0
8	0
8	0
8	0
8	8
17	2
12	0
12	6
12	6
12	0
12	12
12	17
2	0
2	0
1	0
16	0
16	16
13	13
13	0
3	0
16	0
16	0
16	0
16	0
16	0
16	0
12	0
12	0
8	0
12	0
12	0
12	0
1	0
1	0
12	0
6	0
6	6
8	0
8	0
8	0
8	0
8	0
8	0
8	8
2	0
2	2
8	0
8	17
5	5
8	0
8	0
8	8
13	13
16	0
2	2
11	0
11	6
8	0
8	0
8	8
5	5
3	2
3	0
12	6
8	0
8	0
8	0
8	0
8	0
8	0
8	0
8	8
4	0
4	4
16	0
17	0
12	10
12	0
12	10
12	0
12	0
17	0
17	0
12	16
17	0
12	0
12	4
13	13
13	0
1	0
1	0
1	0
1	0
8	0
12	0
8	2
12	0
12	6
12	0
8	8
12	0
4	4
8	12
12	0
12	0
8	0
8	0
8	12
2	0
2	0
17	0
17	0
1	3
2	6
1	0
1	0
1	0
1	0
1	0
17	0
9	1
8	8
2	0
2	0
2	2
12	0
8	0
13	0
8	0
8	0
8	12
1	0
2	0
1	0
16	0
1	0
16	16
13	13
3	11
3	0
3	0
3	0
3	2
12	0
12	0
12	8
1	0
1	0
1	0
1	1
2	0
2	0
2	0
13	0
12	0
12	0
12	0
8	0
13	0
8	0
8	8
12	0
12	0
12	12
17	17
9	9
17	0
3	4
8	12
8	0
8	0
8	0
8	0
8	12
8	0
12	8
8	0
8	0
8	0
8	8
3	0
1	0
1	0
3	0
3	3
16	2
12	0
12	6
12	6
12	0
12	0
8	0
13	0
8	0
8	8
12	0
8	0
12	12
12	17
3	0
1	0
3	0
3	0
1	16
13	13
3	11
11	0
2	2
3	0
6	6
1	1
8	0
8	0
13	0
12	0
3	0
12	6
12	0
12	0
12	8
4	0
4	4
2	0
6	0
3	2
1	0
17	0
1	1
8	0
8	0
8	0
8	0
8	8
2	2
2	0
2	0
1	0
1	0
1	0
1	0
1	1
8	0
8	0
8	0
8	8
12	0
2	0
1	0
1	0
16	16
4	0
16	4
13	13
13	0
1	0
1	0
1	0
1	0
16	0
16	0
1	0
1	0
1	0
1	0
8	0
4	0
3	0
1	0
3	0
3	0
1	0
1	0
1	0
1	0
12	0
8	12
12	0
12	0
8	0
8	0
8	12
4	0
11	4
5	5
3	0
6	0
6	11
1	0
3	0
1	2
8	0
8	0
8	0
8	0
8	0
8	0
8	8
3	0
2	0
3	3
2	0
2	2
8	0
8	0
8	0
8	0
8	0
8	8
1	0
16	0
16	16
13	13
13	0
1	0
1	0
1	0
1	0
1	0
16	0
1	0
1	0
1	0
8	0
8	0
8	0
8	0
3	0
1	0
3	0
3	0
1	0
1	0
1	0
1	0
12	0
17	0
8	0
8	0
8	8
2	2
8	0
8	0
8	0
8	0
8	12
8	0
12	2
12	0
12	0
8	0
8	0
8	12
12	0
4	4
2	0
6	6
8	0
8	0
8	8
1	0
3	0
1	0
16	0
16	3
16	0
11	6
3	0
3	0
3	0
3	1
17	0
8	0
8	0
8	8
1	0
2	0
2	0
1	0
1	0
1	0
16	16
13	13
3	3
8	12
8	0
12	0
8	0
8	0
8	12
16	2
3	0
4	0
2	6
13	0
12	0
2	0
2	2
8	0
8	0
8	0
8	8
5	0
11	0
6	5
1	0
1	0
1	0
16	0
1	1
8	0
12	0
12	8
17	0
17	0
17	4
17	0
12	6
12	0
8	0
8	0
8	0
8	0
8	8
8	0
12	6
12	0
12	0
8	0
8	0
8	0
8	8
5	0
3	4
13	13
2	2
3	0
1	6
8	0
8	0
8	0
8	0
8	0
8	0
8	8
2	2
8	12
8	0
12	0
8	0
8	0
8	12
16	0
2	2
13	0
12	0
17	0
12	6
17	0
17	0
12	0
1	1
8	0
12	0
8	0
8	8
4	0
4	4
1	0
1	2
8	0
8	0
8	8
2	0
2	2
1	0
1	0
1	0
1	0
1	1
8	0
8	0
8	0
8	0
8	8
17	0
12	0
17	0
17	0
16	16
13	13
13	0
1	0
1	0
1	0
1	0
1	0
1	0
1	0
1	0
1	0
1	0
1	0
12	0
17	0
17	0
17	0
1	0
1	0
1	0
8	0
3	0
3	0
1	0
1	0
12	0
13	13
12	0
12	0
8	0
1	0
12	0
12	0
12	8
12	0
12	12
17	17
17	0
17	17
8	0
12	6
12	0
8	0
8	0
8	0
8	0
8	8
2	2
3	0
12	6
12	6
2	0
2	2
6	0
17	0
9	1
8	0
8	0
8	0
8	8
8	2
12	0
12	6
12	0
12	0
8	8
1	0
1	0
1	0
16	0
16	0
1	1
8	0
8	0
8	8
2	2
3	0
12	6
12	6
8	0
8	0
8	0
8	8
13	13
13	0
12	0
6	0
6	6
12	0
8	0
8	0
8	0
8	0
8	8
2	2
12	0
8	0
8	12
17	0
2	12
12	0
12	0
8	12
4	0
4	4
3	0
6	0
3	3
1	0
1	0
3	0
1	0
1	0
1	0
1	16
5	5
1	0
1	0
1	0
1	16
13	13
3	0
14	6
12	0
12	8
2	2
3	0
12	6
12	6
8	0
8	0
8	0
8	8
16	0
1	2
8	0
8	0
8	0
8	0
8	0
8	8
5	5
8	0
12	0
13	0
12	0
12	0
12	12
17	17
17	0
17	17
17	0
4	4
17	0
12	6
12	6
17	0
13	0
12	0
12	8
17	0
17	2
17	0
12	6
12	0
8	0
8	0
8	8
2	2
8	0
8	0
8	0
8	0
8	0
8	0
8	0
8	8
16	2
12	0
12	6
1	0
1	1
8	0
8	8
2	0
1	0
1	0
16	0
16	0
16	0
16	16
13	13
13	0
1	0
1	0
16	0
17	0
16	0
16	0
17	0
12	0
1	0
17	0
17	0
17	0
12	0
2	0
6	0
1	2
8	0
8	0
8	0
8	0
8	0
8	0
8	0
8	8
17	2
12	0
8	0
8	12
17	0
2	12
12	0
12	0
12	12
17	0
17	4
12	0
12	6
3	0
2	2
3	0
12	0
2	6
8	0
8	0
8	8
1	0
2	0
16	0
16	0
16	0
2	1
8	0
8	0
8	0
8	0
8	0
8	0
8	8
2	0
2	2
8	0
8	0
8	0
8	8
1	0
1	6
8	0
8	0
8	8
2	0
2	0
13	0
12	0
17	0
12	6
12	0
12	0
8	0
8	0
8	8
2	2
3	0
12	0
14	6
8	0
8	0
8	0
8	0
8	0
8	8
17	0
4	0
12	4
17	0
1	0
1	0
1	0
1	1
16	0
16	16
13	13
17	0
12	6
12	0
8	0
8	0
8	8
17	0
17	2
17	0
17	0
1	1
8	0
8	0
8	8
2	0
2	2
3	0
10	0
1	0
1	0
1	0
1	0
1	0
1	0
1	1
8	0
8	0
8	0
8	8
2	0
13	0
12	0
2	2
3	0
4	0
14	0
4	6
1	0
1	0
1	0
1	1
8	0
8	0
8	0
8	0
8	0
8	8
17	0
17	16
17	0
12	6
17	0
17	0
17	0
17	0
17	1
8	0
8	0
8	0
8	8
2	0
2	2
12	0
12	0
12	0
12	0
12	0
12	8
1	0
1	0
16	0
16	16
4	0
4	0
4	0
4	0
4	4
13	13
13	0
3	0
14	0
3	0
1	0
3	0
3	0
3	0
1	0
1	0
1	0
1	0
8	0
12	0
1	0
1	0
5	0
3	0
3	3
4	0
11	4
3	0
3	0
2	0
3	3
2	2
12	0
12	0
8	12
2	0
2	12
12	0
12	0
12	12
1	6
8	0
8	0
8	0
8	0
8	8
1	0
1	0
16	16
4	0
16	4
13	13
3	11
3	0
6	6
12	0
8	0
8	0
8	8
13	13
9	0
9	17
8	0
8	17
13	13
16	0
16	16
1	0
2	0
2	0
1	0
1	0
1	0
1	16
5	5
11	0
2	0
1	0
13	0
12	0
6	6
1	0
1	0
1	0
1	0
1	0
1	1
8	0
8	0
8	0
8	8
4	0
4	0
4	4
3	0
1	6
2	0
2	0
2	0
1	6
8	0
8	0
8	0
8	0
8	0
8	8
2	2
12	0
12	6
1	0
1	0
1	0
1	0
1	1
8	0
8	0
8	0
8	8
2	0
16	0
16	0
16	0
16	16
13	13
13	0
1	0
1	0
1	0
1	0
1	0
1	0
1	0
1	0
1	0
8	0
3	0
3	0
3	0
3	0
12	0
13	13
12	0
8	0
8	0
1	0
8	0
12	0
8	8
13	0
8	0
8	0
8	0
1	0
8	0
8	0
8	0
1	0
1	0
1	0
8	0
8	0
8	0
8	0
1	0
1	0
8	0
1	0
8	0
8	0
8	0
8	0
8	0
8	0
1	0
1	0
8	0
1	0
1	0
8	0
8	0
8	0
8	0
8	0
8	0
8	0
8	0
1	0
1	0
1	0
1	0
8	0
8	0
8	0
8	0
8	0
8	0
8	0
1	0
1	0
12	0
12	0
12	0
12	12
12	12
2	2
2	6
8	0
1	1
8	0
8	0
8	8
12	0
12	0
12	0
12	0
12	0
12	12
12	0
12	6
12	0
12	0
8	8
2	2
2	6
12	0
12	0
12	12
12	12
16	0
16	0
2	0
2	4
16	6
8	0
8	0
8	8
2	2
12	0
12	0
12	0
12	0
12	0
12	12
2	2
3	0
3	0
1	6
3	0
1	0
1	1
8	0
8	0
8	0
8	0
8	0
8	0
8	8
1	0
13	0
12	0
8	6
17	0
12	0
12	0
1	0
16	0
12	1
8	0
8	0
8	0
8	0
8	8
12	0
16	2
12	12
13	13
8	0
12	12
17	0
17	5
17	0
17	0
8	12
17	0
2	0
2	0
2	4
17	0
12	6
8	0
8	0
8	0
8	0
8	8
2	2
2	0
6	0
6	6
8	0
8	0
8	0
8	0
8	8
2	2
3	0
1	0
1	1
8	0
8	0
8	0
8	0
8	0
8	8
1	0
1	0
1	0
16	16
13	13
13	0
12	0
12	0
12	0
8	12
13	13
12	0
12	12
17	0
17	5
12	0
12	12
17	0
3	17
5	5
17	0
11	0
17	17
17	0
17	0
2	0
17	4
17	0
1	6
8	0
8	0
8	0
8	0
8	0
8	0
8	0
8	0
8	0
8	8
2	0
2	2
12	0
12	6
12	0
8	0
8	0
8	0
8	0
8	8
2	2
8	0
8	0
8	8
5	2
17	6
13	13
17	0
8	0
8	0
8	8
13	13
2	0
2	2
8	0
8	0
13	0
13	0
17	0
17	12
17	4
2	0
11	0
11	6
9	0
8	0
12	0
1	0
13	0
1	0
1	0
1	0
8	8
2	2
6	0
6	0
6	6
8	0
8	0
8	0
8	8
16	2
12	6
8	12
13	13
6	6
1	0
6	0
1	0
1	1
8	0
8	0
8	0
8	8
2	0
2	2
8	0
8	0
8	0
8	8
2	2
8	0
8	0
8	0
8	12
13	13
16	0
12	0
12	0
16	0
16	16
13	13
13	0
1	0
1	0
1	0
1	0
12	0
8	0
12	1
13	13
14	0
6	2
8	0
8	0
8	0
8	0
8	8
2	0
2	0
16	0
16	0
16	0
1	0
16	0
2	1
8	0
8	0
8	8
13	13
5	5
6	0
12	6
12	0
12	12
8	12
12	12
12	0
12	0
12	12
2	2
8	12
13	13
17	17
12	0
12	12
12	0
13	0
12	0
1	0
1	12
8	0
8	0
8	17
13	13
12	0
12	6
12	0
12	0
8	0
8	0
8	12
2	2
8	0
8	12
17	0
13	0
12	0
12	0
12	12
12	0
12	6
12	0
12	0
12	12
12	12
2	2
2	6
8	0
1	1
8	0
8	0
8	8
12	0
12	12
16	4
1	0
12	6
17	0
1	0
1	0
1	0
1	1
8	0
8	0
8	0
8	8
16	0
16	0
16	0
16	16
13	13
13	0
1	0
1	0
16	0
16	0
1	0
1	0
16	0
16	0
16	0
1	0
1	0
1	0
16	0
16	0
12	0
12	0
16	0
16	0
16	0
16	0
1	0
1	0
1	0
8	0
12	0
12	0
12	0
12	12
12	17
12	0
12	0
12	17
12	0
12	0
12	0
8	0
17	0
12	0
17	0
12	12
8	0
8	0
8	0
8	0
8	0
8	0
8	8
4	0
11	4
1	0
3	0
1	0
1	0
1	1
13	13
13	0
1	0
17	0
17	0
12	0
1	0
1	0
1	0
1	0
1	0
17	0
8	0
8	0
16	0
1	0
1	0
1	0
8	0
1	0
1	0
1	0
16	0
8	0
8	0
8	0
17	0
17	0
17	0
17	0
12	0
8	0
8	0
12	0
8	8
13	13
8	3
9	9
4	0
11	4
12	0
8	0
8	12
4	0
3	3
1	0
2	0
2	0
3	0
3	2
1	0
12	0
2	0
6	0
1	0
1	0
3	0
1	1
8	0
8	0
8	0
8	0
8	0
8	0
8	8
1	0
16	0
1	0
16	16
13	13
13	0
1	0
1	0
1	0
1	0
1	0
1	0
1	0
8	0
8	0
8	0
8	0
3	0
16	0
1	0
1	0
1	0
1	0
1	0
1	0
3	0
11	6
16	0
16	0
3	0
1	0
1	0
3	1
8	0
8	0
8	0
8	0
8	8
3	11
16	0
11	2
2	0
2	0
2	6
8	0
8	0
8	8
16	0
1	0
1	0
1	0
16	16
1	5
8	3
2	0
2	2
8	0
8	0
8	0
8	8
2	0
2	2
8	0
8	0
8	8
1	0
1	0
1	0
1	0
16	16
4	0
4	4
13	13
13	0
1	0
1	0
1	0
1	0
1	0
1	0
16	0
16	0
16	0
16	0
16	0
12	0
2	2
1	0
1	0
1	0
1	1
8	0
8	0
8	0
8	0
8	0
8	0
8	0
8	8
2	4
17	0
9	11
17	0
1	6
8	0
8	0
8	0
8	0
8	0
8	0
8	8
2	2
2	6
1	0
1	0
1	0
1	0
1	0
1	0
1	0
1	0
1	1
8	0
8	8
16	5
12	0
8	0
1	8
12	0
3	0
1	3
3	0
2	0
3	0
3	2
1	0
3	0
1	0
1	0
1	0
1	0
1	0
1	0
1	1
13	0
12	0
13	13
9	9
4	0
11	4
12	0
6	6
12	0
8	0
8	8
16	0
12	0
9	4
2	2
2	6
8	0
8	0
8	0
8	0
8	0
8	8
13	13
3	0
3	0
3	0
3	0
3	2
2	2
2	6
12	12
12	12
12	0
12	0
12	12
13	13
3	11
17	0
2	2
8	0
8	0
8	0
8	0
8	8
4	0
11	4
1	0
17	0
1	0
1	0
16	16
4	0
1	4
17	5
3	11
1	0
1	1
17	0
8	0
8	8
13	0
12	0
2	0
2	6
8	0
8	0
8	0
8	0
8	0
8	8
2	2
3	0
12	0
12	6
1	0
1	0
1	0
1	0
1	0
1	0
8	1
17	0
6	0
12	0
12	0
1	1
8	0
8	0
8	0
8	8
4	0
11	4
3	0
6	6
1	0
1	0
1	0
1	1
8	0
8	0
8	0
8	0
8	0
8	0
8	8
2	2
1	0
1	0
1	0
1	1
1	0
1	0
1	0
1	0
1	0
1	1
8	0
8	0
8	0
8	0
13	0
12	0
12	0
12	6
12	12
12	12
8	0
12	0
12	12
17	0
11	4
1	0
2	0
2	3
8	3
12	0
1	0
1	0
1	0
1	1
17	0
2	2
17	0
17	0
17	0
1	1
17	0
17	0
17	0
8	8
17	0
17	0
17	0
17	0
17	0
1	16
3	5
17	0
11	4
12	0
12	0
8	0
8	3
2	2
12	12
1	6
2	0
2	0
2	0
1	1
8	0
8	0
8	0
8	8
12	0
12	0
12	0
12	4
13	13
13	0
1	0
12	0
8	13
16	6
12	0
1	1
8	0
8	0
8	0
8	0
8	0
8	0
8	0
8	8
2	2
2	0
6	0
1	6
8	0
8	0
8	8
13	13
12	0
12	6
12	0
12	0
12	12
12	17
13	13
11	4
2	2
8	0
11	0
11	0
2	0
2	6
8	0
1	0
8	0
8	0
8	8
16	0
16	0
4	0
4	0
4	16
3	0
1	1
3	0
1	0
3	0
16	16
13	13
13	0
1	0
1	0
1	0
1	0
3	0
16	0
16	0
12	0
12	0
12	6
12	0
12	0
12	0
12	0
8	0
12	0
8	8
4	0
11	4
9	9
2	0
2	2
1	0
1	1
17	0
8	0
8	8
17	0
1	0
17	0
1	0
1	0
16	16
4	0
1	4
1	5
11	4
2	2
2	0
11	0
11	6
8	0
12	0
8	0
8	8
1	0
2	0
2	0
16	0
16	0
16	16
13	13
13	0
1	0
1	0
1	0
12	0
2	0
2	0
1	0
8	0
8	0
3	0
3	0
16	0
1	0
1	0
12	0
6	0
12	6
12	0
8	0
8	0
8	0
8	0
8	0
8	0
8	0
8	0
8	0
8	8
16	2
12	0
12	6
12	0
8	0
8	0
13	0
12	0
17	0
12	17
5	5
17	0
2	2
17	0
13	0
8	0
1	0
8	0
16	0
16	8
17	0
12	4
12	3
3	0
1	0
1	0
1	0
1	0
1	0
1	3
2	0
1	0
1	0
1	0
1	1
17	0
12	0
12	4
13	13
13	0
1	0
1	0
8	0
8	0
16	0
16	0
12	0
6	2
1	0
1	0
1	0
1	0
1	1
8	0
8	8
13	13
3	0
3	0
3	3
12	0
1	0
8	0
1	3
11	0
11	2
12	12
13	13
12	0
11	2
12	12
13	13
12	0
11	2
12	12
5	5
12	0
11	2
12	12
13	13
11	0
11	4
12	0
12	6
12	0
8	0
12	12
12	17
17	0
2	2
12	0
1	0
8	0
1	3
1	0
1	0
1	0
1	1
8	0
8	0
8	0
8	0
8	8
1	0
1	0
1	16
13	0
12	0
12	0
12	2
12	0
12	0
8	12
3	0
2	2
8	0
12	0
12	0
12	8
17	4
12	0
12	6
12	0
12	0
13	0
12	0
1	0
1	0
1	0
1	0
8	8
2	0
2	0
6	2
8	8
2	0
2	2
12	12
12	0
12	12
8	17
12	0
12	17
12	17
17	17
17	17
2	0
2	0
2	2
3	0
12	0
12	1
8	0
8	0
8	0
8	0
8	8
16	0
12	0
16	0
16	0
16	16
13	13
13	0
1	0
16	0
1	0
12	0
13	13
1	6
1	0
1	0
1	1
8	0
8	0
8	0
8	0
8	0
8	8
2	0
2	2
8	0
8	0
8	8
4	0
11	4
3	0
12	6
12	0
12	0
12	0
8	0
8	0
1	0
8	8
2	0
2	2
8	0
12	12
17	0
17	12
2	0
2	2
8	8
12	0
12	0
12	4
13	13
8	0
8	0
8	0
8	3
16	0
2	2
3	0
1	6
1	0
1	0
1	0
1	0
1	0
1	1
8	0
8	0
8	0
8	0
13	0
12	0
17	6
12	0
17	0
1	0
9	1
8	0
8	0
8	0
8	0
8	0
8	0
8	0
8	8
1	2
1	0
1	0
1	0
1	0
1	0
1	1
8	0
8	0
8	8
4	0
4	4
2	0
2	0
3	2
1	0
1	0
1	0
1	3
1	0
1	0
1	0
1	0
1	1
8	0
8	0
8	0
8	0
8	0
8	8
2	0
1	0
1	0
1	0
16	16
4	0
16	4
13	13
3	11
3	0
4	6
12	0
12	0
12	0
12	8
13	0
12	0
2	6
12	0
12	8
17	0
17	0
17	17
17	17
17	0
17	17
17	17
17	17
17	0
11	4
17	0
2	2
12	0
12	6
12	0
12	0
8	0
8	8
1	0
1	16
3	5
17	4
4	0
17	6
3	0
12	0
12	0
1	0
3	1
8	0
8	8
17	2
17	6
17	0
17	0
17	0
17	1
17	0
8	0
8	8
1	0
1	0
16	0
16	0
16	16
13	13
13	0
1	0
1	0
17	0
17	0
1	0
12	0
17	0
3	0
1	0
12	0
13	13
2	2
9	6
1	0
8	0
8	0
8	0
8	0
8	0
8	8
2	0
2	2
8	0
8	0
8	8
12	12
12	0
12	0
12	12
4	0
11	4
12	0
6	6
12	0
8	0
8	0
8	0
8	0
8	8
3	0
3	0
3	3
2	0
2	2
8	0
8	0
8	8
2	2
12	0
8	0
8	8
5	5
8	0
12	8
1	0
12	0
12	0
1	16
13	13
13	0
1	0
1	0
1	0
1	0
8	0
1	0
1	0
1	0
1	0
12	0
12	0
12	6
1	0
6	0
12	0
1	0
1	1
8	8
16	0
16	0
16	16
17	0
2	2
12	6
1	0
1	0
1	0
13	0
1	0
1	0
1	0
1	1
8	0
8	0
8	0
8	0
8	0
8	0
8	8
2	0
2	2
8	0
8	0
8	8
13	13
3	11
2	0
2	2
8	0
8	0
8	8
9	9
1	0
12	0
1	1
2	0
2	2
8	0
8	8
17	0
11	4
17	0
12	0
12	4
13	13
13	0
17	0
1	0
1	0
12	0
12	0
12	0
12	12
4	0
11	4
2	2
3	0
12	6
17	0
6	0
17	0
1	0
1	1
8	0
12	0
13	0
17	0
17	0
1	12
2	0
12	2
17	0
17	0
1	0
2	1
1	5
1	0
1	1
8	0
8	0
8	0
8	0
8	0
8	8
1	0
1	0
1	0
16	16
13	13
16	5
17	0
12	6
12	0
12	0
12	17
3	0
3	4
17	0
9	11
1	2
8	0
8	0
8	8
5	5
12	12
12	0
12	0
12	0
13	0
12	0
6	0
12	6
12	0
8	0
8	8
6	4
2	2
8	0
11	0
11	0
11	0
3	6
1	0
1	0
1	0
1	1
1	5
1	0
1	0
1	1
8	0
8	0
8	0
8	0
8	0
8	8
17	0
12	6
12	0
8	0
8	0
8	8
2	0
16	0
16	0
1	0
16	16
16	5
6	4
2	2
12	12
3	0
3	0
1	0
1	0
1	1
8	0
8	0
8	0
8	0
8	0
8	0
8	0
8	0
8	0
8	0
8	8
11	0
13	0
12	0
17	3
17	0
12	2
12	0
12	0
8	0
8	0
12	12
5	5
17	0
2	2
8	0
8	0
8	0
13	0
8	0
13	0
1	0
8	0
8	0
16	8
17	0
12	4
12	0
12	6
12	0
8	0
8	0
8	0
8	8
16	0
5	0
3	0
3	3
1	0
1	0
1	1
1	0
1	0
1	0
1	0
8	16
13	13
13	0
17	0
1	0
12	0
17	0
16	0
12	0
12	0
17	0
16	0
8	0
1	0
1	0
1	0
1	0
1	0
12	0
13	13
2	2
12	0
12	0
16	8
6	4
12	0
8	0
8	12
8	2
3	0
12	0
2	6
8	0
8	0
8	8
3	0
1	6
1	0
1	0
8	0
1	0
1	8
1	0
1	0
1	0
1	0
1	0
1	0
1	0
16	0
16	16
13	13
2	2
2	6
8	0
8	0
8	8
2	2
3	0
1	6
1	0
1	0
1	0
1	0
1	1
8	0
8	0
8	17
13	13
2	6
1	0
1	0
1	0
1	0
1	0
1	1
8	0
13	0
12	0
2	2
6	0
6	0
1	6
8	0
8	0
8	0
8	0
8	8
8	0
11	4
17	0
12	6
8	0
8	0
8	0
8	0
8	0
8	8
17	0
17	0
12	10
3	0
3	0
3	3
1	0
16	0
16	0
16	16
13	13
4	0
4	6
8	0
8	0
8	0
8	0
8	8
2	2
2	0
6	0
1	6
8	0
8	8
3	0
3	10
1	0
1	0
1	0
1	16
13	13
3	0
5	0
5	5
16	0
2	3
9	6
8	0
8	0
13	0
12	0
12	0
8	0
8	12
17	4
2	0
2	2
2	0
6	11
2	0
3	3
9	9
1	0
1	1
8	0
8	0
8	0
8	8
2	2
12	0
6	0
1	6
8	0
8	0
8	8
3	0
3	0
3	0
2	0
2	0
2	0
1	0
16	0
16	0
16	16
3	5
4	0
11	4
8	0
17	0
17	3
17	6
1	0
1	0
1	0
1	0
1	0
1	1
8	0
8	0
8	8
8	2
12	0
12	0
2	6
12	0
8	0
8	0
8	0
13	0
13	0
13	13
14	0
14	0
17	2
17	6
12	0
17	0
17	0
17	3
2	0
2	0
14	0
14	0
1	0
2	1
8	0
8	0
8	0
8	0
8	8
3	2
3	0
6	0
6	0
1	6
8	0
8	0
8	8
2	2
12	12
2	0
3	10
16	0
16	0
16	16
13	13
14	0
17	4
17	6
1	0
6	0
1	0
1	0
1	1
8	0
8	0
8	0
8	8
2	0
2	2
8	0
8	0
8	8
16	0
9	2
17	0
2	6
1	0
13	0
12	0
14	0
12	6
8	0
8	0
8	0
8	0
8	0
8	0
8	8
2	2
3	0
1	6
12	0
8	0
8	0
13	0
8	0
8	0
8	17
12	0
12	4
16	2
3	0
12	6
1	0
1	0
1	0
1	0
1	1
8	0
8	0
8	0
8	8
2	2
3	0
12	0
14	6
8	0
8	0
8	0
8	0
8	0
8	8
2	0
6	6
3	0
3	0
3	0
1	1
8	0
8	0
8	8
16	0
2	0
11	0
9	2
8	8
1	0
13	0
12	0
13	13
8	0
9	6
12	0
8	0
12	0
13	0
8	0
8	0
8	17
16	2
12	0
12	6
12	0
8	0
12	12
17	0
17	4
1	0
6	2
8	0
8	0
13	0
4	0
1	0
16	0
16	8
12	12
12	0
12	0
12	12
1	0
2	0
1	0
1	0
16	16
4	0
16	4
13	13
16	5
11	0
4	0
2	2
14	0
11	6
6	4
17	0
12	6
12	0
8	0
8	0
8	0
8	0
1	8
8	5
2	6
12	0
12	0
13	0
12	0
3	0
1	0
14	0
14	0
14	3
4	0
11	4
11	0
6	2
12	0
12	12
1	6
2	0
2	0
9	0
1	0
1	1
17	0
13	0
12	0
8	8
17	0
2	0
17	0
1	0
16	16
4	0
16	4
13	13
3	11
16	0
2	0
11	2
12	0
1	6
8	0
8	0
8	0
8	8
8	0
8	0
8	0
8	0
8	0
8	0
8	8
2	0
2	2
3	0
3	0
1	0
1	0
1	0
1	0
1	1
8	0
8	0
8	8
13	0
12	0
6	0
12	2
12	0
12	0
12	0
8	0
8	12
17	4
12	0
12	6
12	0
12	0
12	8
1	0
1	0
1	0
1	0
1	0
1	0
1	0
1	3
2	0
11	0
11	0
1	6
8	0
8	0
8	0
8	0
8	0
8	8
16	0
16	0
4	0
4	0
4	16
3	0
1	0
1	16
8	5
12	6
8	0
8	0
8	0
8	8
16	0
16	16
13	13
13	0
1	0
3	0
8	0
1	0
12	0
1	0
12	0
12	0
1	0
1	0
12	0
13	13
12	0
8	0
8	12
8	4
1	0
2	2
1	0
1	0
1	0
1	1
8	0
8	0
8	8
1	3
17	0
12	6
17	0
8	0
8	8
2	0
2	2
8	0
8	0
8	0
13	0
8	0
13	0
1	0
1	0
1	0
8	8
5	0
16	0
4	0
4	0
2	16
1	0
1	0
1	0
1	0
1	16
8	5
1	0
16	0
3	0
1	0
16	16
3	0
9	11
9	0
3	0
9	3
17	0
2	10
3	0
12	6
12	0
13	0
12	0
3	0
12	6
12	0
1	0
1	0
1	8
2	2
3	0
3	3
2	0
2	2
9	0
9	0
9	0
9	0
9	9
1	0
2	0
9	0
1	0
1	1
17	0
8	0
8	17
2	0
1	0
1	0
1	0
16	16
17	6
1	0
1	0
1	0
1	0
1	0
1	1
8	0
8	0
8	0
8	0
8	8
2	0
2	2
12	0
8	0
8	8
2	0
2	2
3	0
1	0
1	6
8	8
13	13
13	0
1	0
1	0
1	0
1	0
1	0
12	0
17	6
17	0
17	0
17	1
17	0
12	0
12	0
17	0
8	8
2	2
17	0
12	6
8	0
8	0
8	0
8	0
8	0
8	0
8	0
8	8
17	2
17	0
12	6
17	0
1	0
1	0
1	11
8	0
8	0
8	0
8	0
8	0
8	0
8	0
8	8
17	0
12	2
12	12
17	4
17	0
9	11
1	0
1	0
3	0
1	0
1	1
2	0
2	2
3	0
3	0
3	0
3	3
3	0
1	0
1	0
1	1
2	0
1	0
13	0
8	0
9	9
9	0
8	0
9	9
13	13
13	0
8	0
8	0
8	0
8	0
8	0
8	0
8	0
8	0
17	0
8	0
8	0
8	0
8	0
8	0
8	0
8	0
17	0
8	0
8	0
8	0
8	0
8	0
8	0
8	0
8	0
8	0
8	0
8	0
8	0
17	0
8	0
8	0
8	0
8	0
8	0
8	0
8	0
17	0
8	0
8	0
8	0
9	0
17	0
8	0
8	0
8	0
8	0
8	0
8	0
8	0
8	0
8	0
8	0
12	0
13	13
8	6
8	0
8	0
8	0
8	0
8	0
8	0
8	0
8	0
8	8
17	17
17	0
17	17
17	4
9	9
1	0
1	0
2	1
1	0
16	0
16	0
16	16
13	13
8	0
8	0
8	0
8	3
3	0
4	0
2	2
2	6
1	0
1	0
1	0
1	0
1	0
1	1
8	0
8	0
8	0
8	0
8	0
8	0
8	0
8	0
8	8
8	0
8	0
8	12
12	0
12	0
12	0
12	12
16	2
12	0
12	6
12	0
13	0
12	0
3	0
12	6
8	0
8	0
8	0
8	0
8	0
16	8
11	4
2	2
9	6
8	0
8	0
8	0
8	8
2	2
2	0
6	0
9	0
9	0
1	1
8	0
8	0
8	0
8	8
1	2
8	0
8	0
8	0
8	0
8	0
8	8
2	2
12	0
1	6
8	0
8	0
8	0
8	0
8	0
8	8
1	0
2	0
1	0
16	0
1	16
16	5
17	4
1	0
1	0
1	0
4	0
1	16
17	0
12	6
12	0
12	0
8	0
13	0
12	0
8	0
8	8
8	0
12	6
12	0
17	0
8	8
5	5
17	6
17	0
12	0
17	0
1	0
1	1
12	0
8	0
8	0
13	0
12	0
12	0
12	8
9	9
4	0
4	4
1	3
1	2
17	0
12	0
2	6
8	0
8	0
8	8
16	0
11	0
2	0
6	2
8	0
8	0
8	8
2	2
8	0
8	0
8	8
13	13
8	8
5	5
8	0
8	0
8	8
12	0
12	16
13	13
13	0
1	0
1	0
1	0
17	0
17	0
17	0
12	0
16	0
12	2
17	0
4	0
14	11
17	0
11	0
12	3
17	0
12	4
1	0
1	0
1	0
1	0
13	0
1	0
1	0
1	0
1	0
1	0
17	0
17	0
12	1
3	5
1	0
1	0
1	0
1	0
1	1
17	0
12	0
12	0
9	1
8	0
8	0
8	0
8	8
16	0
2	0
16	0
16	16
13	13
3	11
2	0
2	0
1	3
8	0
8	0
8	0
8	0
8	0
8	8
16	0
16	0
16	16
13	13
13	0
3	0
1	0
13	0
17	0
12	6
12	12
12	12
12	0
12	0
12	12
13	13
13	0
8	0
8	0
17	0
17	0
12	0
12	0
12	0
16	0
16	0
16	0
12	0
12	0
12	0
12	0
12	0
16	0
16	0
12	0
12	0
12	0
8	0
8	0
8	0
16	0
17	0
12	0
12	0
12	0
16	0
16	0
16	0
12	0
8	0
8	0
12	0
17	0
16	0
12	0
12	0
12	0
12	0
16	0
8	0
8	0
8	0
8	0
8	0
17	0
16	0
17	0
12	0
6	2
8	0
8	8
2	2
3	0
12	6
8	0
8	0
8	8
8	2
3	0
12	0
12	6
17	0
6	0
12	0
12	0
1	1
8	0
12	0
8	0
8	8
2	0
1	0
16	0
16	0
16	16
12	0
12	0
8	12
3	0
12	0
2	2
1	0
1	0
1	0
1	0
1	0
12	1
8	0
8	0
8	0
8	0
8	0
8	8
12	0
12	0
12	0
8	8
8	2
12	0
12	6
8	0
8	0
8	0
8	0
8	0
8	0
13	0
12	0
6	0
12	6
12	0
8	0
8	8
16	0
16	0
16	16
11	0
11	2
3	0
3	0
2	9
12	0
13	0
12	0
8	0
17	0
13	0
12	0
17	0
12	8
8	2
2	0
2	0
2	0
1	0
2	1
8	0
8	0
8	8
13	13
13	0
1	0
1	0
12	0
8	0
2	0
1	0
1	0
1	0
17	0
8	0
8	0
1	0
2	0
1	0
12	0
12	0
8	0
8	0
3	0
16	0
16	0
16	0
16	0
3	0
1	0
17	0
12	0
3	0
6	6
12	0
12	0
12	0
8	8
2	2
3	0
12	6
1	0
1	0
1	0
1	0
1	0
1	1
8	0
8	0
8	0
8	0
8	0
8	0
8	0
8	0
8	0
8	8
16	0
16	0
16	0
16	16
3	0
6	2
12	0
12	0
12	0
12	8
2	0
2	0
2	2
8	0
8	0
8	0
8	8
2	0
6	2
8	0
8	0
8	0
8	0
8	0
8	0
8	0
8	8
13	13
13	0
1	0
1	0
1	0
1	0
1	0
12	0
3	0
3	0
2	14
12	0
6	6
12	0
1	0
8	0
8	0
8	0
8	0
8	0
8	0
8	0
8	0
8	0
8	0
8	8
16	0
16	3
1	0
3	0
1	0
1	1
17	0
12	4
13	13
5	0
3	0
3	0
3	0
3	0
1	16
3	3
1	0
1	6
8	0
12	8
13	13
13	0
1	0
1	0
1	0
1	0
16	0
1	0
1	0
1	0
16	0
16	0
12	0
1	0
1	0
1	0
8	0
8	0
8	0
8	0
8	0
12	0
17	6
12	0
1	0
17	0
12	0
12	0
12	1
17	0
8	0
8	0
8	0
8	8
2	0
2	0
3	0
3	2
1	0
1	1
1	0
1	0
2	0
1	0
1	0
1	0
16	0
1	1
17	0
8	0
8	8
4	0
4	0
4	4
3	0
2	0
2	2
2	0
11	0
3	0
3	3
1	0
1	0
1	1
8	0
8	0
8	0
8	0
8	8
2	0
1	0
1	0
1	0
16	16
1	5
1	0
1	0
1	0
1	16
3	3
13	0
12	0
8	0
1	0
2	2
12	0
11	11
11	0
11	0
4	4
3	3
11	0
11	0
11	6
1	0
1	1
1	0
8	0
8	0
8	0
8	0
8	8
3	0
2	2
8	0
8	8
13	13
13	0
1	0
1	0
16	0
16	0
16	0
2	0
8	0
1	0
2	0
16	0
16	0
16	0
16	0
8	0
8	0
1	0
1	0
8	0
16	0
16	0
1	0
1	0
8	0
8	0
12	0
8	0
8	0
3	0
2	0
3	0
11	0
8	0
1	0
13	0
8	0
12	12
17	0
12	12
13	13
13	0
8	0
8	0
8	0
8	0
16	0
8	0
8	0
8	0
16	0
8	0
8	0
8	0
8	0
8	0
8	0
8	0
16	0
8	0
16	0
8	0
8	0
8	0
8	0
8	0
8	0
8	0
8	0
8	0
8	0
16	0
8	0
8	0
8	0
8	0
8	0
8	0
8	0
8	0
8	0
16	0
8	0
16	0
16	0
12	0
8	0
8	0
8	0
8	0
16	0
8	0
8	0
16	0
8	0
12	0
17	0
17	0
17	17
17	17
17	0
17	17
17	17
17	17
17	0
12	6
12	0
12	12
17	0
17	12
2	0
2	0
2	0
16	0
16	0
16	16
17	0
17	0
12	10
3	0
3	0
3	3
2	2
2	0
11	0
11	6
9	0
8	0
8	0
13	0
1	0
1	0
1	0
1	0
1	0
1	0
8	0
8	0
8	0
8	8
5	5
14	0
2	0
13	0
3	0
12	6
1	0
3	0
1	0
1	0
1	0
1	0
1	3
1	0
13	0
12	0
6	0
12	6
12	0
8	0
8	8
16	0
16	0
16	0
16	16
3	0
2	0
2	9
8	0
8	0
8	0
8	8
17	2
2	0
2	0
16	0
1	1
1	5
2	0
2	0
6	0
1	0
1	0
1	0
1	1
8	0
8	0
8	8
13	13
3	11
14	0
14	0
1	11
3	0
6	0
1	1
8	0
8	0
8	8
16	0
16	0
16	16
13	13
3	0
3	14
3	0
3	0
3	3
2	6
8	0
8	0
8	0
8	0
8	0
13	0
13	0
17	0
17	17
17	0
17	0
8	17
13	13
13	0
8	0
8	0
1	0
8	0
1	0
8	0
8	0
8	0
8	0
8	0
1	0
8	0
8	0
1	0
1	0
8	0
8	0
8	0
8	0
8	0
8	0
1	0
8	0
8	0
1	0
1	0
8	0
1	0
1	0
8	0
8	0
8	0
8	0
8	0
8	0
1	0
1	0
1	0
1	0
1	0
1	0
8	0
8	0
8	0
8	0
8	0
1	0
1	0
8	0
1	0
1	0
1	0
12	0
2	0
2	0
2	2
1	0
1	0
1	0
1	0
1	1
17	0
8	0
8	8
12	6
17	0
4	0
17	0
17	9
8	0
12	0
8	0
8	8
2	0
2	2
17	0
17	17
17	0
17	0
17	17
9	9
16	0
9	4
1	2
1	0
17	0
1	0
1	9
8	0
8	0
13	0
1	0
17	0
17	0
1	8
1	0
1	0
3	0
1	0
1	16
17	0
16	4
13	13
13	0
16	0
1	0
16	0
16	0
16	0
16	0
16	0
16	0
12	0
3	3
3	0
3	4
8	0
8	0
8	8
12	0
13	0
12	0
12	12
12	0
8	12
5	5
8	0
8	12
17	12
17	12
8	12
13	13
9	6
12	0
12	0
8	0
1	0
1	0
1	8
12	12
12	0
12	0
12	12
17	5
12	0
12	6
12	0
8	0
8	0
8	0
8	8
12	0
12	12
12	0
12	0
12	0
12	12
13	13
12	0
12	12
12	0
12	12
5	5
12	12
12	12
3	0
3	0
2	3
12	0
12	9
12	0
13	0
12	0
12	0
12	0
12	12
17	12
17	0
12	0
17	0
17	0
17	17
17	8
13	13
12	0
12	0
12	0
12	12
13	13
12	0
12	6
12	0
12	0
8	0
8	0
8	0
8	8
12	0
12	0
12	12
17	12
17	0
12	0
17	0
17	0
17	17
17	8
13	13
12	0
12	0
12	0
12	12
13	13
16	0
16	0
17	4
12	0
12	6
12	0
12	0
8	0
8	8
13	13
14	0
1	6
17	0
8	0
8	0
8	0
8	0
8	0
13	0
12	0
12	0
12	6
8	0
8	8
4	0
11	4
11	0
11	11
13	13
3	0
1	6
1	0
1	0
1	0
1	0
1	1
5	5
3	0
2	0
1	0
1	0
1	0
1	0
1	1
8	0
8	0
8	8
3	0
11	10
12	0
1	0
1	0
1	16
13	13
13	0
1	0
1	0
1	0
1	0
1	0
1	0
1	0
1	0
1	0
1	0
1	0
16	0
1	0
12	0
16	0
16	0
1	0
1	0
1	0
1	0
1	0
1	0
1	0
1	0
12	0
8	0
3	0
2	2
3	0
6	11
3	0
4	0
4	0
4	0
17	0
17	4
12	0
6	6
12	0
8	0
8	0
8	0
8	0
8	0
8	0
8	0
8	0
8	0
8	0
8	8
17	0
12	6
17	0
1	0
1	0
1	0
1	0
1	1
8	0
8	0
8	0
8	0
8	8
5	5
8	0
8	0
8	0
8	0
8	0
8	0
8	0
8	8
2	0
2	2
8	0
8	0
8	0
8	0
8	0
8	8
8	0
8	0
8	0
13	0
12	0
3	0
12	6
12	0
8	0
8	0
8	8
2	2
12	0
2	6
12	0
12	0
12	0
12	12
1	0
17	0
1	0
1	16
2	0
2	2
1	0
1	0
1	0
1	0
1	1
8	0
8	0
8	0
8	0
8	0
8	8
5	5
16	0
2	0
2	0
2	0
1	6
1	0
1	0
1	0
1	1
8	0
8	0
8	0
8	8
13	13
13	0
1	0
1	0
12	0
8	0
8	0
8	0
3	0
16	0
16	0
16	0
12	0
16	0
16	0
12	0
8	0
2	0
2	0
8	0
8	0
1	0
12	1
8	0
8	0
8	0
8	0
8	0
8	8
9	9
16	0
4	0
2	4
12	0
12	0
12	0
12	12
12	0
12	6
12	0
12	0
12	0
8	8
2	2
3	0
6	0
1	6
8	0
8	0
8	0
8	0
8	0
8	0
8	0
8	0
8	0
8	8
1	0
16	0
16	0
16	16
5	5
3	0
3	0
16	0
16	0
16	0
16	16
13	13
13	0
1	0
8	0
8	0
8	0
8	0
13	0
12	0
8	12
13	13
13	0
1	0
1	0
8	0
8	0
8	0
8	0
1	0
1	0
8	0
8	0
8	0
8	0
8	0
1	0
1	0
8	0
8	0
8	0
8	0
8	0
1	0
1	0
8	0
8	0
8	0
8	0
8	0
1	0
8	0
8	0
8	0
8	0
8	0
1	0
1	0
8	0
8	0
8	0
8	0
8	0
1	0
1	0
8	0
8	0
8	0
8	0
1	0
1	0
8	0
8	0
8	0
8	0
1	0
1	0
8	0
12	0
12	0
12	6
1	0
1	1
8	0
8	0
8	0
8	0
8	8
16	0
16	16
2	0
2	0
2	2
12	0
6	6
12	0
8	0
8	0
8	0
8	0
8	0
8	8
1	0
9	1
8	0
8	0
8	0
8	8
2	0
2	0
3	0
1	0
2	2
3	0
1	6
8	0
8	0
8	0
8	0
8	0
8	0
8	8
13	13
8	0
8	8
12	12
13	13
5	5
8	0
8	0
8	0
8	0
8	0
8	0
8	0
8	0
8	8
13	0
13	0
12	12
13	13
13	0
8	0
8	0
8	0
8	0
8	0
8	0
8	0
8	0
16	0
16	0
8	0
8	0
8	0
8	0
8	0
8	0
16	0
8	0
8	0
8	0
8	0
8	0
8	0
8	0
8	0
8	0
8	0
8	0
8	0
16	0
16	0
8	0
8	0
8	0
8	0
8	0
8	0
16	0
8	0
8	0
8	0
16	0
16	0
8	0
8	0
8	0
8	0
8	0
16	0
16	0
16	0
8	0
8	0
8	0
16	0
16	0
12	0
9	9
16	0
16	0
16	4
6	0
6	6
8	0
8	0
8	0
8	0
8	0
8	0
8	8
9	9
2	0
2	0
2	0
1	0
1	0
1	0
1	0
1	0
1	1
8	0
8	0
8	0
8	0
8	8
2	0
2	0
1	0
2	0
1	0
16	0
16	0
16	16
5	5
1	0
9	1
8	0
8	0
8	0
8	0
8	0
8	0
8	0
8	8
1	0
1	0
2	0
1	0
1	0
16	0
16	0
16	16
13	13
14	0
1	11
13	0
12	0
3	11
16	0
16	0
16	0
16	0
16	16
1	0
11	0
1	0
3	0
3	3
3	0
2	6
8	0
8	0
8	0
8	0
8	17
5	5
1	6
8	0
8	0
8	0
8	0
8	0
8	0
8	8
2	0
2	0
2	2
12	0
6	6
12	0
8	0
8	0
8	0
8	8
2	2
2	0
1	0
1	0
1	0
1	0
1	1
8	0
8	0
8	0
8	8
13	13
13	0
1	0
12	0
3	0
3	0
3	0
3	0
3	0
3	0
1	0
13	0
12	0
12	0
12	17
8	17
13	13
12	0
12	17
17	0
17	0
8	17
13	13
13	0
12	0
8	0
12	0
12	0
8	0
8	0
12	0
12	0
1	0
8	0
17	0
12	0
8	0
12	0
1	0
12	0
17	0
8	0
8	0
8	0
8	0
1	0
12	0
1	0
8	0
8	0
12	0
1	0
12	0
1	0
8	0
1	0
8	0
12	0
12	0
12	0
17	0
12	0
8	0
12	0
17	0
17	0
8	0
8	0
8	0
12	0
12	0
12	0
12	0
12	6
8	0
8	0
8	0
8	8
1	0
16	0
16	0
16	16
17	0
6	6
12	0
8	0
8	8
8	0
2	0
2	2
12	0
12	6
12	0
8	0
8	8
5	5
3	0
12	6
8	0
8	0
12	0
8	8
16	0
16	2
8	0
8	0
8	8
2	2
1	0
1	0
1	0
1	0
1	1
8	0
8	0
8	8
2	0
2	5
8	0
8	0
8	0
8	0
8	8
5	5
8	0
8	8
13	13
13	0
1	0
12	0
12	0
12	0
12	0
12	6
12	0
12	0
12	12
12	12
16	0
16	0
2	0
16	16
12	0
12	0
12	0
12	1
8	0
8	8
17	0
2	2
8	6
1	0
3	0
1	0
1	0
1	1
8	0
8	0
8	0
8	8
5	5
3	0
12	6
1	1
1	0
1	0
1	0
1	0
1	1
13	13
1	0
1	0
1	0
1	0
3	0
3	0
1	0
1	0
1	0
1	0
1	1
12	0
12	0
12	8
2	2
3	0
12	0
17	0
12	6
1	0
13	0
12	0
8	0
8	0
8	0
8	0
8	0
8	0
8	0
8	0
8	8
8	0
8	2
8	0
8	0
8	0
8	8
9	9
2	0
16	0
16	0
16	0
16	16
12	0
12	6
12	0
12	0
12	0
12	0
12	8
8	0
8	12
13	13
17	0
17	0
17	0
17	0
17	0
17	0
17	17
17	17
12	0
12	0
12	0
12	17
17	17
12	17
17	0
17	17
13	13
13	13
16	2
12	0
12	6
8	0
8	0
8	0
8	0
8	0
8	8
13	0
12	0
11	0
11	11
16	0
16	0
16	0
16	0
16	16
3	0
2	6
8	0
8	0
8	0
8	8
2	2
3	0
12	6
12	0
12	0
12	12
12	12
1	0
2	0
2	0
2	2
1	6
1	0
17	0
1	0
1	0
1	0
17	0
12	1
12	0
8	0
13	0
17	0
17	0
12	0
16	8
3	0
12	6
8	0
8	0
8	8
3	0
2	2
3	0
12	6
8	0
8	0
8	0
8	0
8	0
8	8
13	13
17	0
17	11
17	2
13	0
12	0
8	0
8	0
8	0
8	0
8	0
8	0
8	8
5	5
8	0
8	0
8	0
8	0
8	8
8	0
12	0
8	0
8	0
8	8
16	0
2	0
2	2
17	0
12	6
17	0
17	0
1	0
1	1
8	0
8	0
8	8
2	2
8	0
8	0
8	0
8	0
8	0
8	0
8	0
8	0
8	0
8	8
13	13
12	0
12	0
12	17
13	13
13	13
13	0
1	0
1	0
1	0
1	0
1	0
1	0
16	0
16	0
16	0
16	0
16	0
12	0
9	9
4	0
4	4
8	0
8	0
8	0
8	0
8	0
8	0
8	0
8	8
5	5
8	0
8	0
8	0
8	0
8	0
8	0
8	0
8	0
8	0
8	0
8	0
8	8
3	0
3	0
3	5
12	0
2	6
12	0
12	0
8	8
2	2
3	0
12	6
1	0
6	0
1	0
1	0
1	1
8	0
8	0
8	0
8	8
1	0
1	0
1	0
1	0
1	0
1	0
1	0
1	0
1	16
3	0
3	0
3	5
1	6
12	0
13	0
13	0
8	0
8	0
8	0
8	0
8	0
8	0
8	8
13	13
13	0
8	0
8	0
1	0
8	0
1	0
8	0
1	0
8	0
1	0
8	0
8	0
8	0
8	0
8	0
8	0
8	0
8	0
8	0
8	0
8	0
8	0
8	0
1	0
8	0
1	0
8	0
8	0
8	0
8	0
8	0
8	0
8	0
8	0
8	0
1	0
1	0
1	0
8	0
8	0
8	0
8	0
8	0
8	0
8	0
8	0
8	0
1	0
1	0
1	0
1	0
12	0
14	0
12	6
12	0
8	0
8	0
8	0
8	8
2	2
1	0
1	1
8	0
8	0
8	0
8	0
8	8
4	0
4	0
4	4
2	0
1	0
1	0
1	0
1	0
1	1
1	0
1	0
1	0
1	0
1	0
1	16
2	2
2	0
2	6
8	0
8	0
8	8
2	0
6	0
14	14
3	0
3	0
3	3
17	3
8	0
8	0
8	0
8	8
2	2
12	0
12	6
8	8
17	0
8	0
8	8
12	0
12	12
17	0
11	2
13	0
12	0
12	0
12	6
12	0
12	0
12	12
12	12
16	0
16	0
16	0
16	0
16	16
3	0
3	0
1	0
2	2
3	0
2	6
1	0
1	0
1	0
1	0
1	0
1	0
1	0
1	1
8	0
8	0
8	0
8	0
8	0
8	0
8	8
5	5
8	0
8	0
8	0
8	0
8	0
8	0
8	0
8	0
8	8
2	2
3	0
12	6
1	0
1	0
1	0
1	0
1	1
8	0
8	0
8	0
8	0
8	0
8	0
8	8
8	0
13	0
13	0
2	0
2	0
2	0
1	0
1	0
1	0
1	0
1	1
8	0
8	0
8	0
1	8
8	0
8	0
8	0
8	0
8	0
8	8
13	13
13	0
1	0
1	0
8	0
8	0
8	0
8	0
8	0
1	0
1	0
1	0
1	0
1	0
1	0
1	0
1	0
8	0
8	0
8	0
8	0
1	0
1	0
1	0
1	0
8	0
8	0
8	0
8	0
2	0
2	0
2	0
1	0
8	0
1	0
1	0
1	0
1	0
1	0
1	0
1	0
12	0
12	0
12	6
12	0
12	0
8	0
8	8
2	0
2	2
8	0
8	0
8	0
8	0
8	0
8	8
4	0
11	4
9	9
2	0
3	0
3	0
3	0
16	0
3	0
16	16
4	0
1	4
2	2
3	0
1	6
8	0
8	0
8	0
8	8
2	2
3	0
1	6
12	0
8	0
8	0
8	0
8	0
8	0
8	0
8	0
8	8
13	13
14	0
2	0
14	0
2	0
14	6
8	0
8	0
8	0
8	8
8	0
2	0
2	2
13	0
13	0
17	0
12	12
9	0
9	9
13	13
13	0
8	0
8	0
8	0
8	0
8	0
8	0
12	0
12	0
12	0
8	0
8	0
8	0
8	0
12	0
8	0
8	0
8	0
9	0
8	0
8	0
8	0
8	0
8	0
8	0
8	0
8	0
8	0
12	0
12	0
8	0
9	0
8	0
8	0
8	0
8	0
8	0
12	0
8	0
8	0
8	0
12	0
12	0
8	0
8	0
8	0
8	0
8	0
8	0
8	0
8	0
8	0
8	0
12	0
12	0
12	0
12	0
12	0
12	12
16	0
16	0
16	4
8	0
1	8
2	2
3	0
12	0
1	6
1	0
1	1
8	0
8	0
8	0
8	8
1	0
2	0
2	0
12	0
1	16
13	13
14	0
11	11
3	0
12	6
12	0
12	0
8	0
8	8
16	0
16	0
16	4
13	13
14	0
1	6
8	0
8	0
8	0
8	0
8	0
8	0
8	0
8	0
8	0
8	0
13	0
8	8
1	0
2	0
2	2
12	0
12	6
12	0
12	0
13	0
12	0
12	0
12	6
12	12
16	0
16	0
16	4
3	0
2	0
3	0
3	3
11	0
11	6
12	1
8	0
8	0
8	0
8	0
8	0
8	0
8	8
2	0
2	0
1	0
16	0
16	0
16	16
13	13
3	11
3	0
12	6
1	0
1	0
1	0
1	1
8	8
17	0
12	16
1	0
1	0
1	0
1	0
1	0
1	0
1	16
5	5
3	0
1	6
1	0
1	0
1	0
1	0
1	0
1	0
1	0
1	0
1	0
1	1
8	0
13	0
12	0
3	0
12	6
8	0
8	0
8	8
4	0
11	4
2	0
2	2
1	0
1	0
1	0
1	0
1	0
1	1
8	0
12	0
13	0
1	0
17	0
17	0
17	0
17	0
17	8
2	2
12	12
16	16
13	13
13	0
1	0
1	0
1	0
1	0
1	0
1	0
1	0
1	0
1	0
1	0
1	0
1	0
1	0
8	0
8	0
8	0
1	0
8	0
1	0
1	0
8	0
8	0
3	0
1	0
1	0
1	0
1	0
1	0
1	0
1	0
12	0
13	13
8	0
1	0
8	0
8	0
8	0
8	0
8	8
12	0
12	0
12	12
12	12
12	12
12	0
12	6
8	0
8	0
8	0
8	0
8	8
2	2
2	6
12	0
12	0
12	12
12	12
12	12
16	0
17	0
2	0
2	4
2	0
2	0
16	0
16	0
2	2
2	0
12	0
2	6
8	0
8	0
8	0
8	0
8	0
8	0
8	0
8	8
9	9
2	2
3	0
11	0
11	0
3	0
2	6
8	0
8	0
8	0
8	0
13	0
12	0
3	0
3	0
1	0
1	0
16	0
1	0
16	1
1	5
1	0
1	0
1	0
1	1
8	0
8	0
8	0
8	0
8	0
8	0
8	0
8	0
8	8
13	13
3	3
3	0
4	0
14	0
14	14
3	2
6	0
6	0
6	0
3	0
3	0
3	0
1	1
8	0
8	0
8	0
8	0
8	8
1	2
12	0
12	0
12	0
12	1
8	0
8	0
8	0
8	0
1	8
1	0
1	0
16	0
16	0
16	16
4	0
1	4
4	0
13	0
12	0
8	0
8	0
8	0
8	0
8	0
8	0
8	1
3	0
2	0
3	0
3	3
2	0
2	2
1	0
1	0
1	0
1	0
1	1
8	0
8	0
8	0
8	0
8	0
8	8
3	0
16	0
16	4
12	0
12	0
12	12
12	12
12	12
2	0
6	6
8	0
8	0
8	0
8	0
8	0
8	0
8	0
8	0
8	0
8	8
2	2
2	0
2	0
2	0
3	6
1	1
1	0
2	0
2	0
3	0
16	0
16	0
1	1
5	5
13	0
12	0
13	13
8	0
8	0
8	0
8	0
8	0
8	0
8	0
8	8
13	0
8	0
8	0
1	0
8	0
8	0
8	0
8	0
1	0
1	0
8	0
8	0
8	0
8	0
1	0
1	0
1	0
1	0
8	0
8	0
8	0
8	0
8	0
8	0
1	0
8	0
8	0
8	0
1	0
1	0
8	0
8	0
8	0
8	0
8	0
8	0
8	0
1	0
1	0
1	0
1	0
8	0
8	0
8	0
8	0
8	0
8	0
8	0
8	0
1	0
12	0
12	0
12	0
12	0
12	12
12	0
12	12
12	0
12	0
12	12
17	0
17	0
17	0
17	0
13	0
12	0
17	0
17	0
17	12
12	0
12	6
8	8
13	13
12	0
12	6
1	0
1	0
1	0
1	0
1	16
8	0
8	0
8	0
8	8
8	0
8	0
8	12
5	5
8	0
8	0
8	0
8	12
9	9
16	0
16	0
16	4
12	0
12	12
8	0
8	12
3	6
1	0
1	0
1	0
1	0
1	0
1	0
1	0
1	0
13	0
12	0
14	0
6	0
6	17
8	0
8	0
8	0
8	17
13	13
9	9
8	0
8	0
8	0
8	17
13	13
9	9
8	0
8	0
8	17
13	13
1	0
2	0
2	0
16	0
16	0
16	0
16	0
16	16
13	13
13	0
1	0
1	0
8	0
8	0
16	0
16	0
1	0
8	0
8	0
8	0
16	0
1	0
1	0
1	0
1	0
16	0
1	0
1	0
1	0
1	0
1	0
8	0
8	0
16	0
16	0
1	0
8	0
8	0
8	0
8	0
12	0
8	0
17	0
2	2
3	0
1	11
8	0
8	0
8	8
16	2
17	0
12	6
12	0
12	0
8	8
2	2
3	0
12	6
8	0
8	0
8	0
8	8
2	2
3	0
12	6
8	0
8	8
13	13
3	6
17	0
2	0
17	0
1	6
8	0
12	0
12	0
8	8
12	0
12	0
13	0
8	0
8	12
5	5
8	0
8	0
8	12
13	13
16	0
17	4
3	6
2	0
1	9
8	0
8	0
8	8
2	2
12	0
12	0
12	12
13	0
12	0
17	0
12	11
1	0
2	0
2	0
2	0
2	0
1	0
1	1
5	5
1	1
8	0
8	0
8	8
13	13
3	3
1	0
1	1
8	0
8	0
8	0
8	8
16	0
2	0
16	0
16	0
16	0
16	16
5	5
2	0
2	2
9	0
1	1
8	8
2	2
2	0
2	2
9	0
1	1
8	8
9	9
3	2
1	0
1	0
1	3
1	0
1	9
8	0
8	0
8	8
1	0
3	0
1	0
1	0
1	1
2	0
2	0
2	0
13	0
12	0
11	0
11	11
16	0
16	0
16	4
13	13
3	0
3	0
14	0
14	5
2	0
2	2
3	0
1	6
8	0
8	0
8	8
2	2
3	0
1	6
8	0
8	0
8	0
8	0
8	8
13	13
5	5
2	3
2	0
2	2
8	0
8	0
8	0
8	8
13	13
2	0
2	2
3	0
1	6
1	0
1	0
1	0
1	0
1	0
1	0
1	1
8	0
8	0
8	0
8	8
2	2
3	0
12	6
8	0
8	8
3	0
2	0
1	0
13	0
12	0
17	17
17	17
17	0
17	0
17	17
12	0
12	6
12	0
12	0
12	8
17	17
12	17
17	0
17	0
8	17
13	13
3	11
3	2
3	0
1	6
8	0
8	0
8	8
2	2
12	0
12	12
12	0
12	12
3	0
1	0
1	0
1	0
16	16
4	0
1	4
4	0
11	4
13	13
4	0
11	4
2	0
2	2
8	8
9	9
1	0
2	0
2	0
16	0
16	0
16	16
4	0
16	4
13	13
13	0
1	0
1	0
1	0
1	0
1	0
12	0
14	6
8	0
8	0
8	8
16	0
16	0
16	16
17	0
12	6
12	0
8	8
13	13
17	0
12	6
12	0
12	0
12	0
13	0
12	0
12	8
5	5
17	0
12	6
12	0
12	0
12	0
8	0
8	8
2	2
3	0
12	6
8	0
8	8
5	5
1	0
1	0
1	0
16	0
16	0
16	16
17	0
1	11
8	0
8	0
8	8
2	0
2	2
8	6
1	0
1	0
1	0
1	0
1	0
1	1
5	5
3	0
16	0
16	0
13	0
12	0
17	17
17	17
17	0
17	0
17	17
16	0
16	0
16	16
5	5
1	0
1	1
1	0
1	1
8	0
8	8
2	2
2	0
6	0
3	0
3	0
1	6
8	0
8	0
8	0
8	8
13	13
3	11
3	0
1	0
1	1
2	0
2	2
6	0
1	6
8	8
2	0
2	2
8	0
8	0
8	0
8	8
2	2
3	0
12	6
8	0
8	0
8	0
8	0
8	0
8	0
8	8
2	0
2	0
2	0
16	0
16	0
16	16
13	13
13	0
13	0
12	0
12	0
4	10
3	0
3	0
3	3
5	5
9	9
1	0
1	0
1	0
1	0
1	0
1	0
1	1
8	0
8	0
8	0
8	8
4	0
4	0
4	4
3	3
1	0
2	0
3	0
16	0
16	0
16	16
13	13
13	0
1	0
1	0
1	0
1	0
1	0
1	0
1	0
1	0
8	0
1	0
1	0
1	0
1	0
1	0
1	0
1	0
1	0
16	0
16	0
1	0
1	0
1	0
8	0
1	0
1	0
1	0
1	0
1	0
12	0
3	0
12	6
8	0
8	0
8	0
8	0
8	0
8	0
8	8
16	0
16	0
16	0
16	16
12	0
12	12
12	0
12	12
3	0
2	0
3	0
3	3
2	2
6	0
1	6
8	0
8	0
8	0
8	0
8	8
13	13
11	0
6	0
6	0
8	16
2	2
3	0
12	6
1	0
1	0
1	0
1	0
1	0
1	0
1	0
1	0
1	1
8	0
8	0
8	0
8	0
8	8
2	2
3	0
12	6
1	17
8	0
8	0
8	17
13	0
12	0
11	11
3	0
16	0
16	0
16	16
13	13
14	0
2	2
8	0
8	0
8	8
17	0
12	6
12	0
8	0
8	0
8	8
13	13
6	0
6	6
12	0
8	0
8	0
8	0
8	0
8	8
5	5
6	0
6	6
12	0
8	0
8	0
8	8
2	0
3	10
1	0
1	0
1	16
5	5
1	0
3	0
1	0
1	0
1	3
3	6
1	0
1	0
1	0
1	1
8	0
8	0
8	0
8	8
2	0
3	10
1	0
1	0
1	0
13	0
12	0
8	0
8	8
12	0
12	0
12	12
12	0
12	12
9	9
16	0
16	0
16	4
12	0
12	12
12	0
12	12
3	0
2	2
11	0
3	0
3	0
3	1
12	8
3	0
6	0
6	11
2	2
3	0
1	6
1	0
1	0
1	0
1	0
1	1
8	0
8	0
8	0
8	0
8	8
2	2
3	0
12	6
8	0
8	0
8	0
8	8
13	13
1	6
12	0
12	0
8	8
13	13
2	2
11	0
3	0
3	0
1	11
1	0
1	0
13	0
14	0
14	6
1	0
1	0
1	0
1	0
1	0
1	0
1	0
1	1
8	0
8	0
8	0
8	0
8	0
8	8
2	2
3	0
12	0
2	6
8	0
8	0
8	0
8	8
17	0
3	16
17	0
2	2
3	0
1	1
8	0
8	0
8	0
8	0
8	0
8	0
8	0
8	8
1	0
2	0
2	0
1	0
16	0
16	16
4	0
4	4
13	13
13	0
1	0
1	0
16	0
16	0
16	0
16	0
16	0
16	0
16	0
16	0
16	0
16	0
12	0
3	0
9	6
12	1
8	0
12	8
16	16
1	0
1	0
1	0
1	0
1	0
1	1
5	2
8	0
8	0
8	0
8	0
8	0
8	8
13	13
3	11
2	2
11	0
11	0
11	6
1	0
1	1
8	0
8	8
3	0
12	6
1	0
1	0
1	1
8	0
8	8
2	0
2	2
8	0
8	8
16	0
16	0
16	0
16	16
13	13
13	0
1	0
8	0
1	0
1	0
1	0
1	0
1	0
1	0
1	0
3	0
1	0
1	0
1	0
13	0
17	6
17	0
1	0
1	1
8	0
8	8
13	13
13	0
12	0
12	0
8	0
8	0
16	0
16	0
1	0
16	0
16	0
16	0
8	0
8	0
16	0
1	0
1	0
16	0
1	0
16	0
16	0
8	0
8	0
16	0
8	0
8	0
16	0
16	0
12	0
1	0
16	0
8	0
16	0
8	0
8	0
12	0
12	0
8	0
16	0
16	0
16	0
16	0
16	0
16	0
16	0
8	0
8	0
12	0
12	0
8	0
16	0
8	0
16	0
13	0
9	0
1	0
8	0
8	0
8	0
8	0
8	1
8	0
8	0
8	8
5	5
8	0
8	0
8	8
13	13
13	0
8	0
1	0
8	0
8	0
16	0
8	0
8	0
1	0
1	0
1	0
8	0
8	0
8	0
8	0
8	0
8	0
16	0
8	0
8	0
8	0
8	0
1	0
8	0
16	0
8	0
8	0
8	0
1	0
1	0
1	0
1	0
1	0
1	0
1	0
8	0
8	0
8	0
8	0
8	0
8	0
8	0
16	0
8	0
12	0
12	2
12	0
12	6
8	0
8	8
12	12
17	0
17	12
17	0
8	0
8	0
8	0
12	12
12	0
12	12
12	0
12	0
12	12
5	5
17	17
17	0
17	0
17	0
17	12
12	0
12	12
12	0
12	0
12	12
16	0
16	0
16	16
12	0
12	12
12	0
12	12
12	0
12	6
12	0
8	0
8	8
2	0
2	2
8	0
8	0
8	8
2	2
3	0
12	6
8	0
8	0
8	8
2	0
2	2
8	0
8	0
8	0
8	8
13	0
12	0
3	3
3	0
3	0
3	3
3	0
16	0
16	0
16	0
16	0
4	16
11	0
9	6
1	0
1	0
1	0
1	0
1	0
1	1
13	13
1	0
1	0
1	0
1	0
1	0
1	1
8	0
8	0
8	0
8	0
8	8
17	0
11	2
12	0
13	0
12	0
12	0
13	0
8	0
8	0
8	8
13	13
13	0
1	0
1	0
1	0
8	0
1	0
3	0
16	0
16	0
16	0
16	0
3	0
16	0
16	0
16	0
3	0
1	0
1	0
12	0
3	2
2	0
2	0
2	0
3	0
1	6
8	0
8	0
8	0
8	8
16	0
16	0
16	0
16	16
12	0
6	6
8	0
12	8
16	0
11	11
3	0
3	0
2	0
1	1
5	5
3	0
16	0
16	0
16	16
3	6
17	0
12	0
9	1
8	0
8	0
8	0
8	0
8	8
5	5
3	0
12	6
8	0
8	0
8	8
2	2
2	0
1	0
2	6
12	0
12	0
8	0
13	0
1	0
1	8
5	2
11	0
1	0
17	6
13	0
13	0
1	0
9	1
8	0
8	0
8	0
8	8
13	13
13	0
1	0
8	0
1	0
8	0
1	0
1	0
1	0
8	0
8	0
8	0
8	0
8	0
1	0
1	0
1	0
8	0
8	0
8	0
8	0
1	0
8	0
8	0
8	0
8	0
8	0
1	0
1	0
1	0
8	0
8	0
8	0
8	0
8	0
1	0
1	0
1	0
1	0
1	0
1	0
1	0
1	0
8	0
16	0
8	0
8	0
1	0
1	0
1	0
8	0
1	0
1	0
12	0
12	0
12	0
12	8
5	5
12	0
12	0
12	8
2	2
12	0
12	6
17	0
8	8
17	17
17	0
17	0
17	0
17	12
12	0
12	0
12	12
5	5
17	12
17	0
17	0
8	12
12	0
12	0
12	12
12	0
16	0
16	0
16	0
16	16
12	0
12	12
12	0
12	12
3	6
12	0
2	0
2	1
1	0
1	0
1	0
1	1
8	0
8	8
13	13
3	0
3	0
3	3
4	0
2	6
8	0
8	0
8	0
8	8
1	0
13	0
17	0
17	0
12	6
17	0
8	0
8	0
8	0
8	0
8	8
17	0
16	0
16	0
17	0
17	0
17	0
16	0
17	16
17	6
17	0
12	0
12	1
13	13
1	0
1	1
8	8
2	2
12	0
12	12
8	0
8	12
13	13
3	11
8	0
8	8
5	5
8	0
8	0
8	0
8	0
8	0
8	8
1	0
2	0
16	0
16	0
16	16
13	13
13	0
1	0
1	0
1	0
1	0
1	0
16	0
16	0
16	0
1	0
1	0
17	0
17	0
12	0
9	9
9	0
8	0
9	17
8	0
8	0
12	0
8	12
8	0
8	0
8	0
8	0
8	8
12	0
12	0
12	17
12	0
12	0
12	12
12	0
12	12
12	0
12	12
16	0
16	0
16	0
16	16
12	0
12	6
12	0
1	0
1	0
1	0
1	0
1	1
8	0
8	8
2	2
3	0
12	6
8	0
8	8
2	2
8	0
8	0
8	8
2	0
2	2
17	0
17	0
17	0
8	8
17	8
17	0
17	0
17	12
5	5
12	0
13	0
12	0
12	0
12	12
12	0
12	12
16	0
4	0
4	4
5	0
8	11
12	0
12	6
12	0
12	0
8	0
8	0
8	0
8	8
16	0
16	16
13	13
14	2
3	0
3	9
1	0
1	0
1	0
1	0
1	0
1	0
1	0
1	0
1	1
8	0
8	0
8	0
8	0
8	8
2	0
2	2
8	0
8	0
8	8
2	2
2	0
9	9
8	0
8	0
8	8
8	0
12	6
12	0
8	8
5	5
12	0
12	6
12	0
12	0
8	8
13	0
12	0
17	6
1	0
1	0
1	0
1	0
1	0
1	1
8	0
8	0
8	8
16	2
12	0
12	6
8	0
8	0
8	8
5	5
8	2
12	0
12	6
12	0
1	0
6	0
1	16
8	0
13	0
8	0
8	0
8	0
13	0
8	0
8	0
8	8
17	0
17	0
2	0
2	4
17	0
11	2
1	0
1	0
1	1
8	0
8	0
8	8
2	2
3	0
12	6
8	8
17	0
17	0
17	0
1	1
8	0
8	0
8	0
8	8
3	0
13	0
12	0
17	0
12	6
12	0
8	0
8	0
8	8
2	2
3	0
12	6
8	0
8	0
8	0
8	8
5	5
2	0
2	2
8	0
8	8
13	13
3	11
2	0
2	2
8	0
8	0
8	0
8	8
2	2
3	0
12	6
8	0
8	0
8	0
8	0
8	0
8	0
8	8
1	0
1	0
1	16
4	0
1	4
4	0
4	4
13	13
16	0
16	0
16	16
2	2
8	0
3	0
2	3
3	0
12	6
8	0
8	0
8	0
8	0
8	0
13	0
12	0
6	17
17	0
8	0
8	17
17	0
12	17
8	17
9	2
12	0
12	6
17	0
12	0
12	8
16	0
17	0
16	0
16	0
16	0
16	16
12	0
12	12
12	0
12	12
8	0
8	0
8	8
2	2
2	0
2	0
3	0
3	0
3	2
1	0
1	0
1	0
1	0
1	0
1	1
12	0
8	0
8	0
13	0
12	0
12	8
5	5
16	0
16	0
4	0
16	16
12	0
12	6
12	0
1	0
1	1
8	0
8	0
8	8
17	0
13	0
12	0
12	2
8	0
8	0
8	0
8	8
8	2
12	0
12	6
8	0
8	0
8	0
1	0
8	0
1	1
8	0
8	8
13	13
16	2
11	0
12	6
12	0
12	0
12	0
12	12
13	13
2	2
12	0
12	0
12	12
5	5
2	2
12	12
16	0
14	0
14	0
14	4
11	0
11	11
12	0
12	8
8	0
8	0
8	8
5	5
8	0
8	8
1	0
1	0
3	3
16	0
16	0
16	0
4	16
16	2
4	0
4	0
2	0
4	6
13	0
13	0
13	13
1	0
8	0
8	0
8	0
8	8
13	0
8	0
1	0
1	0
1	0
8	0
1	0
1	0
1	0
1	0
1	0
1	0
8	0
8	0
1	0
1	0
1	0
1	0
8	0
8	0
1	0
8	0
1	0
1	0
8	0
8	0
8	0
1	0
1	0
1	0
1	0
8	0
8	0
8	0
8	0
1	0
8	0
8	0
8	0
8	0
1	0
1	0
1	0
8	0
8	0
8	0
8	0
1	0
1	0
1	0
8	0
1	0
8	0
12	0
12	0
12	0
12	0
13	0
12	0
12	12
17	0
17	0
17	0
12	0
12	0
12	0
17	0
12	12
2	2
8	0
8	0
8	0
8	0
8	0
8	0
8	0
8	8
9	9
13	13
3	11
3	0
3	0
3	2
1	0
1	0
1	1
8	0
8	0
8	0
8	0
8	0
8	0
8	0
8	0
8	8
2	0
2	2
6	0
11	11
3	0
4	0
4	0
16	16
3	0
12	6
1	0
1	1
8	0
8	8
2	2
12	0
12	0
13	0
12	0
3	3
16	0
16	0
17	4
12	13
11	11
12	6
1	0
1	0
17	0
1	0
17	0
2	1
8	0
8	0
8	0
8	8
2	0
2	2
8	0
8	0
8	8
2	2
3	0
12	6
1	0
1	1
8	0
8	0
8	8
16	0
16	0
4	0
4	16
1	0
3	0
16	0
16	0
16	16
13	13
12	0
12	0
12	0
12	3
3	0
6	2
8	0
8	0
8	0
8	8
13	13
13	0
3	0
1	0
1	0
1	0
17	0
1	0
1	0
12	0
1	0
1	0
1	1
3	0
1	0
2	0
3	0
3	3
4	0
4	4
8	0
8	0
8	8
2	0
2	2
1	0
1	0
1	1
8	0
8	0
8	8
3	0
3	0
3	3
2	0
1	0
1	0
16	0
16	16
4	0
16	4
13	13
3	0
16	5
12	0
12	6
17	0
8	0
8	0
8	0
8	0
8	8
2	0
2	2
3	0
12	6
12	0
12	0
8	8
2	0
6	0
6	2
1	0
1	0
1	0
1	0
1	0
1	1
13	0
12	0
3	0
12	6
8	0
8	0
8	0
1	8
4	0
11	4
3	0
12	6
8	0
8	0
8	8
8	0
2	0
2	2
12	0
6	6
12	0
8	0
8	0
8	0
8	0
8	8
2	0
2	2
1	0
3	0
1	0
1	0
1	0
1	1
8	0
8	0
8	0
8	8
2	2
12	0
12	12
13	13
12	0
12	12
13	13
13	13
2	0
2	2
1	0
1	0
1	11
8	2
12	0
12	6
8	0
8	0
8	0
8	8
8	0
8	0
13	0
12	0
6	2
8	0
8	0
8	8
2	0
2	2
8	0
8	0
8	8
9	9
4	0
4	0
4	4
3	0
1	6
8	0
8	0
8	0
8	0
8	0
8	8
13	13
8	0
2	0
2	2
1	0
1	0
1	1
12	0
8	8
13	13
2	0
2	2
8	0
8	8
2	0
2	2
1	0
1	1
8	0
8	0
8	0
8	0
8	8
2	2
3	0
12	6
8	0
8	0
8	0
8	0
8	0
8	0
8	0
8	0
8	8
2	2
3	0
13	0
12	0
9	9
16	0
16	0
16	4
11	0
11	11
12	0
12	0
12	0
13	0
12	0
12	12
2	3
3	0
1	6
8	0
8	0
8	0
8	0
8	8
2	0
6	0
1	2
8	0
8	0
8	0
8	0
8	0
8	0
8	8
2	0
2	0
2	2
12	0
12	0
12	0
8	0
8	8
2	2
12	0
12	0
12	0
12	12
13	13
12	12
13	13
1	0
3	0
12	0
16	16
13	13
3	11
3	0
3	0
3	0
3	0
3	0
1	0
13	0
12	0
11	0
11	11
4	0
4	0
4	4
9	9
1	0
2	0
1	0
1	0
1	0
1	0
16	16
5	5
3	0
4	0
4	0
4	16
2	0
2	6
8	0
8	0
8	0
8	0
8	0
8	8
2	0
1	0
16	0
16	16
13	13
14	0
6	0
1	1
3	2
17	0
12	6
8	0
8	0
8	0
8	0
8	0
8	8
17	0
2	0
2	2
3	0
6	6
12	0
13	0
8	0
8	0
8	0
8	8
2	0
6	0
12	2
17	0
13	0
12	0
8	0
2	2
3	0
12	6
12	0
8	0
12	8
2	0
2	2
8	0
8	8
16	0
4	0
4	4
12	0
12	0
12	0
13	0
12	0
12	12
9	9
17	0
12	6
12	0
12	8
12	0
12	0
12	12
13	13
12	0
12	0
12	12
13	13
8	12
5	5
8	0
8	0
8	12
2	0
2	0
2	0
16	0
16	0
16	0
16	0
16	16
13	13
5	5
3	0
3	3
11	0
2	0
2	2
8	0
8	0
8	0
8	0
8	0
13	0
12	0
17	2
11	0
12	6
8	0
8	0
8	0
8	0
8	8
2	2
3	0
12	6
8	0
8	0
8	0
8	0
8	8
13	13
11	0
1	6
8	0
8	0
8	8
2	0
2	2
1	0
1	0
1	0
1	0
1	0
8	1
2	0
3	0
1	0
1	0
1	0
1	1
8	0
13	0
12	0
8	8
2	0
2	2
8	0
8	0
8	0
8	0
8	0
8	8
2	0
3	10
1	0
1	0
1	0
16	16
13	13
16	0
16	0
16	4
13	0
12	0
8	0
8	6
17	0
2	2
8	8
9	9
1	0
12	0
9	0
16	0
16	0
2	16
12	8
12	0
16	0
16	0
16	16
3	0
3	0
3	3
3	0
2	0
1	0
1	0
2	1
3	0
6	5
1	0
1	0
1	0
1	0
1	0
1	0
1	0
1	0
1	1
8	0
8	0
8	0
8	8
13	13
13	0
1	0
1	0
1	0
1	0
1	0
8	0
8	0
8	0
8	0
1	0
1	0
1	0
16	0
12	0
1	0
1	0
12	0
12	0
12	0
12	11
3	0
2	0
2	0
2	16
2	0
6	0
3	2
1	0
2	0
1	0
1	0
1	0
1	3
2	0
1	0
9	9
8	0
8	0
8	0
8	0
8	0
8	8
3	0
16	0
1	1
8	0
8	0
8	8
2	2
3	0
12	6
8	0
8	0
8	8
2	2
8	0
8	0
8	8
5	5
8	0
8	0
8	0
8	0
8	8
2	2
12	0
12	6
1	0
1	0
1	1
8	0
8	8
13	13
5	5
3	0
3	3
13	0
12	0
3	0
3	0
3	0
1	0
3	3
1	2
12	0
12	12
4	0
11	4
2	0
2	2
9	1
8	8
9	9
11	0
2	2
12	0
6	6
12	0
8	0
8	0
8	0
8	0
8	8
2	0
2	2
8	0
8	0
8	0
8	0
8	8
13	13
12	0
12	12
12	0
12	0
12	12
13	13
5	5
3	0
2	6
8	0
8	0
8	0
8	0
8	8
2	2
3	0
1	6
8	0
8	0
8	0
8	0
8	8
2	2
3	0
12	6
13	0
12	0
3	0
1	6
8	0
8	0
8	8
2	2
3	0
12	6
12	0
12	0
12	12
12	12
16	0
16	0
16	4
11	0
11	11
3	0
1	6
8	0
8	0
1	0
8	0
8	8
1	0
2	0
1	0
16	0
16	0
16	16
13	13
14	0
1	11
2	2
3	0
12	6
8	0
8	0
8	0
8	0
8	8
5	5
3	0
12	6
8	0
8	0
8	0
8	0
8	0
8	8
2	0
2	2
8	0
8	0
8	0
8	0
8	0
8	8
13	0
12	0
11	0
11	11
16	0
16	0
16	0
16	16
3	6
3	0
6	0
1	0
1	0
1	0
1	1
1	1
8	0
8	0
8	0
8	8
2	0
2	10
13	13
14	0
11	11
1	6
1	0
2	0
1	0
1	1
1	0
3	0
3	0
1	0
2	1
8	0
8	0
8	0
8	0
8	0
8	0
8	0
8	0
8	0
8	0
8	8
3	2
3	0
12	6
8	0
8	0
8	8
2	2
8	0
8	0
8	0
8	17
5	5
8	0
8	0
13	0
12	0
13	13
8	0
1	0
8	0
8	0
8	0
8	0
1	8
12	0
12	0
12	12
12	12
12	0
12	0
12	12
12	0
12	6
12	0
12	0
12	12
12	12
12	0
12	0
12	12
16	0
16	0
16	4
2	0
6	0
3	2
6	0
6	0
1	0
1	0
1	0
1	1
2	0
1	0
1	0
1	1
8	0
8	0
8	0
8	8
12	0
17	0
9	1
8	0
8	0
8	0
8	0
8	0
8	0
8	8
2	0
2	0
2	0
3	0
13	0
12	0
12	0
12	0
12	12
16	0
4	0
4	4
1	0
1	0
1	0
1	1
8	0
8	0
8	0
8	0
8	0
8	0
8	8
1	0
1	0
1	0
1	0
1	0
1	0
1	0
16	16
13	13
3	0
3	0
3	0
3	0
3	3
8	0
2	0
2	2
12	0
12	6
12	0
8	8
8	0
12	0
12	12
12	0
12	12
5	5
12	0
12	12
12	0
12	12
13	13
13	0
3	0
16	0
16	0
1	0
1	0
1	0
1	0
1	0
1	0
12	0
1	6
8	0
8	0
8	0
8	8
12	0
12	0
12	0
12	0
12	12
12	0
12	0
12	12
12	12
12	0
12	0
12	0
12	12
2	2
12	0
12	12
4	0
4	4
3	0
12	6
8	0
8	0
8	0
8	8
2	2
3	0
1	6
8	0
8	0
8	0
8	8
2	2
12	0
12	0
12	12
12	0
12	4
13	13
13	0
1	0
1	0
1	0
1	0
16	0
16	0
1	0
8	0
12	0
8	0
1	0
8	0
1	0
1	0
1	0
13	0
1	0
8	0
8	0
8	0
8	12
8	0
8	12
16	0
16	0
4	4
3	0
1	6
1	0
1	0
1	0
1	0
1	0
1	0
1	1
8	0
8	0
8	8
8	8
5	5
8	0
8	0
8	0
8	8
1	0
2	0
1	0
1	0
16	16
13	13
13	0
1	0
1	0
1	0
1	0
1	0
1	0
3	0
1	0
8	0
1	0
1	0
1	0
1	0
8	0
8	0
1	0
3	0
3	0
16	0
16	0
16	0
3	0
3	0
1	0
12	0
12	12
16	0
16	0
16	4
3	6
1	0
9	1
8	0
8	8
2	2
12	12
2	0
2	0
16	0
16	0
16	16
5	5
3	2
3	0
12	6
8	0
8	0
8	0
8	8
2	2
3	0
12	6
8	0
8	8
2	2
12	12
12	0
12	0
12	12
2	2
12	0
12	6
8	0
8	8
16	0
16	0
16	0
16	16
13	13
13	0
1	0
1	0
16	0
16	0
16	0
1	0
1	0
8	0
8	0
16	0
1	0
1	0
1	0
16	0
12	0
12	0
12	12
16	0
4	0
4	4
11	0
11	0
11	6
9	1
8	0
8	0
8	0
8	0
8	8
2	2
1	0
1	0
1	1
8	0
8	0
8	8
16	0
16	0
16	0
16	16
13	13
3	0
16	0
3	3
3	0
2	6
12	0
12	12
12	12
13	13
13	0
16	0
1	0
1	0
16	0
8	0
8	0
16	0
16	0
1	0
1	0
16	0
8	0
16	0
16	0
16	0
12	0
8	0
8	0
1	0
1	0
8	0
1	0
3	0
12	0
8	0
12	12
16	0
16	0
16	4
1	6
12	0
12	0
13	0
8	0
8	0
8	0
8	0
8	0
8	0
8	8
2	2
2	0
11	0
6	6
8	0
8	0
8	8
12	0
12	0
12	0
12	0
12	0
12	12
1	2
8	0
8	0
8	0
8	0
8	0
8	8
2	0
2	2
8	0
8	0
8	0
8	0
8	8
2	2
3	0
12	6
8	0
8	8
13	13
12	12
12	0
12	12
13	13
3	0
1	0
1	0
16	0
16	16
13	0
12	0
12	0
17	0
12	12
4	0
11	4
3	2
9	9
12	0
12	0
12	0
13	0
8	0
8	0
8	0
8	0
8	8
12	0
17	0
12	3
12	0
12	4
5	5
3	0
4	0
4	4
3	0
12	6
17	0
8	8
13	13
17	17
17	17
17	17
17	17
17	0
17	17
17	17
13	13
1	0
2	0
16	0
16	16
13	13
13	0
3	0
1	0
12	0
1	0
3	0
3	0
1	0
17	0
1	0
17	0
1	0
1	0
1	0
1	0
8	0
12	0
12	0
12	12
16	0
16	0
16	4
3	0
1	6
1	0
8	0
8	0
8	0
8	0
8	0
8	8
17	0
2	2
17	6
12	1
17	0
17	12
17	0
17	12
17	0
17	12
10	0
2	0
16	0
2	0
16	0
16	0
16	16
13	13
13	0
1	0
8	0
1	0
1	0
1	0
12	0
17	0
1	0
17	0
1	0
1	0
12	0
17	0
1	0
8	0
16	0
16	0
16	0
1	0
1	0
1	0
1	0
1	0
8	0
1	0
1	0
12	0
12	12
16	0
16	0
16	4
3	0
12	6
8	0
8	8
12	12
12	0
12	12
3	2
11	0
11	0
6	6
8	0
8	0
8	0
8	0
8	0
8	0
8	8
2	2
12	12
2	0
2	2
8	0
8	0
8	0
8	0
8	8
2	2
3	0
2	6
12	0
8	12
2	0
2	0
2	0
16	0
16	0
16	0
16	0
16	16
13	13
13	0
3	0
16	0
16	0
16	0
16	0
3	0
8	0
16	0
16	0
16	0
16	0
16	0
1	0
12	0
17	0
17	12
17	0
1	12
5	5
17	0
11	0
12	12
16	0
16	0
17	4
1	0
1	0
1	0
1	1
8	0
8	0
8	8
17	0
17	0
17	0
17	16
13	13
14	0
14	14
3	0
1	6
1	0
8	0
8	8
17	0
12	6
12	0
8	0
8	0
8	8
1	0
2	0
2	0
16	0
16	0
16	16
13	13
13	0
1	0
17	0
17	0
16	0
17	0
17	0
17	0
17	0
17	0
17	0
16	0
16	0
16	0
16	0
1	0
12	0
12	0
8	0
8	12
5	5
8	0
8	12
12	0
12	12
16	0
17	0
2	0
2	4
1	0
1	0
1	0
1	0
1	0
1	0
1	1
8	0
8	0
8	0
8	8
13	13
5	3
3	6
1	12
12	0
8	0
12	0
17	0
12	12
12	0
12	0
12	12
17	0
17	0
17	0
17	12
13	13
3	0
11	0
6	6
8	0
8	0
8	0
8	0
8	0
8	0
8	0
8	0
8	0
8	8
5	5
3	0
12	6
12	0
12	0
13	0
12	0
13	13
8	0
8	0
8	0
8	0
8	0
8	0
1	8
12	0
12	0
12	12
12	12
12	12
12	0
12	6
12	0
12	0
12	12
12	12
12	12
16	0
16	0
16	4
2	0
2	2
9	9
2	0
11	0
11	6
1	0
1	0
1	0
1	1
8	0
8	0
8	0
8	8
2	0
2	0
3	0
2	0
16	0
16	0
16	16
13	13
13	0
1	0
1	0
1	0
16	0
1	0
1	0
8	0
1	0
8	0
8	0
8	0
8	0
12	0
12	0
6	2
8	0
8	0
8	0
8	8
16	0
16	0
16	4
12	0
12	0
12	12
16	6
13	13
17	0
17	0
17	17
17	17
17	0
17	0
17	0
17	17
13	13
13	13
8	0
8	0
8	8
2	0
2	2
12	0
8	1
8	0
12	0
8	1
8	0
8	0
8	0
8	0
8	8
5	5
2	0
2	2
1	0
6	0
1	0
1	0
1	0
1	1
12	0
1	1
8	0
13	0
8	0
8	8
12	0
12	12
12	12
2	0
2	0
13	0
12	0
12	0
12	6
12	0
8	0
8	0
8	0
8	0
8	8
13	13
17	17
17	17
17	0
17	17
17	17
17	17
9	9
12	0
12	0
12	12
12	0
17	0
17	17
2	17
12	12
12	12
13	13
17	0
2	2
8	8
8	0
12	0
12	4
12	0
12	0
12	0
1	0
16	0
16	0
16	0
16	0
12	1
12	0
12	0
12	0
8	8
13	13
8	0
8	0
8	8
2	2
12	0
12	0
12	0
13	0
8	0
12	0
8	0
8	8
13	0
12	0
2	2
8	8
5	5
8	8
16	0
4	0
4	4
12	0
12	6
12	0
8	8
3	0
3	6
1	0
1	1
5	5
16	1
8	0
8	8
2	2
12	12
17	0
2	2
12	0
12	0
12	0
12	12
12	12
12	2
12	0
12	6
12	12
12	12
5	5
8	2
12	0
12	6
12	0
12	12
12	12
2	0
2	0
16	0
16	16
13	13
13	0
1	0
8	0
1	0
16	0
16	0
16	0
16	0
16	0
12	0
16	0
16	0
16	0
16	0
12	0
8	0
8	0
8	0
8	0
1	12
8	0
8	12
16	0
16	0
16	4
3	0
1	0
3	0
3	0
1	3
2	2
3	0
1	6
8	0
8	0
8	0
8	8
2	2
3	0
1	6
1	0
1	0
1	0
1	0
1	0
1	1
12	12
12	0
12	0
12	0
12	12
17	0
8	0
8	12
3	0
2	0
2	0
2	0
2	2
3	0
12	6
12	0
12	12
12	0
12	12
8	0
2	2
8	8
12	6
8	0
8	0
8	0
8	0
13	0
12	0
2	2
8	8
16	0
4	0
4	4
12	0
6	6
8	0
8	8
2	0
2	0
11	0
11	2
1	0
3	0
1	0
1	0
1	0
1	1
8	0
8	0
8	8
2	2
12	12
13	13
12	0
12	17
17	0
17	17
2	17
12	0
12	17
13	13
1	0
1	0
1	0
1	0
16	16
13	13
13	0
1	0
1	0
16	0
1	0
8	0
1	0
1	0
8	0
16	0
16	0
16	0
16	0
12	0
16	0
16	0
16	0
2	0
2	0
1	0
12	0
12	0
12	12
12	0
12	12
16	0
4	0
4	4
3	0
3	6
3	0
9	0
1	0
9	1
17	0
8	8
2	2
12	12
17	2
12	0
12	6
12	12
12	12
1	0
12	0
16	0
16	0
16	16
13	13
14	0
11	6
1	0
1	0
1	1
8	0
8	8
5	5
1	0
11	6
1	1
8	8
2	2
8	0
8	0
8	0
8	0
8	8
16	0
16	0
16	0
16	16
5	5
12	0
12	6
12	0
12	0
8	0
8	0
8	8
13	0
12	0
12	12
16	0
4	0
16	4
11	0
11	0
11	6
8	0
8	0
8	0
8	0
8	0
8	8
2	2
12	12
2	0
6	0
3	2
1	0
1	0
1	0
1	0
1	0
1	1
8	0
8	0
8	8
8	2
12	0
12	6
12	0
13	0
12	0
13	0
12	0
8	12
1	0
1	0
1	0
16	0
16	16
13	13
13	0
3	0
1	0
16	0
3	0
16	0
16	0
16	0
16	0
1	0
1	0
1	0
1	0
8	0
8	0
8	0
16	0
12	0
2	0
3	2
9	0
1	1
8	0
8	0
8	0
8	0
8	8
2	2
9	9
8	0
8	0
4	4
12	0
12	6
8	0
8	8
2	0
2	2
3	0
1	6
12	0
1	1
8	0
8	8
2	2
12	0
8	0
8	12
2	0
2	6
8	0
13	0
8	0
8	0
8	0
8	0
8	8
2	0
2	0
2	2
8	0
12	0
8	0
8	9
2	2
8	0
8	0
8	0
8	8
16	0
2	0
16	0
16	0
16	0
16	16
13	13
13	0
13	0
12	0
12	12
16	0
16	0
16	4
3	0
3	6
9	0
1	1
1	0
1	0
1	0
1	0
1	1
8	0
8	8
2	0
6	0
6	2
8	0
8	0
8	0
8	8
2	0
2	2
12	12
12	12
2	2
12	12
1	0
2	0
16	0
16	0
16	16
13	13
3	0
3	0
9	9
1	0
9	1
8	0
8	17
17	0
8	0
8	17
16	0
16	0
16	0
16	16
5	5
3	0
11	6
8	0
8	0
8	0
8	8
2	2
1	0
13	0
12	0
12	0
12	12
8	0
16	0
4	4
2	0
2	2
8	0
8	0
8	0
8	8
2	0
2	0
2	0
6	2
8	0
8	0
8	0
8	0
8	0
8	8
17	0
12	6
12	0
8	0
8	8
12	0
12	0
12	12
2	0
2	0
2	0
16	0
16	0
16	0
16	16
5	5
3	0
2	2
8	8
1	0
1	6
16	1
8	0
8	0
8	0
8	8
2	2
12	12
1	0
3	0
1	0
16	0
16	16
13	13
13	0
1	0
1	0
1	0
12	0
2	0
8	0
12	0
9	1
8	0
8	0
8	0
8	0
8	0
8	0
8	0
8	8
13	13
8	0
8	0
8	0
8	0
8	0
8	8
5	5
8	0
8	0
8	0
8	8
4	0
4	4
3	2
3	0
12	6
8	0
1	0
8	0
8	8
5	5
3	0
1	0
1	3
1	0
1	0
1	0
1	1
8	0
8	0
8	8
2	2
3	0
12	6
12	0
12	0
12	0
12	0
12	0
12	12
17	0
17	0
17	17
16	0
2	0
13	0
12	0
6	2
8	8
16	0
4	0
16	4
12	0
12	0
8	12
2	0
2	6
17	0
8	17
17	0
8	17
2	0
2	0
16	0
16	16
5	5
5	5
1	0
1	0
2	0
1	0
1	0
1	0
1	1
12	0
12	0
12	12
17	0
12	6
8	0
8	8
8	12
9	9
17	17
17	17
17	17
17	17
1	0
1	0
1	0
16	0
16	16
13	13
13	0
3	0
16	0
16	0
16	0
12	0
16	0
17	0
16	0
1	0
1	0
17	0
1	0
12	0
6	2
8	0
8	0
8	8
16	0
16	0
16	4
11	0
11	6
8	0
8	0
8	8
2	0
2	0
2	0
1	2
8	0
8	0
8	0
8	8
2	2
1	0
1	0
1	1
8	0
8	0
8	0
8	8
2	2
12	0
12	12
12	12
1	0
2	1
8	0
8	0
8	0
13	0
8	0
8	0
8	0
8	8
16	0
16	0
4	0
4	16
2	0
2	0
2	0
1	0
16	16
13	13
13	0
3	0
1	0
1	0
3	0
3	0
2	0
12	0
6	2
8	8
16	0
4	0
4	4
12	0
12	6
12	0
8	8
2	0
2	6
1	0
1	0
1	1
8	0
8	17
17	0
8	17
2	2
12	0
12	12
12	12
12	0
12	12
17	2
12	0
12	6
12	0
12	12
12	12
2	0
2	0
16	0
16	0
16	0
16	16
13	13
13	0
1	0
1	0
1	0
1	0
1	0
16	0
16	0
16	0
1	0
8	0
16	0
16	0
16	0
1	0
12	0
3	0
3	0
3	0
2	0
1	0
1	0
12	0
12	0
12	12
16	0
16	0
16	4
3	0
12	6
12	0
8	0
8	0
8	0
8	0
8	0
8	8
2	2
8	0
8	0
8	0
8	8
17	2
12	0
12	6
8	0
8	0
8	0
8	8
5	5
8	0
2	2
8	0
8	0
8	0
8	0
8	0
8	8
2	0
2	2
3	0
12	6
12	0
8	0
8	8
2	2
3	0
12	6
12	0
12	12
17	0
8	12
17	0
12	12
17	0
12	12
2	0
12	0
2	0
2	0
16	0
13	0
12	0
12	0
12	12
16	0
4	0
16	4
3	6
1	0
9	0
1	0
1	0
1	1
8	0
8	0
8	0
8	8
2	0
16	0
16	0
16	16
5	5
3	0
1	6
3	0
9	0
1	0
9	1
17	0
8	8
2	2
12	12
17	2
12	0
12	6
12	12
12	12
2	2
12	0
12	12
12	12
12	0
12	12
16	0
2	0
16	0
16	16
13	13
13	0
3	0
16	0
16	0
16	0
12	0
1	0
1	0
1	0
1	0
1	0
1	0
1	0
12	0
12	12
16	0
16	0
16	4
12	0
12	13
12	0
12	0
12	12
8	0
13	0
8	0
8	12
2	2
8	0
2	6
8	0
8	0
8	0
8	0
8	0
8	0
8	8
17	2
12	0
12	6
12	0
8	0
8	0
8	0
8	8
17	0
16	0
16	0
17	16
13	13
3	11
2	0
2	2
8	8
2	0
2	2
12	0
12	0
12	0
12	12
12	12
3	0
2	0
2	0
16	0
16	0
16	16
1	0
12	16
11	0
11	4
13	13
13	0
8	0
1	6
1	1
1	0
1	0
17	0
17	0
12	1
12	0
8	8
17	0
2	2
12	0
12	0
12	0
12	12
12	12
16	0
4	0
4	4
2	0
2	2
8	8
3	0
1	6
12	0
8	0
8	8
16	0
2	0
16	0
16	16
13	13
13	0
1	0
1	0
16	0
16	0
16	0
16	0
16	0
1	0
1	0
8	0
1	0
1	0
4	0
1	0
1	0
1	0
1	0
1	0
1	0
1	0
8	0
17	0
17	0
1	0
1	0
17	0
12	0
11	6
16	1
3	2
3	0
12	6
8	0
8	8
2	2
12	12
5	5
11	0
11	0
11	6
1	0
16	0
16	0
1	1
8	0
8	0
8	0
8	0
8	8
2	2
12	0
12	0
12	12
13	13
3	11
16	0
11	11
3	0
1	0
1	1
1	0
2	2
8	0
8	0
8	8
16	0
16	0
16	16
13	13
13	0
3	0
1	0
1	0
16	0
16	0
16	0
1	0
1	0
1	0
1	0
12	0
1	0
16	0
16	0
16	0
1	0
12	0
17	0
12	6
12	0
8	8
17	0
2	2
17	12
12	12
4	0
11	4
2	0
2	2
8	8
1	0
1	0
1	0
1	0
16	16
4	0
16	4
13	13
13	0
1	0
1	0
1	0
1	0
1	0
1	0
1	0
3	0
1	0
1	0
1	0
1	0
1	0
8	0
1	0
1	0
1	0
1	0
16	0
1	0
1	0
1	0
1	0
1	0
1	0
12	0
12	0
8	0
16	0
17	0
12	0
17	0
1	0
1	0
3	0
1	0
1	0
12	0
3	0
12	6
17	0
13	0
17	0
13	0
12	0
12	8
17	0
2	2
12	0
12	12
17	0
17	12
17	0
8	12
4	0
11	4
5	5
1	0
1	0
1	1
8	0
8	8
2	0
2	0
2	0
3	2
6	6
1	0
1	1
8	0
8	0
8	0
8	0
8	8
2	2
12	0
12	0
12	12
1	0
2	0
2	0
16	0
16	0
16	0
16	0
16	16
4	0
16	4
13	13
13	0
3	0
17	0
1	0
17	0
1	0
12	0
1	0
12	0
12	0
12	0
12	12
16	0
4	0
4	4
3	0
9	9
17	0
8	17
17	0
8	0
8	17
1	0
2	0
16	0
16	16
13	13
3	0
3	0
3	3
3	0
12	6
1	0
1	0
16	1
12	0
12	0
8	0
8	8
2	2
12	12
13	13
13	0
1	0
3	0
8	0
16	0
3	0
16	0
1	0
3	0
1	0
12	0
1	0
1	0
1	0
8	0
8	0
3	0
8	0
16	0
1	0
1	0
1	0
1	0
1	0
1	0
1	0
12	0
17	6
17	0
16	1
8	0
8	0
8	0
8	0
8	0
8	0
8	0
8	8
5	5
12	6
4	0
3	0
1	1
2	0
1	0
1	0
1	0
1	0
1	0
2	1
8	0
8	0
8	0
8	0
8	0
8	0
8	8
8	0
17	0
2	0
2	4
3	0
12	6
8	0
8	0
8	0
8	0
8	0
8	8
2	0
16	0
16	0
16	0
16	16
5	5
12	0
12	6
12	0
12	0
8	0
8	0
8	0
8	0
8	0
8	0
13	0
12	0
13	13
8	0
8	0
8	0
8	0
8	0
8	0
8	8
13	0
8	0
8	0
8	0
1	0
8	0
8	0
8	0
1	0
1	0
1	0
1	0
8	0
8	0
1	0
8	0
1	0
8	0
1	0
8	0
8	0
8	0
8	0
8	0
8	0
1	0
1	0
8	0
8	0
8	0
8	0
8	0
8	0
8	0
8	0
8	0
8	0
8	0
1	0
1	0
8	0
8	0
8	0
8	0
8	0
8	0
8	0
8	0
8	0
8	0
1	0
12	0
12	0
12	0
12	17
17	17
17	17
13	13
12	0
12	12
13	13
12	0
12	0
17	17
17	17
17	17
13	13
12	0
12	12
13	13
17	4
9	9
17	2
1	6
1	0
2	0
1	6
8	0
8	0
8	0
8	0
8	0
8	8
5	6
1	0
1	0
1	1
8	0
8	0
8	0
8	0
8	0
8	8
16	0
16	0
16	0
16	16
13	13
13	0
1	0
16	0
16	0
16	0
1	0
8	0
16	0
16	0
16	0
16	0
16	0
16	0
12	0
12	0
12	6
8	0
8	0
8	0
8	8
17	0
8	0
12	0
17	0
8	12
13	13
2	2
6	0
6	11
8	0
8	8
13	13
8	0
8	0
8	0
8	8
13	13
8	0
8	0
8	0
8	8
5	5
8	0
8	0
8	8
16	0
16	0
16	0
16	0
16	16
13	13
6	4
16	0
2	3
11	0
11	6
8	0
8	0
8	8
1	0
1	0
1	0
1	1
1	0
6	0
1	0
1	0
1	0
1	1
8	0
8	0
8	0
13	0
12	0
6	6
8	8
12	0
13	0
12	0
12	0
12	0
12	0
1	12
8	0
12	0
12	0
12	0
8	12
5	5
12	0
12	17
12	17
17	17
17	0
12	0
12	0
12	17
12	0
3	0
16	4
6	6
1	1
8	0
8	0
8	0
8	0
8	0
8	8
2	0
2	2
8	0
8	0
8	0
8	0
8	0
8	0
8	8
2	0
2	2
8	0
8	0
8	0
8	8
3	0
2	0
2	0
2	0
16	0
16	0
16	16
13	13
13	0
3	0
12	0
12	0
12	6
8	0
8	0
8	0
8	8
12	0
8	0
8	0
8	0
8	0
8	0
8	8
5	5
8	0
8	0
8	0
8	0
8	0
8	8
17	4
17	0
12	6
17	0
8	0
8	8
1	0
1	0
1	0
1	0
16	0
16	16
5	5
5	6
1	0
1	1
8	0
8	0
8	8
16	0
12	0
12	2
2	0
2	0
6	6
8	0
8	0
8	0
8	8
2	0
16	0
16	16
13	13
13	0
1	0
1	0
1	0
16	0
16	0
12	0
6	0
6	6
8	0
8	0
8	0
8	0
8	0
8	8
2	0
2	2
1	0
1	0
1	1
5	5
1	1
8	0
8	8
2	2
2	6
12	0
8	0
8	8
13	13
2	0
2	2
8	0
8	0
8	8
5	5
6	0
6	6
8	0
8	0
8	8
4	0
4	4
3	6
1	0
1	0
1	0
1	1
8	0
8	0
8	0
8	8
2	2
2	6
12	0
8	0
8	8
16	0
16	0
16	1
4	0
16	4
13	13
13	0
1	0
1	0
12	0
6	0
3	11
4	0
11	4
3	0
3	0
3	1
16	0
12	0
12	4
13	13
14	14
6	6
8	0
8	0
8	0
8	0
8	0
8	0
8	8
1	0
1	0
16	0
16	0
16	16
4	0
4	4
4	0
11	4
13	13
2	0
14	0
14	14
3	11
9	9
5	6
8	0
8	0
8	0
8	8
1	0
1	0
1	0
1	0
16	0
16	16
13	13
6	0
6	6
12	0
8	0
8	0
8	0
8	0
8	0
8	0
8	8
2	0
13	0
12	0
12	0
12	6
12	0
8	0
8	0
1	0
1	0
1	8
2	2
1	0
1	0
1	0
1	0
1	1
8	0
8	0
8	0
8	0
8	8
13	13
3	0
16	5
8	0
8	0
8	0
8	0
8	8
5	5
8	0
8	0
8	0
8	0
8	0
8	0
8	0
8	8
13	13
11	0
11	4
2	0
2	0
3	0
6	0
1	3
1	0
12	0
12	0
16	0
16	16
5	5
16	0
16	0
16	16
2	6
8	0
8	0
8	0
12	0
13	0
12	0
2	6
8	0
8	0
8	8
8	0
8	0
8	0
8	0
8	0
8	8
4	0
6	4
2	0
2	2
12	0
12	6
12	0
8	0
8	0
8	0
8	0
8	8
2	2
8	0
8	0
8	0
8	0
8	0
8	8
1	0
1	0
1	1
8	0
8	0
8	0
8	0
8	0
8	0
8	8
1	0
1	0
1	0
1	0
16	0
16	16
13	13
13	0
1	0
1	0
1	0
1	0
1	0
1	0
1	0
3	0
16	0
3	0
3	0
3	0
4	0
9	9
6	4
17	0
2	11
12	6
12	0
12	8
2	0
2	2
3	0
2	2
8	0
8	0
8	0
8	0
8	0
8	8
1	0
1	0
1	0
1	1
8	0
8	0
8	0
13	0
1	0
1	0
1	0
8	0
8	8
2	0
16	0
16	0
16	0
16	16
13	13
13	0
1	0
1	0
1	0
1	0
1	0
8	0
16	0
8	0
1	0
16	0
16	0
17	0
17	0
12	0
1	0
1	0
1	0
8	0
1	0
1	0
1	0
1	0
12	0
1	0
1	0
8	0
8	0
8	0
8	0
8	0
8	0
8	0
8	8
5	5
1	0
1	0
1	0
1	1
8	0
8	0
8	0
8	0
8	8
16	0
16	0
16	4
3	0
6	6
3	0
3	3
1	0
1	0
1	0
1	0
1	1
8	0
8	0
8	8
2	2
8	0
13	0
12	0
12	0
12	0
12	0
8	0
13	0
16	0
12	0
12	0
12	0
11	8
13	13
12	0
12	0
12	8
13	13
12	0
12	0
12	0
12	8
13	0
12	0
2	2
12	0
1	6
8	0
8	0
8	0
8	8
12	0
3	0
3	4
2	0
2	0
12	0
9	1
1	0
13	0
1	0
1	0
1	0
1	8
8	0
12	0
12	0
17	0
8	0
8	16
2	0
1	0
1	0
1	0
1	0
1	0
16	16
5	5
2	0
2	0
12	0
9	1
8	0
8	0
12	0
13	0
12	0
8	12
16	0
12	0
12	0
17	0
17	0
8	16
2	0
4	0
16	16
4	0
4	0
4	0
4	4
13	13
13	0
12	0
11	6
16	0
16	0
4	0
14	0
16	0
11	16
3	0
3	0
1	0
2	0
2	0
1	0
1	0
1	1
2	0
2	2
8	0
8	0
8	0
8	0
8	8
2	0
2	2
1	1
8	0
8	0
8	8
2	0
16	0
16	0
16	0
16	16
13	13
14	6
8	0
8	0
8	8
2	0
6	2
1	0
1	0
1	16
8	0
8	0
8	0
8	0
8	8
2	0
2	2
8	0
8	0
8	8
2	0
2	2
8	0
8	0
8	8
13	0
12	0
1	12
12	0
12	12
12	0
12	0
12	0
8	0
12	0
12	0
12	0
12	0
12	0
12	0
12	12
8	0
8	0
8	0
14	14
3	0
6	6
8	0
8	0
8	0
8	0
8	8
16	12
12	0
12	12
5	5
12	0
12	12
9	0
9	0
1	9
12	0
1	0
1	0
16	16
1	0
3	4
13	13
11	0
11	4
2	0
2	11
12	0
12	6
12	0
8	0
8	0
8	0
8	8
2	0
2	0
2	0
11	2
8	0
8	0
13	0
12	0
12	6
16	0
16	0
16	0
3	1
1	0
1	0
1	0
1	0
1	1
8	0
8	0
8	0
8	0
8	0
8	8
2	0
2	0
2	2
8	0
12	0
8	0
8	0
8	8
13	13
3	11
2	0
2	2
8	0
8	0
8	8
9	9
1	0
16	16
4	0
16	4
4	0
4	4
13	13
3	0
5	0
3	4
2	2
8	0
8	0
8	8
8	0
8	0
8	8
1	2
1	0
1	0
1	0
1	0
1	0
1	0
16	16
13	13
13	0
12	0
6	6
8	0
8	0
8	0
8	8
2	2
8	0
8	0
8	0
8	8
8	0
2	0
2	2
12	0
6	6
12	0
12	0
8	0
8	0
8	0
8	0
8	0
8	8
16	0
4	4
3	6
1	0
1	0
1	0
1	0
1	0
1	1
8	0
8	0
8	0
8	0
8	8
3	0
16	2
8	0
8	0
8	0
8	0
8	8
5	5
12	0
1	2
8	0
8	0
8	0
8	0
8	0
8	0
8	8
1	0
3	0
1	0
16	16
13	0
12	0
14	0
12	6
8	0
8	0
8	0
8	0
8	8
16	0
16	16
3	0
2	2
8	0
8	8
2	0
2	0
2	0
1	2
8	0
8	0
8	0
8	0
8	0
8	8
2	0
2	2
8	0
8	8
2	0
1	0
1	0
16	0
16	0
16	16
13	13
14	0
4	14
3	0
2	0
2	0
3	3
1	2
1	0
1	0
1	1
8	0
8	0
8	8
1	0
1	0
1	0
1	0
1	0
1	0
1	0
1	0
1	1
8	0
8	0
13	0
12	0
3	0
2	2
3	0
12	6
12	0
12	0
12	0
8	8
2	0
2	0
2	2
8	0
8	0
8	0
8	8
16	0
16	2
8	0
8	0
8	0
8	0
8	0
8	0
8	8
13	13
8	0
8	0
8	0
8	0
8	8
5	5
8	0
8	0
8	0
8	0
8	0
8	8
16	0
4	0
4	0
4	0
3	16
1	0
1	0
16	1
4	0
4	10
12	0
4	0
4	0
4	0
16	4
13	13
11	0
4	4
17	0
11	6
8	0
13	0
12	0
1	0
1	0
1	0
1	0
1	1
8	0
12	0
8	0
8	0
8	8
4	0
4	4
2	0
2	2
11	0
11	11
1	0
17	0
12	2
17	0
8	0
17	0
17	8
17	0
17	0
17	0
17	17
13	13
8	0
8	0
8	0
8	0
8	0
8	0
8	0
8	12
13	13
1	0
1	0
1	2
8	0
8	0
8	8
2	2
3	0
12	0
1	1
8	0
8	0
8	0
8	0
8	0
13	0
3	0
1	0
1	0
9	0
1	0
13	0
12	0
6	2
8	0
8	0
8	0
8	8
17	0
4	0
16	2
8	17
8	0
6	17
12	0
12	0
8	12
3	0
3	0
3	4
2	0
2	0
3	0
3	3
1	6
8	0
8	0
8	8
2	0
2	0
16	0
16	0
16	16
13	13
13	0
1	0
3	0
16	0
16	0
3	0
3	0
16	0
16	0
3	0
1	0
1	0
1	0
1	0
1	0
1	0
1	0
1	0
8	0
16	0
16	0
16	0
16	0
8	0
8	0
1	0
1	0
16	0
12	0
9	9
12	0
4	4
1	12
12	0
12	12
12	0
12	6
12	0
12	0
8	0
8	0
8	8
2	2
1	0
6	0
1	0
1	1
8	0
8	0
8	0
8	0
8	8
2	0
2	0
3	0
2	0
16	0
16	0
16	16
13	13
3	0
2	2
8	0
8	0
8	8
17	0
12	6
12	0
8	0
8	0
8	0
8	0
8	8
2	0
1	2
8	0
8	0
8	0
8	8
2	2
8	0
8	0
8	0
8	0
8	0
8	0
8	8
13	0
12	0
3	0
12	6
12	0
12	0
8	0
8	8
4	0
11	4
1	0
1	0
1	2
8	0
8	0
8	0
8	8
2	2
8	0
8	0
8	0
8	0
8	0
8	0
8	8
13	13
2	0
11	2
8	0
8	0
8	0
8	0
1	8
2	2
1	0
1	0
1	0
1	0
1	1
8	0
8	0
8	0
8	0
8	0
8	0
8	8
5	0
1	5
8	0
8	0
8	0
8	0
8	8
2	0
2	0
3	0
1	2
8	0
8	8
16	0
13	0
12	0
3	0
12	6
8	0
8	0
8	0
8	8
2	0
2	2
12	0
13	0
8	0
8	0
8	0
8	8
13	13
3	0
3	11
9	9
1	2
8	0
8	8
16	0
17	0
17	16
12	0
12	4
13	13
12	0
4	4
17	0
2	2
8	8
2	2
2	12
12	0
12	12
17	0
17	0
12	10
3	0
3	0
3	3
5	5
9	0
1	1
8	0
8	0
8	0
8	0
8	0
8	8
2	0
3	0
16	0
16	16
13	13
13	0
1	0
1	0
12	0
11	11
16	0
16	0
16	16
13	13
3	0
4	5
16	0
2	0
3	0
3	3
3	0
1	6
1	0
9	0
1	1
9	0
1	1
8	0
8	0
8	8
16	0
1	1
12	0
8	0
12	0
12	0
12	0
12	0
8	0
8	8
2	2
2	0
6	6
1	0
1	0
1	1
8	0
8	0
8	0
8	0
8	0
8	0
8	0
8	8
2	0
2	0
16	0
16	16
4	0
16	4
4	0
11	4
13	13
13	0
1	0
1	0
1	0
1	0
12	0
2	12
2	0
6	6
8	0
8	0
8	0
8	0
8	8
3	2
4	0
11	0
4	4
17	0
1	11
1	0
1	0
1	0
1	0
1	1
8	0
8	0
8	0
8	0
8	8
2	0
2	2
8	0
8	0
8	0
8	0
8	8
16	0
16	0
16	0
16	16
13	13
2	0
2	6
8	0
8	0
8	0
8	0
8	0
8	0
8	0
8	0
8	0
8	0
8	0
8	8
5	5
8	0
8	0
8	0
8	0
8	0
8	0
8	8
13	0
12	0
6	0
6	14
3	0
1	11
1	0
1	0
1	0
1	0
1	0
1	0
1	1
8	0
8	8
1	0
16	0
16	0
16	16
11	0
12	4
5	5
14	0
11	0
11	11
3	0
3	4
16	0
1	0
1	0
4	0
1	16
1	0
1	0
16	16
13	13
11	0
11	0
11	4
8	0
8	0
8	0
8	0
8	8
2	0
3	0
3	2
1	0
1	0
1	0
1	0
1	0
1	1
4	0
4	5
3	0
6	0
3	0
3	0
1	0
13	0
12	0
3	0
12	6
8	0
8	0
8	0
8	8
2	0
2	2
8	0
8	0
8	8
9	9
4	0
11	4
12	3
2	3
3	0
12	6
1	0
12	0
1	0
2	0
16	0
1	1
8	0
8	0
8	0
8	8
2	2
2	12
12	0
12	12
12	0
12	10
12	0
1	0
1	16
13	13
13	0
3	0
1	0
12	0
1	0
1	0
1	0
1	0
1	0
1	0
1	0
8	0
8	0
12	0
1	0
1	0
8	0
8	0
8	0
16	0
3	0
12	0
13	13
12	0
8	0
8	0
8	0
8	0
8	8
13	0
8	0
8	0
8	0
8	0
1	0
1	0
8	0
8	0
1	0
8	0
1	0
8	0
8	0
8	0
1	0
8	0
8	0
8	0
1	0
8	0
8	0
8	0
8	0
8	0
8	0
1	0
1	0
8	0
8	0
8	0
8	0
8	0
8	0
8	0
8	0
8	0
8	0
1	0
1	0
1	0
8	0
8	0
8	0
8	0
8	0
8	0
8	0
8	0
8	0
1	0
1	0
12	0
12	0
12	0
12	12
12	12
12	0
12	0
12	12
12	0
12	6
12	0
12	0
12	12
12	12
12	0
12	0
12	12
3	0
4	4
2	0
2	0
2	0
3	0
3	2
1	0
1	0
1	0
1	0
1	0
1	0
1	0
1	0
1	1
8	0
8	0
8	0
8	8
2	0
2	0
2	2
8	0
8	8
1	0
1	0
16	0
1	0
16	16
5	5
3	0
4	4
2	0
2	0
1	6
8	0
8	0
8	0
8	8
17	0
2	2
13	0
12	0
12	0
12	0
12	12
12	0
4	4
17	0
12	6
8	0
8	0
8	0
8	8
2	0
2	0
3	0
2	0
16	0
16	0
16	16
5	5
12	0
4	4
17	0
12	2
8	0
9	0
1	8
2	2
2	0
11	0
11	6
8	0
8	0
8	0
8	0
8	8
2	0
2	0
6	2
8	0
8	0
8	0
8	0
8	0
8	8
2	0
3	2
1	0
1	0
1	0
1	0
1	16
2	0
2	2
12	0
13	0
8	12
3	0
3	0
13	0
12	0
12	0
12	0
12	12
4	0
4	4
2	0
2	2
8	0
8	0
8	8
4	0
1	5
2	2
17	0
11	6
17	0
8	8
2	0
3	0
3	0
1	0
2	1
8	0
8	0
8	0
8	0
8	0
8	0
8	0
8	8
1	0
16	0
16	0
16	16
13	13
13	0
1	0
3	0
16	0
16	0
16	0
16	0
1	0
1	0
16	0
1	0
16	0
16	0
16	0
16	0
16	0
1	0
1	0
1	0
3	0
3	0
3	0
3	0
12	0
12	0
1	0
1	0
1	0
1	3
17	0
12	4
17	0
12	6
12	0
4	8
12	0
12	0
12	12
17	0
17	0
17	12
17	12
3	0
3	0
12	5
12	0
12	6
12	0
12	0
12	0
12	0
12	12
12	0
12	0
12	12
12	12
17	0
17	0
17	0
12	12
2	0
2	0
2	0
6	2
8	17
2	2
17	12
12	0
8	0
8	12
2	0
1	0
16	0
16	0
16	16
13	13
13	0
1	0
1	0
16	0
16	0
16	0
16	0
16	0
13	0
1	0
8	0
8	0
8	0
8	12
8	0
8	12
12	0
4	4
17	0
12	6
1	0
1	0
1	0
1	0
1	1
8	0
8	0
8	0
8	0
8	8
2	2
1	0
1	1
8	0
8	0
8	0
8	8
1	0
16	0
16	0
16	16
13	13
13	0
1	0
1	0
1	0
1	0
1	0
16	0
16	0
1	0
1	0
1	0
1	0
1	0
1	0
1	0
16	0
16	0
16	0
16	0
16	0
16	0
17	0
12	0
12	0
1	0
1	0
12	0
17	0
12	6
12	0
12	8
12	0
12	12
12	0
12	12
12	0
4	4
2	3
3	0
9	9
8	8
3	0
2	2
2	0
2	0
6	0
8	6
8	0
8	0
9	0
17	0
1	8
3	0
3	3
2	0
1	0
1	0
1	0
3	1
8	0
8	0
8	0
8	0
8	8
16	0
16	0
16	0
16	16
13	13
13	0
1	0
1	0
1	0
1	0
1	0
12	0
1	0
16	0
1	0
16	0
16	0
16	0
16	0
3	0
1	0
1	0
12	0
12	12
12	0
4	4
17	0
2	0
11	10
3	0
3	0
3	3
2	2
3	0
12	6
1	1
8	0
8	0
8	0
8	8
12	12
9	9
5	0
11	0
6	5
1	0
1	0
1	0
2	1
12	0
8	0
12	8
12	0
12	0
12	12
2	0
6	0
1	11
1	0
2	0
1	2
1	0
1	0
1	0
1	0
1	0
1	1
8	0
8	0
8	0
8	0
8	0
8	0
8	0
8	0
8	0
8	8
2	0
2	2
8	8
11	0
13	0
12	0
12	0
12	12
12	0
4	4
17	0
11	6
2	0
3	0
1	0
1	0
1	0
3	1
8	0
8	0
8	0
8	0
8	0
8	0
8	0
8	0
8	0
8	0
8	0
8	8
1	0
16	0
16	0
16	16
5	5
12	0
12	4
17	0
12	6
8	0
8	0
8	0
8	0
8	0
8	0
8	8
2	0
1	2
8	0
8	0
8	0
8	0
8	8
2	0
2	2
12	12
12	12
2	0
2	2
17	12
12	6
12	8
12	0
12	12
13	0
12	0
12	0
12	12
12	0
12	4
17	0
12	6
8	0
8	0
8	0
8	0
8	0
8	8
17	0
12	0
1	2
8	8
2	0
2	2
8	8
2	0
2	2
8	0
8	0
8	0
8	0
8	8
17	0
12	0
2	2
12	12
17	17
17	17
2	0
2	0
2	0
16	0
16	0
16	16
5	5
12	0
4	4
2	0
2	2
8	0
8	0
8	8
12	0
12	12
12	0
12	12
12	0
12	0
12	12
5	5
8	0
12	12
12	0
12	0
13	0
12	0
2	2
12	0
8	0
8	12
4	0
4	4
12	0
12	6
12	0
8	0
8	0
8	8
2	0
2	0
1	0
1	0
1	0
1	0
1	1
16	0
1	0
16	0
16	16
13	13
1	0
3	0
1	0
1	0
16	0
16	1
2	0
2	2
3	0
6	6
12	0
1	0
8	0
8	8
2	0
3	0
3	2
3	0
9	0
1	0
1	1
17	0
8	8
2	2
12	12
5	5
1	0
1	0
1	0
1	1
8	0
8	0
8	0
8	0
13	0
12	0
12	0
12	12
12	0
4	4
3	2
17	0
12	6
8	0
8	8
17	0
12	6
1	0
1	0
1	0
1	0
1	0
1	0
1	0
3	1
8	0
8	0
8	0
8	8
2	2
1	0
1	0
1	0
1	0
1	0
1	1
8	0
8	8
1	0
1	0
1	0
16	0
1	16
13	13
13	0
1	0
1	0
1	0
16	0
16	0
16	0
1	0
17	0
16	0
16	0
17	0
1	0
17	0
17	0
16	0
17	0
16	0
17	0
1	0
1	0
12	0
12	12
16	0
4	4
16	0
11	11
3	0
3	0
3	3
3	3
5	5
1	0
2	0
1	0
1	1
8	0
8	8
12	2
17	0
12	6
17	0
8	8
16	0
16	0
16	16
5	5
12	0
4	4
2	0
11	0
11	6
8	0
8	0
8	0
8	0
8	8
1	2
8	0
8	0
8	8
8	0
8	0
8	0
8	0
8	8
5	5
8	8
2	0
2	0
3	0
2	0
16	0
16	0
16	16
13	13
13	0
3	0
1	0
1	0
1	0
12	0
17	0
12	12
12	0
17	12
5	5
17	0
11	0
17	12
17	0
4	4
6	6
8	0
12	0
12	0
12	1
13	13
2	0
14	2
8	8
1	0
1	0
1	0
1	3
1	0
1	0
1	1
1	0
1	0
1	0
1	0
1	0
1	0
1	0
1	1
8	0
8	8
13	13
8	0
12	12
12	0
8	12
13	13
8	0
12	12
12	0
12	0
12	12
5	5
8	0
12	12
12	0
12	12
13	13
2	0
3	0
3	2
1	0
1	0
13	0
12	0
12	0
8	0
12	12
12	0
4	4
2	0
11	0
11	6
8	0
8	0
8	0
8	0
8	8
17	2
1	1
8	0
8	0
13	0
12	0
13	0
1	0
3	0
14	0
1	0
1	8
1	0
1	0
3	0
3	0
16	0
1	0
16	16
5	5
12	0
4	4
16	0
11	11
11	0
2	2
1	0
1	0
1	0
1	0
1	0
1	0
1	0
1	0
1	0
1	1
8	0
8	17
5	5
8	0
8	0
13	0
3	0
2	0
2	0
13	0
12	0
3	2
8	0
8	0
8	0
8	0
8	0
8	0
8	0
8	8
2	0
2	2
9	0
1	1
8	0
8	0
8	0
8	0
8	8
2	2
8	0
8	12
12	0
12	12
16	0
4	4
3	3
9	9
8	0
8	0
8	8
2	2
8	0
8	0
8	8
1	0
1	0
1	0
1	0
1	0
1	16
13	13
14	0
11	0
14	14
3	0
11	6
8	0
8	0
8	0
8	0
8	8
8	0
8	0
8	0
8	0
8	0
8	0
8	8
13	0
12	0
13	13
12	0
8	0
8	0
8	0
8	0
8	8
12	0
8	0
12	12
12	12
12	12
12	0
12	6
12	0
12	0
12	12
12	12
12	12
12	0
12	4
9	9
17	0
12	11
3	0
6	0
1	1
8	0
8	0
8	0
8	8
1	0
1	0
16	16
13	13
13	0
1	0
1	0
1	0
16	0
16	0
16	0
16	0
16	0
3	0
16	0
16	0
1	0
1	0
1	0
16	0
1	0
1	0
8	0
12	0
16	0
16	0
17	0
12	0
12	0
3	0
8	0
12	0
3	0
12	3
16	0
4	4
2	0
2	2
6	0
11	11
12	0
6	6
8	0
8	0
8	8
2	0
2	2
1	0
6	0
1	1
5	5
2	0
2	0
3	0
1	1
8	0
8	0
8	0
8	8
3	0
1	0
1	0
1	0
1	16
13	13
13	0
1	0
1	0
1	0
1	0
1	0
1	0
1	0
1	0
1	0
1	0
1	0
3	0
3	0
8	0
16	0
16	0
3	0
8	0
8	0
8	0
1	0
12	0
12	0
12	0
12	6
12	0
8	0
8	12
8	17
12	0
12	17
8	17
12	0
4	4
8	0
8	0
8	0
8	0
8	0
8	8
5	5
3	0
3	0
3	0
1	0
1	1
8	0
8	0
8	8
16	0
11	2
6	6
8	0
8	0
8	0
8	8
1	0
3	0
1	0
1	0
1	0
16	16
13	13
13	0
1	0
1	0
16	0
1	0
16	0
16	0
1	0
1	0
8	0
17	0
16	0
16	0
16	0
16	0
16	0
16	0
16	0
1	0
12	0
12	0
12	6
12	0
2	0
16	0
16	0
16	0
12	1
12	0
12	0
12	12
17	12
12	12
17	0
17	0
17	17
17	17
17	0
17	17
17	0
17	0
17	17
17	0
12	4
5	2
8	0
8	0
8	0
8	0
8	0
8	0
8	8
2	2
3	0
6	0
1	0
1	0
1	0
1	1
8	0
8	0
8	8
8	0
2	6
1	0
1	0
1	0
1	0
1	0
1	1
8	8
16	0
16	0
16	16
13	13
5	0
11	5
11	6
13	0
12	0
12	0
12	0
12	12
12	0
4	4
17	0
12	6
17	0
8	0
8	8
2	2
12	12
16	0
16	0
16	16
13	13
13	0
1	0
1	0
1	0
1	0
16	0
16	0
3	0
1	0
16	0
1	0
17	0
1	0
8	0
1	0
12	0
1	0
16	0
16	0
16	0
16	0
1	0
1	0
1	0
1	0
1	0
16	0
16	0
1	0
1	0
16	0
16	0
16	0
16	0
17	0
1	0
17	0
1	0
8	0
8	0
12	0
1	0
16	0
12	0
6	0
12	6
8	0
8	8
4	0
4	4
2	0
1	0
12	1
17	0
12	0
12	0
2	1
12	0
8	8
2	0
2	0
16	0
16	16
5	5
6	6
3	0
1	0
16	0
16	0
3	0
1	0
1	1
2	0
1	0
16	0
1	1
8	0
8	8
2	0
2	0
2	0
2	0
2	0
1	2
8	0
8	0
8	0
8	0
8	8
13	13
3	11
2	0
2	2
9	0
8	0
12	9
8	8
8	0
8	16
4	0
16	4
4	0
13	0
12	0
2	2
12	0
12	0
12	12
12	0
4	4
3	0
12	11
1	0
1	0
1	0
1	0
1	1
8	0
8	0
8	0
8	0
8	8
17	0
12	6
12	0
12	0
8	8
2	0
2	0
2	1
8	0
8	8
2	0
2	2
8	0
8	0
8	8
1	0
16	0
16	0
16	0
16	0
16	16
13	13
13	0
1	0
1	0
3	0
16	0
1	0
1	0
8	0
16	0
1	0
16	0
1	0
1	0
1	0
1	0
1	0
1	0
1	0
1	0
12	0
3	0
9	9
8	0
8	0
12	1
17	0
16	0
16	0
16	0
16	1
17	0
8	8
5	5
8	0
12	0
13	0
17	0
17	0
3	8
11	0
17	4
17	0
17	11
17	2
8	0
8	0
8	0
8	0
8	8
1	0
1	0
16	0
16	16
13	13
13	0
3	0
1	0
16	0
1	0
1	0
16	0
1	0
17	0
8	0
1	0
1	0
8	0
8	0
8	0
8	0
8	0
1	0
1	0
8	0
16	0
16	0
16	0
16	0
1	0
12	0
8	0
8	0
8	0
8	0
8	12
8	0
8	12
12	0
4	4
2	2
2	0
2	0
1	1
3	0
1	0
1	0
1	0
1	1
8	0
8	0
8	0
8	0
8	0
8	0
8	0
8	0
8	0
8	8
12	0
12	0
12	0
12	1
12	0
8	0
8	8
16	0
2	0
16	0
16	16
13	13
13	0
1	0
1	0
16	0
1	0
1	0
1	0
1	0
8	0
16	0
16	0
8	0
16	0
16	0
16	0
2	0
2	0
8	0
1	0
12	0
3	6
3	0
9	0
1	0
2	1
8	0
8	8
1	0
16	0
16	0
16	0
16	16
3	0
12	6
12	0
12	0
12	0
8	8
3	0
12	6
8	0
8	0
8	8
2	0
2	2
8	0
8	8
13	13
13	0
1	0
3	0
8	0
8	0
12	0
1	0
8	0
8	0
1	0
8	0
1	0
12	0
8	0
8	0
8	0
3	0
1	0
8	0
8	0
8	0
8	0
1	0
1	0
1	0
3	0
16	0
16	0
16	0
3	0
12	0
12	0
12	0
12	12
12	0
12	12
4	0
4	4
2	0
2	2
8	0
8	0
8	0
8	0
8	8
2	2
12	12
3	0
12	6
8	0
8	0
8	0
8	8
16	0
16	0
16	0
16	16
13	13
14	0
14	0
4	0
12	1
12	0
8	0
8	0
8	0
8	8
1	0
1	0
1	0
16	0
16	16
5	5
16	0
11	6
1	0
1	0
16	0
3	1
1	0
1	0
6	0
1	2
8	0
8	0
8	0
8	0
8	8
16	0
12	0
13	0
12	0
2	2
8	0
8	0
8	0
8	0
8	0
8	0
8	0
8	0
8	8
4	0
11	4
12	0
12	6
12	0
8	0
8	8
2	0
2	0
2	1
8	0
8	0
8	0
8	0
8	8
5	5
1	0
1	0
1	0
1	0
1	0
1	1
8	0
8	0
8	0
8	0
8	0
8	8
2	0
2	2
8	0
8	0
8	0
8	8
1	0
2	0
2	0
2	0
1	0
16	0
16	16
4	0
16	4
13	13
13	0
3	0
3	0
16	0
12	0
12	0
12	12
12	0
4	4
17	0
12	6
8	0
8	0
8	0
8	0
8	0
8	0
8	0
8	8
2	2
12	12
2	2
3	0
12	0
12	0
12	1
8	0
8	0
8	0
13	0
8	0
8	0
8	0
8	0
8	8
2	2
12	12
5	5
14	0
2	2
8	0
8	0
8	0
8	0
8	0
8	0
8	8
2	0
2	2
8	8
8	0
16	0
16	0
16	0
16	16
13	13
13	0
3	0
1	0
1	0
1	0
1	0
1	0
3	0
1	0
12	0
8	0
8	0
8	0
8	0
8	0
8	8
3	0
4	4
8	0
8	0
8	0
8	0
8	0
8	0
8	0
8	0
8	8
1	0
1	0
16	0
1	0
16	16
13	13
5	5
3	0
12	6
12	0
12	0
8	8
2	2
8	0
8	0
8	0
8	0
8	0
8	0
8	8
5	0
4	4
3	0
1	0
1	0
1	2
1	0
1	0
1	0
1	1
8	0
8	0
8	0
8	0
8	8
17	0
12	0
1	2
8	0
8	0
8	8
13	0
12	0
12	0
12	12
16	0
16	0
16	16
2	0
2	0
14	0
14	0
11	2
1	0
1	1
8	0
8	0
8	8
2	2
6	0
1	0
1	0
1	0
1	0
1	0
1	0
1	0
1	1
8	0
8	0
8	0
8	0
8	0
8	0
8	8
2	0
3	0
16	10
13	13
13	0
1	0
1	0
1	0
1	0
1	0
16	0
16	0
1	0
1	0
1	0
8	0
8	0
16	0
16	0
1	0
2	0
14	0
16	0
2	0
1	0
1	0
1	0
12	0
6	0
1	0
9	11
2	0
2	0
3	2
3	0
1	0
3	0
1	0
1	1
8	0
8	8
16	0
16	4
2	0
2	2
1	0
1	0
1	0
1	1
12	0
12	12
17	0
12	0
17	0
8	12
12	12
17	12
3	0
3	0
1	0
3	0
1	16
13	13
13	0
1	0
1	0
1	0
1	0
1	0
1	0
1	0
1	0
8	0
1	0
1	0
16	0
1	0
1	0
1	0
16	0
1	0
16	0
1	0
1	0
1	0
1	0
16	0
12	0
8	0
2	0
2	2
8	0
8	12
4	0
11	0
11	4
9	9
17	0
11	11
8	0
8	0
8	8
2	2
1	0
1	0
1	1
8	0
8	0
8	0
8	0
8	8
5	5
3	0
12	0
12	0
12	1
8	0
8	0
8	0
8	0
8	0
8	8
12	0
12	0
12	4
13	13
13	0
3	0
1	0
12	0
12	0
12	0
12	0
8	0
16	0
2	0
1	0
1	0
16	0
16	0
8	0
16	0
1	0
16	0
1	0
1	0
3	0
12	0
5	6
8	0
8	0
8	0
8	0
8	0
8	0
8	8
2	0
2	2
9	0
1	1
8	0
8	0
8	0
8	0
8	8
2	0
2	0
2	2
8	0
12	12
12	0
12	12
5	5
3	0
12	6
12	0
1	0
8	0
8	8
2	0
2	0
3	2
1	0
1	0
16	0
3	3
2	0
2	0
2	0
1	2
8	0
8	0
13	0
12	0
8	8
3	0
3	0
2	0
2	0
2	16
2	0
2	2
1	0
17	0
1	0
1	1
13	0
12	0
12	0
8	0
8	12
12	0
12	4
9	9
17	0
16	0
16	0
16	0
16	1
17	0
12	6
17	0
8	0
8	8
1	0
1	0
1	0
1	0
1	16
13	13
3	3
14	0
14	0
14	14
3	0
6	6
8	0
8	8
16	0
2	3
1	0
1	0
3	0
3	0
1	0
3	1
1	0
2	2
3	0
3	0
3	0
1	1
8	0
8	0
8	0
8	0
8	0
8	0
8	0
8	0
8	0
8	8
1	0
1	0
1	0
1	0
13	0
12	0
17	0
17	0
17	0
17	0
17	0
12	0
12	0
12	0
17	0
12	0
17	0
12	12
12	0
17	0
12	0
17	0
12	0
12	0
12	0
12	0
12	0
17	0
12	12
12	12
5	5
8	0
8	8
12	12
12	0
12	0
12	12
2	3
9	9
17	4
12	12
17	12
17	0
8	8
8	0
8	0
8	0
8	12
2	2
8	0
8	0
8	0
8	8
2	2
17	6
12	0
8	0
8	0
8	0
12	0
8	8
5	5
2	0
11	0
13	0
12	0
6	2
8	0
8	8
2	0
2	2
8	0
8	0
8	8
17	4
17	0
12	6
12	0
8	0
8	0
8	0
8	0
8	8
3	0
3	0
2	0
2	0
1	0
3	3
1	0
3	0
1	0
3	0
1	1
2	2
2	0
4	6
8	0
8	0
8	8
3	0
1	0
1	1
8	0
8	0
8	0
8	0
8	0
8	8
3	0
2	0
1	0
1	0
16	0
16	0
16	0
16	0
16	16
13	13
13	0
1	0
1	0
12	0
1	0
8	0
12	0
8	0
12	6
12	0
8	0
8	8
2	2
11	0
11	0
11	6
1	0
17	0
17	0
1	1
8	0
8	0
8	0
8	8
5	5
2	0
2	6
2	0
11	0
1	1
8	0
8	0
8	0
8	0
8	0
8	0
8	0
8	0
8	0
8	8
16	0
9	4
12	2
2	0
2	0
2	6
8	0
8	0
8	0
8	0
8	8
13	13
3	11
16	0
12	11
1	0
1	0
1	16
4	0
4	0
4	0
4	4
13	13
16	0
11	0
13	0
12	0
13	13
8	0
8	0
8	0
8	0
8	0
8	0
8	8
2	2
9	6
8	0
8	0
8	0
8	8
2	0
2	2
8	17
12	0
12	17
13	13
3	11
3	0
9	2
1	6
8	0
8	0
8	0
8	0
8	8
5	5
8	0
8	0
8	0
8	0
8	8
12	12
12	0
12	0
12	12
3	0
2	0
16	0
16	0
3	3
3	16
13	13
3	0
16	0
16	0
16	16
2	0
6	6
12	0
12	0
8	8
12	0
8	0
8	0
13	0
12	0
12	0
12	6
12	0
8	0
8	8
2	2
12	12
12	0
12	0
12	12
12	0
12	4
2	3
9	9
1	6
8	0
8	0
8	0
8	8
8	0
12	0
8	0
8	16
13	13
3	11
3	0
9	11
2	0
2	2
8	0
8	0
8	0
8	8
1	0
1	0
1	0
1	0
1	16
1	0
1	0
1	0
1	0
16	16
13	13
13	0
1	0
1	0
1	0
12	0
1	0
16	0
1	0
1	0
1	0
16	0
16	0
16	0
3	0
1	0
12	0
8	6
8	0
8	0
8	0
8	8
2	0
2	0
6	2
8	0
8	8
2	2
2	6
8	0
8	0
8	0
13	0
12	0
8	12
13	13
3	11
3	11
3	0
1	0
2	0
2	0
1	1
2	2
6	6
6	0
1	0
1	0
1	1
8	0
8	0
8	8
16	0
16	0
16	16
13	13
11	0
11	4
2	3
3	0
2	2
1	0
1	0
1	1
8	0
8	0
8	0
8	0
8	0
8	0
8	0
8	8
3	0
1	0
1	0
13	0
12	0
6	6
1	0
1	0
1	0
1	3
1	0
1	0
1	0
1	0
1	1
8	0
8	0
8	0
8	0
8	8
1	0
1	0
16	0
16	0
16	16
6	6
1	0
17	0
17	0
1	1
8	0
8	8
2	2
2	6
8	0
8	8
5	5
16	0
16	0
11	0
3	0
2	6
8	0
8	0
8	0
8	0
8	8
13	13
13	0
1	0
1	0
1	0
1	0
1	0
1	0
1	0
1	0
1	0
1	0
1	0
1	0
1	0
8	0
8	0
12	0
13	13
8	0
8	0
8	0
8	0
8	0
8	0
8	8
13	0
8	0
8	0
8	0
8	0
8	0
8	0
8	0
1	0
8	0
8	0
1	0
8	0
8	0
1	0
1	0
8	0
8	0
1	0
8	0
8	0
8	0
8	0
8	0
8	0
8	0
1	0
8	0
8	0
8	0
8	0
8	0
8	0
8	0
8	0
8	0
8	0
8	0
1	0
1	0
1	0
8	0
8	0
8	0
8	0
8	0
8	0
8	0
8	0
1	0
1	0
12	0
12	0
12	0
12	0
12	12
12	0
12	0
12	17
12	0
12	0
12	17
17	0
17	0
17	0
17	0
17	0
17	0
17	0
17	12
8	0
8	0
8	0
8	8
13	13
8	0
8	0
8	8
5	5
8	0
8	0
8	0
8	0
8	0
8	0
8	8
16	0
16	2
9	9
8	0
8	0
8	8
8	0
8	0
8	0
8	8
2	2
9	9
3	0
2	0
16	0
16	4
3	0
12	6
8	0
3	8
2	0
11	0
11	6
8	0
13	0
12	0
2	0
2	2
8	0
8	0
8	0
8	8
16	0
16	0
16	16
11	0
11	11
12	0
12	6
12	0
12	0
8	0
8	0
12	0
12	0
12	8
17	17
12	0
12	12
12	0
12	0
12	0
12	12
17	0
17	0
17	17
2	0
12	2
12	0
8	0
8	8
2	0
2	2
8	0
8	0
8	0
8	0
12	8
2	0
2	10
13	13
14	2
11	0
11	6
1	0
12	6
12	0
8	0
8	0
8	0
8	0
8	8
1	0
16	2
13	0
12	0
12	0
12	12
12	0
16	0
16	0
16	0
16	0
16	16
5	0
3	0
3	0
3	3
16	0
2	0
2	2
17	0
3	6
17	0
2	2
9	9
8	0
8	0
8	0
8	0
8	8
13	13
8	0
8	0
8	0
8	8
13	13
16	0
2	0
3	0
3	0
3	0
1	0
3	1
8	0
8	0
8	8
13	13
8	8
5	5
8	0
8	0
8	17
13	13
16	0
1	0
6	0
3	0
3	0
1	0
1	1
8	8
13	13
13	13
13	0
11	0
6	2
8	0
8	0
8	0
8	0
8	8
4	0
11	4
3	0
3	0
3	0
3	3
2	0
2	0
2	2
12	0
12	6
12	0
12	12
8	8
12	0
12	2
12	0
12	0
12	0
12	12
1	0
2	0
1	0
16	0
16	16
5	5
3	0
3	0
16	0
16	0
16	16
4	0
16	4
13	13
13	0
1	0
1	0
12	0
12	0
12	0
1	0
1	0
1	0
1	0
16	0
16	0
16	0
3	0
3	0
3	0
3	0
3	0
3	0
12	0
2	2
12	6
12	0
8	0
8	8
2	0
2	2
3	0
1	1
8	0
8	0
8	0
8	0
8	8
16	0
16	0
16	0
16	4
12	0
12	12
17	0
12	6
12	0
8	8
17	0
8	0
8	0
8	8
2	2
2	0
2	6
8	0
8	0
12	0
12	0
12	0
12	8
17	17
12	17
17	0
17	0
17	17
17	17
12	0
12	12
9	0
8	17
17	0
8	0
8	0
17	0
8	17
17	0
17	0
17	0
17	17
17	0
17	17
13	0
12	0
2	2
17	17
12	0
12	12
12	0
12	0
12	0
12	12
17	0
17	0
17	17
2	0
2	0
16	0
16	0
16	0
16	16
12	0
12	6
12	0
8	8
2	0
1	0
6	0
3	0
3	0
1	0
3	1
17	0
8	0
8	8
17	0
12	2
17	6
1	0
9	0
9	1
8	0
8	0
8	8
13	13
13	0
1	0
1	0
1	0
12	0
12	0
8	0
17	0
12	0
17	0
17	0
12	0
17	0
17	0
17	0
17	0
3	0
3	0
12	0
6	2
17	0
8	8
17	0
17	0
8	12
16	0
16	0
16	16
12	0
12	12
1	6
12	0
12	0
8	8
2	2
8	0
8	0
8	0
8	0
8	0
8	0
8	8
2	2
1	0
1	0
1	0
1	1
8	0
8	0
8	0
8	8
2	0
2	10
13	13
3	0
17	0
3	3
17	0
12	6
12	0
12	12
17	0
17	0
8	17
17	17
8	17
8	0
8	0
12	17
13	13
3	11
2	2
6	6
8	8
2	2
6	6
8	0
13	0
17	0
17	17
17	0
17	12
17	0
17	0
8	0
13	0
8	0
8	17
17	17
17	0
17	0
17	0
13	0
12	0
17	0
17	17
17	0
17	0
8	17
9	0
8	17
17	0
17	0
17	0
17	0
17	17
17	0
17	0
17	0
17	17
17	0
17	17
5	0
3	0
3	3
17	0
11	4
17	0
11	6
8	0
12	0
8	0
8	8
13	13
3	11
16	0
11	2
1	1
8	0
8	0
8	0
8	0
8	8
2	2
2	6
8	0
8	8
13	0
12	0
2	2
9	9
1	0
3	0
3	0
3	0
16	0
16	16
17	0
12	6
8	0
8	8
2	0
11	0
11	6
8	0
8	0
8	0
8	0
8	8
8	2
12	0
12	6
8	0
8	0
8	0
8	8
2	0
2	2
8	8
13	13
3	0
17	14
17	0
12	11
1	0
1	6
8	0
8	0
8	0
8	8
8	0
8	0
8	0
8	0
8	0
8	0
8	8
13	13
8	0
8	0
8	8
13	13
8	0
8	0
8	0
8	8
5	5
13	0
12	0
3	2
8	0
8	0
8	8
2	2
12	0
12	6
8	0
12	0
8	0
8	8
9	0
8	0
9	9
4	0
11	4
6	6
1	0
1	0
1	0
1	0
1	0
1	1
17	0
12	8
17	0
12	12
17	0
17	17
17	17
17	0
17	17
1	0
2	0
2	0
16	0
16	0
16	16
4	0
16	4
13	13
13	0
1	0
1	0
1	0
1	0
1	0
1	0
1	0
1	0
1	0
1	0
1	0
1	0
8	0
8	0
8	0
12	0
12	0
12	0
11	11
4	0
4	0
4	4
2	0
2	2
1	0
1	0
1	0
1	1
1	0
1	0
1	1
8	0
8	0
8	0
8	0
8	0
8	8
5	5
6	6
3	0
1	0
1	0
1	1
1	0
1	0
1	1
8	0
8	0
8	0
8	0
8	0
8	8
2	0
2	2
12	0
12	0
12	0
13	0
8	0
8	8
1	0
2	0
1	0
16	16
13	13
13	0
3	0
3	0
3	0
3	0
8	0
8	0
1	0
1	0
1	0
1	0
1	0
12	0
6	6
8	0
8	8
16	0
16	0
16	0
16	16
2	0
2	6
8	0
8	0
8	0
8	8
2	2
2	6
8	0
8	0
8	0
8	0
8	8
2	0
2	0
2	2
12	0
12	6
12	0
12	12
17	0
17	17
17	17
17	0
17	17
3	0
16	2
12	0
13	0
12	0
13	0
8	0
8	8
2	2
12	12
13	13
14	0
14	0
14	0
1	2
17	0
8	0
8	8
13	13
6	0
17	11
17	0
12	6
12	0
12	0
12	0
13	0
12	0
1	0
1	0
12	0
3	0
3	3
16	0
4	0
4	0
4	4
12	0
12	6
12	0
8	8
2	0
2	2
12	0
8	0
12	0
13	0
8	8
12	0
12	6
8	0
8	0
8	0
8	0
8	8
8	0
2	0
2	2
1	0
1	0
1	0
1	1
8	0
8	0
8	0
8	8
12	0
12	12
17	0
17	17
17	17
17	0
17	0
17	17
1	0
1	0
1	0
16	0
16	16
13	13
11	0
16	5
3	3
2	2
12	0
8	0
13	0
13	0
9	9
9	0
8	0
9	9
8	0
12	0
12	0
8	12
8	0
12	0
12	0
17	17
8	0
8	8
8	0
8	0
8	0
8	8
13	13
13	0
8	0
1	0
8	0
8	0
8	0
8	0
1	0
8	0
8	0
8	0
8	0
1	0
1	0
16	0
1	0
8	0
8	0
8	0
8	0
8	0
1	0
1	0
1	0
8	0
8	0
8	0
1	0
8	0
17	0
17	0
1	0
8	0
12	0
12	0
8	0
12	0
12	0
1	0
16	0
12	0
17	17
17	17
17	0
17	0
17	17
17	17
12	0
12	12
9	0
8	17
17	0
8	0
17	0
17	0
17	17
17	0
17	0
17	0
17	17
17	0
17	17
6	6
3	0
2	2
3	0
12	6
12	0
12	0
8	8
2	2
3	0
12	6
9	9
8	0
8	8
2	2
12	0
12	12
1	0
1	0
1	0
1	0
1	16
1	0
1	0
1	0
1	1
8	0
8	0
12	0
12	0
8	0
8	8
17	0
11	2
8	0
8	0
8	8
13	0
12	0
12	0
12	6
12	0
12	0
8	0
8	0
8	0
8	0
8	0
8	0
8	8
4	0
4	0
4	4
2	2
3	0
3	0
3	0
9	9
8	0
8	0
8	8
16	0
16	0
16	16
13	13
13	0
1	0
1	0
8	0
16	0
16	0
8	0
3	0
1	0
1	0
1	0
16	0
1	0
1	0
1	0
8	0
8	0
8	0
16	0
16	0
12	0
1	0
12	0
12	0
1	0
1	0
1	0
8	0
8	0
8	0
8	0
8	0
3	0
12	0
2	2
2	0
2	6
8	0
8	0
8	0
8	0
8	0
8	0
8	8
5	5
2	0
2	6
8	0
8	0
8	0
8	0
8	8
3	0
12	0
1	0
16	0
16	16
12	0
12	6
12	0
12	0
8	8
3	0
6	0
9	11
2	2
2	6
8	0
8	0
8	0
8	0
8	0
8	0
8	0
8	8
2	2
8	0
8	12
13	13
13	0
3	0
2	0
1	0
1	0
8	0
1	0
8	0
1	0
1	0
8	0
1	0
1	0
1	0
12	0
5	6
8	0
8	0
8	8
3	0
3	11
1	0
3	3
16	0
16	2
9	9
8	0
8	0
8	8
8	0
8	8
5	5
8	0
8	0
8	0
8	0
8	8
13	13
3	11
8	0
8	0
8	0
8	8
3	0
3	10
11	0
1	0
1	0
1	0
16	16
4	0
4	0
4	0
4	16
13	13
16	0
12	0
1	0
1	0
16	0
16	16
13	13
13	0
1	0
3	0
1	0
16	0
1	0
1	0
1	0
1	0
8	0
8	0
8	0
13	0
8	0
8	0
8	0
8	0
8	0
8	0
12	1
8	0
8	0
8	8
13	13
13	0
1	0
1	0
8	0
8	0
8	0
1	0
8	0
1	0
1	0
8	0
8	0
8	0
8	0
8	0
1	0
1	0
1	0
8	0
8	0
8	0
1	0
1	0
8	0
8	0
8	0
1	0
8	0
1	0
1	0
1	0
8	0
8	0
8	0
1	0
8	0
8	0
8	0
8	0
8	0
1	0
8	0
8	0
8	0
8	0
8	0
1	0
8	0
12	0
17	17
12	0
12	12
12	0
8	0
12	0
17	12
17	0
17	0
17	17
12	0
12	6
12	0
12	0
8	0
16	8
2	2
3	0
12	0
2	0
12	6
1	0
1	1
8	0
8	0
8	8
13	13
12	0
12	6
12	0
12	0
12	0
12	0
12	0
12	8
13	13
11	0
11	4
2	0
2	2
8	0
8	0
13	0
8	0
8	8
2	0
11	0
2	0
11	2
8	0
8	0
8	8
9	9
2	0
16	0
16	0
16	16
13	13
13	0
12	0
6	6
8	0
8	0
8	8
2	2
2	0
2	6
3	0
1	0
1	1
8	0
8	0
8	0
8	8
2	2
8	0
8	0
8	0
8	0
8	8
5	5
8	0
8	8
3	0
2	0
16	0
16	0
16	0
16	16
8	0
8	0
8	0
12	0
8	0
13	0
8	0
12	0
8	0
8	8
2	2
8	0
8	0
8	0
8	0
8	8
5	5
2	3
8	0
8	0
8	0
8	8
5	5
16	0
11	6
12	0
8	0
12	0
12	0
13	0
12	0
1	0
9	6
8	0
8	0
8	8
4	0
4	4
2	2
1	1
8	0
8	0
8	0
8	8
1	0
2	0
1	0
1	0
1	0
16	0
16	0
16	16
13	13
13	0
1	0
3	0
3	0
8	0
8	0
1	0
8	0
1	0
8	0
8	0
8	0
8	0
8	0
8	0
1	0
1	0
8	0
16	0
8	0
8	0
8	0
1	0
1	0
1	0
1	0
1	0
8	0
8	0
1	0
3	0
1	0
1	0
8	0
8	0
8	0
1	0
13	0
8	0
8	0
8	12
13	13
13	0
1	0
1	0
8	0
8	0
8	0
1	0
1	0
8	0
8	0
8	0
8	0
8	0
1	0
1	0
1	0
8	0
8	0
8	0
8	0
1	0
1	0
1	0
8	0
8	0
8	0
8	0
1	0
1	0
1	0
8	0
8	0
8	0
1	0
1	0
1	0
1	0
8	0
8	0
8	0
8	0
1	0
1	0
8	0
8	0
8	0
8	0
1	0
1	0
8	0
8	0
8	0
1	0
1	0
1	0
17	0
17	17
12	0
12	12
17	0
17	0
17	17
17	17
17	17
17	0
8	0
12	17
17	17
12	0
12	12
17	0
17	0
17	17
17	17
8	17
17	0
8	0
12	17
4	0
4	4
2	2
3	0
12	6
12	2
12	0
12	6
17	0
1	0
1	0
1	0
1	1
8	0
8	0
8	8
2	0
2	0
1	0
1	0
1	0
16	0
1	1
8	0
8	0
8	0
8	0
8	0
8	8
2	0
1	0
16	0
16	16
13	13
3	0
6	11
13	0
12	0
2	2
8	0
2	6
8	0
2	14
9	9
8	8
3	3
3	3
2	0
2	0
1	0
1	0
1	0
1	1
8	0
8	0
8	0
8	0
8	8
5	0
3	16
12	6
8	0
8	8
8	0
12	6
12	0
12	0
8	8
2	0
2	2
6	6
8	0
12	0
8	0
8	8
2	0
2	2
8	0
8	0
8	0
8	8
16	0
2	0
16	0
16	0
16	16
5	5
11	0
4	0
4	0
4	3
2	0
2	0
11	0
6	2
1	0
13	0
13	0
8	0
8	0
8	12
13	13
13	0
1	0
1	0
8	0
8	0
8	0
1	0
1	0
8	0
8	0
8	0
8	0
8	0
1	0
1	0
1	0
8	0
8	0
8	0
8	0
1	0
1	0
1	0
8	0
8	0
8	0
8	0
1	0
1	0
1	0
8	0
8	0
8	0
1	0
1	0
1	0
1	0
8	0
8	0
8	0
8	0
1	0
1	0
8	0
8	0
8	0
8	0
1	0
1	0
8	0
8	0
8	0
1	0
1	0
1	0
17	0
17	17
12	0
12	12
17	0
17	0
8	0
13	0
12	0
8	17
17	17
17	0
17	0
12	0
13	0
12	0
17	0
8	17
17	0
17	0
8	17
9	0
17	17
17	0
17	0
17	0
17	0
17	17
17	0
17	0
17	0
17	17
17	0
17	17
8	2
2	0
9	0
6	6
1	0
1	0
1	0
1	0
1	1
8	0
8	0
8	0
8	0
8	8
16	0
2	0
2	2
3	0
12	6
12	0
8	0
8	0
8	8
2	2
2	0
13	0
12	0
12	0
12	6
12	0
1	1
12	0
12	0
12	0
8	0
8	8
2	2
8	0
11	0
11	6
1	0
1	0
1	0
1	0
1	0
1	0
1	1
1	0
1	1
12	0
12	0
12	0
12	8
2	0
16	0
16	0
16	16
16	2
12	0
12	6
12	0
12	0
13	0
12	0
12	0
8	0
8	0
8	8
16	0
11	2
2	0
6	0
6	6
8	0
8	0
8	8
13	13
14	6
1	0
1	0
1	0
1	1
8	0
8	0
8	0
13	0
12	0
9	9
9	0
8	0
9	9
8	0
12	0
12	0
8	12
8	0
8	0
8	0
8	0
8	8
12	0
12	0
12	17
12	0
12	17
12	0
12	0
12	0
12	0
12	8
12	0
12	12
3	0
3	0
3	0
2	0
16	0
16	16
17	0
1	6
17	0
17	0
17	0
17	0
1	1
8	0
8	0
8	0
8	0
8	8
2	3
2	0
2	2
9	9
2	0
2	2
11	0
11	11
11	0
2	2
12	0
12	6
12	0
12	0
8	0
13	0
12	0
12	12
12	12
4	0
4	0
4	4
2	2
12	0
12	0
12	12
3	0
2	2
12	0
12	0
13	0
8	0
8	0
8	8
2	2
3	0
12	6
12	0
8	0
8	0
8	8
2	0
2	0
2	0
16	0
16	0
16	16
12	0
8	0
8	0
8	0
8	0
8	2
2	0
2	2
2	0
3	0
3	0
1	0
1	0
1	0
1	1
17	17
12	17
12	12
12	0
12	12
2	2
12	0
12	0
12	12
13	13
16	0
16	0
16	16
13	0
12	0
3	0
8	6
11	0
2	2
4	0
2	6
8	0
8	8
16	2
17	6
8	0
8	0
8	0
8	0
8	0
8	0
8	0
8	0
8	8
17	17
12	0
17	0
12	17
1	0
1	0
3	0
3	0
2	1
3	0
1	0
1	0
1	0
1	1
12	0
12	0
12	0
12	8
1	0
2	0
1	0
1	0
1	0
8	16
17	0
12	6
12	0
12	0
8	0
8	8
2	2
8	0
8	12
5	5
3	0
1	0
2	0
1	0
1	0
13	0
12	0
8	0
12	0
8	8
8	0
12	6
12	0
12	0
12	0
8	0
8	8
2	2
12	0
8	12
8	0
2	0
2	2
6	6
8	0
8	0
8	8
16	0
2	4
9	9
2	2
3	0
12	6
8	0
8	0
8	0
8	0
8	8
2	0
2	0
1	2
8	0
8	0
8	8
2	0
2	2
1	0
1	0
1	0
1	0
1	0
1	1
8	0
8	0
12	8
5	5
8	0
2	0
11	6
12	8
1	0
1	0
1	0
1	0
1	0
13	0
12	0
3	3
9	9
4	0
11	4
3	0
1	6
17	0
2	2
6	0
1	6
8	0
8	0
8	0
8	8
12	0
17	0
17	0
1	0
1	0
16	0
12	1
8	0
8	0
8	0
8	8
17	2
17	6
8	0
8	8
5	5
8	0
8	0
8	0
8	0
8	8
3	0
12	0
1	0
2	3
1	0
1	0
16	0
16	0
16	1
12	0
12	4
13	13
14	0
4	14
6	0
6	6
12	0
12	0
8	0
8	8
2	0
2	0
2	0
13	0
12	0
9	9
4	0
11	4
8	0
9	11
17	0
6	0
3	0
3	3
2	0
2	0
2	2
2	2
6	6
1	0
1	0
1	0
1	1
8	0
8	0
8	0
8	8
2	2
12	12
12	12
3	0
1	0
16	16
4	0
16	4
13	13
13	0
1	0
3	0
1	0
16	0
16	0
1	0
1	0
1	0
8	0
1	0
8	0
1	0
1	0
1	0
3	0
16	0
1	0
8	0
8	0
1	0
8	0
3	0
16	0
1	0
1	0
8	0
1	0
12	0
12	0
12	12
4	0
11	4
16	0
16	2
9	9
5	2
8	0
8	0
8	0
8	0
8	0
8	12
2	0
2	2
8	0
8	0
8	8
1	0
1	0
1	1
5	5
3	0
16	0
16	0
16	4
9	9
11	0
11	0
11	6
8	0
8	0
8	0
8	0
8	8
2	2
12	0
12	6
8	0
8	0
8	0
8	0
8	0
8	8
8	0
8	0
8	0
8	0
8	8
13	13
8	0
8	0
8	0
8	0
8	8
5	5
8	0
13	0
12	0
12	0
6	6
12	0
12	8
16	0
16	0
16	0
16	4
3	0
1	0
1	0
1	0
1	0
1	1
8	0
8	0
8	0
8	0
8	0
8	0
8	0
8	0
8	0
8	0
8	0
8	8
5	2
1	0
1	0
1	1
8	0
8	0
8	0
8	0
8	0
8	0
8	0
8	8
5	5
8	0
8	0
8	8
2	2
2	0
1	0
1	0
1	0
1	0
1	0
1	1
8	0
8	0
8	0
8	0
8	8
1	0
2	0
1	0
13	0
12	0
2	2
8	0
8	0
8	0
8	0
8	8
4	0
4	4
3	0
12	6
12	0
12	12
8	0
8	0
8	8
2	2
3	0
12	6
3	0
3	0
1	6
12	0
12	12
5	5
12	0
12	0
12	12
2	2
2	6
8	0
8	0
8	0
8	0
8	8
5	5
3	3
17	6
12	12
17	17
8	0
12	17
17	17
13	13
3	0
12	6
12	0
12	12
12	0
12	12
17	17
17	0
12	17
17	17
13	13
2	0
2	2
12	0
12	12
13	0
12	0
12	0
12	6
12	0
12	12
17	17
17	17
17	17
17	0
17	0
17	0
17	0
17	17
13	13
3	11
3	0
1	3
2	0
2	0
2	0
9	9
8	0
8	0
8	8
1	0
3	0
1	0
1	0
1	0
1	2
3	6
1	0
1	0
1	0
1	1
5	5
3	0
16	0
16	0
16	1
12	0
12	8
5	5
11	0
12	6
1	0
1	0
16	0
3	1
5	5
3	0
16	0
16	0
2	1
8	0
8	0
8	8
17	0
2	0
13	0
12	0
1	0
3	0
8	0
8	0
3	3
4	0
11	4
12	0
12	12
2	3
8	2
17	6
6	0
6	0
1	0
1	0
1	0
1	0
1	0
1	0
1	0
1	1
8	0
8	0
8	0
8	0
8	8
2	2
2	2
3	0
1	6
8	0
8	8
13	13
3	3
3	0
17	2
17	17
12	17
12	12
12	0
12	12
13	13
3	0
3	2
12	12
17	17
12	17
13	13
3	0
3	2
8	0
12	12
17	17
17	17
12	0
12	17
12	17
13	0
12	0
8	8
5	2
1	0
1	0
1	0
1	0
1	1
8	0
8	0
8	8
2	0
2	2
12	0
8	0
12	0
13	0
8	0
8	8
16	0
16	0
16	16
12	0
12	12
2	2
2	0
6	6
8	0
8	0
8	0
8	0
8	0
8	8
12	0
12	12
17	0
17	17
17	17
17	0
17	0
17	17
17	0
2	2
17	0
12	6
12	0
12	0
8	8
3	2
3	0
2	6
8	0
8	0
8	0
8	0
8	0
8	0
8	8
2	2
13	0
12	0
9	9
16	0
2	4
12	0
12	6
12	0
12	8
9	9
8	0
8	0
8	0
8	8
17	0
2	0
2	2
9	9
8	0
8	0
8	8
16	0
11	2
6	6
6	0
1	0
1	1
8	0
8	0
8	0
8	8
3	2
12	12
1	0
1	0
1	0
1	16
13	13
13	0
1	0
16	0
16	0
16	0
16	0
1	0
1	0
1	0
16	0
16	0
16	0
16	0
3	0
12	0
1	0
12	0
12	0
8	0
12	0
16	0
17	0
17	0
12	0
12	0
12	6
8	0
8	0
8	0
8	0
8	8
8	0
17	0
17	0
12	12
12	0
12	12
16	0
16	0
16	0
16	4
12	0
12	6
12	0
12	0
12	0
8	8
2	2
2	0
2	6
8	8
17	0
12	2
12	0
12	6
12	0
12	0
8	8
12	0
12	12
12	0
12	0
12	12
1	0
2	0
16	0
16	0
16	0
16	16
13	13
13	0
1	0
12	0
1	0
12	0
1	0
12	0
1	0
1	0
1	0
1	0
12	0
12	0
12	0
3	2
6	0
6	6
8	0
8	8
17	0
17	0
17	0
17	4
17	6
17	0
17	0
17	0
17	11
17	0
2	6
12	0
8	0
8	0
8	0
8	0
8	8
2	2
6	6
8	0
8	0
13	0
8	0
8	0
8	0
8	8
8	0
6	6
8	0
8	0
8	0
8	8
12	12
12	12
5	5
6	6
6	0
1	0
1	0
8	0
1	0
1	0
1	0
1	1
8	0
8	0
8	0
8	8
12	12
12	0
12	0
12	12
3	0
13	0
12	0
3	2
17	0
8	8
17	0
2	4
12	0
12	12
17	0
12	6
8	0
8	0
8	0
8	0
8	0
8	0
8	0
8	0
8	0
8	0
8	0
8	8
1	0
2	0
1	0
16	0
16	0
16	16
13	13
16	2
17	0
11	6
17	0
12	6
12	0
12	12
17	0
17	17
17	17
17	0
17	0
17	0
17	0
17	17
8	2
12	0
12	6
12	0
12	0
8	8
2	2
3	0
12	6
12	12
12	12
13	13
17	17
17	17
12	0
13	0
12	0
11	0
11	11
3	0
2	0
2	0
16	0
2	0
16	0
16	0
16	16
8	0
12	0
8	0
8	0
8	8
13	13
2	2
11	0
11	0
11	11
8	0
8	0
8	8
5	5
2	0
11	0
11	0
11	0
1	6
8	0
8	0
8	0
8	8
1	0
1	0
1	0
1	16
4	0
4	4
16	0
4	0
4	16
13	13
3	11
8	0
8	8
2	2
8	0
8	0
8	0
8	8
13	13
8	0
8	0
8	0
8	0
8	8
13	13
13	0
12	0
12	0
12	0
12	0
12	0
12	1
8	0
8	0
8	8
12	0
12	12
4	0
6	4
1	0
1	0
1	0
1	0
1	1
8	0
8	0
8	0
8	0
8	0
8	0
8	0
8	8
2	2
2	6
17	0
17	0
17	0
17	0
8	17
17	17
17	17
8	17
13	13
12	0
12	12
13	13
1	0
1	0
1	0
1	0
16	0
1	1
8	0
8	0
8	0
8	0
8	0
8	0
8	0
8	0
8	0
8	8
5	5
8	0
12	0
13	0
12	0
8	0
2	0
2	2
12	0
12	6
12	0
12	8
9	0
8	0
9	9
16	0
4	0
4	0
4	4
12	0
8	12
2	0
1	6
8	0
8	0
8	0
8	0
8	0
8	8
5	2
8	0
8	0
8	0
8	0
8	0
8	0
8	0
8	8
3	2
6	6
8	0
8	0
8	0
8	0
8	0
8	0
8	8
2	2
8	0
8	0
8	0
8	0
8	12
1	0
2	0
1	0
1	0
16	0
16	0
16	16
13	13
13	0
3	0
3	0
12	0
6	0
12	6
12	0
12	8
4	0
11	4
3	0
2	0
2	0
14	0
2	3
2	0
2	2
1	0
1	0
1	1
8	0
8	0
8	0
8	0
8	8
2	2
2	0
11	0
11	6
8	0
8	0
8	8
2	0
6	6
8	0
8	0
8	0
8	8
1	0
1	0
16	0
16	0
16	1
13	13
2	2
2	0
2	2
1	0
1	0
1	0
1	1
8	0
8	0
8	0
8	0
8	0
8	0
8	0
8	8
8	0
12	12
12	12
13	0
12	0
3	0
16	0
1	8
8	0
8	12
4	0
11	4
1	0
1	2
3	0
3	3
5	2
3	0
3	0
3	0
9	9
8	0
8	0
8	8
1	0
1	0
1	0
1	0
1	1
8	0
8	0
8	8
5	5
8	0
8	0
8	0
8	0
8	0
8	0
8	0
8	8
17	2
6	6
8	0
8	0
8	0
8	0
8	0
8	0
8	8
2	0
2	2
8	0
8	0
8	0
8	0
8	0
8	8
5	5
12	2
12	0
12	6
12	0
13	0
12	0
2	2
3	0
12	6
8	0
8	0
8	8
2	0
6	6
8	0
8	0
8	0
8	8
2	2
3	0
12	6
8	0
12	8
12	0
17	0
16	0
16	0
17	16
17	6
12	0
1	0
1	1
12	0
12	8
12	0
12	0
12	0
12	12
12	0
12	0
12	0
12	12
16	2
6	6
12	0
8	0
8	0
1	0
1	1
8	0
8	0
8	0
8	0
8	0
8	8
5	5
2	3
12	0
12	6
12	0
6	0
1	0
1	0
1	1
13	0
12	0
12	0
8	0
8	8
12	0
12	12
4	0
6	4
3	0
3	2
1	0
1	0
1	1
8	0
8	8
2	2
8	0
8	8
1	0
1	0
1	0
1	0
1	1
8	0
8	0
8	8
2	0
2	2
2	2
12	12
2	0
2	0
2	0
1	0
1	0
1	0
1	0
1	0
1	0
1	1
8	0
8	0
8	0
8	0
12	0
8	0
8	8
2	0
2	2
12	0
8	0
8	8
12	0
12	4
5	5
3	0
16	0
16	0
16	4
13	0
12	0
13	13
8	0
8	0
8	0
8	0
8	0
8	8
12	0
12	0
12	12
17	0
17	0
12	0
12	0
17	0
12	12
12	0
12	6
12	0
12	0
12	0
12	0
8	8
2	0
2	2
8	0
8	0
8	0
8	0
8	0
8	8
12	0
12	0
12	12
4	0
11	4
3	2
2	0
4	6
3	0
1	0
1	9
8	0
8	0
8	0
8	0
8	0
8	0
8	8
13	13
8	0
8	0
8	8
2	2
8	0
8	0
8	0
8	0
13	0
12	0
2	2
3	0
12	6
8	0
8	0
8	8
3	0
2	0
16	0
16	0
16	16
12	0
6	6
12	0
8	0
8	0
8	0
8	0
8	0
8	0
8	0
8	0
8	8
2	0
6	0
3	0
3	3
2	0
12	6
12	0
8	0
8	8
2	2
1	0
1	0
1	0
1	1
8	0
8	0
8	0
8	0
8	0
8	0
8	0
8	8
2	0
2	0
2	2
1	0
1	0
1	0
1	0
1	0
1	1
8	0
8	0
8	0
8	8
13	0
3	0
3	0
6	6
8	0
8	0
8	0
8	0
8	0
8	8
4	0
11	4
17	0
3	3
1	0
1	0
3	0
3	0
3	0
3	0
1	1
13	13
5	5
2	2
3	0
2	6
8	0
8	0
8	0
8	8
16	0
17	2
17	0
6	6
12	0
8	0
8	8
2	2
3	0
1	6
8	0
8	0
8	0
8	8
2	2
3	0
2	3
3	0
2	2
8	0
8	8
2	0
2	2
8	0
8	0
8	0
8	0
8	8
16	0
16	0
13	0
12	0
12	0
12	6
8	0
8	0
8	0
8	0
8	0
8	8
2	2
12	0
8	0
12	0
12	0
13	0
12	0
12	12
13	13
17	12
17	0
17	0
17	12
13	13
12	0
12	12
13	13
16	0
16	0
16	0
16	0
16	16
3	3
6	6
1	0
17	0
17	0
3	0
2	1
8	0
8	0
8	0
8	0
8	0
8	0
8	0
8	0
8	8
3	2
3	0
12	6
8	0
8	0
8	8
2	2
3	0
12	6
2	0
2	0
2	0
13	0
13	0
8	0
8	0
8	0
8	0
8	8
5	5
8	0
8	8
13	13
13	0
1	0
1	0
8	0
8	0
8	0
8	0
8	0
8	0
8	0
16	0
8	0
8	0
8	0
8	0
8	0
8	0
8	0
16	0
8	0
8	0
8	0
1	0
8	0
8	0
8	0
8	0
8	0
8	0
8	0
8	0
1	0
8	0
8	0
8	0
8	0
1	0
8	0
8	0
8	0
8	0
8	0
8	0
8	0
8	0
8	0
1	0
8	0
1	0
1	0
12	0
12	0
6	6
12	0
8	0
12	0
8	0
8	8
3	2
12	0
12	0
12	8
16	0
2	0
16	0
16	0
16	16
3	0
1	0
1	0
3	3
2	0
2	2
8	0
8	0
8	0
8	8
2	0
2	2
1	1
1	0
1	0
1	0
1	0
1	0
1	1
8	0
8	0
8	0
8	0
8	8
4	0
4	0
3	0
1	0
1	0
1	1
10	0
10	0
16	10
13	13
13	0
3	0
1	0
1	0
1	0
1	0
3	0
3	0
16	0
12	0
12	0
12	6
12	0
8	0
8	0
8	0
8	0
8	8
5	5
12	0
12	6
8	0
8	0
8	8
2	2
3	0
12	6
8	0
8	8
2	2
8	0
8	0
12	0
8	12
13	13
8	12
13	13
13	13
3	0
11	11
5	2
1	0
1	0
1	0
9	1
8	0
8	0
8	8
2	0
2	0
2	2
8	0
8	0
8	8
2	0
2	0
3	0
3	0
2	2
12	0
12	0
8	0
8	8
3	0
2	6
12	0
8	0
8	8
13	0
12	0
6	0
6	6
8	0
1	0
8	0
8	0
8	0
8	0
8	8
8	0
2	0
2	2
8	0
8	0
8	0
8	0
13	0
8	0
8	0
8	0
8	8
4	0
4	4
3	0
3	0
1	0
1	0
1	0
2	2
3	0
1	6
1	0
1	0
1	0
1	0
1	0
1	0
1	1
8	0
8	8
2	0
1	0
1	0
16	0
16	16
4	0
1	4
2	2
2	0
2	6
8	0
8	8
13	13
14	0
9	2
1	6
1	0
1	1
13	0
12	0
4	14
12	0
12	0
12	12
4	0
2	6
8	0
8	0
8	0
8	0
8	8
8	0
2	0
2	2
1	0
1	6
8	0
8	0
8	0
8	0
8	0
8	0
8	8
2	0
2	2
8	0
8	0
8	0
8	0
8	8
16	0
16	0
16	16
13	13
4	0
4	4
1	0
1	0
1	0
1	0
1	0
1	1
8	0
8	0
8	0
8	0
8	0
8	0
8	0
8	8
3	0
1	0
2	0
1	0
1	16
4	0
16	4
13	13
13	0
12	0
12	0
12	0
12	12
16	0
16	0
16	16
17	0
12	6
8	0
8	0
8	0
8	8
2	2
3	0
12	6
8	0
8	0
8	0
8	0
8	17
5	5
8	0
8	0
8	0
8	0
8	0
8	0
8	0
8	0
8	8
2	10
5	5
16	0
16	0
16	0
16	16
6	0
17	3
8	2
12	0
12	6
12	0
8	0
8	0
8	0
8	8
3	0
2	0
1	0
1	0
1	0
1	2
17	0
12	6
17	0
17	0
17	0
17	0
13	0
12	0
13	13
8	0
8	0
8	0
8	0
8	0
8	8
12	0
12	0
12	12
17	12
17	0
17	17
17	17
12	17
17	0
17	0
17	17
17	17
13	13
12	0
12	12
13	13
17	0
12	6
12	17
17	0
17	0
17	17
17	17
13	13
12	0
12	12
13	13
16	0
16	0
16	16
2	0
2	2
11	0
11	11
2	2
1	0
11	0
1	0
1	0
1	0
1	0
1	0
1	0
1	1
8	0
8	0
8	0
8	8
5	5
1	0
1	1
13	0
12	0
6	2
8	0
8	0
8	8
2	0
2	2
9	9
4	0
4	4
2	6
1	0
1	0
1	0
1	0
1	0
1	0
1	0
1	1
8	0
8	0
8	0
8	0
8	8
2	2
1	0
1	0
1	0
1	0
1	0
1	1
8	0
8	0
8	8
16	0
17	0
16	0
16	16
13	13
3	0
14	0
3	0
14	0
14	14
3	0
6	6
12	0
8	0
8	0
8	0
8	0
8	0
8	0
8	0
8	8
2	2
3	0
12	6
12	0
13	0
12	0
12	0
12	0
12	0
12	0
12	1
8	0
8	0
8	0
8	0
8	0
8	0
8	8
16	0
16	0
16	0
16	4
6	6
8	0
8	0
8	0
8	8
2	2
2	0
2	0
2	0
2	0
2	0
1	0
1	0
1	0
1	1
8	0
8	0
8	8
5	5
8	0
8	0
8	0
8	0
8	0
8	0
8	0
8	8
16	0
16	0
16	16
13	13
13	0
8	0
1	0
1	0
1	0
1	0
1	0
8	0
8	0
8	0
3	0
16	0
12	0
3	3
16	0
16	0
16	0
16	4
12	0
12	6
12	0
8	0
8	0
8	8
2	2
8	0
8	12
12	0
12	6
12	0
12	0
12	0
13	0
8	0
8	0
8	8
2	0
2	0
2	0
12	0
12	16
13	13
8	0
8	0
8	0
8	8
2	2
8	0
8	0
8	0
8	0
8	8
13	13
13	13
3	0
3	3
3	0
11	0
11	0
11	11
2	2
12	0
12	12
1	0
2	0
1	0
1	0
1	0
1	16
4	0
4	4
13	0
12	0
2	2
3	0
12	6
8	0
8	0
8	0
8	8
2	2
17	0
8	0
8	0
8	8
2	2
12	0
12	6
8	0
8	0
8	0
8	0
8	0
8	0
8	8
4	0
11	4
3	0
2	0
2	0
14	0
14	3
6	6
8	0
8	0
8	0
8	0
8	8
3	0
16	16
4	0
16	4
13	13
16	2
6	6
1	0
2	0
1	0
1	0
1	0
1	1
8	0
8	0
8	8
2	0
3	0
9	1
8	0
8	8
5	5
8	0
13	0
12	0
12	0
12	0
1	0
1	0
1	0
1	0
1	1
17	0
8	0
8	0
8	8
12	0
12	6
12	0
12	0
12	12
12	12
12	0
4	0
4	0
4	4
3	0
11	6
8	0
8	0
8	0
17	0
8	0
13	0
8	0
8	0
8	0
8	0
8	8
2	2
12	12
1	0
1	0
1	0
1	0
16	16
13	13
13	0
1	0
3	0
1	0
1	0
1	0
1	0
1	0
1	0
1	0
1	0
1	0
1	0
1	0
8	0
1	0
12	0
12	0
8	0
8	0
8	0
8	0
8	8
2	0
2	2
8	0
8	0
8	8
2	2
1	0
1	1
17	0
13	0
8	0
8	0
8	0
8	0
8	0
8	0
8	0
8	0
8	0
8	8
17	0
2	0
2	0
2	4
1	0
1	0
1	0
1	0
1	1
3	0
2	0
16	0
4	16
2	0
1	0
1	0
1	0
1	0
8	16
4	0
4	0
4	0
4	0
16	4
5	5
1	0
1	0
1	0
1	1
3	0
12	6
12	0
12	0
13	0
12	0
17	6
12	0
1	0
1	0
1	0
1	0
1	0
1	0
1	1
8	0
8	0
8	0
8	0
8	0
8	0
8	8
17	0
17	0
2	0
2	4
16	0
11	11
2	0
2	2
3	0
12	6
8	0
8	0
8	0
8	8
2	0
6	0
11	2
2	0
2	2
8	0
8	0
8	0
8	0
8	0
8	0
8	8
3	0
5	0
3	0
3	3
1	0
1	0
1	1
1	0
1	0
1	0
1	0
1	0
1	0
1	16
12	0
13	0
13	0
12	0
3	0
5	0
3	0
3	3
4	0
11	4
3	0
1	0
1	1
2	0
2	0
2	0
2	0
1	2
1	0
1	0
1	0
1	0
1	0
1	0
1	1
8	0
8	0
8	0
8	8
3	0
2	0
2	0
1	0
1	2
1	0
1	0
1	0
1	0
1	0
1	0
1	0
1	1
5	5
1	0
1	0
1	1
8	0
8	0
8	0
8	8
5	5
3	0
2	6
8	0
8	8
2	2
3	0
1	6
1	0
1	0
1	0
1	0
13	0
12	0
17	17
12	0
12	0
12	12
17	12
17	0
17	0
17	17
13	13
12	0
12	12
13	13
12	0
12	6
12	0
12	0
12	12
17	12
17	0
17	0
17	17
4	0
4	4
2	0
2	2
8	0
8	8
1	0
1	0
1	0
1	0
1	0
1	16
4	0
16	4
13	13
12	0
12	6
12	0
12	0
12	0
13	0
12	0
13	0
8	0
8	0
8	0
8	0
8	8
4	0
4	0
12	0
16	0
3	0
1	0
1	1
3	2
17	0
13	0
13	0
12	0
12	6
12	0
8	0
8	0
8	0
8	0
8	0
8	0
8	8
13	13
13	0
12	0
12	0
12	0
12	0
8	0
1	0
1	0
1	0
8	0
8	0
12	0
12	0
1	0
12	0
8	0
12	0
8	0
8	0
8	0
8	0
8	0
12	0
12	0
12	0
8	0
1	0
1	0
8	0
8	0
8	0
8	0
8	0
8	0
1	0
12	0
12	0
12	0
12	0
8	0
8	0
8	0
8	0
8	0
8	0
8	0
8	0
12	0
13	0
13	13
12	2
8	0
8	0
13	0
8	0
8	0
8	8
13	13
14	2
12	0
12	6
8	0
12	0
8	0
8	8
5	5
8	0
8	0
8	0
8	0
8	0
8	0
8	0
8	8
8	0
8	0
8	0
8	0
8	0
8	0
8	0
8	0
8	8
1	0
1	0
16	0
16	16
5	5
14	0
3	0
3	0
3	0
3	0
3	1
8	0
8	0
8	0
8	0
8	0
8	0
8	8
1	0
1	0
1	0
1	0
1	0
1	16
13	0
12	0
13	13
2	2
1	0
1	0
1	0
1	0
1	0
1	0
1	0
1	1
8	0
8	0
8	0
8	0
8	17
5	5
8	0
8	0
8	0
8	0
8	0
8	0
8	0
8	0
8	0
8	8
8	0
6	6
12	0
8	0
8	0
8	0
8	0
8	0
8	0
8	8
4	2
12	0
12	6
17	0
8	0
8	8
5	5
8	0
8	0
8	0
8	8
1	0
1	0
1	0
2	0
2	0
16	0
16	16
13	13
13	0
1	0
1	0
1	0
12	0
13	13
8	2
2	0
2	0
3	0
3	0
3	0
3	0
8	0
16	0
1	1
8	0
8	0
8	0
8	0
8	8
17	0
12	6
12	0
8	0
8	0
8	0
8	0
8	0
8	8
4	2
12	0
12	6
12	0
8	0
12	0
8	0
8	0
8	0
8	8
1	0
1	0
1	0
1	0
1	0
16	16
5	5
8	0
8	0
8	0
8	0
8	8
16	0
1	0
16	0
16	16
13	13
13	0
1	0
16	0
4	0
4	0
4	0
8	0
12	0
13	13
9	2
8	0
8	0
8	0
8	8
2	2
8	0
8	0
8	0
8	0
8	0
8	8
17	0
12	6
12	0
12	0
8	0
8	0
8	0
8	8
2	2
3	0
2	6
12	0
12	0
12	12
12	12
16	0
16	0
16	0
2	0
16	16
13	13
13	0
16	0
1	0
16	0
16	0
16	0
16	0
16	0
16	0
1	0
12	0
16	0
17	0
1	0
16	0
16	0
16	0
16	0
16	0
16	0
16	0
16	0
16	0
8	0
8	0
12	0
13	13
8	0
8	0
8	0
8	8
5	5
8	0
8	0
8	0
8	0
8	0
8	8
2	2
2	0
2	0
1	0
1	0
1	0
1	0
16	0
1	1
8	0
8	0
8	0
8	0
8	8
13	13
17	17
17	0
17	17
13	13
3	0
2	0
1	0
1	0
1	0
1	2
3	0
12	6
8	0
8	0
8	0
8	0
8	0
8	0
8	0
8	0
8	8
13	13
13	0
1	0
1	0
1	0
8	0
8	0
8	0
3	0
16	0
1	0
12	0
13	13
8	0
8	0
8	0
8	0
8	8
8	0
9	2
1	6
17	0
17	0
1	0
1	1
8	0
8	0
8	0
13	0
8	0
8	0
8	0
8	8
13	13
13	0
8	0
1	0
8	0
8	0
8	0
8	0
1	0
1	0
1	0
1	0
1	0
1	0
1	0
8	0
1	0
8	0
8	0
8	0
8	0
8	0
1	0
1	0
8	0
1	0
8	0
8	0
8	0
8	0
8	0
8	0
1	0
1	0
1	0
17	0
1	0
1	0
12	0
12	0
12	6
12	8
4	0
11	4
2	0
2	2
9	9
2	2
3	0
2	0
1	0
1	0
1	0
1	0
1	0
1	0
1	1
8	0
8	0
8	0
12	0
8	8
3	0
1	0
1	0
1	0
1	16
4	0
16	4
13	13
3	11
4	0
3	0
3	0
3	0
3	0
1	0
1	3
2	0
2	0
2	2
8	0
8	0
8	0
8	0
8	0
8	17
5	5
8	0
8	0
8	0
8	0
8	0
8	0
8	8
3	0
3	0
13	0
12	0
3	0
8	0
2	2
9	9
4	0
4	4
3	0
3	0
9	1
8	0
8	0
8	0
8	0
8	0
8	0
8	8
2	2
1	0
1	0
1	0
1	0
1	0
1	1
8	0
8	0
8	0
8	0
8	8
2	0
2	0
2	2
12	0
12	6
12	0
8	0
8	0
8	0
8	0
8	0
8	0
8	0
8	8
1	0
1	16
13	13
13	0
3	0
3	0
8	0
8	0
3	0
1	0
12	0
1	0
1	0
1	0
1	0
1	0
8	0
12	0
17	17
12	0
12	0
12	12
17	12
12	17
17	0
17	17
17	0
12	6
12	0
12	0
12	12
17	12
12	17
17	0
17	17
16	0
4	0
16	4
2	2
1	0
1	0
1	6
8	0
8	0
8	0
8	0
8	0
8	0
8	0
8	0
8	8
1	0
1	1
8	0
8	0
8	0
8	0
8	8
1	0
17	0
16	0
16	16
13	13
11	11
3	0
2	2
3	0
3	0
1	1
8	0
8	0
8	0
8	0
8	8
5	5
12	0
13	0
12	0
3	3
16	0
16	0
4	0
4	4
12	0
12	6
8	8
1	0
1	1
8	0
8	0
8	0
8	0
8	0
8	0
8	0
8	8
2	0
2	2
8	0
8	0
8	8
2	2
3	0
12	6
8	0
8	0
8	0
8	0
8	0
8	0
8	8
2	0
16	0
16	0
16	16
5	5
3	0
16	0
4	0
4	4
3	2
8	0
8	8
5	5
8	0
8	0
8	0
8	0
8	0
8	0
8	8
3	0
3	3
5	5
9	9
8	8
13	0
12	0
12	0
12	6
12	0
12	0
12	12
12	12
12	12
16	0
16	0
16	0
16	4
11	0
11	6
1	1
1	0
1	0
1	0
1	0
1	0
1	0
8	0
8	0
8	0
8	0
12	1
8	0
8	0
8	0
8	0
8	0
8	0
8	0
8	0
8	0
8	8
2	0
1	0
16	0
16	16
13	13
5	5
2	0
3	0
3	0
3	0
3	0
16	0
9	1
8	0
8	0
8	0
8	0
8	0
8	8
2	2
3	0
12	6
8	0
13	0
12	0
3	0
5	0
14	0
14	3
17	0
2	0
2	0
17	4
12	0
12	6
12	0
12	0
12	12
17	12
12	17
17	0
17	17
17	0
12	6
8	0
8	0
8	0
8	0
8	0
8	8
2	0
2	0
2	2
17	0
12	6
12	2
12	0
12	6
12	0
1	8
8	0
8	0
8	0
8	8
2	2
12	12
1	0
2	0
1	0
1	0
1	0
1	1
8	0
8	0
8	0
8	0
8	8
1	1
16	0
16	0
16	0
16	16
13	13
13	0
12	0
11	11
16	6
12	0
8	0
12	0
13	0
12	0
13	0
8	0
8	8
5	5
8	0
8	0
8	0
8	0
8	0
8	0
8	8
17	0
2	0
2	0
17	4
2	2
1	0
9	1
17	0
17	0
8	8
2	0
17	0
2	0
2	0
2	16
13	13
5	5
12	0
12	6
8	8
3	0
16	0
16	0
16	4
12	0
12	6
12	0
12	0
8	0
8	8
2	2
1	0
1	1
8	0
8	0
8	8
2	0
2	0
16	0
16	0
13	0
17	0
17	2
12	0
12	6
12	0
12	0
12	0
12	12
4	0
11	4
17	0
11	6
9	0
1	0
1	1
8	0
8	0
8	0
8	0
8	0
8	0
8	0
8	8
13	13
17	0
17	17
17	0
17	0
17	17
17	0
17	17
17	17
13	13
2	2
12	0
12	0
12	0
8	8
17	0
17	0
17	0
12	16
1	0
16	4
13	13
13	0
1	0
1	0
12	0
12	0
1	0
1	0
3	0
17	0
17	0
17	0
1	0
17	0
1	0
1	0
12	0
1	6
12	0
8	0
12	0
12	0
12	0
1	1
8	0
8	0
8	0
8	0
8	0
8	0
8	0
8	0
8	0
8	0
8	8
8	0
2	0
2	2
6	6
8	0
8	0
8	0
8	0
8	0
8	0
8	8
16	0
16	0
16	0
16	4
3	0
3	0
12	0
16	0
3	0
2	0
2	1
12	0
6	6
12	0
12	0
8	0
8	0
8	0
8	0
8	0
8	0
8	8
5	5
12	0
6	6
12	0
12	0
12	0
12	0
13	0
12	0
2	2
8	0
8	8
5	5
8	0
8	0
8	0
8	0
8	0
8	0
8	8
4	0
4	4
8	0
8	0
8	0
17	0
8	0
13	0
8	0
8	0
8	0
8	8
1	0
1	0
2	0
1	0
1	0
1	0
1	0
16	16
4	0
16	4
13	13
13	0
1	0
1	0
1	0
1	0
1	0
1	0
1	0
1	0
1	0
1	0
1	0
1	0
8	0
8	0
1	0
1	0
1	0
1	0
8	0
1	0
3	0
3	0
3	0
1	0
12	0
3	0
12	0
12	1
1	0
1	0
1	0
1	0
1	0
1	1
8	0
8	0
8	0
8	0
8	8
4	0
4	4
12	0
12	6
12	0
13	0
8	0
8	0
8	0
8	0
8	8
2	0
2	0
2	2
12	0
12	6
12	0
12	0
12	12
8	17
12	0
12	17
8	17
13	13
12	0
11	6
12	0
12	0
13	0
8	0
8	0
8	0
8	0
8	8
8	0
2	0
2	2
12	0
12	6
12	0
12	0
12	12
17	12
17	17
13	0
13	0
8	0
8	0
8	0
8	0
16	8
12	0
12	4
13	13
13	0
12	0
1	0
1	0
8	0
12	0
8	0
8	0
16	0
8	0
8	0
12	0
8	0
12	0
8	0
16	0
16	0
16	0
12	0
12	0
12	0
12	0
8	0
1	0
8	0
1	0
8	0
8	0
16	0
16	0
12	0
12	0
12	0
12	0
12	0
1	0
1	0
1	0
16	0
8	0
16	0
16	0
12	0
12	0
12	0
12	0
12	0
1	0
1	0
1	0
8	0
13	0
17	17
12	0
12	0
12	12
17	12
17	0
17	0
17	17
17	0
17	0
17	17
17	17
13	13
12	0
12	12
13	13
12	0
12	0
12	0
13	0
12	0
13	0
8	0
8	0
8	0
8	0
8	0
8	0
8	8
13	13
13	0
1	0
1	0
1	0
16	0
8	0
16	0
16	0
8	0
8	0
16	0
8	0
16	0
16	0
16	0
8	0
16	0
16	0
16	0
16	0
1	0
17	0
16	0
17	0
17	0
17	0
17	0
16	0
16	0
12	0
3	0
12	6
12	0
8	0
8	0
1	8
5	5
3	6
17	0
1	0
16	0
16	0
1	1
8	0
8	0
8	8
2	2
3	0
2	6
12	0
8	0
8	0
8	0
8	0
8	0
8	0
8	0
8	0
8	0
8	8
5	5
8	0
8	0
8	0
8	0
8	0
8	0
8	8
2	2
12	0
12	0
12	0
12	12
5	5
12	12
16	0
2	0
2	0
2	4
2	0
2	2
9	9
3	0
2	2
3	0
1	6
3	0
1	0
13	0
12	0
12	0
12	6
12	0
8	0
8	0
8	0
8	0
8	0
8	0
8	0
8	0
8	8
2	2
12	0
12	0
12	0
12	12
4	0
11	4
17	0
2	2
12	0
12	6
12	0
1	0
1	0
1	0
1	0
12	8
1	0
1	0
1	0
1	0
1	0
1	0
16	16
4	0
16	4
13	13
13	0
1	0
1	0
1	0
1	0
12	0
1	0
1	0
1	0
12	0
1	0
8	0
8	0
8	0
8	0
8	0
8	0
8	0
1	0
1	0
12	0
2	2
12	12
13	13
12	0
12	12
5	5
12	0
12	0
12	12
4	0
4	4
1	0
9	1
8	0
8	0
8	0
8	0
8	0
8	0
8	8
5	5
8	0
8	0
8	0
8	0
8	0
8	8
3	0
1	0
1	16
4	0
16	4
13	13
3	0
14	0
3	0
14	0
14	0
14	0
14	14
2	2
12	0
12	0
12	0
12	12
5	5
12	0
12	0
12	0
12	0
12	12
3	0
1	0
16	0
3	0
1	1
8	0
8	0
13	0
12	0
12	0
12	6
12	0
12	0
12	0
8	0
8	0
8	0
8	0
8	0
8	0
8	8
2	2
12	0
12	12
4	0
11	4
2	2
1	0
9	1
8	0
8	0
8	0
8	0
8	0
8	0
8	0
8	0
8	0
8	8
16	0
2	0
16	0
16	16
13	13
13	0
1	0
1	0
1	0
1	0
1	0
8	0
8	0
8	0
1	0
1	0
1	0
1	0
12	0
1	0
1	0
1	0
1	0
1	0
8	0
1	0
8	0
1	0
1	0
12	0
1	0
1	0
3	0
1	0
1	3
4	0
11	4
11	0
11	11
1	0
1	0
1	0
1	1
1	1
1	0
1	0
1	0
1	0
1	16
4	0
17	4
5	5
17	0
12	16
4	0
17	6
12	0
12	0
12	0
8	8
3	0
6	0
3	0
3	3
1	0
17	0
17	2
17	3
17	0
1	0
1	0
1	0
1	0
1	0
1	1
5	5
1	0
1	0
1	0
1	0
1	0
1	0
1	0
1	1
8	0
8	0
8	0
8	8
13	0
13	0
1	0
8	0
1	8
5	5
8	0
8	0
8	0
8	8
13	13
13	0
1	0
1	0
1	0
1	0
8	0
8	0
1	0
1	0
1	0
1	0
1	0
8	0
8	0
1	0
1	0
1	0
1	0
1	0
1	0
8	0
8	0
1	0
1	0
1	0
1	0
8	0
1	0
1	0
1	0
1	0
1	0
8	0
8	0
8	0
1	0
1	0
1	0
1	0
8	0
1	0
1	0
1	0
1	0
8	0
8	0
1	0
1	0
1	0
1	0
12	0
3	0
14	2
4	0
4	0
14	0
16	0
3	0
1	0
14	1
3	0
12	6
1	0
1	0
1	0
1	0
1	1
8	0
8	0
8	8
2	2
1	0
1	0
1	0
1	0
1	1
8	8
17	0
2	0
2	2
12	0
8	0
12	0
13	0
12	0
13	0
8	0
8	0
8	8
2	0
3	10
12	0
2	0
16	16
13	13
11	0
11	4
2	2
12	12
3	6
1	0
1	1
12	12
12	0
12	12
12	0
12	0
12	12
17	0
13	0
13	0
1	6
1	0
1	1
8	0
8	0
8	0
8	8
2	0
2	0
2	2
8	0
8	0
8	0
8	0
13	0
8	0
8	0
8	0
8	0
8	0
8	0
8	8
2	0
2	2
12	0
8	0
8	0
8	0
8	0
8	0
8	8
4	0
4	4
1	0
1	0
3	0
16	0
16	0
16	16
5	5
2	2
3	0
1	6
1	0
1	0
1	0
1	1
8	0
8	0
8	0
8	0
8	0
8	0
8	0
8	0
8	8
1	0
1	0
13	0
12	0
3	0
5	0
3	0
3	3
16	0
16	0
4	0
4	4
12	0
12	6
12	0
12	0
12	12
12	12
1	6
8	0
8	0
8	0
8	0
8	0
8	0
8	0
8	8
1	0
16	0
16	0
16	16
13	13
14	0
14	14
8	0
8	0
8	0
8	0
8	0
8	8
17	0
12	0
12	0
12	2
12	0
17	0
17	0
16	16
13	13
5	0
9	11
17	2
1	0
3	0
3	1
1	0
1	0
1	1
8	0
8	0
8	0
8	0
13	0
8	0
8	0
8	0
8	0
12	1
17	0
8	0
8	0
8	8
2	2
8	0
8	0
8	0
8	0
8	0
8	8
13	13
13	0
1	0
16	0
16	0
16	0
16	0
16	0
1	0
16	0
16	0
16	0
16	0
16	0
16	0
16	0
1	0
1	0
8	0
8	0
8	0
16	0
1	0
1	0
8	0
16	0
8	0
16	0
16	0
1	0
1	0
8	0
8	0
8	0
16	0
16	0
16	0
16	0
16	0
16	0
1	0
1	0
1	0
8	0
12	0
12	0
12	6
12	0
12	0
8	0
8	0
8	8
2	2
2	6
1	0
1	0
1	0
1	0
1	0
1	0
1	0
1	1
1	0
8	0
8	0
8	0
8	0
8	0
8	0
8	0
8	0
8	0
8	8
13	13
17	0
17	0
17	17
17	0
17	17
17	0
17	17
17	0
17	0
17	17
13	13
12	0
12	12
13	13
13	13
2	2
11	0
12	0
14	11
3	0
6	6
12	0
12	0
12	0
12	0
8	0
8	8
2	2
3	0
13	0
12	0
1	0
12	6
12	0
1	0
8	0
8	0
8	0
8	0
8	0
8	8
2	2
3	0
12	0
12	6
8	0
8	0
8	0
8	0
8	8
4	0
4	0
4	0
4	0
16	0
17	16
2	0
2	0
2	2
3	6
17	0
1	0
1	0
1	0
1	1
8	0
8	0
8	0
8	8
2	2
8	0
8	0
8	0
8	0
8	0
8	0
8	0
8	0
8	0
8	8
5	5
8	0
8	0
8	0
8	0
8	0
8	0
8	0
8	0
13	0
13	0
12	0
13	0
8	0
8	0
8	0
8	0
8	8
13	13
13	0
8	0
1	0
1	0
8	0
8	0
1	0
1	0
1	0
16	0
8	0
8	0
8	0
8	0
1	0
1	0
8	0
8	0
8	0
8	0
8	0
8	0
8	0
1	0
8	0
8	0
1	0
1	0
1	0
8	0
8	0
8	0
8	0
8	0
8	0
8	0
1	0
1	0
1	0
1	0
1	0
8	0
8	0
8	0
8	0
8	0
8	0
1	0
1	0
1	0
1	0
12	0
17	0
12	6
8	0
8	0
8	0
8	8
2	2
17	0
17	17
17	0
17	0
17	17
4	2
12	0
13	0
8	0
8	0
8	0
8	0
8	0
8	8
2	0
2	2
12	0
12	0
12	17
12	0
12	0
12	12
17	12
17	0
17	0
17	17
17	0
17	0
17	17
17	17
17	0
17	4
5	6
6	0
3	0
1	1
8	0
8	0
8	0
8	0
8	8
8	0
2	0
2	2
12	0
12	6
12	0
12	0
12	0
12	0
12	0
13	0
12	0
12	0
12	0
12	0
12	8
16	0
16	0
17	0
16	4
3	0
6	0
3	0
3	3
3	0
12	6
12	0
12	0
12	0
8	0
8	0
8	0
8	0
8	8
13	13
17	0
2	0
11	2
8	8
17	0
17	0
17	1
17	0
8	0
8	8
17	0
12	10
12	0
1	0
1	0
1	0
1	0
16	16
13	13
8	0
8	0
8	0
8	0
8	0
8	0
8	0
8	0
8	0
8	0
8	8
16	0
16	0
16	0
2	0
3	0
13	0
17	0
3	0
12	0
9	1
6	0
1	0
1	1
8	0
8	0
8	8
4	0
4	4
17	0
12	6
8	0
8	0
8	0
8	8
2	0
2	0
2	0
3	2
8	0
8	0
8	0
8	0
8	0
8	0
8	0
8	8
8	0
2	0
2	2
1	0
1	6
8	0
8	0
8	0
8	0
8	0
8	0
8	0
8	0
8	0
8	0
8	0
8	0
8	8
12	0
12	4
13	13
3	0
3	11
3	0
6	6
8	0
17	8
17	3
17	0
13	0
12	0
13	13
8	0
8	0
8	0
8	0
8	0
8	8
12	0
12	0
12	12
12	12
12	0
12	0
12	12
12	0
12	6
12	0
12	0
1	0
1	0
1	0
1	0
1	1
8	0
8	0
8	0
8	0
8	8
2	2
3	0
12	6
12	0
12	0
12	12
12	12
12	0
12	0
12	12
4	0
11	4
2	0
3	0
2	2
1	0
1	0
1	0
1	0
1	0
1	0
1	1
8	0
8	0
8	0
8	0
8	8
2	0
2	2
1	0
13	0
12	0
12	0
12	0
12	12
16	0
4	0
4	0
4	4
17	6
17	0
17	0
17	0
17	1
17	0
1	0
6	0
9	1
17	0
8	8
2	2
12	0
12	0
12	12
17	2
12	0
12	6
17	17
12	0
12	0
12	0
12	0
12	12
2	2
12	0
12	12
2	0
2	0
16	0
16	16
13	13
13	0
1	0
1	0
1	0
1	0
12	0
1	0
1	0
8	0
3	0
3	0
3	0
12	0
3	0
3	0
3	0
17	0
1	0
17	0
2	0
12	0
12	0
12	6
12	0
12	0
12	0
12	12
12	0
12	0
12	12
13	13
8	0
8	0
8	0
8	8
2	0
2	2
8	0
8	0
8	0
8	0
8	0
8	8
5	5
12	0
12	0
8	0
13	0
8	0
8	0
8	8
13	13
16	0
4	0
16	0
4	4
2	2
8	0
8	12
5	6
3	0
3	0
1	1
8	0
8	0
8	8
1	0
2	0
2	0
16	0
16	0
16	16
13	13
13	0
1	0
1	0
1	0
1	0
8	0
8	0
12	0
8	0
8	0
8	0
8	0
8	8
8	0
8	8
8	0
16	0
16	0
4	4
3	0
3	6
1	0
12	0
12	1
8	0
8	0
8	0
8	8
2	0
2	2
8	0
8	0
8	1
8	8
12	0
12	12
12	0
12	0
12	0
12	12
12	0
1	0
12	0
1	0
1	0
16	16
13	13
13	0
3	0
1	0
1	0
1	0
8	0
1	0
1	0
1	0
8	0
8	0
1	0
1	0
8	0
16	0
16	0
16	0
3	0
3	0
1	0
12	0
12	0
12	12
12	0
12	12
16	0
4	0
4	0
4	4
11	0
11	0
11	6
1	0
1	0
1	0
1	1
13	13
17	0
17	17
17	0
17	17
13	13
2	0
2	0
2	0
16	0
16	0
16	0
16	16
13	13
13	0
16	0
3	0
1	0
8	0
8	0
1	0
1	0
8	0
12	0
8	0
16	0
16	0
1	0
1	0
1	0
1	0
8	0
1	0
1	0
3	0
16	0
16	0
16	0
3	0
11	0
8	0
8	0
8	0
8	0
12	0
8	0
8	0
8	0
8	0
8	0
8	8
2	0
2	2
8	0
8	0
8	0
8	0
8	0
8	0
8	8
2	2
3	0
12	6
12	12
4	0
4	4
3	0
12	6
12	0
1	0
1	0
8	8
2	2
2	6
17	0
8	8
2	2
12	0
12	0
12	12
2	2
8	0
2	6
12	0
8	0
8	8
12	0
12	0
12	0
12	12
12	0
12	12
12	0
12	4
13	13
13	0
1	0
1	0
1	0
1	0
1	0
1	0
8	0
8	0
12	0
12	0
12	12
16	0
16	4
2	0
11	0
11	6
9	1
8	0
8	0
8	0
8	0
8	8
2	0
2	0
1	2
12	0
12	0
12	8
2	2
12	0
8	12
1	0
2	0
1	0
1	0
1	0
16	0
16	16
13	13
13	0
1	0
1	0
16	0
8	0
16	0
1	0
16	0
16	0
16	0
1	0
8	0
8	0
1	0
1	0
2	0
16	0
8	0
16	0
2	0
16	0
8	0
1	0
8	0
1	0
8	0
8	0
16	0
2	0
12	0
8	0
12	12
16	0
16	0
16	0
16	4
3	2
12	0
12	6
12	0
12	0
12	0
12	12
9	9
13	13
5	0
6	0
1	6
8	0
12	0
8	0
8	0
13	0
8	0
8	0
8	0
8	0
8	8
2	2
12	0
8	12
16	0
12	0
16	0
16	16
13	13
13	0
1	0
1	0
1	0
1	0
16	0
8	0
1	0
1	0
1	0
8	0
8	0
16	0
16	0
16	0
3	0
3	0
12	0
1	0
1	0
12	0
12	0
12	0
12	0
12	0
12	0
12	12
16	0
16	0
4	0
4	4
2	0
2	6
8	0
8	0
8	0
8	0
8	8
2	0
3	2
1	0
1	0
1	0
1	0
1	8
2	2
17	0
12	6
17	0
17	17
17	17
17	17
17	17
17	2
12	0
12	6
12	0
12	0
8	12
17	0
17	0
17	0
17	17
1	0
2	0
2	0
1	0
16	16
13	13
13	0
12	0
8	0
8	0
3	0
3	0
16	0
3	0
3	0
1	0
1	0
1	0
8	0
3	0
12	0
12	12
4	0
2	4
12	0
12	6
12	0
8	0
8	0
8	0
8	0
8	8
2	0
2	2
12	12
12	0
12	12
3	2
12	0
12	6
8	0
8	0
8	0
8	0
8	8
2	2
8	12
5	5
8	0
8	0
8	0
8	12
1	0
2	0
1	0
16	0
16	0
16	16
13	13
13	0
1	0
1	0
8	0
1	0
16	0
3	0
1	0
8	0
16	0
12	0
12	0
12	0
1	0
8	0
8	0
8	0
8	0
1	0
1	0
1	0
12	0
17	0
17	12
17	0
1	12
5	5
17	0
11	0
11	12
17	0
16	0
16	0
16	4
12	0
6	6
12	0
12	0
8	0
8	0
12	0
12	0
12	0
8	0
8	0
8	8
2	2
2	6
1	0
1	1
8	0
8	0
8	8
2	2
2	6
8	0
12	12
17	0
17	0
9	0
3	17
2	2
12	0
8	12
1	0
1	0
1	0
1	0
16	16
13	13
13	0
1	0
1	0
17	0
1	0
3	0
16	0
16	0
16	0
3	0
1	0
12	0
12	0
8	0
12	12
16	0
16	0
4	0
4	4
12	0
12	6
12	0
8	0
8	8
2	0
2	2
8	0
8	8
12	12
12	0
12	0
12	0
12	12
1	0
1	0
1	0
1	0
16	16
5	5
11	0
11	4
8	0
8	0
8	8
2	2
2	6
12	0
12	12
17	17
17	17
17	17
12	0
12	4
13	13
13	0
1	0
1	0
16	0
16	0
16	0
3	0
3	0
16	0
16	0
16	0
1	0
12	0
8	0
8	0
3	0
1	0
12	0
6	0
8	12
12	0
12	12
16	0
4	0
4	0
4	4
3	0
1	6
8	0
8	0
8	0
8	0
8	0
8	0
8	0
8	8
2	2
8	0
8	0
8	0
8	0
8	0
8	8
5	5
3	0
12	6
8	0
8	0
8	0
8	0
8	8
2	0
2	2
8	0
12	0
13	0
8	8
1	0
2	0
1	0
16	0
16	16
13	13
13	0
1	0
1	0
8	0
8	0
16	0
3	0
3	0
3	0
1	0
3	0
1	0
1	0
1	0
12	0
3	2
3	0
3	0
9	9
8	0
8	0
8	1
8	0
8	0
8	0
8	0
8	0
8	8
4	0
4	4
8	0
8	0
13	0
8	0
13	0
8	0
8	0
8	0
8	0
8	8
2	0
2	0
16	0
16	16
4	0
4	4
13	13
13	0
3	0
3	0
1	0
1	0
1	0
1	0
8	0
1	0
8	0
1	0
1	0
1	0
8	0
1	0
1	0
1	0
1	0
1	0
1	0
1	0
1	0
1	0
8	0
8	0
8	0
8	0
12	0
13	13
8	0
8	0
8	0
8	0
8	0
8	8
12	0
12	0
12	12
12	12
12	12
12	0
12	6
12	0
12	0
12	12
12	12
12	12
16	0
4	0
4	0
16	4
9	9
11	0
11	0
11	6
8	0
8	0
8	0
8	0
8	0
8	0
8	0
8	8
1	0
2	0
1	0
16	0
16	0
16	0
16	16
13	13
13	0
1	0
2	0
1	0
8	0
1	0
8	0
8	0
1	0
8	0
8	0
8	0
8	0
8	0
1	0
12	0
12	0
12	0
12	0
12	12
16	0
4	0
4	0
4	4
1	6
12	0
8	8
2	2
1	0
1	0
1	1
8	0
8	0
8	0
8	0
8	8
2	0
2	2
8	0
8	0
8	0
8	0
8	0
8	0
8	8
12	0
12	0
12	0
12	12
9	9
16	0
2	0
16	0
16	0
16	0
16	16
13	13
14	0
14	0
16	0
16	4
11	0
11	0
11	6
8	0
8	0
8	0
8	0
8	0
8	8
2	0
2	0
2	0
2	0
1	0
13	0
12	0
12	0
12	0
12	12
16	0
16	0
4	0
4	4
3	0
1	6
17	0
8	0
8	8
2	2
12	0
12	6
8	0
8	0
8	0
8	8
17	17
17	0
17	0
8	17
5	5
17	0
12	0
17	0
12	17
17	0
12	0
12	17
1	0
2	0
2	0
16	0
16	0
16	16
13	13
13	0
1	0
1	0
1	0
8	0
16	0
1	0
1	0
1	0
8	0
3	0
3	0
1	0
3	0
3	0
1	0
1	0
1	0
8	0
1	0
1	0
12	0
8	0
8	0
8	0
8	0
1	8
8	0
8	8
16	0
16	0
16	0
16	4
11	0
11	0
11	6
8	0
8	8
5	2
3	0
17	0
1	0
1	1
8	0
8	0
8	0
8	0
8	0
8	0
8	0
8	0
8	0
8	8
12	2
12	0
12	0
13	0
8	0
8	0
8	8
1	0
1	0
1	0
1	0
1	0
16	16
13	13
13	0
1	0
1	0
1	0
1	0
1	0
1	0
3	0
16	0
16	0
16	0
2	0
11	0
1	0
12	0
12	0
12	12
12	0
12	12
16	0
16	0
4	0
4	4
3	0
11	6
8	0
8	0
8	0
8	0
8	8
12	0
1	0
1	0
16	0
16	16
5	5
12	0
12	6
12	0
12	0
12	0
12	8
8	0
12	12
8	0
8	17
8	17
5	5
17	17
17	0
17	0
8	17
2	0
2	0
2	0
16	0
16	0
16	16
13	13
13	0
1	0
8	0
1	0
1	0
8	0
3	0
16	0
16	0
3	0
1	0
1	0
1	0
1	0
8	0
12	0
12	12
16	0
16	0
16	0
4	4
3	6
1	0
9	1
8	0
8	8
2	2
12	0
12	6
12	0
12	0
8	0
12	12
12	0
12	0
12	12
2	0
2	0
16	0
16	0
16	0
16	16
5	5
6	6
8	0
8	0
8	0
8	0
8	0
8	0
8	8
2	2
8	17
12	17
2	2
6	6
8	0
8	0
12	0
13	0
8	12
13	0
1	0
16	0
16	0
16	0
1	0
8	0
1	0
1	0
1	0
1	0
1	0
12	0
12	0
12	0
12	0
12	6
8	0
8	0
8	8
8	0
12	0
8	0
12	8
13	13
12	0
8	8
9	9
12	0
12	0
12	17
12	0
12	17
12	12
12	0
8	0
17	0
17	0
17	0
8	17
8	0
17	0
8	17
12	0
8	17
12	0
12	0
12	0
8	0
17	0
12	0
17	0
5	0
12	0
12	12
12	0
12	6
12	12
12	0
12	4
12	0
12	6
12	0
8	0
8	0
8	0
8	0
8	0
8	0
8	8
9	9
2	0
2	0
13	0
12	0
6	0
6	6
12	0
12	0
8	0
8	0
8	0
8	8
2	0
2	2
8	0
8	0
8	8
13	13
17	0
12	6
12	0
8	0
8	0
8	0
8	0
8	8
17	0
17	5
8	0
8	0
8	0
8	0
8	0
1	8
2	0
2	2
1	0
1	0
1	1
8	0
8	0
8	8
13	13
16	0
4	0
4	16
12	0
12	10
12	0
12	0
8	0
8	8
2	0
11	10
12	0
11	0
16	0
16	16
13	13
13	0
1	0
16	0
8	0
12	0
2	2
6	6
8	0
2	2
8	0
8	0
8	8
2	0
2	2
8	0
8	0
8	8
1	0
1	0
1	0
1	0
1	0
1	1
8	0
8	0
8	8
16	0
4	4
17	0
12	6
12	17
11	0
9	11
8	0
8	0
8	8
13	13
11	6
1	0
3	0
3	0
1	0
1	1
17	0
2	5
1	0
1	1
8	0
8	0
8	0
8	0
8	0
8	0
8	0
8	8
2	0
3	10
1	0
1	0
1	16
13	13
5	0
3	0
13	0
2	0
6	6
8	0
8	0
8	8
16	0
2	0
2	4
2	0
2	0
6	2
8	0
8	8
1	0
2	0
3	0
1	16
4	0
16	4
13	13
1	0
12	6
12	0
8	0
8	0
8	8
2	0
2	2
12	0
8	0
8	0
13	0
12	0
1	0
12	0
13	0
8	0
1	0
8	8
2	0
2	2
6	6
8	0
8	0
8	0
8	8
2	0
2	2
8	0
8	0
8	0
8	0
8	8
16	0
4	2
11	0
9	6
1	0
1	0
13	0
12	0
2	2
17	6
1	1
8	0
8	0
8	8
17	0
12	4
17	0
12	6
12	0
12	0
8	8
2	0
2	2
17	0
11	0
12	0
1	1
8	0
8	0
8	0
8	0
8	8
2	0
3	0
3	0
16	0
16	1
3	0
2	0
3	0
3	3
1	0
1	0
1	0
1	0
1	0
1	1
13	13
3	3
6	6
2	0
2	2
8	0
8	8
8	0
12	0
12	0
12	17
1	0
2	2
6	6
8	0
8	0
8	0
8	0
13	0
13	0
12	0
6	2
12	0
12	8
8	0
12	17
17	0
17	0
17	0
17	0
17	16
17	2
17	0
17	0
17	0
17	1
8	8
17	0
17	5
17	0
17	8
6	6
8	8
3	0
2	0
2	2
8	0
12	0
8	0
8	0
8	8
13	13
3	11
16	0
11	2
6	6
8	0
12	0
8	0
8	0
8	8
2	2
8	0
8	0
8	0
8	0
8	0
8	0
8	0
8	0
8	0
8	8
16	0
12	2
12	0
12	6
12	0
12	0
12	0
13	0
12	0
3	0
12	6
12	0
8	0
8	0
8	0
8	0
8	0
8	0
8	8
2	0
2	2
8	0
8	0
8	0
8	0
8	0
8	0
8	8
12	0
12	2
12	12
16	0
16	0
16	0
16	16
11	0
11	6
2	0
3	0
3	1
1	0
1	0
1	0
1	0
1	1
8	0
8	0
8	0
8	0
8	8
2	0
2	0
6	2
8	0
8	8
8	0
12	8
9	0
9	8
12	0
12	0
12	0
17	17
13	13
14	0
2	6
12	0
13	0
12	0
14	2
6	6
1	0
8	0
8	0
8	0
8	0
8	0
8	0
13	17
17	0
17	5
17	0
8	0
8	0
8	0
8	0
8	0
8	0
8	0
8	0
8	0
8	8
17	0
3	10
12	0
2	0
1	0
1	0
16	16
13	13
3	11
16	0
16	2
8	0
8	0
8	8
2	0
2	2
8	0
13	0
12	0
13	0
17	0
17	0
17	0
13	0
8	12
3	0
1	0
1	0
1	0
1	1
16	0
2	0
1	4
13	13
16	0
13	0
12	0
2	14
8	0
8	0
8	0
8	0
8	8
2	0
6	0
11	2
1	0
1	0
1	0
1	0
1	0
1	1
8	0
8	0
8	0
8	0
8	0
8	8
16	0
4	0
2	4
6	6
8	0
12	0
12	0
1	1
8	0
8	0
8	8
2	2
2	6
8	0
8	0
8	0
8	0
8	8
16	0
2	2
2	0
6	6
8	0
8	0
8	0
8	0
8	0
8	0
8	8
12	0
17	17
1	0
1	0
1	16
4	0
16	4
13	13
13	0
12	0
12	0
12	6
12	0
8	0
8	8
16	0
16	2
12	0
8	0
8	12
17	0
17	0
2	4
1	0
17	0
1	0
1	3
17	6
17	0
17	0
1	1
8	0
8	0
8	0
8	8
13	13
2	0
2	2
11	0
11	11
6	6
8	0
12	2
17	0
12	6
12	0
8	0
8	0
8	8
8	0
12	12
17	0
17	12
13	13
12	12
12	12
8	0
17	0
17	12
17	0
17	5
17	0
17	0
12	17
17	0
8	17
13	13
13	0
8	0
12	0
12	2
17	0
17	11
1	0
1	0
1	0
1	0
1	16
17	0
12	0
12	0
1	1
13	13
1	1
1	0
1	0
1	0
1	0
1	0
1	1
8	8
17	0
2	2
8	0
8	0
8	0
8	0
8	8
3	0
6	2
12	0
8	0
8	0
8	8
13	13
1	0
1	0
1	0
1	0
1	1
8	0
8	0
8	0
8	0
8	8
13	13
1	0
1	0
17	0
1	0
1	1
8	0
8	8
13	13
13	13
13	0
1	0
1	0
1	0
3	0
2	14
6	6
1	0
1	0
1	1
8	0
8	0
8	0
8	8
2	2
12	0
8	0
8	12
16	0
16	0
16	1
4	0
4	10
4	0
4	0
4	0
4	4
13	13
14	0
11	4
2	0
6	6
12	0
8	0
8	0
8	8
8	0
8	0
8	0
8	8
2	0
2	2
12	0
13	0
12	0
8	0
13	0
1	0
1	0
1	0
1	0
1	0
1	0
8	0
8	8
1	0
2	0
1	16
4	0
16	4
13	13
13	0
3	0
3	0
12	0
6	2
12	0
8	0
8	0
16	0
16	8
2	2
8	0
8	12
12	13
8	0
8	12
13	13
12	0
12	12
13	13
3	0
1	4
2	0
2	0
3	0
3	3
1	6
8	0
8	0
8	0
8	0
8	8
2	2
1	0
1	0
1	1
8	8
17	0
2	2
12	0
12	6
12	0
12	8
8	0
17	0
12	17
12	0
17	5
17	0
12	6
12	0
8	0
8	0
13	0
8	8
9	0
9	9
8	0
1	0
1	0
16	0
16	16
13	0
12	0
17	0
4	2
8	0
8	0
8	0
8	8
8	0
8	0
8	0
8	0
8	0
8	0
13	0
1	0
1	0
1	0
1	0
1	0
1	0
1	0
8	8
13	13
12	0
12	12
13	13
17	0
16	4
17	0
16	2
17	0
12	6
12	0
8	0
8	8
2	2
8	0
8	0
8	0
8	0
8	8
2	0
2	2
8	0
12	0
8	0
8	0
12	0
8	0
8	0
8	0
8	0
8	8
16	6
16	0
2	0
12	0
12	1
13	13
13	0
13	0
2	0
2	0
2	0
17	0
12	0
17	0
17	0
12	0
17	0
12	12
9	9
8	0
8	0
8	8
3	0
2	2
1	8
13	13
13	0
1	0
1	0
8	0
1	0
1	0
1	0
1	0
1	0
17	0
17	0
12	0
17	0
16	0
16	0
8	0
16	0
1	0
1	0
1	0
1	0
1	0
8	0
16	0
16	0
1	0
1	0
1	0
2	0
2	0
17	0
12	0
12	0
17	0
17	0
17	0
12	0
17	0
17	0
16	0
8	0
12	0
17	0
16	0
16	0
17	0
17	8
9	9
2	4
8	0
8	12
8	0
8	12
2	0
2	0
6	6
9	1
8	0
8	0
8	0
8	0
8	8
5	5
17	0
12	6
1	0
1	0
1	0
1	0
1	0
16	1
8	0
8	0
8	8
5	2
1	0
1	0
3	0
1	0
1	0
1	0
1	0
1	1
12	0
13	0
12	0
8	0
13	0
3	12
1	2
8	0
8	8
2	0
2	0
6	2
8	0
8	0
8	0
8	8
2	2
13	0
12	0
3	0
8	12
12	0
12	12
13	13
3	11
2	2
9	9
8	0
8	0
8	8
2	2
6	6
8	0
17	0
9	9
8	0
8	0
8	0
8	0
8	0
8	0
8	8
1	0
1	0
1	0
1	0
16	0
1	1
4	0
11	4
13	13
16	0
16	0
16	0
16	16
3	2
8	0
8	8
5	5
8	0
8	0
8	0
8	0
8	0
8	8
1	0
2	0
3	0
3	3
1	0
2	0
1	0
1	0
16	0
16	16
13	13
11	0
13	0
12	0
8	0
8	8
12	0
9	9
2	0
2	0
3	0
2	1
8	0
8	0
8	0
8	8
12	0
3	0
17	4
17	0
8	0
12	8
17	0
12	2
6	6
8	0
8	0
8	0
8	0
8	8
8	0
12	8
8	0
16	16
13	13
13	0
1	0
16	0
1	0
16	0
1	0
1	0
16	0
16	0
16	0
1	0
1	0
1	0
16	0
16	0
16	0
1	0
1	0
16	0
1	0
2	0
1	0
1	0
1	0
1	0
16	0
16	0
16	0
12	0
12	6
12	0
12	0
13	0
17	0
17	0
1	0
13	0
12	0
12	8
16	0
16	0
16	0
16	0
16	16
1	0
3	11
2	0
2	3
1	0
3	0
1	0
1	2
11	0
2	0
2	2
17	0
11	6
1	0
1	1
8	0
8	0
8	8
12	0
11	10
13	13
13	0
3	0
16	0
1	0
1	0
1	0
8	0
8	0
16	0
1	0
1	0
17	0
16	0
16	0
1	0
16	0
16	0
8	0
16	0
16	0
16	0
16	0
16	0
12	0
8	0
2	2
1	0
1	11
16	8
16	0
16	0
16	0
1	16
2	0
1	11
8	0
8	0
8	0
8	8
5	5
1	0
8	0
8	0
1	8
8	0
8	12
5	5
8	0
8	12
2	0
2	0
2	0
6	2
8	0
8	0
8	0
8	0
8	0
8	8
2	2
12	0
12	6
12	0
12	8
5	5
3	0
16	0
16	0
16	16
11	0
12	0
12	6
8	0
8	0
8	0
8	0
8	0
8	8
3	0
3	0
6	0
6	2
13	0
12	0
3	0
12	6
12	0
12	0
1	0
1	1
8	0
8	8
12	0
3	0
16	4
2	2
1	0
1	0
1	0
1	1
1	0
1	0
1	0
1	0
1	16
8	8
13	13
12	0
12	0
12	0
12	8
5	5
8	0
8	0
8	0
8	8
2	2
3	0
1	0
1	0
1	0
1	0
1	1
8	0
8	0
8	8
1	0
2	0
12	0
16	0
16	0
2	16
5	0
11	0
10	0
2	0
1	0
1	16
13	13
13	0
1	0
1	0
1	0
12	0
6	6
1	0
1	0
1	0
1	1
8	0
8	0
8	8
13	13
3	2
3	0
1	0
14	11
12	0
12	8
1	0
1	0
1	0
1	0
1	0
1	0
1	0
1	0
1	0
1	0
1	0
1	1
1	0
11	6
3	0
1	0
1	1
8	0
8	8
4	0
4	4
13	13
3	0
3	0
3	4
1	0
3	11
1	2
3	6
1	0
1	1
8	0
8	8
2	0
6	2
8	0
13	0
8	0
12	0
1	17
8	0
8	0
8	8
13	0
12	0
6	0
8	12
12	0
12	12
16	0
16	0
16	16
2	6
8	0
8	0
8	0
8	0
8	8
2	2
1	0
1	0
1	0
1	0
1	0
1	1
12	0
8	0
8	0
8	0
8	0
8	8
5	5
16	0
16	0
16	4
3	0
3	3
3	0
12	6
1	0
1	0
1	0
1	1
8	0
8	0
8	0
8	0
8	0
8	8
2	2
12	12
12	0
12	12
13	13
12	12
5	5
12	0
12	12
2	0
2	0
3	0
3	0
3	0
13	0
12	0
8	0
8	0
8	0
8	0
8	8
8	0
6	6
9	1
8	0
8	0
8	0
8	0
8	8
12	2
12	0
8	12
8	0
12	12
4	0
4	4
2	0
3	2
1	1
8	0
8	0
8	0
8	0
8	0
8	0
8	0
8	8
1	2
8	0
8	0
8	8
16	0
2	0
16	0
16	0
16	16
4	0
4	4
13	13
13	0
1	0
1	0
1	0
8	0
8	0
8	0
8	0
16	0
1	0
1	0
1	0
8	0
8	0
8	0
1	0
12	0
8	0
8	0
8	0
8	0
12	8
5	5
8	0
8	0
8	0
8	8
16	0
11	2
6	6
8	0
8	0
8	8
2	0
6	2
8	0
8	0
8	0
8	8
16	0
16	4
3	0
3	3
1	0
1	0
1	0
1	0
1	16
5	5
2	6
8	0
12	0
8	0
8	0
8	8
5	5
8	0
8	0
8	0
8	8
16	0
4	0
2	0
16	16
3	2
3	0
3	0
1	9
1	0
1	0
1	0
1	0
1	1
1	0
1	1
13	0
12	0
11	0
4	0
4	6
3	0
3	0
1	1
8	0
8	0
8	8
16	4
8	0
8	0
8	0
8	8
1	0
1	0
1	0
16	0
16	16
13	13
3	0
3	11
1	0
12	0
12	0
9	1
8	0
8	0
8	0
8	8
3	0
1	0
16	16
16	0
16	0
16	4
13	13
13	0
1	0
1	0
1	0
16	0
3	0
16	0
3	0
16	0
16	0
16	0
16	0
16	0
16	0
1	0
16	0
16	0
16	0
1	0
1	0
1	0
16	0
12	0
3	3
16	0
16	0
16	0
11	16
8	0
8	0
8	0
8	0
8	0
8	0
8	0
8	0
8	8
16	0
16	0
16	16
13	13
3	0
3	11
17	0
2	2
8	8
17	0
1	0
17	4
17	0
1	0
17	0
17	0
2	0
2	16
1	0
1	0
1	0
1	16
8	0
5	5
1	0
1	0
1	1
8	0
8	0
8	0
8	0
8	0
8	0
8	0
8	8
3	0
2	2
8	0
8	0
8	0
8	8
13	13
13	0
1	0
1	0
12	0
9	9
16	0
16	0
16	4
12	0
6	6
12	0
8	0
8	12
17	0
12	17
17	0
8	17
17	0
12	0
12	2
12	12
2	2
1	0
1	0
1	0
1	6
1	0
1	0
1	0
1	0
1	0
1	0
1	0
1	0
1	1
8	0
8	0
8	0
8	8
1	0
3	0
1	0
1	0
3	3
5	6
1	0
1	0
1	1
8	0
8	0
8	0
8	0
8	8
1	0
12	0
12	0
16	0
16	16
13	13
13	0
1	0
12	0
17	0
13	0
16	0
16	12
8	0
12	12
11	4
1	0
2	2
12	0
12	0
8	0
13	0
12	0
12	0
1	0
8	12
3	0
3	0
1	0
3	0
1	16
13	13
3	0
3	11
3	0
2	3
2	0
2	2
12	0
12	0
12	12
17	0
6	12
17	0
8	0
8	12
16	0
17	2
3	0
1	0
1	3
9	9
8	0
17	8
1	0
1	0
1	1
8	0
8	0
8	0
8	8
2	0
2	0
2	0
2	0
2	0
1	16
16	0
12	0
13	0
13	0
3	0
3	12
12	0
12	12
13	4
6	0
3	11
2	0
2	5
9	9
1	2
5	6
1	0
1	0
1	0
1	0
1	1
8	0
8	0
8	0
8	8
2	0
16	0
16	0
16	16
13	13
1	2
2	0
2	0
11	6
8	0
8	0
8	8
5	6
8	0
8	0
8	0
8	0
8	0
8	0
8	8
16	0
2	0
2	2
1	0
1	0
1	1
1	0
1	0
1	0
1	0
1	1
8	0
8	0
8	8
2	0
6	2
8	0
13	0
12	0
2	6
1	0
1	0
1	0
1	1
8	0
8	0
13	0
12	0
12	0
13	0
12	12
17	0
2	2
1	0
1	0
1	0
1	0
1	0
1	1
8	0
8	0
8	0
8	0
8	0
8	8
12	0
12	0
12	12
4	0
11	4
12	0
11	6
12	0
12	0
2	1
8	0
8	0
8	8
17	0
6	0
3	0
1	3
13	13
13	0
1	0
1	0
1	0
1	0
1	0
1	0
1	0
1	0
1	0
1	0
1	0
1	0
1	0
1	0
12	0
14	14
2	0
2	11
1	0
1	0
1	6
8	0
8	0
8	8
2	0
2	2
8	0
8	8
2	0
6	2
8	0
8	0
8	0
8	0
8	0
8	0
8	0
8	8
3	0
3	0
16	0
16	16
11	4
13	13
16	0
14	0
5	16
12	0
12	8
5	5
6	0
3	0
6	1
8	0
8	8
1	0
2	2
1	0
3	11
1	0
1	0
1	0
1	0
1	1
1	0
16	16
13	13
3	11
3	0
1	2
8	0
8	0
12	0
13	0
12	0
3	0
8	0
2	0
3	1
5	5
3	0
3	0
3	0
3	1
2	0
6	4
17	0
1	2
8	0
2	0
9	0
8	0
1	8
1	0
16	0
16	2
3	0
5	0
3	0
3	3
1	0
1	0
1	1
8	0
8	0
8	0
8	0
8	0
8	0
8	0
8	0
8	0
8	8
2	0
2	2
1	0
1	1
1	0
12	0
1	0
1	1
12	0
8	12
17	17
2	2
12	0
12	0
12	12
12	0
12	0
12	4
13	13
13	0
1	0
12	0
17	6
2	0
2	0
2	2
12	0
12	0
12	12
16	0
16	1
8	0
12	8
12	0
12	12
12	0
12	12
17	4
1	0
2	2
8	0
8	0
8	0
8	0
8	8
3	3
3	6
1	0
1	0
1	1
1	0
1	0
1	0
1	1
8	0
8	0
8	8
12	0
12	0
12	16
13	13
16	0
12	6
8	0
8	0
8	0
8	0
8	8
12	0
12	0
12	10
12	0
12	16
13	13
13	0
1	0
16	0
16	0
16	0
16	0
16	0
12	0
2	6
8	0
12	0
12	8
12	4
8	0
16	0
4	0
3	3
2	0
2	0
6	6
1	1
8	0
8	0
8	0
8	8
3	0
3	0
1	0
16	0
16	0
16	16
5	5
11	0
11	4
11	0
2	0
2	2
3	0
12	6
12	0
1	0
1	0
8	8
2	0
6	2
17	0
12	0
12	1
17	0
13	0
12	0
8	8
17	0
2	2
12	0
11	6
1	0
3	0
3	1
8	0
8	0
8	0
8	0
8	0
8	8
2	0
13	0
12	0
2	2
12	0
1	6
1	0
1	0
1	1
8	0
8	0
8	0
8	0
8	8
2	0
2	0
2	0
6	2
1	0
1	1
8	8
13	13
5	0
3	16
12	0
12	6
12	0
12	8
3	0
11	0
1	0
3	0
16	16
13	13
14	0
11	0
14	14
3	0
6	0
12	6
12	0
1	0
12	0
1	0
1	1
1	0
1	0
1	0
1	0
1	0
1	0
1	0
1	1
8	0
8	0
8	0
8	0
13	0
8	8
1	2
1	0
13	0
12	0
8	0
12	17
12	0
12	0
12	0
8	0
8	8
13	0
8	0
1	0
1	0
8	0
8	0
16	0
1	0
1	0
1	0
1	0
8	0
8	0
8	0
16	0
8	0
1	0
1	0
1	0
8	0
8	0
8	0
1	0
8	0
8	0
8	0
8	0
8	0
8	0
1	0
1	0
1	0
8	0
8	0
8	0
8	0
8	0
8	0
8	0
8	0
1	0
1	0
12	0
12	0
8	0
8	0
8	0
1	0
1	0
1	0
8	0
8	0
12	0
2	0
2	0
13	0
9	8
8	0
8	0
8	0
8	12
8	0
12	0
12	0
12	0
12	0
12	8
17	0
17	0
12	0
17	0
12	0
17	0
12	12
12	0
8	2
8	0
8	8
1	0
1	0
1	0
1	0
16	0
16	1
8	0
8	0
8	0
8	8
5	2
8	0
8	0
8	0
8	0
8	8
2	0
6	0
6	2
1	0
1	0
2	1
1	0
1	0
1	0
1	0
1	0
1	1
8	0
8	0
8	0
8	8
4	0
13	0
12	0
12	0
12	6
16	0
16	0
1	0
1	0
16	0
16	0
2	1
8	0
8	0
8	0
8	0
8	0
8	0
8	8
1	0
1	0
1	0
16	0
3	0
1	16
17	0
6	6
12	0
12	8
12	2
17	0
1	1
8	0
8	0
8	0
8	0
8	8
13	13
13	0
1	0
1	0
1	0
1	0
1	0
1	0
1	0
1	0
12	0
12	0
1	0
12	0
12	0
1	0
1	0
1	0
1	0
1	0
1	0
1	0
1	0
1	0
1	0
12	0
8	0
8	0
2	2
12	0
12	0
8	12
4	0
11	4
9	9
8	0
12	6
12	0
12	0
8	8
2	0
2	0
1	2
8	8
12	0
12	0
12	4
13	13
13	0
1	0
1	0
8	0
12	0
12	0
8	0
1	0
8	0
12	0
12	0
1	0
1	0
8	0
8	0
1	0
8	0
12	0
12	0
8	0
1	0
8	0
8	0
12	0
12	0
1	0
1	0
1	0
8	0
16	0
8	0
8	0
8	0
8	0
12	0
12	0
1	0
12	0
2	0
9	0
8	0
1	0
8	9
8	0
8	0
8	8
2	0
2	0
2	0
14	14
2	0
11	6
8	0
8	0
8	8
3	0
1	6
2	0
2	2
12	0
8	8
2	0
2	2
12	0
12	0
8	12
13	13
12	12
12	12
13	13
3	0
16	0
16	0
16	0
3	1
1	0
1	0
1	1
8	0
8	0
8	0
8	0
8	8
1	0
1	0
1	0
1	0
16	16
3	0
3	4
5	5
3	0
16	0
2	9
8	0
12	0
13	0
12	0
17	0
17	6
17	2
17	0
17	17
17	17
8	0
8	17
2	2
8	0
12	12
2	0
2	0
16	0
16	0
2	1
8	0
8	0
8	0
8	0
8	8
4	0
6	4
1	2
1	0
1	0
1	0
1	1
8	0
8	0
8	0
8	8
2	0
2	2
12	0
12	0
12	12
13	13
6	6
8	0
8	0
8	0
1	0
1	0
1	1
8	0
8	8
5	5
12	12
16	0
16	0
16	16
4	0
16	4
13	13
14	0
14	14
1	0
13	0
12	0
17	0
12	6
12	0
8	0
8	0
8	0
8	8
17	0
12	2
8	0
12	0
12	0
12	0
8	12
13	13
17	0
17	0
17	12
17	12
12	0
12	12
13	13
12	0
12	12
13	13
12	0
4	4
5	6
12	0
12	0
12	8
2	0
2	2
12	0
12	0
12	0
12	8
1	0
1	0
1	0
16	0
16	0
16	0
16	16
13	13
3	11
3	0
3	0
1	1
8	0
8	0
8	8
2	0
2	2
2	0
11	0
6	6
8	0
13	0
12	0
12	0
12	6
12	0
12	0
8	8
9	0
9	9
13	13
3	0
14	2
6	6
12	0
13	0
12	12
12	0
12	0
12	12
2	0
2	2
6	6
1	0
1	0
1	0
1	0
1	0
1	1
8	8
12	12
12	0
12	0
12	0
12	1
3	0
2	2
8	0
8	0
8	0
8	0
8	8
12	0
2	0
8	2
1	0
2	0
1	0
1	0
1	1
8	8
2	0
2	0
16	0
16	0
16	0
16	16
4	0
3	4
4	0
11	4
13	0
12	0
3	0
12	6
12	0
1	1
8	0
8	0
8	8
4	0
4	4
11	0
2	2
12	0
12	6
2	2
12	12
12	12
3	0
1	0
1	0
1	0
1	1
8	0
8	0
8	0
8	8
13	13
12	0
12	0
8	12
13	13
13	0
1	0
1	0
1	0
1	0
12	0
1	0
1	0
1	0
1	0
1	0
1	0
1	0
1	0
1	0
1	0
1	0
12	0
12	0
1	0
1	0
8	0
8	0
8	0
3	0
3	0
1	0
1	0
1	0
13	0
8	0
8	0
8	17
13	13
8	0
8	17
13	13
8	0
8	0
8	17
13	13
5	0
3	3
3	0
3	0
1	1
4	0
16	4
13	13
13	0
1	0
1	0
1	0
16	0
16	0
16	0
1	0
1	0
1	0
8	0
8	0
1	0
1	0
1	0
16	0
1	0
16	0
16	0
16	0
16	0
1	0
1	0
16	0
16	0
16	0
16	0
8	0
8	0
8	0
8	0
1	0
5	0
1	0
8	0
8	0
8	0
1	0
1	0
1	0
12	0
3	0
12	6
12	0
1	1
8	0
8	0
8	8
5	0
3	0
3	3
4	0
4	4
3	0
2	2
8	0
12	0
8	8
2	0
2	2
8	0
8	0
8	0
8	8
5	5
6	6
8	0
8	0
8	0
8	0
8	0
8	8
16	0
16	0
16	0
16	16
12	0
11	0
12	4
13	13
3	11
12	0
12	6
12	0
12	8
3	0
3	2
1	0
1	0
1	0
1	1
2	0
2	2
11	0
11	11
2	2
12	0
12	0
12	12
13	0
12	0
9	9
12	0
4	4
12	0
12	0
12	12
2	0
2	0
2	0
3	3
12	0
6	6
8	0
8	0
8	0
8	0
8	0
8	8
12	2
8	0
8	0
8	0
8	8
1	0
1	0
1	0
16	16
13	13
13	0
1	0
1	0
1	0
12	0
1	0
16	0
1	0
1	0
1	0
12	0
1	0
1	0
1	0
1	0
1	0
1	0
1	0
16	0
16	0
1	0
1	0
1	0
1	0
16	0
2	0
2	0
1	0
1	0
12	0
12	0
12	0
6	0
12	6
12	0
12	8
4	0
4	4
6	6
1	0
1	0
1	0
9	1
8	0
8	0
8	0
8	8
17	0
2	0
1	2
1	0
2	0
1	0
1	0
1	1
1	0
1	0
1	0
1	1
8	0
8	0
8	0
8	8
17	17
12	0
12	0
12	0
12	17
17	17
17	0
12	17
12	0
8	17
2	0
1	0
16	0
16	16
13	13
3	11
11	0
2	2
5	6
17	0
13	0
8	0
8	8
16	0
1	0
16	0
2	0
13	0
12	0
6	6
1	0
1	1
8	0
8	0
8	0
8	8
2	2
2	0
6	6
1	1
8	0
8	8
12	0
4	4
12	0
12	0
12	12
17	0
3	0
3	0
3	3
16	0
16	0
16	16
13	13
5	6
8	0
8	0
13	0
8	8
17	0
2	0
2	2
12	0
12	6
12	8
5	5
12	0
12	6
12	8
3	0
12	10
12	0
1	0
1	0
1	0
1	16
13	13
13	0
1	0
1	0
16	0
12	0
1	0
1	0
1	0
8	0
16	0
12	0
3	0
1	0
14	0
14	3
4	0
11	4
5	6
1	0
9	1
8	0
8	0
8	0
8	0
8	8
2	0
2	0
2	2
8	0
8	0
8	0
8	8
1	0
2	0
1	0
1	0
16	16
4	0
16	4
13	13
3	11
12	0
12	6
12	0
12	8
2	2
12	0
12	0
8	12
13	13
13	13
2	2
3	0
6	6
8	8
16	0
16	0
16	16
3	0
6	0
6	6
8	0
8	8
13	13
16	0
16	0
16	16
13	13
13	0
1	0
12	0
2	2
8	6
8	0
8	8
2	0
2	2
12	12
12	0
12	12
12	0
12	0
12	12
4	0
4	4
12	0
12	0
12	12
9	9
1	0
1	6
8	0
8	0
8	0
8	0
8	17
5	5
8	0
8	0
8	0
8	0
8	0
8	0
8	8
2	0
2	0
3	0
16	0
16	0
16	0
16	16
13	13
13	0
1	0
1	0
1	0
1	0
1	0
1	0
8	0
8	0
8	0
16	0
12	0
12	0
16	0
16	0
16	0
16	0
16	0
12	0
6	0
12	6
12	0
12	0
8	0
8	0
8	8
4	0
4	4
16	0
2	2
12	0
8	12
3	0
3	6
16	0
16	0
1	1
8	0
8	0
8	0
8	8
2	0
2	2
8	0
8	0
8	8
3	0
2	0
2	2
1	0
1	0
1	1
2	0
2	0
6	0
1	0
1	0
1	1
8	0
8	0
8	0
8	8
2	0
2	0
2	2
12	0
6	6
12	0
12	0
8	0
8	0
8	0
8	8
5	5
6	6
12	0
8	0
13	0
12	0
8	0
8	8
17	0
17	0
17	17
17	0
17	0
17	0
17	0
17	17
9	0
9	9
2	2
12	0
12	0
8	0
13	17
5	0
17	0
2	5
12	0
12	0
12	8
17	6
12	0
8	0
8	0
8	0
8	0
8	8
16	0
16	0
16	0
16	0
16	16
2	2
2	0
11	0
1	6
8	0
8	0
8	0
8	8
2	2
9	9
8	0
8	12
8	13
5	6
8	0
8	8
12	2
8	0
8	8
16	0
2	0
9	0
9	2
13	0
12	0
2	0
2	0
14	2
8	0
8	0
8	0
8	8
2	2
12	0
12	0
12	12
16	0
16	2
12	0
8	0
8	8
2	2
8	0
8	0
8	0
8	0
8	0
8	0
8	0
8	8
12	0
17	4
17	0
12	6
17	0
12	1
8	0
8	0
8	0
8	8
2	0
2	0
3	0
3	0
2	2
2	0
1	0
1	0
1	0
1	0
1	0
1	1
8	0
8	0
8	0
8	0
13	0
8	0
8	0
8	0
8	0
8	0
8	0
13	0
12	0
6	6
8	0
8	0
8	0
8	8
16	0
16	0
16	0
16	16
3	0
2	0
2	0
3	0
3	3
5	6
3	0
1	0
1	1
1	0
9	1
8	0
8	0
8	0
8	8
2	0
2	0
2	2
3	0
6	6
8	0
8	0
8	8
2	0
2	0
2	2
8	0
8	0
8	0
8	0
8	8
13	13
8	0
8	8
5	5
8	0
8	0
8	0
8	0
8	0
8	8
2	0
2	0
2	2
8	0
8	0
12	0
8	0
12	0
13	0
12	0
11	0
11	11
16	0
16	0
16	16
2	0
2	2
6	6
8	0
8	0
8	0
8	8
2	0
2	2
3	0
9	9
12	0
17	0
8	0
8	1
1	0
1	0
1	1
8	0
8	0
8	0
8	8
1	2
1	0
1	0
1	0
1	0
1	1
8	0
8	0
8	0
8	0
8	8
13	13
13	0
3	0
3	0
1	0
1	0
8	0
8	0
3	0
3	0
16	0
1	0
2	0
1	0
8	0
1	0
8	0
8	0
8	0
3	0
3	0
13	0
14	14
6	6
6	0
6	0
6	6
8	0
8	8
1	0
1	0
1	0
1	1
11	0
11	4
5	5
3	6
11	1
13	13
3	0
2	0
16	0
16	0
16	16
6	6
8	0
8	0
8	8
2	0
2	2
2	0
6	0
6	6
8	0
8	0
8	8
2	0
2	0
2	2
8	0
8	8
3	0
2	0
3	0
1	1
2	0
2	2
8	0
8	0
8	8
2	2
6	6
12	0
8	0
8	0
12	0
8	8
2	0
2	2
12	0
13	0
12	0
1	0
1	0
1	0
1	0
1	3
4	0
4	0
4	4
2	2
13	6
1	1
8	0
8	0
8	8
17	2
17	0
8	8
5	6
3	0
17	0
1	0
3	1
8	0
8	0
8	0
8	0
8	0
8	0
8	0
8	8
2	0
2	0
16	0
16	0
16	0
16	16
13	13
3	11
3	0
3	0
3	3
2	0
2	0
6	2
1	0
1	0
1	0
1	0
1	0
1	0
1	0
1	0
1	0
1	1
8	0
8	0
8	0
8	0
13	0
12	0
3	0
3	3
3	0
2	0
3	0
16	0
16	16
11	0
11	6
1	0
1	1
8	8
13	13
3	11
16	0
11	11
3	0
3	0
3	3
1	0
1	0
16	0
16	0
16	16
5	5
1	0
1	0
1	0
16	0
16	16
13	13
13	0
1	0
16	0
16	0
16	0
16	0
1	0
1	0
16	0
16	0
16	0
16	0
1	0
16	0
1	0
1	0
1	0
1	0
1	0
3	0
16	0
11	0
3	0
1	0
1	0
1	0
16	0
16	0
12	0
9	9
8	0
8	0
8	8
9	0
9	9
8	0
8	8
2	2
12	0
12	0
8	0
13	17
5	0
17	0
2	5
12	0
12	0
12	8
12	0
12	6
2	0
12	0
2	0
1	1
8	0
8	0
8	0
8	8
2	2
2	0
6	0
6	6
8	0
8	0
8	8
5	0
2	0
16	0
16	16
11	0
11	0
6	6
8	0
8	0
8	0
8	0
8	0
8	0
8	0
8	0
8	0
8	0
8	0
8	0
8	8
13	13
13	0
2	0
12	0
5	6
8	0
8	0
8	8
3	2
9	9
8	0
8	0
8	8
2	0
2	2
6	6
8	0
8	0
8	0
8	0
8	0
8	0
8	0
8	0
8	8
3	0
16	0
16	0
16	16
6	6
1	0
1	0
1	1
8	0
8	0
8	8
2	0
2	0
2	2
8	0
8	0
8	8
13	13
3	11
2	0
2	0
2	0
3	2
2	0
2	2
9	9
8	0
8	0
8	8
1	0
1	0
1	0
1	1
8	0
8	0
8	0
8	0
13	0
12	0
11	6
3	0
3	0
3	1
13	13
1	0
1	0
1	0
1	0
1	1
5	5
3	2
9	9
8	0
8	0
8	8
2	0
2	0
1	0
1	0
2	1
8	0
8	0
8	0
8	0
8	0
8	8
16	0
16	0
16	16
12	0
12	6
12	0
12	0
12	0
8	0
8	8
17	0
6	0
12	3
17	0
12	10
13	13
16	0
1	0
5	0
1	0
1	16
1	2
8	0
12	0
8	0
13	0
8	0
8	0
8	0
8	8
3	2
13	0
12	0
17	12
8	0
12	12
9	0
9	9
2	2
8	0
12	0
8	0
8	8
17	0
17	0
2	5
12	0
12	0
12	8
12	0
12	6
12	0
8	0
8	8
17	12
4	0
11	4
2	0
2	2
11	0
11	6
1	0
1	0
1	0
1	1
8	0
12	0
13	0
8	0
8	8
2	2
8	0
8	0
8	0
8	0
13	17
5	0
4	0
2	5
12	0
8	0
8	0
8	0
8	0
8	0
8	0
8	8
1	0
1	0
1	0
1	0
13	0
12	0
12	0
12	6
2	0
1	0
16	0
3	0
1	1
8	0
8	0
8	0
8	0
8	0
8	8
12	0
12	16
16	0
4	2
6	6
1	0
1	0
1	0
1	0
1	1
8	0
8	8
2	0
2	0
16	0
16	0
16	0
16	16
4	0
4	4
13	13
13	0
1	0
1	0
16	0
1	0
1	0
1	0
16	0
12	0
1	0
8	0
1	0
1	0
12	0
16	0
16	0
16	0
1	0
1	0
1	0
8	0
8	0
8	0
8	0
12	0
12	0
12	0
12	6
12	0
8	0
12	0
12	0
8	8
4	0
6	4
1	0
2	0
2	0
6	0
1	0
1	2
8	0
8	0
8	0
8	0
8	8
2	2
9	9
8	0
8	0
8	8
2	0
3	0
3	0
1	1
13	13
16	0
1	0
5	0
1	0
16	16
11	0
2	2
6	6
9	0
8	0
8	0
8	0
8	0
8	0
13	0
8	0
8	0
8	0
8	8
3	2
9	9
8	0
8	0
8	8
13	13
13	0
1	0
1	0
1	0
12	0
6	6
8	0
8	0
8	0
8	0
8	0
8	0
8	8
13	13
3	11
2	2
6	6
8	0
8	0
8	8
2	0
2	2
8	0
8	0
8	0
8	0
8	0
8	8
1	0
1	0
1	0
1	0
16	0
16	16
4	0
4	4
13	13
16	0
16	0
16	0
16	16
6	6
1	0
1	1
8	0
8	8
2	2
2	0
6	0
6	6
8	0
8	0
8	8
13	13
13	0
1	0
1	0
8	0
1	0
1	0
1	0
1	0
1	0
8	0
13	0
11	0
11	0
11	6
8	0
8	0
8	0
8	0
8	0
8	8
4	0
11	4
2	0
2	0
6	0
3	0
3	2
8	0
8	0
13	0
8	0
8	0
8	8
1	0
1	0
1	0
16	0
16	0
16	16
13	13
3	0
3	14
6	0
6	6
8	0
8	8
2	0
1	2
8	0
8	0
8	0
8	0
8	8
2	0
2	2
1	0
1	0
1	0
1	0
1	0
1	0
1	1
8	8
13	13
16	0
2	2
6	6
1	0
8	0
13	0
12	0
2	0
6	6
12	0
8	0
8	0
8	0
8	0
8	8
3	0
2	0
2	0
16	0
16	0
16	0
16	16
11	0
11	11
11	0
2	2
1	0
12	0
1	0
1	1
8	0
8	0
8	8
2	0
2	0
2	2
12	0
6	6
8	0
8	0
8	0
8	17
5	5
3	0
1	0
1	0
1	1
8	0
8	0
8	8
2	0
2	0
2	2
12	0
6	6
12	0
8	0
8	0
8	0
8	0
8	8
2	0
3	2
1	0
1	0
13	0
12	0
12	0
12	0
12	12
17	0
17	0
17	0
17	17
17	17
17	0
17	0
17	17
17	0
17	0
16	0
16	17
9	0
9	9
5	5
9	0
9	9
8	6
16	1
8	0
8	8
2	2
8	0
8	0
8	0
8	0
8	0
8	0
8	8
2	0
2	0
1	0
1	0
16	0
16	16
2	0
2	2
8	0
8	0
8	0
8	0
8	8
12	0
12	6
12	0
8	0
8	8
12	0
12	0
12	12
13	13
13	0
1	0
1	0
8	0
1	0
11	0
12	0
12	6
8	0
8	0
8	0
8	0
8	0
8	8
9	0
9	0
8	17
2	0
2	0
2	0
16	2
8	0
8	0
8	0
8	0
8	0
8	8
2	0
16	0
3	0
16	0
16	0
3	16
13	13
6	0
6	6
12	0
8	8
4	0
2	0
3	0
2	2
2	0
2	2
8	0
8	0
8	0
8	0
8	8
1	0
1	0
1	0
1	0
1	1
8	8
3	0
3	10
1	0
1	0
16	16
13	13
3	0
4	0
14	0
13	0
12	0
8	0
12	6
12	2
1	0
1	0
1	0
6	1
8	0
8	8
17	0
2	0
12	10
1	0
1	0
1	1
8	0
8	0
8	8
2	0
2	2
8	8
4	0
6	4
5	6
1	0
1	0
1	0
1	0
1	0
1	0
1	1
8	0
8	0
8	8
2	0
2	2
12	0
12	6
8	0
8	0
8	0
8	8
2	2
12	0
12	0
8	12
13	13
13	0
12	0
1	0
16	0
1	0
1	0
8	0
16	0
16	0
8	0
1	0
1	0
12	0
12	0
12	6
12	0
8	8
16	0
2	0
4	2
1	0
2	0
1	0
1	0
1	1
8	0
8	0
8	8
13	13
13	0
1	0
1	0
1	0
8	0
16	0
8	0
16	0
8	0
1	0
1	0
1	0
1	0
1	0
1	0
1	0
1	0
1	0
8	0
16	0
16	0
8	0
1	0
1	0
16	0
8	0
16	0
8	0
8	0
8	0
12	0
12	0
12	0
16	0
16	0
1	0
1	0
1	0
1	0
1	0
1	0
1	0
1	0
12	0
6	6
8	0
8	8
4	0
6	4
1	2
1	0
1	0
1	0
1	0
1	1
8	0
8	0
8	8
13	13
2	0
2	0
14	0
3	0
14	2
1	0
1	0
1	0
1	0
1	1
8	0
8	0
8	0
8	0
8	0
8	8
2	0
11	2
8	0
13	17
8	0
12	0
2	5
8	0
8	0
8	0
8	0
8	8
5	5
2	2
3	0
3	0
1	0
1	1
8	0
17	0
2	5
1	0
1	0
1	0
1	0
1	0
8	0
13	0
12	0
2	0
2	17
12	17
12	0
12	0
8	17
13	13
8	0
8	0
8	0
8	0
8	0
8	0
8	0
8	8
9	0
9	0
9	9
8	0
8	6
8	0
8	0
8	0
8	0
8	0
8	0
8	0
8	0
8	0
8	8
2	2
8	0
8	0
8	0
8	0
8	0
8	8
2	0
2	2
8	0
8	0
8	0
8	0
8	8
3	0
12	0
16	0
16	0
16	16
3	0
11	6
1	0
1	1
8	0
8	0
8	8
2	2
3	0
13	0
12	0
12	0
1	6
8	0
8	0
8	8
16	0
16	0
16	16
11	0
11	11
2	0
2	0
6	2
8	0
8	0
8	8
3	2
9	9
8	0
8	0
8	8
1	0
2	0
2	0
16	0
1	16
13	13
13	0
1	0
16	0
1	0
1	0
1	0
1	0
1	0
16	0
1	0
1	0
1	0
1	0
1	0
1	0
1	0
1	0
1	0
1	0
1	0
1	0
1	0
8	0
3	0
3	0
16	0
11	0
16	0
11	0
2	0
1	0
1	0
12	0
17	0
12	11
2	0
2	0
2	2
12	0
12	0
8	0
8	8
2	0
1	0
1	0
1	1
8	0
8	0
8	8
2	0
2	0
2	2
12	0
12	0
8	8
13	13
6	6
12	0
12	0
12	0
12	0
8	8
5	5
12	6
8	0
8	0
8	8
1	0
1	0
16	0
16	0
16	16
12	0
12	6
8	8
2	0
2	0
3	0
2	2
1	1
8	0
8	0
12	0
12	0
12	8
5	5
3	0
2	0
1	0
16	0
16	16
13	0
12	0
12	0
12	6
12	0
12	0
12	8
5	5
6	6
8	0
12	0
12	0
8	0
8	8
4	0
4	4
2	2
9	9
8	0
8	0
8	0
8	0
8	0
8	0
13	0
8	0
8	8
5	5
9	9
1	0
1	0
1	1
8	0
8	0
8	8
3	0
12	0
1	0
16	0
16	0
16	16
13	13
13	0
1	0
8	0
1	0
8	0
8	0
12	0
1	0
12	0
12	0
8	0
1	0
8	0
1	0
8	0
8	0
8	0
8	0
3	0
12	0
12	0
12	6
12	0
8	0
8	0
8	0
8	0
8	8
12	0
11	2
1	0
1	0
1	0
1	0
1	0
1	0
1	1
8	8
5	5
6	6
8	0
8	0
8	8
4	0
4	4
2	2
9	0
9	9
8	0
8	0
8	0
8	8
5	5
9	0
9	9
1	0
1	0
1	1
8	0
8	8
2	0
2	2
1	0
3	0
2	0
3	0
1	0
1	0
1	0
1	1
8	0
8	0
8	8
1	0
2	0
2	0
1	0
1	0
13	0
12	0
2	0
2	0
8	0
8	0
2	8
8	0
8	0
8	0
8	8
8	2
8	6
8	0
8	0
8	0
8	0
8	8
13	13
9	0
9	0
8	0
9	0
9	9
13	13
12	0
12	0
12	12
16	0
16	0
16	0
16	16
2	0
2	0
2	2
11	0
6	0
6	6
8	0
8	8
6	6
1	0
1	1
8	0
8	0
8	0
8	0
8	8
13	13
17	0
12	4
12	0
12	6
12	0
8	8
12	0
12	6
8	0
8	0
8	0
13	0
12	0
8	0
12	12
13	13
12	0
12	0
12	0
12	12
13	13
12	12
13	13
12	12
12	12
13	13
12	12
12	12
13	13
12	12
13	13
12	12
5	5
12	0
12	0
12	12
12	0
12	0
16	0
16	0
16	16
2	0
2	0
2	2
8	0
8	0
8	0
8	8
13	13
3	11
3	0
6	6
12	0
12	0
12	0
12	12
4	0
2	0
4	2
8	0
8	8
12	0
12	6
12	0
12	0
8	0
8	0
8	0
8	0
8	0
8	8
13	0
2	0
2	0
3	2
9	0
8	0
8	0
8	0
8	0
13	0
8	0
8	0
8	8
1	0
2	0
1	2
1	0
1	0
16	1
8	0
8	0
8	0
12	0
8	8
12	0
3	4
12	0
12	0
12	12
2	0
1	0
1	0
3	3
5	6
1	0
1	0
1	0
1	1
8	0
8	0
8	8
2	0
2	0
2	2
1	0
1	0
1	3
1	0
1	0
1	0
1	0
1	0
1	9
8	0
8	0
8	0
8	8
2	0
11	2
6	6
13	0
12	0
5	6
1	0
1	0
3	1
13	13
2	0
5	5
2	0
2	0
1	0
1	0
1	0
1	0
1	0
1	0
1	1
8	0
8	0
8	0
8	0
8	0
8	0
8	8
5	0
4	4
2	2
8	0
8	0
8	0
8	0
8	0
8	8
2	2
12	0
8	0
8	8
5	5
1	0
6	0
1	0
1	0
1	0
1	1
1	0
1	0
1	1
8	0
8	0
8	8
2	0
2	2
17	0
8	8
2	0
2	0
2	2
12	12
12	0
13	0
12	0
12	0
12	0
12	12
3	0
4	4
12	0
12	0
12	8
2	0
2	2
2	0
11	0
6	6
8	0
8	8
2	2
12	0
12	0
12	12
3	0
1	0
1	0
1	2
8	0
8	0
8	0
8	8
2	0
2	2
8	0
8	0
8	0
8	0
8	0
8	8
5	5
3	0
3	0
3	0
3	0
3	3
3	0
2	2
12	0
6	6
12	0
8	0
8	0
8	0
8	0
8	8
16	0
16	0
16	16
13	13
3	0
3	0
3	0
13	0
12	0
3	0
12	6
12	0
12	0
8	0
8	8
3	3
17	0
2	2
17	0
17	6
17	0
17	0
17	1
17	0
8	0
8	8
17	0
2	0
17	2
8	0
8	0
8	0
8	0
8	0
8	0
8	0
8	0
12	8
4	0
11	4
1	0
1	0
1	0
1	0
1	0
1	1
17	2
12	0
12	0
12	0
13	0
12	0
8	8
2	2
12	12
1	0
1	0
1	0
1	0
1	0
16	16
4	0
16	4
13	13
14	0
14	14
3	0
13	0
12	0
1	0
1	0
1	3
4	0
4	4
12	0
12	6
12	0
12	0
8	8
5	5
8	0
8	0
8	0
8	0
8	0
8	0
8	8
2	2
12	12
3	0
3	0
3	0
3	2
12	0
12	0
13	0
8	0
8	8
3	0
1	0
1	16
16	0
12	0
12	4
13	13
3	0
14	0
3	11
12	0
12	6
12	0
8	0
8	0
8	8
2	0
2	0
3	0
3	2
8	0
8	8
2	2
12	0
12	0
8	12
2	2
2	0
6	0
13	0
12	0
2	2
12	0
12	0
12	0
12	0
12	12
4	0
4	4
12	0
12	0
12	12
2	0
2	0
11	0
11	2
1	0
1	0
1	0
1	0
1	0
1	0
1	0
1	0
1	1
8	0
8	0
8	0
8	8
2	0
2	2
12	0
12	6
12	0
12	0
8	8
8	0
17	0
17	17
12	0
12	17
12	0
12	17
5	5
8	0
8	8
2	2
12	0
12	0
12	12
12	0
12	6
12	0
12	0
12	17
12	0
12	17
12	0
12	17
13	0
12	0
2	2
12	0
12	0
12	12
12	0
4	4
12	0
12	0
8	12
2	0
1	0
1	9
8	0
8	0
8	8
17	6
17	0
8	8
8	0
8	0
8	0
8	8
5	5
8	0
8	0
8	0
8	0
8	0
8	8
16	0
12	0
12	0
16	16
13	13
13	0
1	0
1	0
1	0
1	0
1	0
12	0
16	0
16	0
1	0
1	0
16	0
16	0
12	0
12	0
12	0
16	0
16	0
1	0
1	0
1	0
1	0
1	0
1	0
8	0
12	0
3	0
12	0
8	0
8	0
1	0
1	1
8	0
8	0
8	8
5	5
1	0
6	0
1	0
3	0
1	0
1	0
1	1
8	0
8	8
4	0
6	4
8	0
8	0
8	0
8	0
8	0
8	8
16	0
16	16
17	0
1	4
13	13
14	0
1	6
1	0
1	1
8	0
8	0
8	0
8	8
1	0
1	0
1	0
1	0
16	0
16	0
16	16
5	5
16	0
11	11
2	2
2	0
6	0
3	0
2	6
8	0
5	0
12	0
13	0
13	0
2	0
13	0
9	8
8	0
12	0
8	12
17	0
4	4
12	0
12	6
12	0
8	8
2	0
2	2
2	0
11	0
11	6
8	0
8	0
8	8
1	0
1	1
4	2
8	0
8	0
12	0
8	8
1	0
1	0
1	0
16	16
2	2
6	6
8	0
8	0
8	0
8	8
13	13
12	0
12	0
8	12
13	13
13	0
8	0
1	0
1	0
8	0
17	0
1	0
1	0
8	0
1	0
16	0
12	0
1	0
12	0
12	0
1	0
1	0
13	0
8	0
8	0
8	17
13	13
12	0
12	0
12	0
12	12
12	0
12	0
12	12
12	0
8	17
13	13
8	0
8	0
8	17
13	13
3	0
2	2
8	0
8	0
8	8
2	0
2	0
3	0
2	2
8	0
8	0
8	0
8	0
8	0
8	8
2	2
8	0
8	8
13	13
3	11
4	0
2	0
3	2
8	0
12	0
8	8
2	0
1	0
1	0
16	16
4	0
16	4
4	0
4	4
13	13
13	0
16	0
16	0
16	0
16	0
16	0
12	0
12	0
12	6
12	0
12	0
12	0
8	8
4	0
4	4
2	2
12	12
12	12
8	0
2	0
2	2
1	0
1	0
1	1
8	0
8	8
2	0
2	0
2	0
2	0
2	0
16	0
16	16
13	13
5	5
3	0
3	3
1	2
8	0
8	8
2	0
2	2
8	0
8	0
8	0
8	0
8	0
8	0
8	0
8	0
8	0
8	8
12	0
12	0
12	12
2	0
2	2
11	0
1	6
8	0
8	8
8	0
8	0
8	0
8	0
13	0
12	0
3	0
3	3
5	5
9	9
8	0
8	0
8	0
8	8
16	0
4	4
6	6
8	0
8	0
8	0
8	8
3	0
2	0
1	0
16	16
13	13
3	0
2	2
11	0
11	0
11	11
2	3
5	6
1	0
1	0
12	0
12	1
8	8
1	0
2	2
12	0
12	6
12	17
17	0
17	17
17	12
16	0
16	0
16	0
16	16
4	0
3	4
13	13
13	0
1	0
1	0
1	0
1	0
16	0
12	0
16	0
1	0
1	0
1	0
1	0
12	0
5	6
8	0
8	0
8	0
8	0
8	0
8	8
2	0
2	2
8	0
1	0
8	0
8	0
8	0
13	0
12	0
8	0
8	8
4	0
4	4
17	0
12	6
12	0
8	0
8	0
8	0
8	0
8	8
2	0
2	2
9	9
8	0
8	0
8	0
13	0
8	0
8	8
16	0
12	0
12	4
13	13
3	0
3	0
1	3
3	0
17	0
17	9
1	0
1	0
1	0
3	0
3	3
1	2
8	0
8	0
8	0
1	0
1	1
13	0
12	0
1	0
8	0
8	0
3	0
1	3
3	0
4	4
12	0
12	0
12	12
12	0
12	6
12	0
12	0
12	8
2	0
2	2
2	0
11	0
6	6
8	0
8	1
17	0
8	8
2	0
2	0
2	2
8	0
8	0
8	0
8	8
2	0
2	2
3	0
1	6
1	1
8	0
8	0
8	0
8	0
8	8
2	0
2	2
12	0
12	0
12	12
12	0
12	0
12	12
2	0
2	0
2	2
2	0
1	0
1	0
6	0
6	1
8	8
13	0
17	0
2	6
8	0
8	0
8	8
4	0
4	4
3	0
3	0
9	1
8	0
8	0
8	0
8	0
8	0
8	0
8	0
8	0
13	0
8	0
8	0
8	8
2	0
11	2
6	6
8	0
8	0
8	8
2	0
2	2
12	0
12	0
8	0
13	0
8	8
5	5
1	0
1	0
1	1
8	0
8	0
8	8
2	0
2	0
2	2
9	9
1	0
1	0
1	0
1	0
1	0
1	1
8	0
8	0
8	8
17	12
12	0
17	0
12	0
13	0
12	0
8	0
8	0
8	0
1	8
12	0
12	0
12	12
3	0
2	0
16	0
16	0
16	0
16	0
16	0
16	16
12	0
6	6
8	8
5	5
8	0
8	8
5	2
8	0
8	0
8	0
8	8
5	5
11	0
2	2
3	0
11	0
6	6
8	0
8	0
8	0
8	8
13	13
13	0
1	0
1	0
8	0
3	0
1	0
8	0
1	0
1	0
1	0
1	0
8	0
1	0
1	0
8	0
3	0
16	0
3	0
3	0
16	0
3	0
16	0
12	0
12	0
12	0
12	12
5	5
12	0
12	6
12	0
12	0
12	0
13	0
12	0
8	8
2	2
12	12
12	0
16	0
12	12
16	0
16	4
17	0
12	11
8	0
8	0
8	0
8	0
8	0
8	0
8	0
8	0
8	0
8	0
8	0
8	8
2	0
2	0
3	2
2	0
2	0
2	0
1	0
16	0
16	1
1	0
1	1
8	0
8	0
8	0
8	8
17	0
8	0
8	0
8	12
12	0
12	0
12	12
2	0
2	0
2	0
13	0
12	0
2	0
2	2
8	0
8	0
8	0
8	8
12	0
2	0
2	2
12	0
12	8
9	0
8	0
9	9
16	0
16	0
16	16
12	0
12	6
12	0
12	8
2	0
1	0
1	0
3	3
2	0
11	0
11	6
1	0
1	0
1	1
8	0
8	0
8	8
8	0
8	0
8	0
8	8
2	2
6	6
12	12
12	0
1	1
8	0
8	8
13	13
13	0
1	0
1	0
1	0
8	0
1	0
1	0
1	0
1	0
8	0
9	0
12	0
12	0
12	0
6	0
12	6
8	0
8	0
8	0
8	0
8	8
2	2
12	12
12	12
3	0
4	4
12	0
12	0
8	12
11	0
2	2
12	0
6	6
12	0
8	0
8	0
8	8
2	2
6	6
12	0
12	0
12	0
12	12
12	12
16	0
2	0
16	0
16	0
16	0
16	16
13	13
12	0
1	14
17	0
6	6
12	0
12	0
8	0
8	0
8	8
1	0
1	0
1	0
1	1
1	0
2	0
2	2
12	0
6	6
12	0
12	0
8	0
13	0
12	0
5	2
8	0
8	0
8	8
12	2
12	0
12	6
1	0
2	0
16	0
16	0
16	0
16	1
8	0
8	0
8	0
8	8
5	5
8	0
8	0
8	8
2	0
2	0
2	2
6	6
12	0
8	0
8	8
12	0
2	2
12	0
12	0
12	12
5	0
4	4
12	0
12	0
12	12
2	0
2	0
2	0
2	0
3	3
9	9
2	0
2	2
2	0
2	0
9	0
1	1
8	8
2	2
17	0
17	8
17	6
17	0
17	0
17	17
13	0
12	0
8	0
1	0
8	0
1	0
8	0
8	0
1	0
1	0
1	0
1	0
1	8
8	0
12	6
12	0
12	0
8	8
9	9
4	0
11	4
2	0
2	0
2	2
8	0
8	0
8	0
8	0
8	8
2	0
2	2
8	0
8	8
5	5
2	0
14	0
11	0
14	6
1	0
1	1
8	0
8	0
8	0
8	8
2	0
2	0
2	2
12	0
6	6
12	0
12	0
12	0
13	0
12	0
8	8
12	0
16	0
16	0
16	16
3	0
13	0
12	0
3	0
3	3
2	0
2	0
9	9
9	0
1	0
9	0
9	1
8	0
8	0
8	0
8	0
8	8
4	0
4	4
1	0
1	0
1	0
16	16
16	0
5	5
14	0
14	0
14	0
14	2
3	0
2	0
9	0
1	0
1	0
1	0
1	1
8	8
1	0
2	0
1	0
1	0
16	16
4	0
16	4
13	13
13	0
1	0
3	0
3	0
8	0
3	0
3	0
3	0
3	0
1	0
8	0
1	0
1	0
1	0
8	0
8	0
8	0
12	0
5	2
8	0
8	0
8	8
2	0
2	0
2	2
8	0
8	0
8	8
2	0
2	0
2	2
8	0
8	0
8	0
8	0
8	8
4	0
4	4
12	0
12	6
12	0
12	0
8	0
8	0
12	8
1	0
1	0
1	0
1	1
2	0
2	0
1	2
1	0
1	0
1	0
1	0
1	0
1	1
8	0
8	0
8	0
8	0
8	0
8	0
8	8
2	0
1	0
16	0
16	16
13	13
3	0
14	0
14	0
14	0
14	14
3	0
13	0
12	0
17	0
12	6
12	1
13	13
8	8
9	9
1	0
1	0
1	0
3	0
3	3
2	2
12	0
12	0
12	0
12	12
17	0
17	0
17	0
17	0
17	0
12	1
8	0
8	0
8	0
8	0
8	0
8	0
8	0
8	8
4	0
11	4
2	0
6	0
3	2
3	0
3	0
9	0
1	1
8	0
8	0
8	0
8	0
8	0
8	8
2	2
12	0
12	12
2	0
2	2
8	8
9	9
2	0
2	2
8	0
8	0
8	0
8	0
13	0
12	0
8	0
8	0
8	0
1	0
1	0
1	8
8	0
12	6
12	0
17	0
17	17
12	0
12	17
12	0
12	17
9	0
9	9
13	13
5	6
8	0
8	0
8	0
8	0
8	0
8	8
2	2
6	0
1	0
1	0
1	0
1	0
1	0
1	1
8	0
8	0
8	0
8	0
8	0
8	8
13	13
11	0
11	4
3	0
2	0
2	2
8	0
8	0
8	0
8	8
12	12
12	0
12	12
17	0
2	0
2	2
12	0
12	6
12	0
13	0
12	0
12	0
12	6
12	0
12	0
8	8
12	0
12	12
12	17
12	0
4	4
3	0
1	0
17	0
3	0
1	2
2	0
2	0
2	2
9	1
8	0
8	0
8	0
8	8
2	0
2	2
1	0
3	0
1	0
1	0
1	0
1	1
1	0
1	0
1	0
1	0
1	0
1	1
8	0
8	0
8	0
8	0
8	8
13	13
8	0
8	0
8	8
8	0
6	6
8	0
8	0
8	8
13	13
10	0
10	2
3	0
3	0
3	0
3	0
13	0
12	0
12	0
12	6
12	0
12	0
12	8
17	0
17	0
17	12
17	0
17	0
17	0
17	17
17	17
17	0
17	0
17	17
17	0
17	0
17	0
17	17
17	0
12	4
17	0
12	6
12	0
12	8
2	2
2	0
11	0
6	6
1	0
17	0
1	0
17	0
2	1
8	8
1	0
1	0
1	0
1	0
1	0
1	16
5	5
11	0
11	4
3	0
2	2
8	0
8	0
8	8
8	0
6	6
8	0
8	0
8	8
5	5
8	0
8	0
13	0
12	0
2	0
8	2
17	0
13	0
8	0
8	0
8	0
1	8
2	0
2	2
6	6
3	0
1	0
1	2
8	0
8	8
1	0
1	0
1	0
1	0
1	0
1	1
9	0
1	0
9	9
8	0
8	8
2	0
2	0
2	2
6	6
8	0
8	8
8	0
6	6
8	0
8	0
8	8
9	9
4	0
2	4
12	0
12	6
12	0
8	0
8	8
12	0
12	8
3	0
3	0
3	2
1	0
1	0
1	0
8	0
8	16
13	13
13	0
1	0
12	0
9	9
8	0
8	0
9	8
1	17
8	0
8	0
8	0
8	0
8	17
12	0
12	0
12	12
12	0
12	0
12	0
12	12
12	0
12	0
12	0
12	0
12	17
12	0
12	0
12	0
12	17
8	0
8	0
8	14
8	0
8	0
8	0
8	8
3	0
16	0
16	0
16	0
1	1
4	0
11	0
4	4
8	0
8	0
8	0
8	14
12	0
12	6
8	0
8	0
8	0
8	8
2	0
2	2
12	0
12	0
8	12
2	2
11	0
13	0
12	0
12	0
12	0
12	12
3	0
16	0
16	0
16	0
16	16
12	0
6	6
12	0
12	0
8	8
2	0
2	2
8	0
8	0
8	0
8	8
2	2
1	17
8	0
8	0
8	0
8	0
8	17
2	0
6	0
6	6
8	0
8	0
8	8
17	3
3	0
2	1
17	0
11	0
2	2
13	13
14	0
14	14
1	0
12	6
12	0
8	0
8	0
8	8
2	0
2	0
2	2
8	0
8	0
8	0
8	8
1	1
2	0
2	10
12	0
13	0
12	0
12	0
12	17
12	17
17	17
12	0
12	0
12	0
12	17
6	6
17	3
1	0
1	0
1	0
1	0
1	0
1	0
1	0
1	0
1	0
1	1
8	0
8	8
5	5
6	6
9	9
17	0
17	0
17	0
1	0
1	0
1	1
12	0
12	17
12	17
4	0
4	4
1	0
1	0
3	0
3	0
3	0
1	0
1	1
2	2
8	0
8	8
16	0
16	0
16	0
16	1
13	13
13	0
1	0
1	0
1	0
1	0
1	0
1	0
1	0
12	0
12	0
12	6
12	0
12	8
4	0
11	4
2	2
9	9
8	0
8	0
8	8
8	0
8	0
2	5
8	0
8	0
8	0
8	0
8	0
8	0
13	0
8	0
8	8
2	0
16	0
16	0
16	0
16	1
13	13
13	0
1	0
8	0
8	0
8	0
1	0
1	0
1	0
8	0
8	0
1	0
1	0
1	0
1	0
1	0
1	0
1	0
12	0
1	0
12	0
8	0
3	0
3	0
1	0
8	0
8	0
8	0
8	0
8	0
8	0
12	0
12	0
12	6
1	0
1	0
1	1
1	0
1	0
1	0
1	0
1	1
8	0
8	0
8	0
8	0
8	0
8	8
16	2
8	0
8	0
12	8
2	0
2	2
2	0
6	0
6	6
1	0
1	1
8	0
8	8
5	0
3	0
3	3
11	0
11	4
2	2
9	0
9	9
13	13
1	0
1	0
1	0
1	0
1	0
1	1
13	13
1	0
1	0
1	0
1	1
8	0
8	0
8	0
8	0
8	0
8	0
13	0
8	0
8	8
13	0
12	0
12	0
12	6
2	0
2	0
16	0
16	0
16	0
1	1
8	0
12	0
8	0
8	0
8	8
2	2
11	0
11	0
6	6
1	0
1	0
1	0
1	0
1	1
13	13
8	0
8	17
13	13
4	0
4	4
3	0
2	2
8	8
17	0
17	16
4	0
16	4
13	13
14	0
14	0
14	0
14	14
6	6
8	0
8	0
8	0
8	0
8	0
8	8
2	0
2	2
8	0
8	0
8	0
8	0
8	0
8	8
10	0
2	0
2	0
13	0
12	0
3	0
6	6
12	0
8	0
8	0
8	0
8	0
8	0
8	8
16	0
16	0
4	16
11	0
11	2
9	0
9	9
1	0
1	0
1	1
1	0
1	0
1	0
1	1
8	0
8	0
8	0
8	0
8	0
8	0
13	0
8	0
8	8
13	13
3	11
14	0
11	11
3	2
3	0
6	0
6	6
8	0
8	0
8	8
2	0
2	2
8	0
8	0
8	0
8	0
8	0
8	8
2	3
5	5
2	3
16	0
16	0
1	16
13	13
13	0
12	0
12	0
12	0
12	12
12	0
12	0
12	0
12	0
12	12
12	0
12	0
12	12
12	0
4	4
1	0
1	0
1	0
1	3
5	6
8	0
8	0
8	0
8	0
8	8
2	0
2	0
2	2
8	0
17	0
8	8
12	0
12	0
12	12
2	0
2	0
2	0
16	0
16	0
16	16
13	13
14	0
14	14
12	0
12	6
12	0
8	8
2	0
2	0
2	2
1	0
1	0
1	0
1	0
1	1
8	0
8	8
2	0
2	0
2	2
13	0
12	0
6	6
3	0
2	2
8	0
8	0
8	8
1	0
1	0
1	0
1	0
2	1
8	0
12	8
16	0
16	0
16	0
16	16
11	0
11	2
9	9
8	0
8	0
8	0
8	0
8	0
8	0
13	0
8	0
8	8
13	13
3	11
6	6
8	0
8	0
8	0
8	8
2	0
2	2
8	0
8	0
8	0
8	0
8	8
16	0
1	0
16	0
1	16
5	5
16	0
11	11
1	0
2	2
12	0
12	6
12	0
8	0
8	0
8	0
13	0
12	0
12	0
12	6
12	0
12	0
12	0
12	0
12	8
16	0
17	0
11	0
16	0
16	16
3	2
9	9
8	0
8	0
8	8
5	6
2	2
9	9
8	0
8	0
8	0
8	8
2	0
2	0
16	0
16	0
2	1
8	0
8	8
16	0
2	10
13	13
3	11
5	6
3	0
3	0
1	0
1	1
8	0
8	0
8	0
8	0
8	0
13	0
8	0
8	8
3	2
2	0
16	0
16	3
9	0
13	0
9	9
8	0
8	8
1	0
13	0
12	0
6	0
12	6
12	0
8	0
8	8
17	0
12	17
12	17
4	0
4	0
4	4
1	0
1	0
1	0
1	0
1	16
12	0
12	0
12	12
12	0
12	4
9	9
17	0
12	6
12	0
12	17
8	17
16	0
2	0
2	0
16	16
13	13
5	6
8	0
8	0
8	0
8	0
8	0
8	0
8	0
13	0
8	0
12	0
8	8
13	13
3	11
3	0
3	0
1	0
1	0
3	3
2	0
2	0
2	0
6	2
8	0
8	0
8	0
13	0
12	0
9	9
16	0
17	4
17	0
12	6
12	0
12	0
12	0
8	0
8	8
2	0
2	2
12	0
12	0
12	12
12	0
12	6
12	0
8	0
8	8
12	0
12	17
12	17
1	0
1	2
8	0
8	0
8	0
8	8
13	13
3	0
16	0
1	1
1	0
11	2
8	8
13	13
8	0
8	0
8	8
5	5
8	0
8	0
8	0
8	8
13	13
1	0
3	0
16	0
16	0
16	16
13	13
13	0
1	0
8	0
8	0
1	0
1	0
8	0
12	0
3	2
2	0
6	0
11	11
3	0
2	2
2	0
6	0
6	6
8	0
8	0
8	8
12	0
16	0
16	16
1	2
8	0
8	0
12	8
5	6
8	0
8	0
8	0
8	0
8	0
13	0
8	8
13	13
3	11
2	0
2	2
12	0
12	0
8	0
8	0
8	0
8	0
13	0
8	0
8	8
16	0
2	0
16	0
16	16
11	0
11	4
13	13
13	0
1	0
1	0
8	0
1	0
1	0
1	0
1	0
1	0
8	0
3	0
3	0
12	0
12	0
12	6
12	0
8	0
8	0
8	0
8	0
8	8
2	0
2	2
2	0
6	0
6	6
8	0
8	0
8	0
8	0
8	0
8	0
8	0
8	0
8	0
8	8
16	0
16	0
16	0
16	16
2	2
8	0
8	0
8	8
2	0
2	0
1	1
1	0
12	0
17	0
1	1
8	0
8	0
8	0
8	0
8	0
8	0
13	0
8	0
8	8
13	13
13	0
1	0
8	0
8	0
8	0
1	0
16	0
1	0
1	0
1	0
1	0
12	0
13	13
8	0
8	0
8	0
8	0
1	8
8	0
12	0
12	0
8	0
8	12
17	0
17	0
1	0
12	0
12	0
12	0
12	0
12	0
17	0
12	12
8	0
8	0
2	2
12	0
12	0
12	0
8	0
8	12
4	0
11	4
9	9
12	0
11	11
8	0
8	0
8	8
2	0
2	2
1	0
1	0
1	0
1	0
1	0
1	0
1	1
8	0
8	0
8	8
2	0
6	0
6	2
1	0
1	0
1	0
1	0
1	0
1	0
13	0
13	0
14	0
12	6
1	1
8	0
8	0
8	0
8	8
3	0
16	0
16	3
2	2
6	6
1	0
1	0
1	0
1	1
8	0
8	0
8	0
8	8
2	0
2	2
1	0
1	0
1	1
8	0
8	0
8	0
8	0
8	8
4	0
4	4
3	0
2	0
3	0
3	3
1	0
1	0
1	1
8	0
8	0
8	0
8	0
8	8
16	0
12	0
12	4
13	13
3	0
3	11
3	0
4	4
16	0
4	0
4	16
1	0
2	0
1	0
13	0
12	0
3	0
16	0
2	0
2	2
2	2
2	0
11	11
4	0
4	4
2	2
3	0
6	0
6	6
8	0
8	8
3	0
1	0
2	1
8	0
8	0
8	0
8	8
2	0
16	0
16	16
4	0
16	4
13	13
3	3
2	2
6	6
1	0
1	0
1	0
1	0
1	0
1	1
8	0
8	0
8	0
8	0
8	0
8	0
8	0
8	0
8	0
8	0
8	0
8	8
16	0
2	0
16	0
14	0
11	2
6	6
17	0
8	0
8	0
13	0
2	0
6	6
1	0
1	0
1	1
1	0
1	0
1	0
1	0
1	0
1	1
8	0
8	0
8	0
8	0
8	8
2	0
2	2
1	0
1	0
1	0
1	0
1	0
1	0
1	0
1	0
1	0
1	1
12	0
12	0
13	0
8	0
12	0
13	0
8	0
8	0
13	0
8	0
8	0
8	0
8	8
4	0
4	0
4	4
17	0
17	3
3	2
1	0
1	0
1	0
1	1
8	0
8	0
8	8
2	2
12	0
12	0
12	12
13	13
13	0
11	0
11	6
3	0
16	0
16	0
1	0
1	0
3	1
8	0
8	0
8	0
8	8
4	0
11	4
2	3
1	0
1	2
8	0
8	0
8	0
8	8
2	0
2	0
2	0
11	2
8	0
8	0
8	0
8	8
2	0
2	0
2	2
6	6
12	0
12	0
12	0
8	0
8	8
3	0
12	10
1	0
1	0
1	0
1	0
1	16
12	0
12	0
12	4
13	13
14	0
14	6
1	0
1	0
1	0
1	1
5	5
1	0
1	0
1	0
13	0
12	0
12	0
12	1
13	13
2	0
2	0
2	2
6	6
12	0
12	0
8	0
8	8
2	0
2	2
12	0
8	0
8	0
8	8
1	0
2	0
2	0
12	0
12	1
17	0
8	0
8	8
4	0
4	0
16	4
3	0
3	0
16	3
2	2
6	0
6	0
6	6
8	0
8	0
8	0
8	8
2	0
2	0
2	2
6	6
8	8
2	0
2	2
8	0
8	0
8	0
8	17
5	5
8	0
8	0
8	0
8	0
8	0
8	0
8	8
13	0
12	0
2	0
2	0
2	2
6	6
8	0
2	2
8	0
8	0
8	0
8	0
8	8
3	0
3	0
3	0
1	0
1	1
1	0
1	0
1	0
1	1
8	0
8	0
8	0
8	8
2	0
2	2
6	6
12	0
8	0
8	0
8	0
8	17
5	5
8	0
8	0
8	0
8	0
8	0
8	0
8	0
8	8
12	0
12	0
16	0
16	0
16	16
12	0
12	0
12	0
12	0
8	12
3	0
3	0
3	3
1	0
1	0
1	0
3	1
13	0
12	0
12	0
6	6
17	0
8	0
8	8
2	0
2	2
8	0
8	0
8	0
8	0
8	8
4	0
11	4
1	0
1	0
1	0
1	0
1	16
2	0
2	2
12	0
6	6
12	0
8	0
8	8
2	0
2	2
8	0
8	0
8	0
8	8
2	0
2	14
12	0
12	6
12	0
8	0
8	0
8	0
8	8
3	0
1	0
1	1
2	0
2	2
6	6
8	0
8	0
8	0
8	8
2	0
6	10
1	0
1	0
1	0
2	0
1	16
13	0
12	0
13	13
8	0
8	0
8	0
8	0
1	8
12	0
12	0
12	12
12	12
16	12
12	0
12	6
12	0
12	0
12	12
12	12
16	12
17	0
12	4
9	9
17	0
11	11
3	0
3	0
1	1
8	0
8	0
8	0
8	0
8	8
16	0
16	0
16	0
16	16
13	13
13	0
1	0
1	0
16	0
12	0
16	0
16	0
16	0
1	0
16	0
1	0
16	0
1	0
1	0
1	0
1	0
12	0
12	0
1	0
16	0
16	0
12	0
12	0
12	0
6	0
6	6
12	0
8	0
8	0
8	0
8	0
8	8
17	0
17	4
3	2
3	0
1	0
1	3
1	0
1	0
1	6
8	0
8	8
5	0
12	0
4	0
4	0
4	16
2	0
2	2
1	0
9	0
1	0
1	1
8	0
8	0
8	0
8	0
8	0
8	0
8	0
8	8
1	0
2	0
1	0
16	0
16	16
5	5
3	0
2	0
2	0
2	0
2	0
3	0
2	0
1	0
1	1
8	0
8	0
8	0
8	8
1	0
13	0
12	0
6	0
12	6
12	0
12	0
8	0
13	0
12	0
8	8
4	0
4	4
2	2
1	1
8	0
8	0
8	0
8	8
8	0
12	6
8	0
8	0
8	0
8	0
8	0
8	8
12	0
12	0
12	0
12	0
16	0
16	0
16	16
13	13
13	0
1	0
1	0
12	0
8	0
8	0
1	0
1	0
1	0
8	0
16	0
8	0
16	0
12	0
1	0
12	0
12	0
12	0
8	0
8	0
8	0
16	0
16	0
16	0
1	0
1	0
1	0
12	0
6	0
6	6
12	0
8	0
8	0
8	0
8	0
8	8
2	0
2	2
1	0
1	0
1	0
1	1
8	0
12	0
8	0
13	0
8	0
8	8
4	0
4	4
2	0
2	2
8	0
8	8
2	0
2	0
3	0
3	2
8	0
8	8
1	0
2	0
1	0
1	0
16	16
4	0
16	4
13	13
13	0
1	0
1	0
1	0
1	0
1	0
1	0
1	0
12	0
1	0
1	0
1	0
1	0
1	0
1	0
1	0
1	0
1	0
1	0
13	0
8	0
8	0
8	0
8	0
8	8
8	0
8	8
12	0
12	4
17	0
12	6
8	0
8	0
8	0
8	8
3	0
12	0
4	0
4	0
4	16
3	0
11	0
11	0
16	16
5	5
6	6
8	0
8	0
8	0
8	8
16	0
16	16
13	13
13	0
1	0
3	0
16	0
1	0
16	0
1	0
8	0
8	0
8	0
1	0
8	0
3	0
1	0
1	0
1	0
16	0
16	0
16	0
16	0
16	0
1	0
1	0
1	0
1	0
8	0
12	0
12	12
12	0
12	4
9	9
12	0
12	6
12	0
1	0
1	1
8	0
8	0
8	0
8	0
8	8
16	0
11	0
11	2
6	6
8	0
8	0
8	0
8	8
2	0
1	2
8	0
8	8
2	2
12	12
2	0
16	0
16	16
13	13
13	0
1	0
16	0
16	0
16	0
16	0
16	0
1	0
1	0
8	0
16	0
16	0
1	0
8	0
16	0
16	0
12	0
1	0
1	0
12	0
12	0
1	0
1	0
1	0
8	0
8	0
16	0
12	0
8	0
12	6
12	17
13	0
12	0
12	0
12	0
12	0
12	0
16	0
1	0
1	0
12	0
12	0
12	0
12	0
12	0
12	0
12	0
12	0
12	0
12	0
12	0
12	0
12	0
12	0
12	0
12	0
12	0
12	0
8	0
1	0
1	0
12	0
12	0
12	0
12	0
12	0
12	0
8	0
8	0
12	0
12	0
12	0
12	0
12	0
12	0
12	0
12	0
12	0
8	0
1	0
12	0
12	0
12	0
12	0
1	0
1	0
12	0
12	0
17	0
2	0
17	0
17	0
12	0
12	0
12	0
17	0
12	0
17	0
17	0
12	12
17	17
17	17
17	17
17	0
17	0
17	17
17	0
17	0
17	0
17	8
13	13
8	2
2	6
8	0
8	0
8	0
8	0
8	0
8	0
8	0
8	0
8	0
8	0
8	8
2	2
8	0
8	0
8	12
12	0
16	0
16	0
16	16
12	0
12	6
12	0
8	0
8	8
13	13
3	11
17	0
11	2
2	6
8	0
8	0
8	8
5	0
13	0
12	0
3	0
2	2
2	0
6	0
6	6
8	0
8	0
8	0
8	8
2	4
1	0
12	6
12	0
8	0
8	0
8	0
8	0
8	8
4	0
2	6
8	0
8	0
8	0
8	0
8	0
8	0
8	0
8	8
3	2
2	6
1	0
1	0
1	1
8	0
8	0
8	0
8	0
8	0
8	8
2	0
2	0
2	2
9	9
1	0
2	0
16	0
16	16
5	5
1	0
1	0
1	0
16	0
1	0
16	16
13	13
13	0
1	0
12	0
1	0
12	0
5	0
6	0
3	0
3	0
3	3
3	0
16	0
16	0
16	0
16	16
12	0
12	4
9	9
1	0
2	0
17	0
1	0
1	0
1	0
1	1
12	0
9	1
12	0
13	0
1	0
1	0
1	0
1	0
16	0
2	1
8	0
8	0
8	8
8	0
2	0
2	2
8	0
8	8
5	5
8	8
13	13
3	11
17	0
2	2
1	0
17	6
3	0
1	0
1	0
1	0
3	0
1	0
1	1
1	0
17	0
1	0
1	0
1	0
13	0
12	0
8	0
1	0
9	1
8	0
8	0
8	0
8	8
13	13
3	3
3	0
2	2
1	1
8	0
8	0
8	0
8	0
8	8
13	13
16	0
17	4
17	0
3	0
3	3
1	0
1	0
1	0
1	0
1	1
17	0
12	0
12	4
13	13
13	0
1	0
1	0
1	0
1	0
1	0
1	0
16	0
16	0
1	0
17	0
1	0
1	0
16	0
16	0
1	0
1	0
1	0
16	0
1	0
16	0
17	0
1	0
1	0
1	0
1	0
1	0
12	0
11	11
16	0
16	16
3	0
3	0
1	0
1	1
3	0
2	0
2	0
9	1
1	0
1	0
1	0
1	0
1	0
1	1
8	0
8	0
8	0
8	0
8	8
2	2
1	0
1	0
1	0
1	0
1	0
1	1
8	8
5	5
1	0
1	0
1	0
1	16
3	3
3	3
2	0
2	2
12	0
12	6
12	0
12	0
8	0
8	8
12	6
12	0
17	0
9	1
8	0
8	0
8	0
8	8
13	13
13	0
1	0
1	0
1	0
1	0
12	0
13	13
6	6
1	0
1	0
1	1
8	0
8	0
8	0
8	0
8	0
8	0
8	8
2	2
12	0
12	0
8	12
4	0
11	4
2	0
2	2
1	0
1	6
1	0
1	1
8	0
8	0
8	0
8	8
2	0
2	2
3	0
6	0
1	1
1	0
1	0
1	0
1	0
1	1
8	0
8	0
8	0
8	0
8	0
8	0
8	8
5	5
2	2
3	0
3	0
3	0
1	0
3	0
1	0
1	1
8	0
8	0
8	0
8	0
13	0
12	0
3	0
3	0
16	12
12	4
8	2
2	0
2	0
2	6
11	0
11	6
9	9
8	0
8	0
8	0
8	0
8	8
1	6
2	0
2	0
1	0
1	0
2	0
1	0
1	0
1	0
2	1
8	0
8	0
8	0
8	0
8	0
8	8
16	0
16	0
16	0
16	16
13	13
13	0
1	0
3	0
16	0
16	0
2	0
16	0
16	0
1	0
1	0
16	0
16	0
16	0
1	0
16	0
16	0
2	0
2	0
8	0
1	0
8	0
8	0
12	0
3	0
14	0
14	0
10	0
14	0
1	0
1	1
3	0
2	2
6	0
6	0
1	6
8	0
8	0
8	8
3	0
16	0
16	0
16	0
16	16
11	4
2	3
6	6
6	0
2	0
1	0
1	0
1	0
1	0
1	0
1	1
8	8
2	2
2	6
8	0
8	0
8	0
13	0
8	0
8	0
8	8
13	13
3	11
3	2
6	6
8	0
8	0
8	0
8	0
8	0
8	8
2	2
6	6
8	0
8	0
8	0
8	0
8	8
13	0
12	0
8	0
8	8
17	0
17	0
17	12
17	12
17	0
17	0
17	12
17	0
17	0
17	17
17	0
17	0
17	17
17	0
17	17
8	0
12	6
12	0
12	0
12	12
17	12
17	0
17	0
17	12
17	0
17	0
17	17
17	0
17	0
17	17
17	0
17	17
1	0
1	0
16	0
16	0
16	0
16	16
2	6
3	0
12	0
1	0
9	1
1	0
1	0
1	0
1	0
1	1
8	0
8	0
8	0
8	8
2	0
2	2
3	0
12	6
13	0
12	0
6	6
8	0
8	0
8	8
8	4
9	9
17	0
2	2
17	0
17	0
17	12
17	12
17	12
17	0
17	0
17	0
17	0
8	12
16	2
2	6
12	0
12	0
12	8
13	13
8	0
8	0
12	1
8	0
8	8
13	13
8	0
8	8
13	13
2	6
1	0
1	0
16	1
8	0
8	8
1	0
12	0
1	16
5	5
11	0
11	4
9	9
3	0
3	2
1	0
2	6
1	0
1	0
1	1
8	0
8	0
8	0
8	8
4	0
13	0
12	0
11	11
16	0
16	0
16	16
2	0
2	2
1	0
1	1
8	8
12	0
12	6
1	0
1	0
1	0
1	0
1	0
1	1
1	0
1	0
1	0
1	0
1	0
1	1
8	0
8	0
8	0
8	8
2	2
8	0
8	0
8	12
17	2
9	6
8	0
8	0
8	8
13	13
1	0
1	0
1	0
1	0
1	0
1	0
1	0
1	0
1	1
1	0
1	1
8	0
8	0
8	0
8	8
3	0
12	10
1	0
1	0
1	0
1	16
13	0
12	0
1	0
12	0
14	0
12	0
12	0
12	1
8	0
8	8
5	5
1	0
12	6
12	0
1	0
1	1
1	0
1	0
1	0
1	0
1	1
12	0
12	0
12	0
8	8
5	5
12	0
12	6
12	0
8	0
8	0
8	0
8	8
2	2
8	0
8	0
8	0
8	8
3	0
16	0
16	0
16	16
6	6
8	0
8	0
8	0
8	0
8	8
2	3
1	2
9	6
1	0
1	0
1	1
8	0
8	0
8	0
8	8
13	13
13	0
1	0
12	0
1	0
9	1
8	0
8	0
12	12
12	0
13	0
12	0
13	0
14	0
11	8
12	0
8	0
8	12
4	0
11	4
2	0
2	0
2	2
9	9
1	0
1	0
2	0
1	0
1	0
2	1
8	2
9	6
8	0
8	0
8	0
8	0
8	8
2	0
2	0
2	2
8	0
8	8
5	5
11	4
3	0
11	11
2	3
9	9
3	0
3	3
16	0
16	0
16	16
13	13
13	0
1	0
14	0
3	0
8	0
1	0
2	0
1	0
8	0
12	0
6	6
1	0
9	1
8	0
8	0
8	12
17	0
8	0
12	12
17	17
16	4
16	0
11	11
2	0
2	2
1	0
1	0
1	0
1	0
1	1
8	0
8	0
8	8
2	0
2	0
2	0
1	2
1	0
1	0
1	0
1	1
8	0
8	8
1	0
2	0
1	0
1	1
1	0
2	0
2	0
16	0
16	16
13	13
13	0
1	0
2	0
1	0
1	0
1	0
1	0
1	0
8	0
16	0
16	0
16	0
16	0
16	0
16	0
16	0
12	0
11	11
11	0
11	4
2	2
8	0
12	0
12	9
8	0
2	2
12	0
12	0
8	0
8	8
2	0
17	0
1	0
1	0
1	0
1	1
8	0
8	0
8	0
8	8
1	0
2	0
1	0
1	0
1	0
16	0
16	0
16	16
13	13
1	0
3	0
1	3
2	2
2	0
2	0
3	0
2	6
8	0
8	0
8	8
5	5
3	0
2	0
3	0
2	6
8	0
8	8
13	13
5	5
16	16
1	0
1	0
1	0
1	0
1	3
13	0
12	0
6	0
12	6
12	0
17	0
8	12
12	0
12	0
12	12
9	9
12	17
12	0
12	17
17	4
9	9
3	0
2	2
6	6
1	0
1	0
1	0
1	0
1	1
8	0
8	0
8	0
8	8
2	2
2	6
8	0
8	8
16	0
16	0
16	0
16	16
13	13
13	0
1	0
3	0
1	0
1	0
1	0
16	0
1	0
1	0
8	0
8	0
1	0
1	0
12	0
8	0
16	0
16	0
12	0
16	0
16	0
16	0
16	0
16	0
1	0
12	0
3	11
12	0
3	4
17	0
2	2
12	0
6	6
12	0
8	0
8	0
8	0
8	0
8	0
8	0
8	0
8	0
8	8
2	2
2	0
2	0
3	0
3	0
3	9
1	0
1	0
1	0
1	0
1	0
1	0
1	1
8	0
8	0
8	0
8	8
16	0
16	0
4	0
4	0
4	16
3	0
2	0
2	0
16	16
13	13
11	11
6	6
8	0
8	0
8	8
3	0
3	2
1	0
2	6
13	13
8	0
8	8
13	13
1	0
13	0
12	0
2	2
2	0
11	0
11	6
8	0
8	0
8	0
8	0
8	0
8	0
8	0
8	0
8	0
8	0
8	0
8	8
16	2
12	8
8	0
5	5
12	0
12	8
5	5
1	0
1	0
1	0
1	0
1	0
1	0
1	1
8	0
8	8
16	0
16	0
16	16
11	0
2	11
11	0
11	6
1	0
1	0
1	1
8	0
8	8
1	0
1	0
1	0
1	0
1	1
2	0
2	2
8	0
8	8
13	13
13	0
1	0
1	0
16	0
16	0
12	0
12	0
12	0
12	12
12	0
12	12
8	3
13	13
17	17
17	17
13	13
2	2
11	0
11	0
6	6
1	0
1	0
1	0
1	0
1	1
8	0
8	0
8	8
4	0
11	4
2	3
12	0
12	6
12	0
12	0
12	12
12	0
17	12
13	13
3	11
1	2
12	0
12	0
12	0
8	8
16	2
11	6
3	0
2	0
1	0
1	0
1	0
16	0
16	0
2	1
13	13
9	9
1	0
1	0
1	0
3	0
3	3
2	0
2	0
13	0
12	0
3	0
3	6
1	0
1	0
1	0
1	0
1	1
13	13
1	0
1	0
1	0
1	1
8	0
8	0
8	8
16	0
16	16
3	0
9	11
2	2
3	0
12	6
12	0
13	0
12	0
1	12
1	0
1	0
1	1
3	0
1	0
1	0
1	2
8	0
8	0
8	8
2	2
1	0
1	0
1	0
1	0
1	0
1	1
8	8
5	5
1	0
1	0
1	0
1	0
1	0
1	0
1	0
1	0
1	0
1	1
8	0
8	8
13	13
13	0
12	0
11	11
16	0
16	0
16	16
3	0
1	11
2	2
6	0
1	6
8	0
8	0
8	0
8	0
8	8
2	2
8	0
8	0
8	8
17	6
1	0
1	0
1	0
1	0
1	0
1	0
1	0
1	1
8	0
8	0
8	0
8	8
13	13
8	0
8	0
8	0
8	8
5	5
8	0
8	0
8	0
8	0
8	8
17	0
2	10
13	13
14	0
1	0
3	4
2	2
1	0
1	0
1	0
1	0
1	1
8	0
8	8
16	0
2	2
13	0
12	0
9	0
8	0
9	0
13	9
8	0
8	0
8	12
12	0
12	0
12	17
12	0
12	0
12	0
12	0
12	0
12	17
9	9
9	0
8	0
9	0
13	9
8	0
8	0
8	12
8	0
8	0
8	0
8	0
8	8
8	0
12	12
12	0
12	0
12	12
4	0
11	4
9	9
2	0
2	2
2	6
1	0
1	0
1	1
8	0
8	0
8	0
8	8
3	2
3	0
3	3
2	0
2	5
9	9
8	0
8	0
8	0
8	0
8	8
13	0
12	0
11	0
11	0
11	6
1	0
1	0
1	0
1	0
1	0
1	0
1	0
1	1
8	0
8	0
12	0
8	8
17	2
12	6
1	0
1	0
1	0
1	0
1	0
1	0
1	0
1	0
1	1
8	0
8	0
8	0
8	0
8	0
8	0
8	8
4	0
4	4
3	2
2	0
11	0
6	6
8	0
8	8
2	0
2	5
1	0
1	0
1	0
1	1
8	0
8	0
8	0
8	0
8	0
8	0
8	0
8	8
17	2
12	0
12	0
13	0
12	0
16	0
12	0
12	4
13	13
2	2
11	0
4	0
14	11
8	0
8	0
8	12
2	0
2	5
1	0
1	0
1	0
1	1
8	0
8	0
8	0
8	0
8	0
8	0
8	0
8	8
2	2
2	6
9	9
8	0
8	0
8	0
8	0
8	0
8	8
9	9
2	0
2	2
1	0
1	0
1	0
1	0
1	0
1	0
1	1
8	0
8	0
8	12
1	0
2	0
1	0
16	0
16	0
16	16
4	0
4	4
11	0
11	4
13	13
13	0
12	0
2	0
2	2
9	9
8	0
8	0
8	0
8	8
2	2
3	0
2	2
9	0
1	1
8	8
4	0
4	0
4	0
4	4
9	0
9	11
3	0
1	0
1	3
3	3
9	9
8	0
8	0
8	8
2	0
2	2
9	9
8	0
8	0
8	8
17	2
9	9
1	0
1	0
1	0
1	0
1	0
1	1
8	0
8	0
8	0
8	8
16	0
16	0
4	16
5	5
14	0
11	11
3	0
3	3
1	0
2	2
8	0
8	0
8	12
13	0
12	0
3	0
2	0
2	2
1	0
1	0
1	1
5	5
1	1
8	0
8	0
8	0
8	8
5	5
12	0
8	0
8	8
13	13
8	0
8	0
8	0
8	0
8	8
13	13
8	0
8	0
8	0
8	0
8	8
5	5
8	0
8	0
8	0
8	8
4	0
4	0
4	0
4	4
3	2
6	0
6	0
6	6
8	0
8	0
8	0
8	8
2	3
1	0
1	0
1	0
1	1
8	0
8	0
8	0
8	8
16	0
16	0
16	16
13	13
13	0
12	0
17	0
8	0
8	12
4	0
11	0
4	4
3	3
12	0
6	6
12	0
12	0
12	0
8	0
8	0
8	0
8	0
8	8
4	4
13	13
14	0
1	6
1	0
1	0
1	0
1	0
1	0
1	0
1	0
1	0
1	0
1	0
1	1
8	0
8	0
8	0
8	0
8	0
8	0
8	0
8	0
8	8
8	2
2	6
8	0
8	0
8	0
8	0
8	0
8	0
8	0
8	0
8	8
2	6
8	8
2	0
2	0
2	0
2	0
13	0
12	0
2	2
11	0
1	6
2	0
2	2
8	0
8	0
8	0
8	8
9	9
1	0
1	0
1	0
1	0
1	1
8	0
8	0
13	0
8	0
8	0
8	0
8	8
4	0
4	4
12	0
12	0
12	12
6	6
3	0
1	0
1	0
1	1
13	13
8	0
8	0
17	0
1	1
8	0
17	0
8	8
2	0
2	2
12	0
12	17
12	17
12	17
13	13
4	0
16	4
13	13
13	0
1	0
8	0
1	0
1	0
1	0
1	0
1	0
1	0
12	0
11	11
4	0
11	4
9	6
8	0
8	0
8	0
8	8
12	0
12	0
12	4
17	0
17	0
2	2
12	0
12	6
8	0
8	0
8	0
8	8
2	2
2	6
8	0
8	8
17	2
6	6
3	0
1	0
1	0
1	0
1	0
1	0
1	0
1	0
1	0
1	0
1	1
8	8
13	13
13	0
1	0
16	0
1	0
1	0
8	0
16	0
3	0
16	0
1	0
1	0
1	0
8	0
8	0
12	0
12	0
12	0
12	0
17	0
17	0
12	0
2	2
3	0
12	0
12	11
16	0
16	0
16	16
12	0
12	0
12	12
3	0
6	0
3	0
3	3
3	0
1	0
1	0
1	0
1	1
3	0
1	2
12	0
12	0
8	8
2	0
2	2
8	0
12	0
12	0
8	8
2	0
2	2
2	6
9	0
8	17
8	12
2	2
1	0
6	0
1	0
1	0
1	0
1	1
3	0
3	3
2	0
2	2
9	9
8	0
8	8
8	0
8	0
8	0
8	0
8	0
8	0
8	8
5	5
13	0
12	0
6	0
12	6
12	0
8	0
8	0
8	0
8	8
3	0
3	0
3	0
16	16
2	0
2	0
2	2
11	0
11	11
13	13
3	11
3	3
1	0
1	0
1	10
1	0
17	0
17	0
17	16
13	13
1	0
1	0
1	1
1	0
1	0
1	1
2	6
17	0
8	8
2	2
2	6
8	8
2	2
3	0
2	2
6	6
8	0
8	0
8	0
8	0
8	0
8	8
2	2
2	6
8	0
8	12
5	5
8	12
13	13
13	0
1	0
1	0
12	0
3	0
2	2
12	0
8	0
8	0
13	0
11	0
11	8
8	2
2	6
1	0
1	0
1	0
1	0
1	0
1	0
1	1
8	0
8	8
2	0
2	2
8	0
12	0
12	0
8	8
5	0
3	0
12	0
9	16
9	0
9	11
9	0
12	6
17	0
17	0
8	0
8	8
2	0
2	0
1	0
1	0
16	16
13	13
14	0
11	0
14	14
16	0
11	0
11	11
3	0
3	0
1	0
1	0
1	1
2	0
2	2
12	0
12	0
13	0
12	0
3	0
2	0
2	0
14	0
2	2
6	6
8	0
8	0
8	0
8	8
4	0
4	0
4	4
12	0
12	6
12	0
8	8
2	0
2	2
8	0
8	12
13	13
9	6
8	0
8	0
8	0
8	0
8	8
13	13
3	11
2	0
2	2
8	0
8	0
8	8
2	0
2	2
8	8
16	0
16	0
16	16
13	13
6	0
6	6
12	0
8	8
2	2
2	6
3	0
3	0
9	0
9	9
8	0
8	8
4	2
12	0
12	0
12	0
13	0
12	0
12	0
8	0
8	12
8	0
12	0
12	17
12	17
12	17
12	0
12	17
12	0
12	17
8	0
17	0
8	0
17	0
17	0
17	0
12	0
17	0
17	0
17	0
17	0
12	12
8	8
2	0
2	2
12	12
13	13
13	0
1	0
1	0
16	0
17	0
16	0
17	0
12	0
12	0
16	0
12	0
8	0
8	0
17	0
12	0
12	0
16	0
16	0
17	0
16	0
16	0
17	0
12	0
17	0
16	0
16	0
17	0
17	0
17	0
16	0
12	0
12	6
1	1
8	0
8	8
5	5
8	6
12	12
12	12
17	0
17	0
17	0
17	8
12	0
12	6
12	1
8	0
8	0
8	0
8	0
8	8
2	2
12	12
16	0
16	0
16	0
16	0
16	16
17	0
2	2
8	0
2	6
8	0
8	0
8	0
8	8
2	2
17	0
11	0
11	0
9	0
2	6
1	0
1	0
1	0
1	1
8	0
13	0
17	0
12	0
12	0
13	0
1	0
1	0
11	0
1	0
1	8
13	13
2	0
13	0
8	0
2	2
6	6
1	1
8	0
8	8
13	13
2	2
2	0
2	6
12	0
8	0
13	0
12	0
12	0
13	0
12	0
1	0
8	0
8	0
8	0
8	8
5	5
2	0
2	6
1	0
3	0
1	0
1	0
1	0
1	1
8	0
8	8
2	0
2	2
12	12
12	12
13	13
13	0
1	0
8	0
16	0
8	0
8	0
16	0
8	0
8	0
3	0
1	0
1	0
1	0
1	0
16	0
8	0
1	0
1	0
8	0
1	0
12	0
8	0
12	0
2	2
8	8
5	5
8	0
8	0
8	8
17	0
17	0
2	0
2	4
3	0
1	0
1	0
16	0
1	0
1	0
1	1
2	0
3	3
9	9
8	0
8	0
8	8
8	0
8	0
13	0
1	0
3	0
1	0
1	8
5	5
8	0
8	0
8	0
8	0
8	8
10	0
10	0
3	0
16	0
16	0
16	0
16	16
13	13
3	5
12	12
5	2
1	0
1	0
1	0
1	1
8	0
8	0
8	0
8	0
8	0
8	0
8	0
13	0
12	0
3	2
6	6
1	0
1	0
1	0
1	0
1	0
1	1
8	0
8	0
13	0
12	0
8	0
8	8
5	5
3	0
6	6
1	0
1	1
17	0
12	12
12	12
2	0
2	2
8	8
16	0
16	0
16	4
16	0
11	11
12	0
12	6
12	0
8	8
13	13
3	11
2	0
2	2
8	8
3	0
3	0
1	0
3	3
1	0
1	1
2	0
2	2
8	0
8	8
2	0
16	0
16	16
13	13
3	0
1	0
1	0
1	0
1	1
13	0
12	0
12	0
12	0
12	12
4	0
11	4
17	6
1	0
17	0
17	0
17	0
16	0
1	1
8	8
3	11
17	6
12	12
12	12
1	6
12	12
12	0
12	12
16	0
16	0
16	16
13	13
13	0
1	0
1	0
1	0
1	0
1	0
1	0
8	0
1	0
1	0
1	0
1	0
1	0
1	0
8	0
8	0
8	0
1	0
16	0
1	0
1	0
1	0
3	0
3	0
3	0
1	0
1	0
1	0
1	0
1	0
17	0
1	0
1	0
8	0
12	0
6	6
8	0
8	0
8	8
3	11
2	0
2	2
8	0
8	0
8	8
1	0
2	0
1	0
1	0
16	16
4	0
16	4
4	0
11	4
5	5
3	0
3	0
3	0
3	3
5	2
1	0
1	0
1	0
1	0
1	0
1	0
1	1
8	0
8	0
8	8
2	2
6	6
8	0
8	8
2	2
2	0
6	0
6	6
8	8
16	0
3	0
11	16
4	0
11	4
13	13
16	0
16	0
16	4
16	0
2	0
2	2
3	0
6	6
13	0
12	0
3	0
3	3
5	2
9	9
9	8
2	2
6	6
1	0
1	1
8	0
13	0
1	0
3	0
3	0
1	0
1	8
4	0
4	4
1	0
2	0
1	0
1	3
2	2
6	6
8	0
8	0
17	0
17	0
17	0
13	0
8	8
1	0
2	0
1	0
2	0
16	0
16	0
16	16
13	13
13	0
1	0
16	0
1	0
8	0
1	0
8	0
3	0
3	0
3	0
8	0
1	0
1	0
1	0
1	0
1	0
1	0
8	0
1	0
1	0
12	0
6	6
8	0
8	0
8	8
16	0
16	0
16	4
2	0
2	0
2	0
3	0
3	3
17	0
12	6
12	0
8	0
8	0
8	0
8	0
8	0
8	8
2	2
12	12
12	12
1	0
2	0
2	0
2	0
2	0
16	0
16	16
13	13
13	0
1	0
1	0
12	0
1	0
8	0
1	0
8	0
8	0
8	0
1	0
1	0
12	0
8	0
1	0
8	0
8	0
8	0
8	0
16	0
3	0
2	0
2	0
2	0
1	0
8	0
1	0
11	0
11	11
11	0
11	4
11	0
11	6
8	0
8	0
8	8
13	13
3	11
3	0
6	11
9	0
8	17
1	0
1	0
1	0
1	1
8	8
1	0
3	0
1	0
1	1
2	2
8	0
8	0
8	8
12	0
12	16
16	0
16	16
13	13
13	0
1	0
1	0
1	0
1	0
1	0
1	0
8	0
1	0
1	0
1	0
8	0
1	0
8	0
16	0
16	0
1	0
1	0
1	0
1	0
8	0
1	0
14	0
1	0
3	0
1	0
8	0
12	0
9	9
16	0
16	0
16	4
12	12
12	0
12	0
9	1
12	0
12	0
12	0
12	8
1	2
1	0
1	0
1	0
1	0
1	0
1	0
1	0
1	1
8	0
8	8
3	3
2	0
2	2
6	6
8	0
8	8
1	0
2	0
16	0
16	16
13	13
13	0
1	0
1	0
1	0
1	0
1	0
1	0
1	0
1	0
1	0
16	0
1	0
3	0
16	0
16	0
16	0
16	0
1	0
8	0
1	0
8	0
1	0
12	0
1	0
1	0
12	0
2	0
8	0
2	0
2	0
2	0
3	3
9	0
9	9
8	0
8	0
8	0
13	0
1	0
1	0
1	0
1	0
16	8
4	0
4	4
3	2
17	6
3	0
1	0
1	0
1	1
8	0
8	0
13	0
16	0
12	0
11	0
16	0
16	0
16	8
2	2
6	6
8	8
5	0
2	0
3	10
13	13
13	0
1	0
1	0
16	0
16	0
16	0
16	0
16	0
16	0
16	0
16	0
1	0
1	0
1	0
8	0
1	0
1	0
1	0
12	0
2	2
2	0
2	6
8	8
2	2
12	0
12	12
12	12
5	5
2	0
11	0
6	6
1	0
1	0
1	0
1	1
8	0
8	0
8	0
8	8
4	0
11	4
12	0
12	6
12	0
8	0
8	0
8	0
8	8
3	2
8	12
2	0
1	0
1	0
1	3
2	0
2	2
8	0
8	0
8	8
2	0
2	2
1	0
1	0
1	0
1	1
8	0
8	0
8	0
8	0
8	8
1	0
16	0
16	16
13	13
13	0
1	0
1	0
1	0
12	0
6	0
12	6
12	0
8	0
8	8
2	0
2	2
8	8
17	12
12	12
16	0
16	0
16	4
12	6
3	0
3	0
1	1
8	0
8	8
13	13
14	0
11	0
11	6
8	8
3	0
3	10
1	0
1	0
1	0
16	16
13	13
2	2
8	0
8	0
8	0
8	0
8	0
8	8
16	0
16	0
16	0
16	16
13	13
13	0
1	0
1	0
16	0
1	0
12	0
1	0
16	0
1	0
1	0
16	0
12	0
16	0
16	0
16	0
16	0
12	0
3	0
5	5
3	0
3	0
1	0
3	0
1	1
4	0
11	4
8	12
8	0
8	0
8	0
8	8
2	2
12	12
17	0
17	0
17	0
17	12
12	0
12	0
12	4
13	13
14	0
14	6
3	0
1	0
1	1
8	0
8	0
8	0
8	0
8	0
8	0
8	0
8	8
2	0
2	0
1	2
3	0
3	3
2	2
8	0
12	8
1	0
1	0
1	0
1	1
8	0
8	0
8	0
8	0
8	0
8	8
13	13
13	0
16	0
16	0
12	0
17	0
8	8
17	0
17	0
8	12
9	9
8	0
8	8
8	0
13	0
17	0
17	12
8	2
17	6
17	0
8	0
8	12
9	9
8	0
8	8
8	0
13	0
17	0
17	12
17	0
2	4
12	0
12	6
12	0
13	0
17	0
17	0
17	0
13	0
8	8
9	0
9	0
8	0
9	0
9	9
2	2
8	12
17	0
2	2
8	6
8	0
8	0
8	0
8	8
12	0
12	16
13	13
13	0
8	0
17	0
8	0
16	0
16	0
16	0
12	0
11	11
4	0
11	4
3	0
12	6
12	0
1	0
1	1
2	2
6	6
1	0
1	0
1	0
1	1
8	0
13	0
12	0
12	0
12	0
13	0
5	0
1	0
11	0
3	0
1	0
1	0
1	8
3	11
6	6
8	0
8	0
8	8
5	5
12	0
12	6
12	0
8	8
3	0
1	0
1	0
1	0
1	1
1	0
1	0
1	16
13	13
13	0
1	0
1	0
1	0
1	0
1	0
12	0
1	0
1	0
1	0
1	0
1	0
1	0
12	0
17	17
12	12
12	12
9	9
9	0
8	17
17	0
8	0
17	0
17	0
8	17
17	0
17	0
17	0
17	0
12	17
17	0
17	0
17	17
8	0
8	2
12	6
9	0
1	1
8	0
8	0
8	8
8	0
8	0
8	0
8	0
8	8
2	0
2	2
12	12
12	12
16	0
2	2
6	6
8	0
8	0
8	8
3	0
3	10
12	0
1	0
1	0
1	16
13	13
16	0
16	0
16	4
12	12
3	6
1	0
1	0
16	0
2	0
13	0
12	0
12	0
12	6
12	0
12	0
12	0
12	8
12	12
12	12
9	9
9	0
8	17
17	0
8	0
17	0
17	0
8	17
17	0
17	0
17	0
17	0
12	17
12	0
17	0
8	17
4	0
4	4
3	2
9	0
8	17
5	5
9	0
13	0
9	0
9	0
8	0
13	0
17	0
17	0
1	8
1	0
16	0
16	0
16	16
5	5
11	0
11	4
2	2
2	0
2	6
8	0
8	0
17	0
17	0
17	0
13	0
8	8
9	0
9	9
13	0
12	0
12	0
12	12
17	12
12	12
9	0
1	9
8	12
13	13
12	0
17	0
12	12
13	13
17	0
17	0
17	0
17	17
17	0
17	17
2	2
12	6
12	0
12	12
17	12
12	12
9	0
1	9
8	12
13	13
12	0
17	0
17	12
13	13
17	0
17	0
17	0
17	17
17	0
17	17
16	0
16	0
17	4
12	12
12	6
12	0
12	0
16	0
16	0
9	1
8	0
8	8
5	2
8	0
8	0
8	0
8	0
8	0
8	8
2	0
13	0
12	0
12	0
12	6
12	0
12	0
12	8
2	0
2	2
17	0
1	0
1	0
1	1
8	0
8	0
8	0
8	8
16	0
16	0
16	16
11	0
2	2
6	6
3	0
1	0
1	0
1	1
8	0
8	0
8	8
12	0
12	0
12	10
13	13
13	0
1	0
12	0
12	0
12	0
1	0
8	0
1	0
3	0
8	0
1	0
1	0
3	0
1	0
1	0
1	0
12	0
12	0
1	0
1	0
1	0
1	0
1	0
1	0
1	0
1	0
8	0
12	0
12	0
12	6
12	0
12	0
8	0
8	8
16	0
16	0
16	0
16	16
11	0
11	11
3	0
1	2
17	0
17	0
17	0
9	0
9	1
17	0
9	2
2	0
2	6
8	0
8	0
8	0
8	0
8	0
8	8
13	13
13	0
3	0
16	0
1	0
1	0
1	0
1	0
16	0
1	0
1	0
1	0
8	0
1	0
1	0
1	0
8	0
1	0
12	0
12	0
12	0
8	0
3	0
3	0
16	0
16	0
16	0
16	0
17	0
1	0
4	0
6	6
8	0
8	0
8	0
8	0
8	0
1	8
3	11
2	0
2	2
8	8
1	0
12	0
12	0
12	16
4	0
11	4
4	0
11	0
4	4
2	0
2	0
1	2
8	0
13	0
17	0
12	0
17	0
13	0
8	8
9	0
9	9
2	2
8	12
1	0
17	0
16	0
16	16
5	5
11	0
11	4
2	0
6	0
6	2
8	8
2	0
2	0
1	0
16	0
16	16
4	0
4	4
3	11
2	0
2	2
9	0
9	9
8	0
13	0
12	0
12	0
12	12
17	12
12	12
12	12
9	9
16	0
4	0
16	4
8	12
12	0
12	6
12	0
12	0
12	0
12	8
2	2
2	6
8	0
8	0
8	8
12	0
12	12
17	12
12	12
3	12
1	0
1	0
1	0
1	0
16	16
13	13
13	0
1	0
1	0
16	0
16	0
16	0
16	0
1	0
8	0
16	0
16	0
16	0
16	0
16	0
17	0
16	0
16	0
16	0
12	0
12	0
16	0
16	0
16	0
17	0
12	0
12	0
12	0
12	0
6	0
6	6
12	0
12	0
12	0
8	0
8	8
8	0
2	2
6	6
8	0
8	0
8	8
3	0
16	0
16	0
16	0
16	0
16	0
16	16
11	0
11	2
3	0
2	0
1	6
1	0
1	0
1	0
1	1
8	0
8	0
8	8
2	2
12	12
13	13
13	0
12	0
12	0
8	0
12	0
12	0
12	0
12	0
1	0
1	0
1	0
12	0
1	0
12	0
8	0
3	0
8	0
8	0
8	0
8	0
8	0
8	0
8	0
1	0
12	0
6	0
6	6
8	0
8	0
8	8
2	2
1	12
1	2
8	0
8	0
8	0
8	0
8	0
8	0
8	0
8	8
17	0
2	2
8	0
8	0
8	0
8	8
4	0
11	4
1	6
8	0
8	0
8	0
8	0
8	0
8	0
8	8
13	13
13	0
1	0
12	0
8	0
8	0
1	0
1	0
1	0
1	0
8	0
16	0
1	0
1	0
1	0
1	0
12	0
12	0
8	0
1	0
1	0
1	0
1	0
1	0
1	0
8	0
8	0
12	0
9	9
9	0
8	0
9	0
17	9
12	0
12	12
12	12
12	12
12	0
8	0
8	12
12	0
8	0
12	12
12	0
12	0
12	12
12	0
12	0
12	12
2	2
17	6
12	0
12	12
12	12
12	12
12	0
8	0
8	12
16	0
16	0
16	4
12	0
12	6
12	0
13	0
8	8
9	0
9	0
9	0
17	0
9	0
9	9
8	0
8	8
1	0
2	0
1	0
16	0
16	16
13	13
13	0
1	0
12	0
16	0
16	0
16	0
1	0
12	0
11	11
4	0
11	4
3	0
12	6
1	0
1	0
1	1
2	2
6	6
1	0
1	0
1	0
1	1
8	0
13	0
12	0
12	0
12	0
13	0
1	0
5	0
11	0
1	8
2	2
6	0
1	6
8	0
8	0
8	0
13	0
12	0
8	0
1	0
8	8
13	13
13	0
1	0
1	0
1	0
1	0
1	0
1	0
8	0
8	0
1	0
3	0
1	0
1	0
1	0
1	0
1	0
1	0
1	0
1	0
1	0
1	0
1	0
1	0
12	0
8	0
12	6
12	0
13	0
12	0
13	0
8	0
12	0
16	0
16	0
11	8
16	0
16	0
1	16
2	2
8	0
8	0
8	8
17	0
11	2
9	9
8	0
8	8
8	0
8	0
8	8
13	13
8	0
8	0
8	0
8	8
17	0
5	5
8	0
8	0
13	0
1	0
1	0
1	0
13	0
3	8
2	2
8	0
8	0
8	0
8	0
8	8
16	0
11	2
1	0
1	1
8	0
8	8
8	0
5	5
8	0
11	2
8	0
13	0
17	0
17	0
8	12
13	13
17	17
17	12
17	17
17	17
13	13
17	0
17	0
17	0
17	17
17	0
17	17
17	0
17	0
17	17
17	0
2	2
12	6
16	0
16	0
1	0
1	0
1	0
1	1
17	0
8	0
8	0
8	8
13	13
3	11
3	0
11	0
3	0
3	3
1	0
1	0
1	0
1	0
1	0
1	0
16	16
16	0
4	0
2	0
1	4
13	13
14	0
11	0
14	14
17	0
12	6
12	0
8	12
16	0
11	11
5	2
13	0
12	0
6	6
12	0
12	12
12	0
8	0
12	12
16	0
16	0
16	4
8	0
2	11
9	9
2	0
2	0
2	0
2	0
2	2
2	0
9	0
9	0
6	6
12	0
13	0
8	0
13	0
9	0
13	0
9	0
8	8
2	0
2	0
16	16
13	13
13	0
1	0
1	0
8	0
1	0
8	0
8	0
8	0
1	0
8	0
1	0
8	0
8	0
8	0
1	0
1	0
16	0
16	0
8	0
16	0
16	0
8	0
8	0
8	0
8	0
2	0
12	0
12	0
12	6
12	0
12	0
12	0
12	8
17	17
17	0
17	12
13	13
17	17
8	12
17	17
17	17
13	13
16	0
16	0
16	0
16	0
16	16
2	0
2	2
9	0
1	1
8	0
8	0
8	0
8	8
2	2
2	0
6	0
6	6
8	0
8	8
13	13
13	0
1	0
1	0
1	0
16	0
8	0
8	0
3	0
8	0
1	0
8	0
12	0
1	0
12	0
1	0
16	0
16	0
17	0
16	0
16	0
17	0
17	0
17	0
17	0
12	0
17	0
12	12
17	0
12	12
12	0
12	0
9	12
8	0
12	6
12	0
12	12
17	0
12	12
12	0
8	0
9	12
4	0
4	4
2	2
2	6
13	13
17	0
17	0
17	17
17	17
13	13
2	2
12	12
2	0
1	0
16	0
16	16
4	0
4	4
5	5
11	0
11	4
2	2
1	0
6	0
1	6
17	0
17	0
1	0
1	1
8	0
8	0
8	0
17	0
8	0
13	0
1	0
3	0
3	0
3	0
3	8
17	0
2	0
13	0
12	0
2	2
6	6
8	0
8	0
8	0
8	8
16	0
16	0
16	4
11	0
6	11
1	2
8	0
8	0
8	8
3	0
2	0
1	0
16	0
16	16
13	13
5	5
3	3
1	0
1	0
16	0
16	16
6	6
8	0
8	0
8	0
8	0
8	0
8	8
12	0
12	6
12	8
2	0
6	0
6	2
8	0
8	8
2	2
8	0
8	0
8	0
8	0
8	0
8	8
13	13
13	0
3	0
16	0
16	0
3	0
3	0
3	0
1	0
1	0
12	0
1	0
2	2
2	0
2	6
1	1
8	0
8	0
8	0
8	0
8	0
8	8
3	0
16	0
16	16
16	0
11	11
17	0
11	11
8	8
2	2
1	0
1	1
8	0
8	8
13	13
13	0
1	0
3	0
16	0
16	0
16	0
16	0
16	0
16	0
16	0
16	0
16	0
16	0
16	0
16	0
16	0
16	0
1	0
8	0
8	0
3	0
1	0
3	0
2	0
1	0
1	0
1	0
8	0
8	0
16	0
16	0
16	0
16	0
16	0
12	0
9	9
8	0
8	0
8	8
5	5
17	0
12	6
12	0
8	8
17	0
9	2
17	0
2	6
8	0
8	0
8	0
8	0
8	8
16	0
17	2
8	0
8	0
13	0
9	0
13	0
12	0
1	8
3	0
3	0
16	0
16	16
17	0
2	0
2	2
17	6
1	0
1	1
8	0
8	0
8	8
2	0
2	2
17	6
17	0
17	0
12	1
12	0
8	0
8	8
13	13
13	0
17	0
12	0
12	0
17	0
8	0
17	0
1	0
1	0
12	0
17	6
12	0
12	0
12	12
2	2
3	0
1	0
1	3
9	0
1	9
8	0
8	8
9	9
16	0
4	0
4	4
8	12
5	6
1	0
1	1
8	8
2	2
17	6
8	0
8	0
8	8
12	0
12	0
12	12
2	0
2	0
2	0
16	0
16	0
16	0
16	16
13	13
13	0
12	0
1	0
1	0
8	0
16	0
8	0
1	0
8	0
1	0
16	0
16	0
1	0
1	0
8	0
8	0
8	0
1	0
8	0
1	0
8	0
8	0
12	0
11	11
16	0
1	0
1	0
2	0
1	0
1	1
9	0
8	0
8	0
13	0
1	0
1	0
17	0
17	0
17	8
2	0
11	2
9	9
8	0
8	8
8	0
8	0
8	8
4	0
4	4
2	2
6	0
1	6
8	0
8	0
8	8
1	0
2	0
1	0
1	0
16	0
16	0
16	0
16	16
13	13
3	11
1	0
1	0
1	0
1	0
3	0
1	0
1	1
2	2
8	0
8	8
2	0
1	0
16	0
16	16
4	0
4	4
13	0
12	0
6	0
6	6
12	0
8	0
8	0
8	8
2	0
2	2
8	0
8	0
8	0
8	0
8	8
4	0
4	4
2	2
1	0
6	0
1	6
8	0
8	0
8	0
8	8
3	0
6	2
1	0
1	0
1	0
1	0
1	1
1	0
1	0
1	0
1	1
8	0
8	8
1	0
1	0
1	0
16	0
16	0
16	16
13	13
13	0
1	0
1	0
1	0
1	0
12	0
1	0
1	0
1	0
1	0
1	0
8	0
8	0
8	0
8	0
8	0
12	0
3	6
9	0
9	9
8	0
8	8
2	2
2	6
12	0
8	0
8	0
8	0
8	8
16	0
2	0
2	0
2	4
2	0
11	6
8	0
8	0
8	0
8	0
8	8
2	2
9	0
13	0
9	9
8	0
8	8
13	13
13	0
3	0
3	0
16	0
16	0
16	0
16	0
16	0
1	0
16	0
8	0
16	0
16	0
16	0
16	0
1	0
17	0
12	0
16	0
16	0
16	0
16	0
1	0
1	0
16	0
8	0
3	0
16	0
16	0
12	0
8	0
8	0
8	0
8	0
8	8
9	9
16	0
17	0
2	0
17	4
17	6
1	1
8	0
8	8
2	2
12	12
13	13
3	11
3	0
12	6
12	12
5	2
1	0
1	0
1	0
1	1
8	0
8	0
8	0
8	0
8	0
8	0
8	0
8	8
1	0
1	0
1	1
17	0
12	0
12	4
4	0
4	4
13	13
6	6
8	0
8	0
8	0
8	0
8	0
8	8
2	0
2	2
8	0
8	0
8	8
16	0
16	0
16	0
13	0
12	0
3	0
3	6
8	0
8	8
2	2
17	6
12	0
8	0
8	8
16	0
16	0
16	4
12	0
12	6
12	0
8	8
3	0
3	5
2	3
1	0
2	0
12	16
17	2
17	6
8	0
8	0
8	0
8	8
2	2
17	0
17	0
1	0
1	1
12	0
12	0
12	0
8	8
5	5
2	2
6	6
1	0
1	0
1	0
1	1
8	0
8	0
8	0
8	0
8	8
2	0
2	2
8	0
8	8
13	13
14	0
14	6
11	0
3	0
13	0
13	0
14	14
4	0
11	6
1	6
8	0
8	0
8	0
8	0
8	0
8	0
8	8
2	2
2	0
6	6
8	0
8	0
8	8
13	13
13	0
1	0
16	0
1	0
16	0
16	0
16	0
16	0
16	0
1	0
8	0
8	0
8	0
16	0
2	0
1	0
1	0
8	0
8	0
16	0
16	0
1	0
1	0
1	0
1	0
16	0
16	0
16	0
16	0
16	0
16	0
16	0
1	0
1	0
8	0
8	0
8	0
8	0
16	0
2	0
1	0
12	0
12	0
12	6
12	0
12	0
12	0
8	0
8	8
17	0
17	0
2	2
12	0
12	6
12	0
13	0
17	0
17	0
17	0
13	0
17	8
9	0
9	0
13	9
2	2
12	0
12	12
13	13
12	12
13	13
4	0
11	4
3	6
17	0
17	0
9	1
8	0
8	0
8	0
8	0
8	8
17	6
17	0
8	0
8	8
2	2
8	0
8	0
8	0
8	8
2	2
2	0
2	6
8	0
8	0
17	0
17	0
17	0
13	0
17	8
13	0
12	0
8	0
8	8
16	0
2	0
14	0
14	16
16	0
11	11
3	0
3	0
1	0
1	0
3	1
8	0
8	0
8	0
8	0
8	8
16	0
16	0
16	16
13	13
3	0
14	0
14	0
14	0
14	14
8	0
12	0
12	0
8	0
8	8
13	13
3	11
3	0
3	3
8	0
8	0
8	0
8	8
5	5
1	6
1	0
2	0
2	0
1	0
1	0
1	1
8	0
8	8
16	0
16	0
16	0
16	0
16	16
13	13
2	2
8	8
13	0
12	0
8	0
8	0
8	0
8	0
8	0
8	0
8	0
1	0
1	0
8	0
8	8
12	13
8	0
8	0
8	8
12	12
12	0
16	0
16	4
3	2
6	6
1	0
1	0
1	0
1	1
8	0
8	0
8	0
8	8
12	0
12	12
5	5
12	0
12	12
17	0
12	17
17	0
8	0
8	17
2	0
4	0
16	0
16	16
5	5
2	3
3	2
1	0
1	1
8	0
8	8
2	2
17	6
8	0
8	0
8	0
1	0
8	0
8	1
13	0
12	0
12	0
12	6
1	1
8	0
8	0
8	0
8	0
8	0
8	0
8	8
3	0
12	0
16	0
16	0
16	0
16	16
2	8
9	9
3	3
9	0
9	9
8	0
8	0
8	0
8	8
13	13
13	0
1	0
1	0
8	0
8	0
3	0
3	0
3	0
1	0
3	0
8	0
8	0
8	0
8	0
8	0
1	0
8	0
8	0
8	0
8	0
12	0
1	0
12	0
1	0
1	0
8	0
8	0
8	0
8	0
3	0
3	0
3	0
3	0
12	0
17	17
17	17
17	17
17	17
17	17
17	17
17	0
17	4
17	0
17	6
2	0
2	0
1	0
1	0
1	0
1	1
17	0
17	0
1	1
8	0
8	0
8	0
8	8
3	11
1	0
1	0
1	16
17	0
17	4
4	0
11	4
13	13
13	0
14	14
16	0
11	11
1	0
1	0
1	0
1	0
1	0
1	0
1	0
1	0
1	0
1	1
8	0
8	8
1	1
1	0
2	0
1	0
16	0
16	0
1	16
16	0
4	0
4	0
13	0
12	0
12	0
12	6
17	0
8	8
13	13
17	0
8	0
8	0
8	0
17	0
12	12
13	13
13	13
3	11
17	0
2	2
12	0
8	0
8	8
3	0
3	0
3	0
1	0
3	0
3	0
1	0
1	1
4	0
11	4
13	13
16	0
11	0
4	16
3	0
6	6
12	0
1	0
8	0
8	0
8	0
8	0
8	0
8	8
16	0
16	0
16	0
16	16
13	13
14	6
1	0
1	0
1	0
1	1
8	0
8	0
8	0
8	8
2	2
13	0
12	0
8	8
8	0
12	6
12	0
8	8
16	0
16	0
16	4
2	0
2	2
1	0
1	0
1	0
1	1
8	0
8	0
8	8
12	0
12	6
12	0
12	0
8	0
8	8
17	2
17	6
12	17
17	17
13	13
3	0
14	2
12	12
17	0
12	0
12	0
12	17
17	17
5	5
17	2
17	6
12	12
17	17
17	17
12	0
12	4
13	13
13	0
1	0
12	0
12	0
12	0
16	0
12	0
16	0
12	0
16	0
1	0
1	0
1	0
1	0
12	0
2	2
6	6
8	0
8	0
8	0
13	0
12	0
8	0
8	8
16	0
17	0
2	0
2	4
12	0
12	6
12	0
12	12
12	12
5	5
12	0
12	6
12	0
12	0
13	0
8	0
8	0
8	0
8	0
8	0
8	8
16	0
16	0
16	0
16	16
13	13
3	11
8	12
2	0
6	0
6	2
1	0
1	0
1	0
1	0
1	1
8	0
8	0
8	0
8	0
8	8
2	0
2	2
2	0
2	6
8	17
5	5
16	0
2	2
13	0
12	0
8	0
8	0
8	0
8	0
8	0
8	0
17	0
1	8
8	12
4	0
2	4
2	0
11	0
11	6
8	0
8	8
5	2
3	0
1	0
1	0
1	0
1	0
1	0
1	1
1	0
2	0
2	0
1	0
1	0
1	1
8	0
8	0
8	0
8	0
8	0
8	0
8	0
8	8
2	0
2	2
8	0
8	0
8	0
8	0
8	8
3	2
6	6
1	1
5	5
8	0
8	0
1	0
1	1
8	0
8	8
9	9
2	2
12	12
13	0
12	0
9	9
9	0
8	0
9	17
8	12
5	5
12	0
12	12
12	17
12	0
8	0
12	12
12	0
12	0
12	17
12	12
1	0
2	0
2	0
16	0
16	0
16	0
16	0
16	16
3	0
3	0
3	3
12	0
12	6
17	0
17	0
8	8
12	0
12	12
17	17
13	13
3	11
2	2
11	0
11	0
6	6
1	0
1	0
1	0
1	1
8	0
8	0
8	0
8	8
13	13
14	2
11	0
6	0
11	11
2	2
3	6
3	0
3	0
13	0
12	0
2	2
8	8
16	0
16	0
16	4
8	12
12	6
8	0
8	0
8	0
8	0
8	0
8	0
8	8
2	2
12	0
12	12
2	0
2	2
3	0
6	3
8	0
8	0
8	0
8	0
8	8
1	0
16	0
16	0
16	16
5	5
3	0
4	0
16	4
8	0
8	0
8	8
2	0
2	2
8	0
8	0
8	0
8	8
2	0
2	2
12	0
12	0
8	0
8	8
2	2
12	12
1	0
1	0
1	0
1	16
13	13
13	0
1	0
1	0
12	0
2	2
8	8
4	0
11	4
12	0
12	6
12	0
8	0
8	0
8	8
2	2
6	0
1	6
8	0
8	0
8	0
8	8
2	0
2	2
8	12
12	17
2	2
12	12
1	0
2	0
1	0
16	0
16	16
4	0
16	4
13	13
13	0
1	0
1	0
1	0
16	0
1	0
1	0
3	0
1	0
1	0
8	0
1	0
12	0
1	0
1	0
1	0
8	0
16	0
3	0
1	0
12	0
1	0
8	0
1	0
16	0
1	0
1	0
1	0
12	0
12	0
12	12
12	0
12	0
12	0
13	0
1	0
3	0
1	0
1	0
1	12
5	5
17	0
8	0
8	0
8	12
12	12
12	0
16	0
16	4
3	0
11	6
8	0
8	0
8	0
8	8
2	2
12	0
2	6
8	0
8	0
8	8
5	5
8	8
12	0
12	12
12	0
12	0
12	0
13	0
1	0
3	0
1	0
16	0
1	12
5	5
4	0
4	0
4	6
8	0
8	0
8	8
12	0
12	0
8	0
12	12
17	0
2	0
13	0
12	0
2	2
8	8
4	0
11	4
6	6
2	2
8	12
3	0
1	0
1	0
1	0
1	0
1	1
8	8
17	12
12	12
2	2
17	6
8	0
8	8
12	0
12	12
12	0
12	0
12	0
13	0
3	0
3	0
1	0
12	0
12	12
5	5
12	12
12	0
12	0
12	0
12	12
2	0
2	2
8	0
8	0
8	0
8	0
8	0
8	0
8	0
8	8
2	2
12	12
5	5
3	0
3	3
2	3
3	0
1	0
3	0
1	0
2	2
13	0
12	0
12	12
17	0
12	0
17	0
8	12
5	2
1	0
6	0
6	6
2	2
3	6
1	0
1	0
1	0
1	1
8	0
8	0
8	8
2	0
2	2
12	0
13	0
12	0
12	0
13	0
1	0
3	0
1	0
1	8
16	0
16	16
12	12
2	3
9	9
1	6
1	0
17	0
1	0
1	1
8	0
8	8
13	13
13	0
1	0
1	0
1	0
1	0
1	0
16	0
1	0
1	0
1	0
1	0
8	0
8	0
8	0
1	0
1	0
1	0
12	0
6	0
6	6
12	0
8	8
16	0
4	0
4	4
2	0
6	6
12	0
8	0
8	0
8	0
8	8
3	0
2	2
8	0
8	0
8	0
8	0
8	0
8	8
2	0
16	0
16	0
16	16
13	13
3	11
3	0
3	2
8	0
8	0
8	0
8	8
2	0
2	2
1	0
1	0
1	1
8	0
8	0
8	0
8	0
8	0
8	0
8	0
8	8
2	0
2	2
8	0
8	0
8	0
8	0
8	0
8	8
13	13
3	11
1	0
13	0
12	0
8	0
8	0
8	0
8	8
8	0
12	6
12	0
12	0
12	0
12	0
12	0
12	0
8	8
2	2
12	6
8	0
8	0
8	0
8	0
8	8
2	2
12	12
4	0
4	4
1	0
1	1
8	0
8	0
8	0
8	0
8	8
13	13
3	6
1	0
1	0
1	0
1	0
1	0
1	1
8	0
8	0
8	8
2	2
8	0
8	0
8	0
8	8
5	5
8	0
8	0
8	8
13	13
11	0
11	6
12	0
12	0
8	0
8	0
13	0
12	0
12	0
12	6
12	0
8	8
16	0
16	0
16	0
16	0
16	16
2	3
8	0
8	0
8	0
8	8
3	0
2	2
3	0
11	6
17	0
8	0
8	8
5	5
17	0
17	0
8	8
13	13
13	0
1	0
1	0
1	0
8	0
1	0
1	0
8	0
3	0
1	0
1	0
3	0
1	0
1	0
8	0
3	0
1	0
1	0
8	0
1	0
12	0
12	0
12	0
3	0
3	0
3	0
3	0
3	0
1	0
1	0
1	0
1	0
1	0
13	0
17	0
6	0
1	0
1	8
8	6
8	0
8	0
8	0
8	0
8	0
8	8
2	2
2	6
8	0
13	0
6	0
6	0
17	0
1	8
9	9
4	0
4	4
17	17
17	17
17	17
17	0
17	0
9	4
13	13
5	6
8	0
12	0
13	0
8	8
2	2
12	0
13	0
1	0
12	0
12	0
8	8
5	5
17	0
6	0
16	6
3	0
3	0
9	0
1	0
1	0
1	1
8	0
8	8
2	2
2	6
17	12
17	0
12	12
13	0
12	0
6	0
12	6
8	0
8	8
17	0
2	0
2	2
17	0
12	6
12	0
12	0
12	12
2	2
12	6
12	12
12	0
12	12
16	0
4	0
4	4
3	2
17	6
8	0
8	0
8	0
8	0
8	0
8	8
2	2
2	0
6	6
8	0
8	0
8	8
3	0
3	0
1	0
1	0
3	3
1	6
8	0
8	0
8	0
8	0
8	0
8	0
8	8
1	0
2	0
1	0
16	0
16	16
13	13
13	0
1	0
1	0
12	0
16	0
1	0
12	0
5	2
8	0
8	0
8	0
8	8
2	0
2	2
6	6
8	0
8	0
8	0
8	0
8	8
2	2
8	12
5	2
12	6
8	0
8	0
8	0
8	8
2	0
2	2
1	0
1	0
1	0
1	0
1	1
8	0
8	8
4	0
4	4
8	0
8	0
8	0
8	17
5	5
17	0
8	0
8	0
8	8
3	3
2	0
2	2
6	6
12	0
12	12
12	12
5	5
1	0
9	1
8	0
8	8
2	2
2	6
1	0
1	0
1	0
13	0
12	0
8	0
8	0
8	0
8	17
13	13
8	0
8	17
5	5
8	0
8	0
8	0
1	0
1	0
1	0
1	8
16	0
4	0
17	0
4	4
16	0
11	11
2	0
2	2
17	0
12	6
17	0
8	8
2	2
2	6
8	0
8	8
2	0
2	2
1	0
1	1
9	0
9	0
13	0
8	8
12	0
12	0
12	12
16	0
2	0
16	0
16	0
16	16
13	13
13	0
1	0
1	0
1	0
1	0
1	0
8	0
1	0
1	0
1	0
1	0
12	0
12	0
12	6
12	0
12	0
8	8
17	0
17	17
17	0
12	17
13	13
17	0
12	6
12	0
12	0
8	0
13	0
12	0
12	0
8	8
2	2
12	12
13	13
11	0
2	4
9	9
1	2
9	9
8	0
8	8
5	5
2	0
6	0
6	2
1	0
1	0
1	0
1	1
12	0
13	0
8	0
8	8
2	0
2	2
8	0
8	0
8	0
8	0
8	0
8	8
8	0
8	0
8	16
13	13
13	0
1	0
12	0
17	0
17	0
1	0
4	0
6	2
8	0
8	0
8	0
8	0
8	8
4	0
11	4
12	0
12	6
12	0
8	0
8	8
12	0
12	6
12	0
8	0
8	8
13	13
12	12
13	13
5	5
13	13
8	8
13	13
4	0
2	0
16	0
16	16
4	0
4	4
13	13
13	0
1	0
1	0
1	0
1	0
12	0
1	0
1	0
8	0
1	0
1	0
1	0
8	0
1	0
8	0
1	0
1	0
16	0
1	0
3	0
3	0
1	0
1	0
12	0
12	0
1	0
1	0
12	0
12	12
12	3
17	6
17	0
17	0
17	0
1	1
17	0
8	8
12	0
12	0
12	0
12	0
12	0
12	12
16	0
16	0
16	4
3	0
3	3
8	0
8	0
8	0
8	0
8	8
5	0
3	4
17	0
6	5
3	3
13	13
5	5
3	0
12	6
12	0
8	8
16	0
4	0
4	4
2	2
6	6
8	0
8	0
8	0
8	8
2	2
3	0
1	0
1	9
17	0
1	0
1	0
1	1
8	0
8	8
16	0
11	6
16	0
13	0
12	0
3	0
3	0
3	0
3	0
1	0
1	0
1	0
1	1
17	0
12	0
17	0
12	8
1	0
16	0
16	0
16	0
16	0
16	0
16	16
13	13
14	0
11	0
14	14
17	0
12	6
12	0
12	12
3	0
3	0
3	3
6	6
2	0
2	2
8	0
8	8
2	3
13	13
1	0
1	0
1	0
1	0
1	0
1	0
17	1
13	13
8	0
12	0
8	8
12	0
12	0
12	4
4	0
4	4
13	13
13	0
1	0
1	0
1	0
1	0
12	0
12	0
12	6
8	0
8	8
13	13
3	11
2	2
3	0
3	0
3	0
9	9
3	0
3	0
1	0
1	0
1	0
1	1
8	0
8	8
12	0
12	16
4	0
2	0
16	0
16	0
16	16
4	0
4	4
13	13
3	0
3	0
2	0
16	0
16	0
16	16
12	0
12	6
12	0
12	0
12	0
12	0
12	0
12	1
12	0
12	0
12	8
2	2
17	6
8	0
8	8
13	13
13	0
1	0
1	0
1	0
1	0
1	0
1	0
1	0
13	0
17	6
1	1
5	5
17	0
8	0
1	0
1	1
8	0
8	8
9	9
2	2
12	12
8	12
5	5
9	9
1	1
8	0
8	8
12	6
1	1
5	5
8	0
8	0
1	0
1	1
8	0
8	8
9	9
2	2
12	12
16	0
16	0
16	0
16	0
16	0
16	16
2	0
2	0
2	2
8	12
12	0
17	3
3	0
6	0
6	6
8	0
8	0
8	0
8	0
8	8
13	13
13	0
1	0
1	0
16	0
16	0
16	0
16	0
16	0
12	0
12	0
12	6
12	0
8	8
16	0
4	0
16	4
2	2
12	12
3	0
2	2
9	1
8	8
2	0
2	0
2	2
9	9
8	0
12	6
12	0
12	0
12	0
8	0
8	8
5	2
1	0
1	0
1	0
1	1
8	0
8	0
8	0
8	0
8	0
8	0
8	0
8	8
12	0
1	0
1	0
16	16
13	13
5	5
8	12
16	0
4	0
16	4
2	0
3	0
3	3
9	9
6	6
9	0
1	1
8	0
8	0
8	0
8	0
13	0
12	0
12	0
12	6
8	0
8	0
8	0
8	0
8	0
8	0
8	8
5	5
12	0
12	6
12	0
1	1
8	0
8	0
8	0
8	8
16	0
17	0
17	0
2	4
17	0
11	2
12	0
12	0
12	0
12	8
2	2
2	6
8	0
8	8
16	0
16	6
1	0
1	0
1	1
8	0
8	8
2	2
2	6
1	0
1	1
8	0
8	8
2	0
2	0
9	1
8	0
8	0
8	8
16	0
2	16
5	5
1	0
3	0
1	0
1	3
13	0
12	0
12	0
12	6
12	12
12	17
12	0
12	6
12	12
12	17
13	13
12	0
11	6
1	0
1	0
1	0
1	0
3	1
8	0
8	0
8	0
8	8
2	2
1	0
1	0
1	0
1	0
1	0
1	1
8	0
8	0
8	0
8	8
3	0
2	0
3	0
3	3
2	0
2	2
12	0
12	12
16	0
16	0
16	4
6	6
8	0
8	0
8	0
8	0
8	0
8	0
8	8
2	0
2	0
2	2
12	0
6	6
12	0
8	0
8	8
13	0
12	0
6	2
8	0
8	0
8	0
8	0
8	0
8	8
2	2
2	6
8	0
8	0
8	0
8	0
8	8
2	2
8	12
4	0
4	4
3	0
6	0
6	0
6	6
8	0
8	0
8	0
8	0
8	0
8	8
16	0
5	5
1	0
1	0
1	0
1	0
16	0
9	1
8	0
8	0
8	8
5	5
6	6
8	0
8	0
8	0
8	8
12	12
12	0
12	0
12	12
13	13
6	6
8	8
5	5
8	0
8	0
8	8
12	0
12	12
13	0
12	0
12	0
12	6
12	0
12	0
12	0
13	0
1	0
17	0
1	0
1	8
5	5
8	0
13	0
12	0
1	0
1	8
12	12
12	0
12	0
12	0
12	12
13	13
12	0
12	12
12	12
12	0
12	12
13	13
12	12
12	0
12	0
12	12
5	5
12	12
12	0
12	0
12	12
16	0
4	0
2	0
2	4
12	0
12	6
12	17
3	0
3	0
1	0
1	0
3	3
3	0
12	0
1	0
1	16
13	13
13	0
1	0
8	0
16	0
8	0
12	0
12	0
12	6
12	0
12	0
12	0
8	8
4	0
11	4
1	0
2	2
8	0
8	0
8	8
2	2
2	6
8	0
8	0
8	0
8	0
8	0
8	0
8	0
8	0
8	0
8	0
8	0
8	8
17	17
17	17
12	0
12	12
12	0
12	0
12	12
13	13
13	0
1	0
1	0
8	0
12	0
8	0
1	0
1	0
1	0
1	0
1	0
12	0
1	0
12	0
12	0
12	0
12	0
1	0
1	0
1	0
1	0
1	0
8	0
1	0
12	0
12	6
2	2
12	12
1	0
1	0
1	0
1	0
1	1
8	0
8	0
8	0
8	8
2	0
2	2
8	0
12	0
8	0
8	8
13	13
8	0
8	0
8	0
8	0
8	0
8	0
8	0
8	0
8	0
8	8
5	5
12	6
1	0
3	0
3	0
1	0
3	1
8	0
8	0
8	0
8	0
8	0
8	8
13	13
4	0
4	4
5	6
8	0
8	8
2	2
2	6
8	0
8	0
8	0
8	8
2	2
2	6
8	0
8	8
13	0
12	0
8	0
6	0
8	0
8	8
5	5
8	0
8	0
8	0
8	0
8	0
8	0
8	0
8	0
8	8
17	6
17	0
12	0
13	0
12	8
17	17
17	17
17	17
17	0
16	0
2	4
12	0
12	6
12	0
13	0
1	0
17	0
1	0
1	8
8	0
8	0
8	3
2	0
2	2
2	0
2	6
8	0
8	0
8	0
8	8
16	0
16	0
16	16
13	13
3	0
3	0
2	0
3	0
3	16
2	2
2	0
2	6
8	0
8	8
13	0
12	0
9	9
9	0
8	0
9	17
8	0
12	6
12	0
8	0
8	0
8	0
8	0
8	0
8	8
5	5
8	0
8	0
8	0
8	0
8	8
2	2
12	12
12	0
12	0
12	12
12	0
12	0
12	0
12	1
12	0
12	8
12	6
12	0
8	0
8	0
8	8
2	2
2	6
8	0
8	8
8	0
2	0
2	2
3	6
1	1
8	0
8	8
4	0
11	4
1	0
1	0
1	0
1	0
1	0
1	0
1	0
1	0
1	1
1	0
13	0
12	0
9	9
8	0
8	0
8	0
8	0
8	0
8	0
8	8
5	5
8	0
8	0
8	0
8	0
8	8
16	0
2	0
2	0
2	4
17	0
9	2
2	0
2	6
8	0
8	0
8	0
8	0
8	0
8	8
13	13
8	0
8	0
8	0
8	0
8	0
8	8
5	5
2	2
8	0
8	8
9	0
9	9
8	0
8	0
8	8
8	0
8	0
8	0
8	0
8	0
8	8
2	2
2	6
12	0
12	0
12	0
12	12
2	0
2	2
13	0
12	0
3	0
12	6
12	0
8	0
8	0
8	0
8	0
8	0
8	8
5	5
8	0
8	0
8	8
2	2
2	6
1	1
8	0
8	8
16	0
16	0
2	0
16	4
16	0
11	11
3	0
2	0
1	0
1	0
1	0
3	0
1	3
3	0
4	0
4	0
4	3
2	3
2	2
1	0
1	0
1	0
1	1
8	0
8	8
17	2
17	6
17	0
17	0
8	0
17	0
8	8
1	0
1	0
11	0
2	0
16	0
16	0
16	16
13	13
13	0
12	0
3	0
6	6
8	0
8	0
8	0
8	0
8	8
2	2
2	6
8	0
8	0
8	0
8	8
16	0
16	0
16	16
2	0
12	0
12	0
16	0
3	0
1	0
2	1
3	0
1	3
8	0
8	0
8	0
8	0
8	0
8	0
8	0
8	0
8	0
8	8
5	2
3	6
1	1
8	0
8	8
13	13
5	5
14	6
1	1
1	0
1	0
1	0
1	1
8	0
8	8
2	2
8	12
5	2
3	6
1	0
1	0
1	0
1	1
13	0
12	0
9	9
8	0
8	0
8	8
8	0
8	0
8	8
2	0
2	2
8	0
8	0
8	8
2	2
2	6
8	0
8	0
8	0
8	0
8	0
8	0
8	8
8	0
12	6
12	1
8	0
8	8
2	2
8	12
8	0
4	0
4	4
2	2
6	6
1	1
8	0
8	8
2	2
12	12
12	12
9	9
1	0
2	0
16	0
16	16
13	13
13	0
1	0
8	0
8	0
16	0
1	0
16	0
16	0
1	0
1	0
1	0
16	0
16	0
1	0
12	0
3	0
3	0
3	0
3	0
3	0
1	0
1	3
3	0
2	2
11	0
11	0
6	6
8	0
8	0
8	0
8	0
8	8
5	2
8	0
8	0
8	0
8	0
8	0
8	0
8	0
8	12
16	0
16	0
16	4
12	0
12	6
12	0
8	8
2	0
2	0
3	0
3	1
1	2
2	6
1	0
1	0
1	0
1	0
1	0
1	1
8	8
3	2
6	6
8	0
8	0
8	0
8	0
8	0
8	0
8	0
8	8
13	13
5	5
13	0
12	0
12	0
12	6
17	0
17	0
12	0
12	0
12	0
12	1
17	0
17	0
1	1
8	0
8	0
8	8
2	2
12	12
4	0
11	4
6	6
8	0
8	0
8	12
17	0
8	12
12	0
12	0
12	4
5	5
16	0
16	0
16	16
3	0
2	0
2	2
6	6
8	0
8	0
8	8
2	0
6	0
6	2
17	0
17	0
1	0
1	1
8	0
8	0
8	8
2	2
8	0
13	0
8	0
1	0
8	0
1	0
1	0
16	0
1	8
13	0
12	0
2	0
12	17
12	0
12	0
12	0
12	17
9	9
4	0
4	4
3	0
3	0
1	9
17	0
1	0
1	1
1	0
8	0
8	0
8	0
8	0
8	8
2	0
2	2
6	6
8	0
8	0
8	0
8	8
16	16
4	0
16	4
13	13
13	0
1	0
1	0
1	0
1	0
1	0
1	0
8	0
1	0
1	0
1	0
1	0
1	0
8	0
1	0
1	0
1	0
8	0
8	0
8	0
8	0
3	0
3	0
3	0
1	0
1	0
1	0
17	0
17	0
12	6
17	0
17	0
17	12
17	0
17	0
17	17
17	0
4	4
17	0
17	0
17	0
16	16
4	0
17	4
17	0
2	2
17	6
17	0
17	1
17	0
12	0
12	8
17	2
17	6
17	0
17	0
8	8
17	0
17	0
8	12
13	13
3	11
16	0
11	11
17	0
2	2
2	6
9	9
8	0
8	0
8	8
5	5
3	6
1	0
1	0
1	0
1	0
1	1
1	0
1	0
1	1
8	0
8	0
8	8
17	0
1	0
13	0
12	0
8	0
14	2
11	0
16	6
1	0
1	0
1	1
13	13
1	0
1	0
1	0
1	1
8	0
8	0
8	0
8	8
2	0
2	2
8	12
17	0
11	4
12	0
12	6
12	0
12	0
12	12
17	0
12	0
12	0
17	17
17	0
17	0
17	17
1	0
1	0
1	0
16	16
13	13
13	0
3	0
16	0
8	0
8	0
1	0
1	0
1	0
16	0
16	0
16	0
1	0
1	0
1	0
1	0
1	0
1	0
1	0
1	0
1	0
1	0
12	0
8	0
2	0
2	2
12	0
12	6
12	12
17	17
17	0
17	0
17	17
5	0
3	0
3	3
4	0
11	4
12	0
12	6
12	0
8	0
12	8
12	0
1	1
1	0
1	0
3	0
3	0
3	3
1	0
16	0
16	16
4	0
16	4
13	13
13	0
1	0
12	0
12	0
1	0
12	0
12	0
12	0
16	0
1	0
12	0
1	0
1	0
8	0
2	0
1	0
8	0
8	0
1	0
1	0
8	0
1	0
3	0
3	0
16	0
16	0
12	0
12	0
6	6
12	0
8	0
8	0
8	8
4	0
4	4
1	0
1	0
1	0
1	1
13	13
1	0
16	0
16	0
16	1
5	5
2	2
8	0
2	0
2	0
11	1
8	0
8	0
8	8
2	0
2	2
6	6
8	0
8	8
13	13
13	0
1	0
1	0
12	0
1	0
1	0
1	0
16	0
8	0
1	0
3	0
1	0
8	0
8	0
8	0
12	0
12	0
1	0
16	0
3	0
1	0
1	0
1	0
1	0
1	0
1	0
1	0
12	0
3	0
12	6
12	0
12	0
8	0
8	0
8	0
8	0
8	8
4	0
11	4
2	2
17	0
17	6
17	0
17	0
17	0
17	1
8	0
8	0
8	8
5	5
2	2
1	0
1	0
1	0
1	1
12	0
8	0
12	0
12	0
13	0
12	0
8	8
5	5
11	0
1	6
8	0
8	0
8	0
8	0
8	8
10	0
2	0
2	0
2	0
1	0
16	0
1	0
16	16
4	0
4	4
13	13
3	11
3	0
2	0
2	0
9	0
13	0
12	0
17	0
17	17
17	0
12	17
17	6
8	0
8	0
8	0
8	8
2	2
17	6
12	12
17	0
17	17
17	0
12	17
17	0
17	0
17	17
2	2
3	0
11	0
11	0
11	0
2	6
8	0
8	0
8	0
8	0
8	8
13	13
17	0
12	6
12	0
12	0
12	8
17	0
11	4
2	2
1	0
2	6
8	0
13	0
12	0
12	8
17	0
1	0
1	0
16	16
13	13
1	0
1	0
16	16
4	0
2	3
13	13
13	0
1	0
1	0
12	0
8	0
8	0
8	2
3	8
2	0
2	2
8	0
8	0
8	8
4	0
11	4
2	6
17	0
17	0
9	1
8	0
8	0
8	8
2	2
1	0
1	0
1	0
1	0
1	1
8	0
8	0
8	0
8	8
2	0
11	2
1	0
1	0
1	0
1	0
1	1
1	0
1	0
1	0
1	0
1	0
1	1
8	0
8	0
8	8
1	0
1	0
2	0
1	0
1	0
1	0
1	0
16	16
4	0
16	4
13	13
13	0
3	0
1	0
1	0
12	0
12	0
12	6
12	0
12	0
8	0
8	8
2	2
8	0
8	0
8	8
16	2
17	6
8	8
2	0
2	2
8	0
13	0
17	0
12	0
12	0
12	8
4	0
4	0
4	4
1	0
1	0
1	0
1	0
1	1
3	2
17	6
12	0
13	0
12	0
12	0
12	0
12	8
16	0
16	16
13	13
13	0
1	0
8	0
8	0
8	0
12	0
12	0
1	0
12	0
8	0
8	0
8	0
8	0
8	0
8	0
16	0
16	0
1	0
3	0
12	0
13	13
8	0
8	0
12	0
12	0
1	8
12	0
12	0
12	0
8	0
17	0
17	0
17	0
17	0
17	0
17	12
11	6
1	0
1	0
1	0
1	0
1	0
1	0
1	1
8	0
8	8
16	0
16	0
16	0
16	0
16	16
11	0
11	11
8	0
8	17
12	17
13	13
12	0
12	6
12	0
12	0
8	0
13	0
1	0
1	0
1	0
1	0
8	8
2	2
17	6
12	0
12	0
12	12
12	12
16	0
16	0
12	4
2	0
13	0
13	0
8	0
12	17
12	17
16	0
16	0
16	16
2	2
6	6
1	0
1	0
1	0
1	1
8	0
8	0
8	8
2	0
2	2
1	0
1	0
1	0
1	0
1	0
1	1
8	0
8	0
8	0
8	0
8	0
8	8
2	2
2	6
8	8
5	5
16	0
16	0
16	0
16	0
16	16
16	0
12	0
12	3
11	0
11	2
3	0
2	2
9	0
1	0
9	9
8	0
8	0
8	0
8	0
8	8
13	13
3	11
3	0
2	2
9	9
13	0
12	0
2	2
6	6
8	0
8	0
8	0
8	0
8	0
8	8
2	2
11	0
11	0
6	6
8	0
8	0
8	0
8	0
8	8
16	2
6	6
6	0
1	0
1	0
1	1
8	0
8	8
2	2
12	12
5	5
12	0
12	0
12	12
13	13
16	0
16	0
16	4
8	0
8	17
8	17
9	9
1	0
1	6
17	0
8	0
8	8
5	2
8	0
8	0
8	0
8	0
8	8
2	0
2	0
2	2
6	6
8	0
8	0
8	0
8	8
13	0
12	0
2	2
2	0
11	0
11	6
1	0
1	0
1	0
1	1
5	5
3	0
3	0
3	3
1	0
1	0
1	0
1	0
1	0
1	1
8	0
8	0
13	0
12	0
1	0
1	0
1	0
1	0
8	8
13	13
5	5
11	0
11	0
6	6
3	0
1	0
1	0
1	0
1	0
1	0
1	1
2	0
3	5
1	0
1	0
1	0
1	0
1	0
1	3
2	3
1	1
8	0
8	0
8	0
8	8
13	13
16	0
16	0
16	4
12	0
13	0
12	0
17	2
1	0
1	0
1	0
1	0
1	0
1	1
8	0
8	8
16	0
16	0
16	16
13	13
1	0
3	0
3	0
16	0
16	16
16	0
12	11
3	3
17	0
3	0
3	0
3	3
3	0
1	10
13	13
17	0
12	6
12	0
8	8
2	2
2	6
8	0
8	8
3	0
3	10
12	0
1	0
1	0
1	16
5	5
3	0
3	0
3	0
16	0
16	0
16	16
6	6
8	0
8	0
8	0
8	8
17	0
6	6
12	0
8	0
13	0
12	0
2	2
12	0
12	12
4	0
4	4
3	0
9	9
2	0
1	0
1	1
8	0
8	0
8	0
8	0
8	8
2	2
6	6
8	0
8	0
8	1
8	0
8	0
8	0
8	0
8	0
8	8
12	0
12	0
8	12
5	5
12	0
12	0
12	0
12	12
2	0
2	0
16	0
16	16
4	0
4	4
13	13
13	0
1	0
3	0
8	0
1	0
1	0
12	0
12	0
3	0
3	0
3	0
8	0
8	0
1	0
1	0
1	0
8	0
1	0
12	0
12	0
12	6
12	0
12	0
8	8
2	2
12	0
12	0
12	0
12	12
16	0
16	0
16	4
3	0
1	0
3	0
3	0
1	3
2	2
17	6
17	0
17	0
12	17
17	17
17	17
17	17
13	13
12	0
12	0
12	0
12	12
13	13
17	17
17	17
9	9
12	0
12	6
12	0
12	0
8	0
8	0
8	8
13	13
17	17
17	17
17	0
17	17
13	13
16	0
2	0
2	16
13	13
13	0
8	0
8	0
3	0
16	0
16	0
16	0
12	0
2	2
8	0
12	0
8	0
8	12
13	13
11	0
6	0
11	6
2	2
2	6
1	0
1	0
1	0
1	1
8	0
8	0
8	0
8	8
2	2
2	6
8	0
8	0
8	8
13	13
16	0
16	0
16	4
12	0
12	17
12	17
3	0
1	0
1	0
3	3
3	0
12	6
12	0
8	0
8	8
2	2
2	6
12	0
13	0
12	0
8	0
8	8
2	2
1	0
1	0
1	0
1	1
8	0
8	0
8	0
8	0
8	0
8	0
13	0
12	0
2	2
6	6
8	0
8	0
8	0
8	8
2	0
2	2
8	0
8	0
8	0
8	0
8	0
8	0
8	0
8	0
8	8
2	0
2	2
8	0
8	8
2	0
2	2
8	0
8	0
12	0
8	0
8	8
12	0
12	0
12	12
8	8
9	9
13	13
4	0
11	4
8	0
8	17
12	17
12	0
12	6
12	0
1	0
1	0
3	1
2	2
12	12
13	13
1	0
1	0
1	0
16	16
13	13
13	13
13	0
1	0
1	0
1	0
16	0
13	0
6	6
8	0
9	0
9	9
8	0
8	0
8	0
8	8
3	11
9	9
2	2
2	6
1	0
3	0
1	0
1	0
1	1
8	0
8	0
8	0
8	0
8	0
8	8
2	2
12	0
12	0
12	0
12	0
12	8
13	13
12	0
12	12
13	13
12	0
12	12
5	5
12	12
2	0
2	0
16	0
16	16
4	0
16	4
4	0
4	4
13	13
16	0
14	0
14	0
14	4
9	9
2	2
1	0
1	0
1	1
8	0
8	0
8	0
13	0
12	0
8	6
8	0
8	0
8	0
8	0
8	8
2	0
2	2
8	0
8	0
8	8
9	9
2	2
8	12
4	0
11	4
3	0
2	0
3	0
3	3
11	0
2	2
1	6
3	0
2	0
2	0
2	0
2	0
1	0
1	0
1	0
1	1
8	0
8	0
8	0
8	0
8	0
8	0
8	0
8	0
8	8
2	2
9	9
9	0
8	0
8	0
8	8
1	0
1	0
1	0
16	16
4	0
16	4
13	13
13	0
1	0
3	0
8	0
8	0
12	0
17	0
12	17
12	17
16	0
4	0
4	4
3	0
3	3
3	0
6	0
5	5
3	3
3	0
3	0
3	3
1	0
2	0
1	2
1	0
1	0
1	1
8	0
8	0
8	0
8	0
8	0
8	0
8	8
16	0
16	0
16	16
13	13
3	11
3	0
2	0
2	0
3	0
2	2
2	2
2	0
11	0
6	6
8	0
8	0
8	0
8	8
8	0
8	0
8	16
4	0
16	4
4	0
11	4
13	13
13	0
1	0
16	0
1	0
1	0
12	0
6	2
8	0
8	0
8	8
2	0
2	2
8	0
8	0
8	0
8	0
8	8
4	0
4	4
12	0
12	6
12	0
8	0
8	0
8	8
2	2
2	6
12	0
12	8
2	0
6	0
6	2
1	0
1	0
1	0
1	1
8	0
8	8
2	2
1	0
1	6
8	0
8	0
8	8
1	0
2	0
1	0
1	0
16	16
4	0
16	4
13	13
3	11
2	0
14	2
8	0
8	0
13	17
2	2
3	0
3	2
1	0
1	1
8	0
13	0
12	0
2	0
2	2
6	6
8	0
8	0
8	0
8	0
8	0
8	0
8	8
2	2
2	0
6	0
6	6
8	0
8	8
2	2
12	0
12	0
12	12
5	5
12	12
12	0
16	0
16	0
16	0
12	16
12	0
12	6
12	0
12	0
8	0
8	0
13	0
12	0
1	8
5	0
3	3
3	0
3	0
3	3
12	0
1	0
1	0
1	16
13	13
13	0
1	0
1	0
1	0
1	0
1	0
1	0
1	0
8	0
8	0
8	0
1	0
1	0
12	0
13	13
8	0
8	0
12	0
12	0
1	8
12	17
12	17
12	0
12	0
12	0
12	0
12	0
17	0
17	0
17	0
17	0
12	12
5	2
1	0
6	0
1	0
1	1
1	0
1	0
1	0
1	0
1	1
8	0
8	0
8	0
8	8
2	2
3	0
1	0
1	0
1	0
1	1
8	0
8	0
8	0
8	0
8	8
16	0
4	0
16	4
12	17
12	17
2	3
9	9
2	0
12	6
8	0
8	8
2	2
2	6
12	0
8	0
13	0
12	0
3	3
8	0
16	0
16	16
12	17
12	17
3	6
1	0
1	1
8	0
8	0
8	8
1	0
2	10
13	13
3	3
3	0
4	0
14	0
14	14
11	0
11	0
11	11
5	6
1	0
1	0
1	1
8	0
8	0
8	0
8	0
8	0
8	0
8	0
8	8
3	0
1	0
1	0
2	3
2	2
2	6
8	0
8	0
8	8
2	0
3	0
1	0
1	0
16	0
16	0
16	16
13	13
13	0
1	0
1	0
1	0
1	0
1	0
1	0
12	0
3	0
2	0
2	0
1	0
1	2
2	0
12	0
1	1
8	0
8	0
8	0
8	0
8	8
2	0
2	2
6	6
8	0
8	8
2	2
3	0
2	1
1	0
1	1
5	5
1	0
1	0
1	1
8	0
8	0
8	8
16	0
16	0
16	4
12	17
12	17
9	9
2	2
8	0
8	0
8	0
8	0
8	8
2	2
8	12
12	0
12	0
12	0
12	0
12	17
12	0
6	6
1	0
1	0
1	0
1	0
1	0
1	0
1	0
13	0
11	0
2	2
6	0
6	0
6	6
17	0
1	0
1	0
1	1
8	0
8	0
8	0
8	0
8	8
13	13
3	11
6	6
8	0
8	0
8	8
2	2
3	0
2	6
1	1
8	0
8	0
8	0
8	0
8	8
16	0
16	0
16	16
4	0
4	0
4	4
5	5
3	0
4	0
14	0
14	3
2	0
11	0
6	2
8	0
8	0
8	0
8	0
8	0
8	0
8	0
8	8
2	0
1	0
1	0
16	0
16	0
16	16
4	0
11	0
13	0
12	0
3	2
1	0
1	0
1	0
1	0
1	0
1	0
1	1
8	0
12	0
16	0
16	0
1	16
6	6
1	0
1	0
1	0
1	0
1	0
1	0
1	0
1	1
8	0
8	0
8	0
8	0
8	8
2	2
12	17
12	17
12	2
12	0
12	0
12	0
1	0
1	1
1	0
1	0
1	1
8	0
8	0
8	0
8	0
8	0
8	0
8	8
2	0
2	2
12	0
12	0
8	0
8	8
13	13
13	0
3	0
3	0
3	0
16	0
16	0
12	0
2	2
6	6
1	0
1	0
1	0
1	1
8	0
8	0
8	8
2	2
17	0
6	6
8	0
8	8
16	0
16	0
16	0
16	0
16	16
3	0
3	2
5	5
3	0
3	2
3	0
6	6
8	0
8	8
2	2
8	0
8	0
8	0
8	0
8	8
13	13
14	0
3	0
14	0
14	14
12	0
12	6
12	0
8	0
8	0
8	0
8	8
6	6
8	0
8	0
8	0
8	0
8	0
8	0
8	0
8	0
8	0
8	8
1	0
13	0
12	0
14	0
6	6
12	0
8	0
8	0
8	0
8	0
8	0
8	8
3	11
2	2
6	6
3	0
1	0
1	1
8	0
8	0
8	0
8	8
1	0
10	0
2	0
1	0
16	16
4	0
4	4
4	0
4	4
13	13
16	0
14	0
14	0
14	4
4	0
3	3
3	6
1	0
1	0
1	1
8	0
8	0
8	0
8	0
8	0
8	0
8	8
2	0
2	2
8	0
8	8
16	0
3	4
13	13
3	11
3	0
3	3
12	17
12	17
13	0
12	0
3	0
14	0
2	0
14	0
14	0
14	0
14	2
11	0
11	11
2	2
6	6
8	0
8	0
13	0
8	8
2	0
2	0
2	2
12	0
12	6
12	0
8	0
8	12
2	2
12	17
12	17
5	6
17	0
17	0
17	0
1	1
8	0
8	0
8	0
8	8
16	0
16	0
16	0
16	16
16	0
16	0
16	4
13	13
4	0
11	4
6	6
8	0
8	0
8	0
8	0
8	0
8	8
2	0
2	0
2	2
12	0
12	6
8	0
13	0
12	0
2	0
2	0
2	0
2	2
8	0
8	0
8	0
8	8
2	2
8	0
8	0
8	8
2	2
8	0
8	0
8	0
8	0
8	0
8	0
8	8
5	5
8	0
8	0
8	0
8	0
8	0
8	8
12	0
4	0
4	0
16	16
11	0
11	11
17	0
17	0
17	0
17	3
3	2
1	0
1	0
1	0
1	1
8	0
8	0
13	0
1	0
12	0
17	0
17	0
8	8
13	13
3	11
3	2
1	0
1	0
1	0
1	0
1	1
13	0
12	0
6	6
8	0
8	0
8	0
8	0
8	0
8	0
8	0
8	8
2	2
2	6
1	0
1	0
1	0
1	0
1	0
1	1
8	0
8	0
8	8
2	2
8	0
8	0
8	8
5	5
12	0
12	8
16	0
3	0
16	0
16	16
16	0
11	6
3	0
1	0
1	0
1	1
8	0
8	0
8	0
8	8
13	13
13	0
1	0
1	0
1	0
1	0
1	0
1	0
1	0
16	0
3	0
16	0
16	0
16	0
16	0
1	0
1	0
1	0
12	0
12	17
12	17
17	0
16	0
17	4
12	3
9	9
1	0
2	0
1	0
1	0
1	1
8	0
8	0
8	0
8	8
16	0
12	0
4	0
4	16
1	0
1	0
1	0
1	0
1	16
5	5
1	0
3	1
1	0
1	0
1	0
1	0
1	0
1	0
1	1
8	0
8	0
8	8
2	2
1	0
1	0
1	0
1	0
1	1
8	0
8	0
8	0
8	8
16	0
16	0
4	0
4	16
1	0
2	0
16	0
16	0
16	16
13	13
13	0
12	0
2	2
6	0
6	0
6	6
8	0
8	0
8	0
8	8
16	0
4	0
4	16
11	0
11	11
2	0
2	0
1	0
1	1
12	0
8	8
16	0
16	0
16	0
16	16
13	13
13	0
1	0
1	0
16	0
16	0
16	0
16	0
16	0
3	0
2	0
2	0
2	0
1	0
1	0
16	0
8	0
2	0
2	0
16	0
16	0
16	0
8	0
2	0
2	0
1	0
1	0
1	0
8	0
16	0
16	0
16	0
16	0
11	0
3	0
2	0
12	0
6	6
8	0
8	0
8	0
8	0
8	8
2	0
2	2
8	0
8	0
8	0
8	0
8	0
8	0
8	8
2	0
2	0
2	2
6	6
8	0
8	0
8	0
8	0
8	8
4	0
11	4
8	0
2	0
2	2
12	17
12	17
12	6
12	0
17	0
17	1
8	0
8	0
8	0
8	0
8	8
13	13
13	0
1	0
1	0
1	0
1	0
1	0
1	0
1	0
1	0
16	0
1	0
2	0
1	0
1	0
1	0
1	0
8	0
16	0
12	0
6	6
12	0
1	0
1	0
1	0
1	1
12	0
8	0
8	8
12	2
17	0
17	0
17	0
1	1
1	0
1	0
1	0
1	0
1	0
1	1
8	0
8	0
8	8
5	5
8	0
8	0
8	0
8	8
2	0
2	2
8	0
8	0
8	0
8	17
5	5
8	0
8	0
8	0
8	8
16	0
4	0
4	0
4	0
11	16
2	0
2	2
8	0
8	0
8	0
8	0
8	8
2	0
3	5
2	0
1	0
1	0
1	0
1	16
13	0
12	0
13	13
8	0
8	0
8	0
12	0
1	8
12	0
8	0
12	12
12	12
12	0
12	0
12	0
12	12
12	0
12	6
12	0
12	0
12	12
12	12
12	0
12	0
12	0
12	12
12	0
16	16
17	0
2	2
11	0
11	6
3	0
3	0
1	0
1	0
1	0
3	1
8	0
8	0
8	8
2	2
1	0
1	0
1	0
1	0
1	1
8	0
8	0
8	0
8	8
3	0
3	0
16	0
16	0
16	16
13	13
13	0
1	0
1	0
16	0
12	0
17	6
17	0
17	0
1	0
1	1
8	0
8	0
8	8
2	2
2	6
1	0
1	0
1	0
1	0
1	1
8	0
8	0
8	8
5	5
12	6
4	0
17	0
17	0
16	0
17	0
17	0
16	1
8	0
8	0
8	0
8	0
8	0
8	8
2	0
2	2
17	0
13	0
17	0
13	0
17	0
17	0
13	0
17	0
17	0
8	8
17	2
8	0
8	8
5	5
8	0
8	12
8	0
5	5
8	0
8	0
8	12
16	0
12	0
13	0
12	0
12	0
12	0
12	12
16	0
4	0
4	4
3	2
1	0
1	0
1	6
8	0
8	0
8	0
8	8
2	0
2	0
2	0
2	0
1	0
1	0
1	1
8	0
8	0
8	0
8	0
8	0
8	8
1	0
2	0
16	0
16	16
13	13
5	5
12	0
12	0
12	12
16	0
4	0
4	4
2	2
11	0
11	0
6	6
8	0
8	0
8	0
8	0
8	8
2	2
17	6
12	0
12	12
8	0
8	12
12	17
13	13
2	2
11	6
13	0
12	0
8	0
8	0
8	0
8	0
1	17
8	0
8	17
16	0
16	0
4	4
2	0
2	2
8	0
8	8
2	2
12	12
12	0
12	6
12	0
1	0
17	0
9	1
1	0
1	0
1	1
8	0
8	0
8	0
8	0
8	8
2	2
12	0
12	0
12	0
12	12
2	0
2	0
16	0
16	16
5	5
3	0
12	0
16	0
4	0
16	16
6	0
6	0
3	3
1	0
11	6
1	0
1	0
1	1
8	0
8	0
8	0
8	0
8	0
13	0
12	0
12	0
12	12
12	0
12	12
16	0
4	0
4	4
12	0
12	6
12	0
8	0
8	0
8	0
8	0
8	0
8	8
1	0
1	0
1	0
1	0
1	1
10	0
2	0
16	0
16	16
13	13
5	5
12	12
4	0
11	4
2	0
2	0
2	2
11	0
11	11
2	2
8	0
8	0
8	0
8	8
2	0
2	2
8	0
8	0
8	0
8	0
8	0
8	0
8	8
2	0
2	2
8	0
8	0
8	12
5	5
2	0
2	2
8	0
13	0
12	0
12	0
12	12
8	0
16	0
16	4
16	0
16	2
8	0
8	0
8	0
13	0
1	0
1	0
1	0
1	0
8	8
2	2
12	0
12	0
12	0
12	12
8	0
8	8
1	0
2	0
1	0
16	0
16	16
5	5
8	0
16	0
16	4
2	6
8	0
8	0
8	0
8	0
8	0
13	0
1	0
3	0
3	0
1	8
2	0
2	2
12	0
1	1
8	0
8	0
8	0
8	0
8	8
12	0
1	0
1	0
1	0
1	0
16	16
13	0
12	0
2	2
12	12
12	0
16	0
17	4
12	0
12	12
16	0
16	2
17	0
8	8
13	13
17	17
17	17
17	17
17	17
13	13
12	0
12	6
12	0
8	0
8	0
8	12
12	12
12	0
12	0
12	12
5	2
3	0
1	0
1	1
8	0
8	0
8	0
8	0
8	0
8	8
2	0
2	0
2	0
16	0
16	0
16	0
16	16
13	13
13	0
1	0
12	0
16	0
3	0
16	0
12	0
12	0
1	0
1	0
1	0
16	0
17	0
17	0
12	0
8	8
8	0
12	0
8	0
8	0
8	8
16	0
16	0
4	4
11	0
11	0
11	6
17	0
17	0
1	0
1	1
8	0
8	0
8	0
8	0
8	8
2	2
8	0
12	0
8	0
8	0
8	8
13	13
12	0
12	12
13	13
16	0
16	0
16	16
5	5
3	0
16	0
16	4
11	0
11	11
3	2
17	6
17	0
8	0
8	0
13	0
12	0
8	8
12	0
12	12
12	17
9	9
16	0
2	0
16	0
16	16
13	13
13	0
3	0
12	0
17	0
17	0
12	0
17	0
12	0
12	0
12	12
12	0
12	0
12	1
8	0
8	0
12	0
8	8
17	0
17	0
17	0
17	8
12	0
12	12
17	0
12	0
12	4
17	0
17	0
17	2
17	0
12	3
5	5
3	3
1	0
1	0
1	16
13	13
14	0
14	2
8	0
8	0
8	0
8	0
8	8
12	0
2	2
16	0
2	0
11	0
9	0
1	6
8	0
1	0
11	0
8	8
17	0
12	0
2	2
8	0
8	0
8	0
13	0
12	0
3	11
12	0
12	4
11	0
16	0
16	0
16	0
16	1
2	0
1	6
17	0
8	0
8	0
8	0
8	0
8	8
2	2
2	0
11	0
11	6
8	0
8	0
8	0
8	0
8	0
8	0
8	8
13	13
17	0
1	2
8	0
8	0
8	8
3	11
3	0
2	2
12	0
12	6
12	0
12	12
13	13
8	0
8	0
1	0
1	0
1	17
1	0
1	0
1	0
1	17
8	0
8	0
8	0
8	0
8	0
8	17
13	13
11	0
13	0
12	0
9	9
4	0
11	4
1	0
1	2
12	0
12	12
12	0
12	6
8	0
8	0
8	0
8	0
8	8
12	0
12	0
12	4
13	13
13	0
3	0
8	0
12	0
12	0
12	0
1	0
1	0
1	0
8	0
12	0
1	0
1	0
1	0
17	0
12	0
12	0
12	0
12	0
12	0
12	0
8	0
8	0
12	0
12	0
12	0
1	0
1	0
3	0
16	0
1	0
1	0
1	0
8	0
17	0
17	0
1	0
1	0
1	0
17	0
12	0
12	0
17	0
12	11
1	0
1	0
2	1
8	0
8	0
8	0
8	8
2	0
2	0
16	0
16	0
16	0
16	16
11	0
11	11
2	0
2	0
2	0
2	0
3	2
1	0
2	0
1	0
1	0
1	0
1	0
1	0
1	1
8	0
8	0
8	8
1	2
2	0
2	0
2	0
2	0
2	0
6	1
8	0
8	0
8	8
13	13
3	11
3	0
1	6
8	0
8	8
12	0
1	0
17	0
1	0
1	0
1	1
4	0
4	4
13	13
13	0
12	0
6	0
6	6
12	0
8	0
8	0
8	0
8	0
8	0
8	8
16	2
8	0
8	0
8	0
8	0
8	0
8	8
5	5
8	0
8	0
8	0
8	0
8	0
8	8
16	0
4	4
3	0
1	0
1	0
1	0
1	0
3	3
3	0
2	2
2	0
6	0
8	6
1	0
1	0
1	0
1	0
1	1
8	0
12	0
12	0
1	8
2	0
2	2
8	0
8	0
8	0
8	8
1	0
1	0
1	0
1	0
16	16
13	13
13	0
1	0
12	0
3	0
2	2
1	0
1	0
3	0
1	6
8	0
8	0
8	0
8	8
3	0
3	0
1	0
16	16
11	0
11	11
12	0
12	12
17	0
2	2
3	0
1	6
1	0
1	0
1	0
1	1
5	5
3	0
3	0
1	0
1	0
1	0
1	0
1	0
1	0
1	1
1	0
1	1
8	0
8	0
8	0
8	0
8	0
8	8
2	2
3	0
3	0
1	0
1	0
1	0
1	1
8	0
8	0
8	0
13	0
8	0
8	0
8	0
13	0
12	0
12	0
12	6
8	0
8	0
8	0
8	8
2	2
11	0
11	0
11	6
1	0
1	0
1	0
1	0
1	1
8	8
4	0
4	4
3	0
9	3
12	0
2	2
8	0
8	0
8	0
8	0
8	8
2	0
2	2
12	0
11	0
12	0
9	1
8	0
8	8
1	0
2	0
1	0
16	0
1	16
4	0
16	4
13	13
13	0
1	0
1	0
1	0
1	0
1	0
2	0
1	0
1	0
2	0
8	0
8	0
1	0
1	0
1	0
1	0
12	0
9	0
8	0
9	17
8	0
12	0
12	0
12	12
8	0
8	8
12	0
12	0
12	0
12	12
12	12
12	0
12	0
12	12
8	0
8	12
8	0
12	6
12	0
12	0
8	0
8	0
8	0
8	0
8	0
8	8
5	5
9	6
8	0
8	0
13	0
8	0
8	0
8	8
2	0
2	2
2	0
6	0
1	6
8	0
8	0
8	8
13	13
14	0
2	11
14	0
2	0
2	2
9	9
1	3
1	0
1	0
1	0
1	0
1	0
13	0
12	0
12	0
12	6
8	0
8	8
2	2
9	9
8	8
8	0
8	0
8	0
8	0
8	8
4	0
4	4
2	2
1	0
1	0
1	0
1	0
1	0
1	0
1	1
1	0
1	0
1	0
1	0
1	0
1	0
1	1
8	0
8	0
8	0
8	8
2	0
2	0
2	0
1	0
1	0
1	0
1	0
16	16
4	0
16	4
5	5
3	0
3	0
1	16
3	0
1	0
1	0
1	0
1	0
3	3
2	2
3	0
6	0
1	6
12	0
13	0
12	0
12	0
12	6
12	0
8	0
8	8
13	13
12	0
12	6
12	0
8	8
5	5
9	6
8	0
8	0
8	8
2	0
2	2
2	0
6	0
1	6
8	0
8	0
8	0
8	0
8	0
8	8
17	0
16	0
1	0
16	0
17	16
17	0
4	0
17	2
1	8
13	13
13	0
17	0
17	0
1	0
1	0
1	0
17	0
17	0
8	0
8	0
1	0
1	0
12	0
8	0
17	0
17	0
16	0
12	0
16	0
8	0
8	0
1	0
1	0
12	0
6	6
1	0
1	0
1	0
1	0
1	0
1	0
1	1
8	0
8	0
8	0
8	0
8	0
8	8
4	0
11	4
5	2
8	0
8	8
17	0
17	2
17	0
1	6
8	0
8	0
8	8
1	0
2	0
1	0
1	0
1	0
1	0
16	0
16	16
4	0
16	4
13	13
11	0
3	14
9	6
8	0
8	8
12	12
16	6
17	0
1	0
2	1
12	0
8	0
8	0
8	0
8	0
8	0
8	8
1	0
17	0
17	0
1	0
13	0
12	0
17	12
17	12
17	0
12	6
17	12
17	12
17	0
17	4
9	9
5	2
1	0
1	0
1	0
1	0
1	0
1	1
8	0
8	8
17	0
12	0
17	2
8	0
8	0
8	0
8	0
8	8
12	0
2	2
12	0
12	12
12	0
12	16
13	13
13	0
1	0
17	0
1	0
12	0
8	0
17	0
17	0
1	0
1	0
17	0
17	0
17	0
17	0
17	0
17	0
17	0
12	0
12	0
8	0
1	0
1	0
1	0
1	0
1	0
1	0
12	0
12	0
12	0
12	6
8	0
8	0
8	0
8	8
17	0
2	2
1	0
1	0
1	0
1	1
1	0
1	0
1	0
1	0
1	1
8	0
8	0
8	0
8	0
8	8
13	13
12	0
12	6
12	0
8	8
5	5
3	0
2	2
12	0
12	6
1	0
1	0
1	0
1	0
1	0
1	0
1	1
8	0
12	0
8	0
8	0
8	8
4	0
4	4
2	0
2	2
9	6
12	0
12	1
8	0
8	0
8	0
8	1
8	0
8	0
13	0
13	0
12	0
12	6
17	0
12	0
11	8
4	0
11	4
2	2
9	9
13	13
9	9
17	0
17	0
2	5
9	9
8	8
8	0
8	0
8	0
8	0
8	8
1	0
1	0
1	0
1	0
16	0
1	1
5	5
3	0
3	0
3	0
3	0
3	0
1	0
16	16
11	0
2	2
11	0
11	0
11	6
1	0
1	0
1	0
8	0
8	0
8	0
8	0
1	0
8	1
13	13
3	0
3	0
3	0
5	0
14	0
16	0
14	0
3	0
13	0
12	0
17	0
12	12
12	0
12	6
9	9
16	0
16	0
16	0
16	0
3	1
2	0
2	0
1	0
1	1
8	0
8	8
3	0
3	0
3	16
2	0
2	2
8	0
8	0
8	0
8	8
2	0
2	2
3	0
12	6
9	9
1	0
2	0
1	0
1	0
1	0
1	0
1	1
8	0
8	0
8	8
17	0
8	12
17	0
12	6
12	0
12	0
12	8
5	5
16	0
17	0
17	0
16	0
17	16
17	0
1	2
12	0
12	0
12	0
13	0
12	0
17	0
12	6
12	0
12	0
8	0
8	0
8	0
1	8
2	0
2	2
8	0
8	0
8	0
8	0
8	8
4	0
2	11
16	2
8	0
8	8
5	5
8	0
12	8
1	0
1	0
1	0
1	16
13	13
4	0
4	4
5	2
8	0
8	0
8	0
8	0
8	0
8	0
8	0
8	0
8	8
16	0
12	0
2	5
8	0
8	0
8	0
8	8
1	2
12	0
12	0
8	1
5	0
12	0
2	2
12	1
1	0
1	0
1	1
13	0
12	0
12	0
12	12
8	0
8	2
8	0
8	0
8	0
8	8
3	0
10	2
3	0
12	6
2	0
2	0
16	0
2	3
2	0
2	0
1	0
1	1
8	0
8	8
2	0
2	2
3	0
12	6
8	0
8	0
8	8
12	0
12	12
4	0
2	4
9	9
8	6
17	0
1	0
11	8
3	0
2	2
1	0
1	0
1	0
1	0
1	0
1	0
1	1
8	0
8	0
8	0
8	0
8	8
1	0
2	0
1	0
1	0
1	0
16	16
13	0
12	0
3	0
9	0
9	9
8	0
8	8
3	0
3	0
3	0
3	16
17	0
2	2
1	0
1	1
8	0
8	8
12	0
12	0
12	6
8	0
8	0
8	0
8	0
8	0
8	0
8	8
13	13
3	2
3	6
12	0
12	0
8	8
12	0
12	0
12	9
13	13
13	0
16	0
12	0
1	0
8	0
1	0
8	0
8	0
12	0
1	0
12	0
8	0
1	0
1	0
16	0
16	0
12	0
3	0
16	0
1	0
16	0
1	0
1	0
1	0
12	0
12	0
12	6
1	0
1	6
8	0
8	0
8	8
17	0
2	2
17	0
8	0
8	8
17	0
16	0
16	0
16	0
16	0
16	0
16	16
2	0
2	0
2	0
3	0
3	0
3	2
3	0
3	0
1	0
1	0
1	0
1	0
1	1
1	0
1	0
1	0
1	0
1	0
1	0
1	0
1	0
1	1
8	0
8	0
8	0
8	0
8	8
2	2
12	0
12	6
8	0
8	0
8	8
1	2
8	8
10	0
2	0
16	0
2	2
13	0
12	0
17	0
12	6
1	0
16	0
1	1
17	0
17	1
12	0
12	12
12	12
12	0
12	0
12	12
16	0
16	0
16	0
16	0
16	16
8	8
5	5
8	0
8	0
8	0
8	8
13	13
12	0
12	6
12	0
8	8
2	0
2	2
2	0
6	0
1	6
8	0
8	0
8	8
13	13
13	0
8	0
1	0
1	0
8	0
16	0
8	0
1	0
16	0
12	0
16	0
16	0
17	0
1	0
12	0
12	0
16	0
12	0
12	0
12	0
16	0
17	0
17	12
12	0
12	12
17	0
8	0
8	14
2	0
3	6
1	0
1	0
1	0
1	0
1	0
1	0
1	0
1	1
8	0
8	0
8	8
2	0
2	2
2	0
6	0
1	6
8	0
8	0
8	8
3	10
1	0
17	0
1	0
1	16
13	13
5	0
4	4
12	0
12	12
9	9
12	0
12	6
1	0
1	0
1	0
1	0
1	0
3	1
8	0
8	8
1	0
1	0
1	0
16	0
1	0
16	16
13	13
3	0
2	11
14	0
13	0
12	0
2	0
16	0
9	0
8	0
2	8
12	0
12	6
16	0
17	0
16	0
9	1
8	0
8	0
8	0
8	0
8	0
8	0
8	8
2	0
2	2
3	0
12	6
8	0
8	8
13	13
14	0
2	11
9	9
1	0
1	0
17	0
1	0
1	0
1	16
4	0
1	4
4	0
4	4
13	13
5	0
16	0
16	0
16	16
2	0
2	0
11	0
3	2
1	0
1	0
1	1
8	0
8	0
8	0
8	0
8	0
8	8
2	0
2	2
13	0
12	0
6	0
12	6
12	0
8	0
8	0
8	0
8	8
4	0
2	11
2	0
2	2
8	0
8	0
8	0
8	0
8	0
8	8
2	0
2	2
3	0
1	6
8	0
8	0
8	0
8	8
12	0
16	0
1	16
4	0
4	4
2	0
2	2
1	0
1	0
1	1
8	0
8	0
8	0
8	8
1	0
1	0
1	0
16	16
4	0
3	4
4	0
1	5
3	0
12	6
12	0
1	0
11	0
1	8
2	0
2	2
3	0
12	6
8	0
13	0
12	0
2	2
17	0
6	0
8	6
12	0
2	2
12	0
12	12
3	0
2	0
2	0
1	0
16	0
16	0
16	0
16	0
1	1
8	0
8	0
8	0
8	0
8	0
8	8
17	0
17	4
17	0
12	6
1	0
1	0
1	0
1	0
1	1
12	0
12	8
12	0
12	0
12	8
8	0
8	0
8	0
8	8
3	0
3	0
3	3
3	0
3	0
1	0
1	3
17	0
12	6
17	0
12	0
12	0
12	1
12	0
12	0
12	8
17	12
13	0
12	0
1	6
16	0
9	0
12	0
3	1
8	0
8	0
8	0
8	0
8	0
8	0
8	0
13	0
8	0
8	0
8	0
8	8
16	2
8	0
8	0
8	8
2	2
1	0
1	0
1	0
1	0
1	1
8	0
8	0
8	0
8	0
8	0
8	0
8	0
8	0
8	0
8	0
8	0
12	8
12	2
2	0
16	0
16	0
1	0
1	1
12	8
12	0
12	4
12	0
12	12
2	0
2	0
2	0
3	3
3	6
1	0
1	0
1	0
13	0
3	0
9	9
4	0
4	4
3	0
11	0
6	6
8	0
8	0
8	0
8	0
8	0
8	8
5	5
3	0
16	0
3	0
3	0
3	1
1	0
9	1
8	0
8	0
8	0
8	0
8	0
8	8
2	0
1	0
16	16
4	0
16	4
13	13
13	0
3	0
3	0
1	0
1	0
1	0
3	0
1	0
1	0
1	0
1	0
1	0
1	0
1	0
3	0
3	0
3	0
3	0
3	0
1	0
8	0
1	0
1	0
1	0
1	0
1	0
3	0
12	0
2	2
6	0
6	0
1	1
8	0
8	0
8	8
16	0
4	4
12	0
12	12
2	2
3	0
1	6
12	0
12	0
12	0
8	0
8	0
8	8
2	0
2	2
11	0
11	0
6	1
8	0
8	0
8	8
2	0
2	2
1	0
1	1
1	8
1	0
1	0
1	0
8	16
12	0
2	0
16	0
2	0
16	0
16	0
1	0
8	16
13	13
13	0
3	0
1	0
1	0
1	0
8	0
16	0
16	0
16	0
3	0
3	0
1	0
1	0
12	0
3	0
12	6
1	0
1	1
8	8
12	12
4	0
11	4
3	0
2	2
8	0
8	0
8	0
8	0
8	0
8	8
2	0
1	0
1	0
1	2
9	0
13	0
8	0
13	0
8	0
8	0
8	0
8	8
3	2
2	0
2	2
12	0
12	6
12	0
8	0
8	0
8	8
5	5
12	0
12	6
12	0
12	0
8	0
8	8
2	0
2	2
3	0
12	6
8	0
8	8
4	0
16	4
13	13
13	0
1	0
1	0
1	0
1	0
1	0
12	0
12	0
12	6
12	0
17	0
8	8
17	0
8	12
4	0
11	4
2	2
12	0
12	0
12	12
12	6
2	0
4	0
2	1
12	0
12	0
12	8
13	13
3	0
11	6
2	0
2	0
12	0
1	1
8	0
8	8
4	0
11	4
2	2
2	0
6	6
8	8
2	2
8	0
8	0
8	8
9	0
2	2
8	0
8	0
8	0
8	8
1	0
1	0
9	0
1	0
1	0
1	0
1	0
16	16
4	0
16	4
13	13
3	0
2	11
13	0
12	0
12	0
12	6
16	0
16	0
16	0
16	0
3	1
13	13
2	0
2	0
6	2
8	0
8	0
8	8
1	0
1	0
1	0
1	0
16	0
1	0
1	1
8	0
8	0
8	0
8	0
8	0
8	0
8	8
8	2
2	0
2	0
2	0
2	0
2	0
6	1
8	0
8	0
8	8
13	13
3	0
2	11
14	0
12	6
8	0
12	8
1	0
1	0
1	0
1	0
1	0
16	1
4	0
4	4
13	13
1	0
1	0
1	0
1	0
13	0
17	0
13	13
1	0
2	0
2	0
1	0
2	8
8	12
9	9
4	0
17	4
17	0
1	2
8	12
12	0
12	6
8	0
8	0
8	0
8	0
8	0
8	8
12	0
12	0
12	4
13	13
17	0
17	2
17	0
12	6
17	0
8	0
8	0
8	8
17	0
17	2
12	0
12	0
12	12
12	12
2	0
1	0
3	0
2	0
16	0
16	0
16	16
5	5
2	0
1	0
1	0
1	0
1	0
1	16
17	0
17	4
4	0
17	4
13	13
13	0
13	0
6	0
6	6
8	0
8	0
8	0
8	0
8	8
17	0
4	4
17	0
17	3
1	0
16	0
17	0
8	16
17	0
17	6
17	0
17	0
3	0
3	1
8	0
8	0
8	8
17	0
2	2
8	0
8	8
12	0
16	0
16	0
16	16
13	13
14	0
11	0
11	11
16	0
16	0
3	4
3	0
2	0
2	0
3	3
1	0
1	0
16	0
16	1
4	0
4	0
2	2
12	12
5	5
3	0
12	6
1	0
1	0
1	0
1	0
13	0
12	0
17	0
12	6
12	0
8	0
8	0
8	8
17	0
2	2
8	0
8	0
8	0
8	0
8	8
17	2
1	0
1	1
1	0
1	0
1	0
12	0
1	0
1	0
1	8
13	13
12	0
17	17
13	13
5	5
12	2
3	0
12	6
1	0
1	0
1	0
1	0
1	0
1	0
1	0
1	8
13	13
12	0
17	17
13	13
4	0
11	4
3	0
6	6
1	0
1	0
1	0
1	1
8	0
8	0
8	0
8	0
8	8
2	2
17	0
13	0
12	0
6	0
12	6
12	0
17	0
13	0
8	0
8	0
8	0
8	0
8	0
8	0
8	8
4	0
4	4
3	0
2	0
3	0
3	3
3	0
2	2
3	0
1	1
5	2
8	0
9	3
12	0
2	2
8	0
8	0
8	17
5	5
8	0
8	0
8	0
8	0
8	0
8	0
8	8
1	0
2	0
2	0
1	0
1	0
1	0
16	16
4	0
16	4
13	13
13	0
1	0
1	0
1	0
1	0
1	0
8	0
8	0
8	0
8	0
3	0
12	0
17	0
12	6
12	0
17	0
17	0
12	0
1	6
8	0
8	0
8	0
8	0
8	0
8	0
8	8
13	13
3	11
3	0
1	2
9	6
1	0
1	0
1	0
1	1
8	0
8	0
8	0
8	0
8	0
8	0
8	0
8	0
8	8
5	5
8	0
8	0
8	0
12	0
8	8
1	0
1	0
1	0
1	0
8	1
1	0
1	0
3	0
3	0
1	0
1	1
4	0
4	4
13	13
3	0
3	0
14	0
14	0
14	4
11	0
13	0
12	0
3	0
6	0
8	11
8	0
2	2
2	0
6	0
1	6
17	0
17	9
8	0
8	0
8	8
16	0
16	0
16	0
16	16
12	0
6	6
12	0
12	0
12	0
8	8
5	5
3	0
1	6
1	0
1	0
1	0
1	0
1	0
1	1
8	0
8	0
8	0
8	0
8	0
8	8
2	0
2	2
3	0
12	6
8	0
8	0
8	0
8	0
8	0
8	0
8	8
13	13
3	0
3	3
2	0
2	11
11	0
2	6
8	0
8	0
13	0
12	0
3	0
6	6
8	0
8	0
8	0
8	0
8	8
4	0
11	4
2	2
3	0
12	6
8	0
8	0
8	0
8	0
8	0
8	8
1	0
1	0
1	0
1	2
2	0
12	0
12	0
1	1
8	0
8	0
8	8
2	0
2	2
3	0
12	6
1	0
1	0
1	1
8	0
8	0
8	0
8	0
8	8
3	0
12	2
12	8
1	0
16	16
13	13
13	0
1	0
12	0
1	0
12	0
16	0
3	0
3	0
12	0
1	0
1	0
1	0
12	0
2	2
6	0
6	0
1	6
1	0
1	0
1	0
1	0
1	0
1	1
8	0
8	0
8	0
8	8
4	0
4	0
4	4
12	0
12	6
8	0
8	0
8	0
8	0
8	0
8	8
2	0
2	2
8	0
8	0
8	0
8	0
8	0
8	8
1	0
1	3
1	0
8	0
8	0
8	16
1	0
2	0
16	0
16	0
16	0
16	16
4	0
4	0
4	0
4	0
16	4
13	13
13	0
1	0
1	0
1	0
1	0
1	0
8	0
8	0
12	0
9	2
1	0
1	0
1	1
8	0
8	0
8	8
16	0
16	16
17	0
6	0
3	3
17	0
12	6
1	0
1	1
8	0
8	0
8	0
8	12
5	5
3	0
12	6
12	0
8	0
8	0
8	0
8	8
2	0
2	2
3	0
12	6
1	0
1	1
8	0
8	0
8	8
1	0
1	0
1	0
16	16
4	0
4	0
4	0
4	0
4	4
13	13
14	0
3	3
3	6
1	0
1	0
1	0
1	0
1	0
1	1
8	0
8	0
13	0
12	0
13	13
1	0
12	0
2	0
1	0
2	8
12	0
12	12
17	0
17	0
17	0
17	17
17	0
17	0
17	0
17	17
5	17
12	0
8	0
8	17
12	0
12	6
12	0
12	0
8	0
8	0
8	0
8	0
8	0
8	8
2	0
2	2
3	0
2	6
12	0
12	12
17	0
17	0
17	0
17	17
17	0
17	0
17	0
17	17
5	17
12	0
12	0
12	17
12	17
3	0
3	0
1	0
1	0
1	16
2	0
12	6
8	0
8	0
13	0
12	0
2	2
8	0
8	0
8	8
9	9
17	0
12	4
17	0
12	6
12	0
12	12
12	0
12	6
8	0
8	0
8	0
8	0
8	0
8	0
8	8
2	0
2	2
8	0
8	0
8	0
8	8
2	0
2	2
3	0
12	6
1	0
1	1
8	0
8	0
8	0
8	8
2	0
2	0
1	0
2	0
2	2
2	0
2	2
3	0
12	6
1	0
1	0
1	0
1	0
1	1
8	0
8	0
8	0
8	0
8	8
5	5
16	0
2	3
13	0
12	0
6	0
6	6
12	0
12	0
8	8
4	0
2	2
3	0
12	6
12	0
12	0
1	0
1	1
8	0
8	0
8	0
8	0
8	0
8	0
8	0
8	8
13	13
14	0
3	2
8	0
8	0
8	8
2	0
2	2
3	0
12	6
8	0
8	0
8	0
8	0
8	8
2	0
2	2
3	0
1	6
8	0
8	0
8	0
8	0
8	0
8	0
8	0
8	0
8	0
8	0
8	0
8	8
13	13
3	0
4	4
16	0
11	11
1	0
13	0
12	0
6	6
8	0
8	0
8	0
8	0
8	8
4	0
2	4
2	0
6	6
12	0
8	8
2	0
1	0
1	0
1	2
1	0
1	0
3	0
1	0
1	0
1	0
1	0
1	1
8	0
8	0
8	0
8	0
8	0
8	0
8	0
8	8
2	0
2	2
3	0
12	6
8	0
8	0
8	8
12	2
12	0
12	6
8	0
8	0
8	8
5	5
8	0
8	0
8	0
8	8
17	0
17	2
17	0
12	6
12	0
8	0
8	8
2	0
13	0
12	0
12	0
12	6
8	0
8	0
8	0
8	0
8	0
8	8
4	0
11	4
1	0
2	2
8	0
8	0
8	0
8	0
8	8
4	0
4	0
11	3
3	0
2	0
3	0
3	3
1	0
3	0
3	0
1	0
1	1
12	0
12	0
12	4
13	13
5	5
3	0
3	3
3	0
3	0
3	0
14	5
2	0
2	2
8	0
8	0
8	0
8	0
8	0
8	0
8	8
5	5
3	0
12	3
12	2
12	0
12	6
1	0
1	0
1	0
13	0
12	0
3	11
4	0
4	4
17	0
17	0
9	1
8	0
8	0
8	0
8	0
8	0
8	0
1	0
8	8
2	0
2	0
2	0
3	0
1	0
3	16
4	0
16	4
13	13
14	0
14	14
3	0
1	6
8	0
8	0
8	8
2	0
2	2
3	0
2	6
8	0
8	0
8	0
8	0
8	0
8	0
8	0
8	8
12	2
3	0
12	6
8	0
8	0
8	0
8	0
8	0
8	0
8	8
2	0
2	0
2	0
14	2
8	0
8	0
13	0
12	0
2	2
2	0
6	6
8	0
8	0
8	8
4	0
11	4
3	0
2	3
17	0
1	3
1	0
1	0
3	3
1	0
1	0
1	0
1	1
2	2
17	0
12	6
8	0
8	0
8	0
8	0
8	8
17	0
17	2
17	0
17	6
17	0
17	0
1	0
1	1
8	0
8	0
8	8
2	0
2	2
8	0
12	0
8	0
8	8
2	0
1	0
1	0
1	0
1	0
1	16
4	0
16	4
13	13
14	0
14	14
3	0
6	6
8	0
13	0
12	0
17	2
17	0
12	6
8	0
8	0
8	0
8	0
8	0
8	8
2	2
3	0
12	6
8	0
8	0
8	0
8	0
8	0
8	0
8	0
8	0
8	8
2	0
2	2
12	0
12	6
12	0
12	0
12	12
12	12
17	0
17	4
17	0
12	6
12	0
12	12
12	0
1	6
8	0
8	0
8	0
8	0
8	0
8	8
5	5
17	0
12	6
1	0
1	0
1	0
1	0
1	1
8	0
8	0
8	0
8	0
8	0
8	8
2	0
13	0
12	0
1	0
8	0
8	0
8	0
8	0
1	0
1	3
12	0
4	4
12	0
12	6
12	0
12	0
13	0
8	0
8	0
8	0
8	8
9	9
17	0
12	6
1	0
1	0
1	0
1	1
8	0
8	0
8	8
13	13
6	0
12	6
12	0
8	0
8	0
8	0
8	0
8	0
8	0
8	0
8	8
12	0
12	10
1	0
1	0
1	0
1	0
1	0
1	16
1	0
1	0
3	0
2	0
16	0
16	0
16	16
13	13
13	0
1	0
1	0
12	0
11	11
3	0
4	4
16	0
11	11
2	0
1	0
1	0
1	3
17	0
12	3
1	0
1	0
1	0
1	0
16	16
13	13
14	0
1	6
1	0
1	0
1	1
8	0
8	0
8	0
8	8
17	0
17	2
17	0
12	6
12	0
1	0
1	0
1	0
1	0
1	0
1	8
5	5
3	0
12	6
8	0
8	0
8	0
8	0
8	8
2	0
2	2
8	0
8	0
8	0
8	0
8	0
8	0
8	8
16	0
2	0
16	0
2	0
13	0
12	0
12	0
12	0
12	2
4	0
11	0
11	4
3	0
2	6
12	0
12	12
1	0
1	0
1	16
4	0
1	5
1	0
2	0
14	0
3	3
17	0
9	3
12	2
17	0
12	6
8	0
8	0
8	8
17	0
12	6
17	0
17	0
17	0
1	0
3	1
1	0
1	0
1	0
1	0
1	1
8	0
8	0
8	0
8	0
8	8
3	10
2	0
16	0
16	0
16	16
13	13
13	0
3	0
1	0
1	0
1	0
1	0
1	0
1	0
1	0
12	0
13	13
8	0
1	0
1	0
1	0
1	0
1	8
12	0
12	0
12	12
12	12
12	0
12	0
12	0
12	12
8	0
8	0
8	2
17	6
8	0
8	0
8	0
8	8
12	0
12	4
12	0
12	6
12	0
12	0
12	12
12	12
12	0
12	0
12	0
12	12
2	2
3	0
12	6
1	0
1	1
8	0
8	0
8	0
8	8
12	0
2	2
2	0
2	0
11	0
9	0
1	6
8	0
8	0
8	0
8	0
8	0
8	17
5	5
13	0
12	0
6	2
8	0
8	0
8	0
8	0
8	0
8	0
8	0
8	8
4	0
11	4
9	6
8	0
8	0
8	0
8	0
8	0
8	8
13	13
3	0
2	11
2	0
17	0
17	0
17	0
3	0
3	0
3	3
1	6
17	0
17	0
1	1
17	0
17	0
8	8
2	0
16	0
16	0
16	16
12	0
12	4
5	5
3	3
3	0
1	6
1	0
1	0
1	0
16	0
1	1
8	0
8	0
8	8
2	0
2	2
8	0
12	0
8	0
13	0
12	0
4	0
2	14
8	12
17	0
12	6
12	0
8	0
8	0
8	0
8	0
8	0
8	8
17	0
9	2
17	0
12	6
12	8
16	0
1	0
17	0
1	16
17	0
12	4
13	13
17	0
4	4
17	0
9	11
1	0
1	0
8	0
8	16
17	6
8	0
8	0
8	0
8	0
8	8
1	0
1	0
1	0
16	16
13	13
13	0
1	0
3	0
16	0
16	0
16	0
8	0
8	0
1	0
8	0
16	0
8	0
8	0
16	0
16	0
16	0
12	0
11	0
11	11
16	0
16	4
3	0
2	0
1	0
2	9
1	0
1	0
1	0
1	0
1	1
8	0
8	0
8	8
3	3
2	0
2	2
3	0
1	6
1	0
1	1
8	0
8	8
5	5
3	0
12	6
12	0
13	0
12	0
13	0
8	0
8	8
12	0
12	0
12	12
1	0
1	0
1	0
1	0
16	0
16	0
16	16
13	13
13	0
3	0
3	0
16	0
1	0
1	0
8	0
1	0
1	0
1	0
1	0
1	0
1	0
1	0
12	0
11	6
3	0
17	0
4	0
1	1
12	0
12	0
8	8
2	0
2	2
12	0
12	12
12	0
3	4
17	0
2	2
3	0
12	6
8	0
8	0
8	0
8	8
2	0
2	2
8	0
8	0
8	0
8	0
8	0
8	8
13	13
6	0
1	6
8	0
8	0
8	0
8	0
8	0
8	8
12	0
1	2
12	0
12	6
12	8
5	5
3	0
12	6
1	0
1	0
1	0
1	0
1	0
1	1
8	0
8	0
8	0
8	0
8	0
13	0
12	0
2	2
3	0
12	6
12	0
1	0
6	0
1	0
9	0
1	0
1	1
8	0
8	0
8	0
8	8
2	0
2	2
8	0
8	17
5	5
8	0
8	0
8	0
8	0
8	8
16	0
4	4
8	0
12	12
12	0
12	6
12	0
12	12
12	0
12	12
12	0
12	0
12	12
5	5
8	0
2	3
12	0
12	6
12	0
12	0
12	12
5	5
8	0
12	0
12	12
9	9
1	0
1	0
1	0
1	1
1	0
1	0
1	0
1	16
13	0
12	0
12	0
12	6
12	0
12	8
12	0
4	4
2	0
2	0
2	0
2	0
3	3
2	0
2	2
8	0
8	0
8	8
3	0
2	9
8	0
13	0
8	0
8	0
8	8
1	0
16	0
16	0
16	0
16	16
13	13
13	0
1	0
1	0
1	0
1	0
1	0
8	0
1	0
1	0
1	0
1	0
1	0
8	0
8	0
8	0
1	0
1	0
1	0
12	0
12	0
16	0
16	0
3	0
3	0
2	0
3	0
1	0
2	0
1	0
1	0
12	0
12	0
17	0
12	12
12	0
4	4
16	0
11	11
2	0
2	2
17	0
12	6
8	0
8	0
8	0
8	0
8	0
8	8
1	2
12	0
8	0
12	0
13	0
12	0
13	0
8	0
8	8
1	0
2	0
16	0
16	0
16	0
16	16
13	13
16	0
1	0
16	0
1	0
16	16
2	0
2	0
2	0
14	2
12	0
8	0
8	8
12	0
1	2
16	8
13	13
13	0
3	0
3	0
16	0
1	0
1	0
1	0
1	0
1	0
12	0
12	0
12	0
12	0
12	1
12	0
8	0
8	0
8	0
8	0
8	0
8	0
8	0
8	0
8	0
8	8
16	0
4	4
12	0
6	6
12	0
12	0
8	0
8	0
8	0
8	0
8	0
8	0
8	8
1	0
1	0
1	0
1	0
1	0
16	0
1	16
13	13
13	0
1	0
12	0
12	0
12	0
1	0
3	0
3	0
1	0
1	0
12	0
1	0
12	0
1	0
1	0
1	0
1	0
1	0
1	0
1	0
8	0
1	0
8	0
16	0
12	0
12	0
12	6
12	0
12	0
12	0
12	0
8	8
12	0
2	2
12	12
12	0
12	12
2	0
2	2
1	0
3	0
1	0
1	1
17	0
8	8
8	17
2	17
12	17
9	9
4	0
4	4
2	0
2	2
8	0
8	0
8	0
8	0
8	0
8	8
2	0
1	0
1	0
1	2
8	0
8	0
8	0
8	8
2	2
1	0
1	1
1	0
1	0
8	0
8	0
8	0
8	0
1	1
8	0
12	0
8	0
13	0
8	0
8	0
13	0
12	0
17	0
17	12
17	0
17	12
5	5
17	0
17	0
17	12
17	0
17	4
17	0
17	0
11	0
1	6
8	0
8	0
8	0
8	8
2	0
2	2
1	0
1	0
1	0
1	0
1	1
8	0
8	0
8	0
8	8
13	13
1	0
2	0
2	0
1	0
1	0
1	1
8	0
8	0
8	0
8	0
8	0
8	0
8	0
8	0
8	0
8	0
8	0
8	8
5	5
2	0
17	0
1	0
1	1
8	0
8	0
8	0
8	0
8	8
13	0
12	0
12	0
8	0
12	12
12	0
4	4
2	2
2	0
2	0
1	0
1	0
1	0
16	0
1	1
8	0
8	0
8	0
8	0
8	0
8	0
8	0
8	0
8	0
8	0
8	8
5	5
16	0
16	0
3	6
1	0
1	0
1	0
1	0
1	1
8	0
8	0
8	0
13	0
8	0
8	8
16	2
2	0
11	0
6	6
1	0
1	0
1	0
1	0
1	0
1	0
1	1
8	0
8	0
8	0
13	0
8	0
8	8
2	0
3	0
13	0
12	0
12	0
12	0
12	1
12	0
12	0
12	0
8	0
8	0
8	0
8	0
8	0
8	0
8	0
8	0
8	8
16	0
16	4
16	0
1	0
1	0
1	16
13	13
14	0
6	6
8	0
8	0
8	0
8	8
2	0
2	2
8	0
13	0
8	8
3	0
3	0
3	0
3	0
16	10
13	13
13	0
1	0
16	0
16	0
1	0
1	0
1	0
1	0
8	0
16	0
8	0
16	0
8	0
1	0
1	0
16	0
1	0
16	0
1	0
16	0
12	0
13	13
1	0
8	0
8	0
1	0
12	8
12	0
12	0
12	12
17	12
17	0
12	12
12	0
12	6
12	0
12	0
12	12
17	12
17	0
12	12
12	0
12	4
9	9
2	0
3	0
3	0
1	0
16	3
1	6
2	0
2	0
1	0
1	0
1	0
1	0
1	0
1	1
8	0
8	0
8	0
8	8
2	0
16	0
16	0
16	16
13	13
13	0
1	0
1	0
1	0
1	0
1	0
8	0
1	0
1	0
1	0
16	0
1	0
12	0
12	0
6	0
6	1
8	0
8	0
8	0
8	8
16	0
16	4
17	0
1	6
17	0
8	0
8	0
8	8
17	0
2	2
1	0
1	0
1	0
1	1
1	0
1	0
1	0
1	0
1	0
1	0
1	1
8	0
8	0
8	8
13	13
3	0
3	3
8	0
8	0
8	0
8	0
8	0
8	0
8	8
5	5
3	0
3	0
1	0
16	0
2	1
8	0
8	0
8	0
8	0
8	0
8	8
2	0
2	2
3	0
12	6
12	8
12	0
13	0
12	0
2	0
3	2
8	0
8	0
8	0
8	8
16	0
16	4
2	0
2	0
2	0
2	0
3	3
8	0
17	3
17	0
12	6
1	0
1	0
1	0
1	1
8	0
8	0
8	0
8	0
8	0
8	0
8	0
8	0
8	8
5	5
8	0
2	3
12	0
12	6
12	0
12	0
8	0
8	0
8	8
5	5
8	0
8	0
8	8
2	2
3	0
3	0
1	6
1	0
1	0
1	0
1	0
1	1
8	0
8	0
13	0
8	0
8	0
13	0
12	0
1	6
3	0
2	0
14	0
2	1
12	0
12	0
12	0
8	0
12	0
8	0
8	0
8	0
8	0
13	0
8	8
2	2
1	0
6	0
1	0
1	0
1	0
1	0
1	1
8	8
4	0
11	4
3	2
12	0
12	0
12	12
1	0
1	0
16	16
4	0
16	4
13	13
13	0
1	0
1	0
1	0
1	0
1	0
1	0
1	0
1	0
1	0
8	0
1	0
1	0
1	0
1	0
1	0
1	0
1	0
1	0
1	0
1	0
8	0
12	0
1	6
1	0
8	0
1	0
1	0
1	8
2	2
8	0
8	0
8	0
8	0
8	17
5	5
1	0
1	0
1	0
1	0
1	0
1	1
8	0
8	0
8	0
8	0
8	0
8	8
2	0
2	2
3	0
12	6
8	0
8	8
12	0
12	0
12	12
12	0
3	4
16	0
16	0
16	1
8	0
8	0
8	0
8	8
3	0
1	2
8	0
8	0
8	8
5	5
16	0
11	6
16	0
3	0
2	0
3	1
8	0
8	0
8	0
13	0
12	0
2	0
9	0
11	0
9	6
17	0
17	0
8	12
8	12
12	0
12	0
12	9
9	9
8	0
8	12
4	0
6	4
2	2
12	0
12	12
17	0
12	0
1	2
8	0
8	0
8	0
8	8
1	0
1	0
1	0
1	0
1	0
1	0
16	16
4	0
16	4
13	13
13	0
1	0
1	0
1	0
17	0
1	0
1	0
1	0
8	0
1	0
16	0
2	0
1	0
1	0
16	0
1	0
16	0
16	0
12	0
12	0
12	0
17	0
8	0
12	0
12	0
12	0
12	12
12	0
4	4
16	0
11	11
1	0
16	0
1	0
1	16
2	0
2	2
17	0
1	6
1	0
1	0
1	0
1	1
8	0
8	0
8	0
8	0
8	0
8	8
17	2
3	0
12	6
1	0
1	0
1	0
1	0
1	0
1	1
8	0
8	0
8	8
1	0
1	0
1	0
1	0
16	16
13	13
13	0
1	0
3	0
16	0
16	0
16	0
16	0
16	0
16	0
1	0
1	0
1	0
1	0
1	0
1	0
1	0
12	0
12	0
12	12
8	0
8	12
12	0
4	4
2	0
2	0
2	0
1	2
8	0
8	0
8	0
1	0
1	8
2	2
12	0
12	12
16	0
1	6
1	8
1	0
1	0
1	0
8	16
2	0
2	0
2	0
1	6
1	0
1	0
1	0
1	0
1	0
1	1
8	0
8	0
8	0
8	8
1	0
1	0
1	0
1	0
1	0
1	0
16	16
13	13
13	0
1	0
3	0
16	0
1	0
2	0
1	0
1	0
1	0
1	0
1	0
1	0
12	0
12	12
12	0
4	4
2	0
2	0
2	2
8	0
12	0
8	0
8	12
12	0
12	12
12	0
12	6
17	0
12	0
12	0
1	1
12	0
12	12
17	12
12	12
2	0
2	0
2	0
1	2
8	0
8	0
8	0
8	8
2	2
12	0
12	0
12	12
1	0
1	0
1	0
1	0
16	16
13	13
13	0
1	0
8	0
2	0
2	0
1	0
16	0
16	0
16	0
1	0
1	0
1	0
1	0
8	0
1	0
1	0
16	0
12	0
12	0
13	0
1	0
2	0
6	0
6	2
8	0
8	0
8	8
2	0
2	2
8	12
4	0
4	4
2	0
2	2
8	0
8	0
8	0
8	0
8	8
5	0
3	2
1	0
11	1
8	0
8	0
8	0
8	8
1	0
1	0
16	16
13	13
3	11
3	0
4	0
1	2
1	0
1	1
8	0
8	8
1	0
12	0
12	0
12	16
12	0
12	0
12	4
4	0
4	4
13	13
1	6
1	0
1	0
1	0
1	0
1	0
12	0
1	0
8	0
13	0
13	0
12	0
12	12
12	0
4	4
3	0
6	6
8	0
8	0
8	0
8	0
8	0
8	8
2	0
2	2
3	0
3	0
3	0
9	9
12	0
8	0
12	0
12	0
8	8
5	5
16	0
4	0
17	0
11	9
17	0
13	0
17	0
13	0
12	0
12	0
8	8
2	0
16	0
16	0
16	0
16	16
13	13
13	0
3	0
3	0
16	0
16	0
16	0
16	0
16	0
16	0
1	0
16	0
1	0
16	0
8	0
8	0
16	0
16	0
16	0
2	0
2	0
3	2
9	1
8	0
8	0
8	0
8	0
8	8
2	0
2	2
3	0
12	6
8	0
8	8
4	0
4	4
2	2
12	0
12	12
2	0
2	0
2	2
12	0
12	0
12	0
12	0
12	12
12	12
12	0
12	12
3	0
9	9
8	0
8	0
8	0
8	0
8	0
8	0
8	0
8	0
8	0
8	8
1	0
2	0
1	0
1	0
1	0
16	16
4	0
16	4
13	13
13	0
3	0
3	0
1	0
3	0
1	0
1	0
8	0
13	0
17	17
12	0
12	12
12	0
8	0
12	0
8	12
17	0
17	0
17	17
5	5
17	17
17	17
17	0
17	0
17	17
17	17
12	0
12	12
9	0
8	17
17	0
8	0
17	0
17	0
17	17
17	0
17	0
17	0
17	17
17	0
17	17
13	13
13	0
1	0
16	0
16	0
16	0
17	0
16	0
17	0
16	0
16	0
17	0
17	0
16	0
16	0
17	0
16	0
16	0
17	0
16	0
17	0
16	0
16	0
16	0
16	0
17	0
16	0
12	0
3	0
12	6
8	0
8	12
8	0
8	0
8	8
12	0
12	0
12	0
12	12
12	0
12	12
4	0
11	4
1	2
8	0
8	0
8	0
8	17
5	5
8	0
8	0
8	0
8	0
8	0
8	0
8	0
8	0
8	0
8	0
8	8
1	0
16	0
16	0
16	16
13	13
13	0
1	0
1	0
1	0
1	0
1	0
16	0
1	0
1	0
1	0
1	0
1	0
1	0
1	0
1	0
8	0
8	0
8	0
16	0
8	0
12	0
16	0
12	0
12	0
12	6
12	0
12	12
17	0
17	0
12	12
4	0
11	4
3	0
2	2
12	0
12	6
12	12
12	12
2	2
12	0
12	12
2	0
2	0
2	0
16	0
16	0
16	16
4	0
16	4
13	13
13	0
3	0
1	0
1	0
3	0
12	0
12	0
12	0
12	0
1	0
12	0
1	0
1	0
1	0
1	0
1	0
1	0
1	0
1	0
16	0
1	0
12	0
12	0
1	0
16	0
17	0
3	0
3	0
3	0
12	0
12	0
12	0
12	0
8	0
8	0
8	12
12	0
4	4
17	0
17	0
9	9
12	0
8	0
12	0
8	0
8	8
1	0
1	0
16	16
13	13
13	0
1	0
8	0
1	0
1	0
16	0
16	0
1	0
17	0
17	0
17	0
17	0
1	0
17	0
17	0
1	0
1	0
1	0
16	0
16	0
1	0
17	0
17	0
1	0
1	0
16	0
16	0
1	0
1	0
1	0
16	0
16	0
16	0
17	0
17	0
1	0
17	0
8	0
1	0
8	0
1	0
1	0
12	0
2	0
3	2
8	0
8	0
8	8
2	0
2	2
8	0
8	0
8	0
8	12
12	0
8	17
12	0
17	4
17	0
12	6
12	0
12	0
12	0
12	12
12	0
12	0
12	0
12	12
12	0
12	6
12	0
8	0
8	8
12	17
12	0
17	0
8	12
16	0
16	0
16	16
13	13
13	0
1	0
3	0
16	0
16	0
8	0
12	0
12	0
3	0
1	0
1	0
16	0
16	0
16	0
1	0
1	0
8	0
16	0
16	0
16	0
16	0
12	0
12	0
12	12
17	0
4	4
17	0
12	6
17	0
17	0
8	8
17	2
17	0
12	0
12	9
17	0
12	0
1	0
1	1
8	0
8	0
8	0
8	0
8	0
8	0
8	0
8	8
5	5
17	0
17	9
17	0
13	0
17	0
13	0
12	0
17	0
8	8
1	0
1	0
1	0
1	0
16	16
13	13
13	0
17	0
1	0
1	0
1	0
17	0
16	0
16	0
17	0
17	0
12	0
12	0
16	0
16	0
17	0
17	0
17	0
17	0
12	0
17	0
17	12
17	0
17	12
5	5
17	0
11	0
17	12
12	0
4	4
17	0
11	0
11	6
8	0
8	0
8	0
8	0
8	0
8	8
2	2
9	9
8	0
9	0
1	0
1	1
8	0
8	0
8	0
8	0
8	0
8	0
8	8
1	0
1	0
1	0
1	0
16	16
13	13
13	0
1	0
1	0
1	0
8	0
8	0
1	0
16	0
17	0
16	0
17	0
17	0
12	0
17	0
17	0
16	0
17	0
17	0
16	0
16	0
1	0
12	0
12	0
12	0
12	12
12	0
4	4
9	9
8	0
8	0
8	0
8	0
8	0
8	8
5	5
3	0
3	0
9	0
9	9
8	0
8	0
8	0
8	0
8	8
1	0
1	0
16	16
5	5
3	0
1	6
8	0
8	0
8	0
8	0
8	8
2	2
1	0
3	0
3	0
3	0
9	1
8	0
8	0
8	0
8	0
8	0
8	0
8	8
2	2
12	0
8	0
8	0
8	0
8	0
8	0
8	0
8	0
8	8
5	5
8	6
13	0
12	0
13	13
8	0
8	0
12	0
12	0
12	8
13	0
8	0
8	0
8	0
8	0
8	0
1	0
1	0
1	0
12	0
8	0
12	0
8	0
8	0
1	0
1	0
8	0
1	0
8	0
1	0
8	0
8	0
8	0
12	0
8	0
8	0
8	0
8	0
1	0
8	0
12	0
8	0
8	0
8	0
8	0
8	0
8	0
8	0
8	0
8	0
1	0
8	0
8	0
12	0
8	0
8	0
8	0
1	0
8	0
8	0
8	0
8	0
8	0
12	0
17	0
12	11
12	0
16	0
16	16
17	0
17	0
17	10
1	1
13	13
13	0
1	0
17	0
8	0
12	0
1	0
1	0
17	0
17	0
17	0
17	0
8	0
1	0
1	0
12	0
17	0
17	0
17	0
17	0
3	0
1	0
1	0
17	0
17	0
12	0
12	0
1	0
8	0
17	0
17	0
17	0
17	0
8	0
1	0
1	0
17	0
17	0
12	0
12	0
12	0
17	0
17	0
17	0
1	0
1	0
1	0
1	0
17	0
17	0
12	0
3	7
3	0
16	0
3	3
13	13
13	0
1	0
1	0
1	0
1	0
1	0
1	0
1	0
1	0
1	0
1	0
1	0
1	0
1	0
1	0
1	0
1	0
1	0
1	0
1	0
1	0
1	0
1	0
1	0
1	0
1	0
1	0
1	0
1	0
1	0
1	0
1	0
1	0
1	0
1	0
1	0
1	0
1	0
1	0
1	0
1	0
1	0
1	0
1	0
1	0
1	0
1	0
1	0
1	0
1	0
1	0
1	0
1	0
1	0
11	0
11	0
11	0
16	0
16	3
3	8
13	13
13	0
1	0
8	0
8	0
8	0
8	0
1	0
1	0
1	0
8	0
8	0
8	0
8	0
8	0
1	0
1	0
16	0
8	0
8	0
8	0
1	0
1	0
1	0
8	0
8	0
1	0
8	0
8	0
16	0
16	0
16	0
8	0
1	0
1	0
1	0
8	0
1	0
8	0
8	0
8	0
1	0
16	0
16	0
8	0
8	0
1	0
1	0
1	0
1	0
8	0
8	0
8	0
8	0
12	0
14	0
11	11
4	0
4	4
6	6
1	0
1	1
8	0
8	8
1	0
1	0
1	16
16	0
16	0
16	0
16	16
13	13
4	0
4	14
12	6
17	0
8	8
8	0
12	0
12	0
12	0
12	0
12	16
11	4
13	13
13	0
1	0
1	0
1	0
16	0
16	0
1	0
1	0
16	0
1	0
1	0
1	0
1	0
1	0
8	0
3	0
3	0
3	0
8	0
3	0
3	0
1	0
8	0
1	0
1	0
1	0
1	0
1	0
1	0
12	0
5	0
12	7
13	13
13	0
8	0
8	0
12	0
12	0
1	0
1	0
1	0
12	0
12	0
12	0
12	0
12	0
12	0
12	0
12	0
12	0
12	0
12	0
12	0
12	0
12	0
12	0
12	0
12	0
12	0
12	0
1	0
1	0
12	0
12	0
12	0
12	0
12	0
12	0
12	0
12	0
12	0
12	0
12	0
12	0
12	0
12	0
12	0
12	0
12	0
12	0
12	0
12	0
12	0
12	0
12	0
12	0
1	0
12	0
12	0
16	0
16	0
11	11
16	0
16	16
3	0
3	3
3	0
3	3
3	3
13	13
13	0
16	0
16	0
16	0
16	0
16	0
16	0
16	0
16	0
16	0
1	0
1	0
16	0
16	0
16	0
16	0
16	0
1	0
3	0
1	0
1	0
1	0
16	0
16	0
16	0
16	0
1	0
16	0
16	0
16	0
16	0
1	0
1	0
16	0
16	0
16	0
16	0
16	0
16	0
1	0
1	0
1	0
1	0
1	0
1	0
1	0
1	0
16	0
16	0
13	0
2	0
2	2
9	0
1	1
8	0
8	8
4	0
11	4
3	0
3	0
1	0
1	3
13	0
16	17
16	0
11	11
17	0
17	0
17	0
16	16
17	0
3	3
17	0
2	2
1	0
17	1
9	9
17	0
1	2
12	12
5	5
16	0
16	16
17	0
11	3
3	0
3	3
9	9
13	13
13	0
8	0
8	0
17	0
8	0
12	0
17	0
17	0
1	0
8	0
8	0
8	0
1	0
1	0
1	0
1	0
1	0
1	0
1	0
16	0
12	0
11	0
12	4
5	0
3	3
1	0
3	0
4	10
3	0
3	3
5	6
1	1
8	0
8	8
13	13
13	0
8	0
1	0
1	0
1	0
8	0
1	0
8	0
1	0
8	0
1	0
1	0
1	0
1	0
1	0
1	0
1	0
1	0
8	0
8	0
8	0
17	0
1	0
1	0
1	0
1	0
1	0
1	0
8	0
1	0
8	0
1	0
17	0
1	0
1	0
1	0
1	0
1	0
17	0
1	0
1	0
1	0
1	0
1	0
1	0
3	0
3	0
3	0
3	3
4	0
4	0
11	4
11	0
11	6
9	0
8	0
8	0
8	0
1	0
1	1
8	8
2	2
12	12
2	2
1	0
1	0
1	11
2	2
3	6
1	0
1	0
1	1
8	8
13	13
3	11
3	3
2	2
8	0
8	12
17	0
2	2
12	0
12	12
1	0
12	16
4	0
4	4
13	13
13	0
1	0
1	0
1	0
8	0
1	0
3	0
3	0
16	0
8	0
17	0
3	0
1	0
1	0
8	0
8	0
1	0
11	0
11	0
11	4
16	0
11	0
1	3
1	0
2	0
3	0
3	3
1	1
13	13
13	0
1	0
1	0
1	0
1	0
1	0
3	0
3	0
1	0
1	0
1	0
8	0
1	0
1	0
3	0
3	0
3	0
1	0
1	0
1	0
1	0
1	0
1	0
16	0
16	0
1	0
1	0
3	0
1	0
3	0
1	0
1	0
1	0
1	0
3	0
16	0
3	0
16	0
16	0
3	0
3	0
3	0
1	0
1	0
1	0
1	0
1	0
1	0
12	0
3	0
2	0
3	3
16	0
16	0
16	0
3	16
11	0
11	0
3	3
3	0
3	3
4	0
11	0
1	0
3	10
8	0
2	2
12	12
12	12
12	0
12	12
12	0
12	0
12	0
12	12
13	13
13	0
1	0
3	0
1	0
8	0
1	0
16	0
1	0
1	0
8	0
1	0
1	0
1	0
1	0
17	0
1	0
17	0
12	0
1	0
1	0
1	0
8	0
8	0
16	0
8	0
3	0
3	0
3	0
3	0
3	0
3	0
3	0
12	0
3	0
6	11
8	0
8	0
8	0
8	0
8	8
16	0
1	0
1	16
16	2
6	6
8	0
8	8
12	0
12	12
13	13
13	0
1	0
16	0
16	0
16	0
12	0
12	0
1	0
8	0
1	0
16	0
16	0
1	0
16	0
1	0
1	0
1	0
1	0
12	0
12	0
12	0
12	0
1	0
16	0
16	0
12	0
16	0
12	0
8	0
1	0
1	0
1	0
8	0
8	0
16	0
16	0
16	0
1	0
16	0
16	0
1	0
1	0
12	0
16	0
11	11
16	0
16	0
16	16
1	0
1	0
1	0
1	2
8	8
13	13
3	11
9	9
8	0
8	0
8	8
11	4
13	13
13	0
16	0
16	0
16	0
16	0
16	0
16	0
16	0
16	0
16	0
16	0
1	0
16	0
16	0
16	0
8	0
1	0
16	0
16	0
16	0
16	0
1	0
1	0
1	0
16	0
16	0
16	0
16	0
16	0
16	0
16	0
16	0
16	0
16	0
1	0
1	0
1	0
1	0
16	0
16	0
1	0
12	0
12	6
17	0
17	0
17	0
1	8
4	0
11	4
9	0
9	1
5	5
16	0
16	0
16	16
1	0
1	3
17	0
3	3
2	2
12	0
12	12
13	13
13	0
1	0
1	0
8	0
1	0
8	0
8	0
8	0
1	0
8	0
16	0
1	0
1	0
1	0
1	0
1	0
1	0
1	0
12	0
8	0
8	0
1	0
1	0
1	0
12	0
8	0
1	0
1	0
16	0
16	0
3	0
1	0
8	0
1	0
3	0
3	0
1	0
3	0
12	0
12	0
12	6
12	12
4	0
11	4
9	0
9	1
5	5
16	0
16	0
16	16
3	2
6	6
1	0
1	0
1	1
8	0
8	8
13	13
3	11
16	0
11	11
11	0
11	0
3	3
3	3
3	0
1	16
13	13
13	0
1	0
1	0
1	0
1	0
1	0
1	0
1	0
1	0
1	0
16	0
16	0
16	0
16	0
16	0
1	0
16	0
1	0
16	0
12	0
3	0
1	0
1	0
1	0
1	0
16	0
3	0
3	0
3	0
3	0
12	0
5	5
12	6
8	0
8	0
8	0
8	0
8	0
8	0
8	8
12	0
12	0
16	0
16	16
12	12
5	5
4	0
11	0
4	4
2	0
2	2
8	0
8	0
8	8
9	0
9	1
13	13
13	0
1	0
8	0
16	0
16	0
16	0
16	0
16	0
16	0
16	0
16	0
16	0
16	0
1	0
1	0
8	0
16	0
8	0
16	0
16	0
1	0
1	0
1	0
8	0
8	0
8	0
8	0
16	0
16	0
16	0
16	0
16	0
16	0
12	0
12	0
12	7
13	13
13	0
12	0
1	0
1	0
12	0
12	0
12	0
1	0
1	0
1	0
1	0
12	0
12	0
12	0
1	0
1	0
1	0
1	0
12	0
12	0
12	0
1	0
1	0
1	0
1	0
12	0
12	0
12	0
1	0
1	0
1	0
12	0
12	0
12	0
1	0
1	0
1	0
1	0
12	0
12	0
12	0
1	0
1	0
1	0
12	0
12	0
12	0
1	0
1	0
1	0
12	0
12	0
12	0
1	0
1	0
1	0
12	0
5	5
17	17
17	17
17	0
17	4
17	0
8	0
8	8
5	5
17	6
17	0
17	17
17	0
1	16
17	0
12	0
4	10
3	3
1	0
1	0
1	1
13	13
13	0
1	0
1	0
17	0
1	0
1	0
17	0
1	0
1	0
17	0
17	0
1	0
1	0
17	0
1	0
1	0
1	0
1	0
1	0
1	0
1	0
1	0
1	0
1	0
17	0
17	0
17	0
17	0
17	0
1	0
8	0
17	0
1	0
1	0
17	0
17	0
17	0
12	0
12	0
12	7
17	0
13	13
13	0
17	0
17	0
17	0
12	0
12	0
17	0
12	0
17	0
17	0
12	0
12	0
12	0
17	0
17	0
17	0
17	0
12	0
12	0
12	0
12	0
17	0
17	0
17	0
12	0
12	0
12	0
17	0
17	0
17	0
12	0
12	0
12	0
12	0
17	0
17	0
17	0
17	0
12	0
12	0
12	0
17	0
17	0
12	0
12	0
12	0
17	0
17	0
17	0
12	0
12	0
12	0
17	0
17	0
17	0
17	0
17	4
17	0
3	3
12	3
1	0
1	0
1	0
1	0
16	1
13	13
2	0
2	14
17	0
12	16
3	0
1	16
13	13
13	0
17	0
1	0
17	0
1	0
1	0
1	0
17	0
17	0
17	0
17	0
1	0
1	0
1	0
1	0
17	0
12	0
1	0
1	0
1	0
1	0
17	0
17	0
1	0
17	0
1	0
1	0
17	0
17	0
17	0
17	0
17	0
1	0
1	0
1	0
1	0
1	0
1	0
17	0
17	0
17	0
12	0
11	0
1	0
11	11
4	0
11	4
3	3
2	3
11	0
11	6
3	1
8	0
8	0
12	8
2	2
2	6
12	0
12	0
12	0
12	12
3	11
16	0
16	0
16	16
13	13
13	0
1	0
1	0
1	0
1	0
12	0
1	0
1	0
8	0
1	0
1	0
1	0
1	0
1	0
1	0
1	0
1	0
1	0
1	0
1	0
1	0
1	0
1	0
16	0
3	0
3	0
1	0
3	0
11	0
8	0
8	0
1	0
1	0
8	0
1	0
1	0
11	0
17	0
6	0
5	3
3	0
17	0
1	16
16	0
4	0
4	10
3	0
3	0
3	3
1	0
1	0
1	3
1	0
1	0
1	0
16	16
13	13
13	0
1	0
1	0
1	0
1	0
1	0
16	0
16	0
3	0
8	0
3	0
1	0
1	0
1	0
1	0
1	0
1	0
1	0
1	0
16	0
16	0
16	0
8	0
1	0
1	0
16	0
16	0
1	0
1	0
1	0
16	0
16	0
16	0
16	0
3	0
3	0
3	0
1	0
1	0
12	0
3	0
17	16
17	0
6	0
6	0
11	11
16	0
16	3
2	3
11	0
11	6
3	0
1	0
1	6
8	0
8	0
8	0
8	8
13	13
13	0
1	0
1	0
1	0
1	0
1	0
8	0
1	0
8	0
8	0
11	0
12	0
12	0
1	0
1	0
1	0
1	0
12	0
1	0
16	0
1	0
8	0
1	0
1	0
1	0
8	0
16	0
1	0
16	0
16	0
1	0
1	0
8	0
8	0
1	0
12	0
12	0
12	0
1	0
1	0
17	0
17	0
3	3
3	0
17	0
1	16
1	0
1	3
3	3
2	3
17	0
12	2
8	0
8	8
5	5
17	0
11	11
17	0
4	4
17	0
3	3
1	0
1	1
13	13
13	0
17	0
1	0
1	0
1	0
1	0
1	0
17	0
17	0
1	0
16	0
16	0
16	0
17	0
16	0
3	0
1	0
1	0
1	0
1	0
1	0
3	0
17	0
1	0
3	0
16	0
16	0
16	0
16	0
16	0
1	0
17	0
17	0
17	0
1	0
16	0
11	0
3	0
3	5
16	0
11	11
16	0
16	16
13	13
14	0
11	0
14	14
2	0
2	0
2	3
12	0
12	6
12	0
12	0
8	8
17	0
2	0
3	0
3	3
1	0
1	0
1	1
4	0
4	0
4	4
13	13
13	0
3	0
1	0
8	0
8	0
16	0
1	0
8	0
16	0
8	0
16	0
16	0
3	0
8	0
1	0
8	0
16	0
16	0
3	0
3	0
16	0
16	0
3	0
16	0
3	0
3	0
3	0
8	0
8	0
8	0
17	0
17	0
17	17
17	0
17	17
17	0
17	0
17	17
13	13
13	0
17	0
17	0
17	0
16	0
16	0
17	0
17	0
17	0
17	0
17	0
17	0
17	0
16	0
17	0
17	0
17	0
17	0
17	0
17	0
17	0
17	0
17	0
17	0
17	0
16	0
16	0
17	0
17	0
17	0
17	0
17	0
17	0
17	0
16	0
17	0
17	0
16	0
16	0
17	0
17	0
17	0
17	0
17	0
17	0
17	0
17	0
3	0
17	0
17	0
16	0
17	0
17	0
17	17
17	0
17	0
17	0
17	17
17	17
17	17
17	0
17	17
13	13
13	0
17	0
17	0
17	0
17	0
17	0
17	0
17	0
17	0
17	0
17	0
17	0
17	0
17	0
17	0
17	0
17	0
17	0
17	0
17	0
17	0
17	0
17	0
17	0
17	0
17	0
17	0
17	0
17	0
17	0
17	0
17	0
17	0
17	0
17	0
17	0
17	0
17	0
17	0
17	0
17	0
17	0
17	0
17	0
17	0
17	0
17	0
17	0
13	0
12	0
12	17
12	0
12	12
13	13
13	0
1	0
1	0
8	0
8	0
8	0
1	0
1	0
1	0
12	0
8	0
12	0
8	0
1	0
1	0
1	0
1	0
1	0
8	0
12	0
8	0
1	0
8	0
1	0
8	0
8	0
8	0
1	0
1	0
1	0
1	0
8	0
12	0
12	0
1	0
1	0
1	0
1	0
12	0
8	0
1	0
1	0
12	0
12	0
12	0
12	0
1	0
1	0
1	0
8	0
8	0
1	0
1	0
1	0
12	0
17	0
17	7
3	7
13	0
13	13
13	0
17	0
17	0
12	0
3	0
17	0
17	0
17	0
17	0
17	0
3	0
12	0
17	0
17	0
17	0
17	0
17	0
12	0
3	0
17	0
17	0
17	0
17	0
12	0
3	0
17	0
17	0
17	0
17	0
17	0
12	0
3	0
17	0
17	0
17	0
17	0
17	0
17	0
12	0
3	0
17	0
17	0
17	0
12	0
3	0
12	0
17	0
17	0
17	0
12	0
12	0
12	0
17	0
17	0
17	0
17	0
17	0
17	16
17	11
17	0
17	0
17	0
17	3
17	0
16	2
2	0
6	6
8	0
8	0
8	8
13	13
13	0
1	0
1	0
1	0
8	0
8	0
8	0
16	0
1	0
1	0
17	0
17	0
1	0
1	0
1	0
1	0
1	0
1	0
8	0
16	0
8	0
1	0
1	0
1	0
1	0
8	0
16	0
8	0
1	0
1	0
17	0
17	0
16	0
16	0
17	0
17	0
1	0
1	0
1	0
1	0
1	0
1	0
1	0
12	0
16	0
11	11
16	0
16	0
1	0
16	0
16	16
2	3
12	0
1	3
5	0
3	0
3	3
1	0
9	1
8	0
8	0
8	0
8	8
5	5
12	0
12	6
12	0
8	8
2	0
2	0
2	0
16	0
2	0
16	16
13	13
13	0
16	0
16	0
16	0
1	0
8	0
16	0
8	0
8	0
8	0
12	0
1	0
1	0
8	0
8	0
16	0
16	0
16	0
16	0
1	0
16	0
16	0
1	0
1	0
8	0
1	0
3	0
3	0
12	0
3	3
16	0
16	0
16	16
13	13
14	0
11	14
1	6
8	0
8	0
8	8
2	0
2	0
2	0
2	2
8	0
8	8
4	0
4	4
13	13
13	0
1	0
8	0
8	0
8	0
4	0
3	0
3	0
1	0
8	0
8	0
8	0
1	0
1	0
1	0
1	0
8	0
8	0
16	0
16	0
16	0
1	0
1	0
8	0
16	0
16	0
3	0
1	0
16	0
1	0
14	0
14	0
1	0
1	0
8	0
8	0
1	0
1	0
1	0
12	0
12	0
12	0
12	17
12	0
12	0
12	0
12	0
12	17
13	13
13	0
17	0
17	0
17	0
17	0
12	0
17	0
17	0
12	0
12	0
12	0
12	0
12	0
17	0
17	0
17	0
12	0
12	0
12	0
12	0
12	0
12	0
12	0
17	0
17	0
17	0
12	0
12	0
17	0
12	0
12	0
12	0
12	0
12	0
17	0
17	0
17	0
17	0
17	0
1	0
1	0
12	0
12	0
12	0
12	0
12	0
17	0
17	0
17	0
17	0
12	0
17	0
17	0
17	17
17	17
17	0
12	0
17	17
13	13
13	0
17	0
17	0
17	0
17	0
17	0
17	0
17	0
17	0
17	0
17	0
12	0
17	0
17	0
17	0
17	0
17	0
17	0
17	0
17	0
17	0
17	0
17	0
17	0
17	0
17	0
17	0
17	0
17	0
17	0
17	0
12	0
12	0
17	0
17	0
17	0
17	0
17	0
17	0
17	0
17	0
17	0
17	0
17	0
17	0
17	0
17	0
17	0
17	0
17	0
17	0
12	0
3	0
3	7
13	0
13	13
13	0
17	0
17	0
12	0
12	0
12	0
12	0
12	0
17	0
17	0
1	0
12	0
12	0
17	0
17	0
17	0
17	0
12	0
12	0
12	0
12	0
17	0
17	0
17	0
12	0
12	0
12	0
12	0
17	0
17	0
17	0
1	0
12	0
17	0
17	0
17	0
17	0
17	0
12	0
12	0
12	0
17	0
17	0
17	0
12	0
12	0
17	0
17	0
17	0
17	0
12	0
12	0
12	0
17	0
17	0
17	0
17	0
17	0
17	0
17	3
17	0
11	4
3	0
17	0
17	0
1	3
13	0
13	17
13	13
16	0
11	11
17	0
17	0
16	0
16	16
17	0
2	2
1	0
1	17
12	12
13	13
13	0
1	0
17	0
1	0
8	0
1	0
8	0
16	0
16	0
16	0
16	0
8	0
16	0
1	0
16	0
17	0
1	0
1	0
1	0
8	0
8	0
17	0
1	0
1	0
1	0
1	0
1	0
1	0
1	0
1	0
1	0
1	0
16	0
16	0
12	0
12	0
8	3
4	0
4	0
2	4
11	0
6	0
5	3
11	0
11	6
9	0
8	0
1	0
1	0
1	0
1	0
1	1
8	8
5	5
3	0
3	0
3	3
3	0
16	0
16	0
3	16
4	0
3	0
1	0
3	3
2	0
3	2
3	0
3	8
1	0
1	2
8	0
8	0
8	0
8	8
13	13
13	0
1	0
1	0
1	0
16	0
1	0
8	0
8	0
16	0
8	0
8	0
8	0
8	0
1	0
1	0
1	0
1	0
1	0
12	0
17	4
17	0
17	3
12	3
1	0
17	0
16	0
16	1
13	13
3	5
12	6
8	8
8	0
9	0
9	4
4	0
4	0
4	4
13	13
13	0
16	0
1	0
16	0
16	0
16	0
16	0
1	0
17	0
16	0
1	0
1	0
1	0
8	0
8	0
8	0
1	0
1	0
16	0
16	0
16	0
8	0
16	0
16	0
16	0
16	0
16	0
17	0
17	0
17	0
1	0
1	0
1	0
16	0
1	0
1	0
1	0
12	0
1	0
16	0
1	0
13	13
3	0
3	3
3	0
3	0
3	3
3	0
3	3
5	5
14	0
11	11
1	0
11	0
11	11
11	0
11	11
1	0
2	0
3	0
16	0
16	0
16	16
4	0
4	4
13	13
13	0
16	0
16	0
16	0
16	0
16	0
16	0
1	0
16	0
16	0
16	0
16	0
16	0
16	0
16	0
16	0
16	0
16	0
4	0
4	0
16	0
16	0
16	0
16	0
16	0
16	0
16	0
1	0
16	0
14	0
16	0
16	0
1	0
1	0
17	0
12	0
2	5
12	0
12	7
13	13
16	0
11	11
17	0
17	16
3	11
17	0
17	0
1	0
1	3
3	3
1	0
1	0
1	0
16	16
13	13
13	0
1	0
1	0
1	0
1	0
1	0
16	0
16	0
16	0
16	0
1	0
1	0
1	0
1	0
1	0
1	0
1	0
1	0
1	0
16	0
16	0
1	0
1	0
1	0
1	0
16	0
16	0
16	0
17	0
12	0
16	0
16	0
16	0
16	0
16	0
16	0
1	0
1	0
1	0
12	0
17	0
12	11
12	0
11	0
4	4
3	3
17	0
17	0
2	5
3	3
8	0
8	0
8	0
8	8
13	0
17	17
17	0
17	3
17	0
4	0
17	4
17	3
17	6
17	0
1	0
1	1
8	0
8	0
8	8
3	3
1	2
12	0
12	0
12	0
12	12
5	5
3	0
3	3
2	3
2	3
9	9
8	0
8	0
8	0
8	0
8	8
13	0
13	13
13	0
12	0
16	0
17	0
17	0
17	0
1	0
1	0
17	0
8	0
1	0
12	0
13	13
1	0
1	0
1	1
8	0
8	0
8	0
8	8
13	13
8	0
16	7
13	13
13	0
1	0
1	0
8	0
16	0
16	0
3	0
3	0
3	0
8	0
1	0
8	0
16	0
1	0
3	0
8	0
8	0
8	0
8	0
8	0
16	0
1	0
3	0
1	0
8	0
16	0
1	0
8	0
8	0
16	0
8	0
8	0
8	0
1	0
3	0
1	0
1	0
1	0
1	0
8	0
8	0
8	0
8	0
1	0
1	0
16	0
1	0
13	0
13	0
13	17
13	13
16	0
11	0
2	7
13	0
13	13
13	0
12	0
16	0
16	0
1	0
12	0
12	0
16	0
16	0
16	0
16	0
16	0
12	0
12	0
16	0
16	0
16	0
16	0
16	0
12	0
12	0
12	0
17	0
16	0
16	0
1	0
1	0
16	0
16	0
16	0
16	0
16	0
12	0
12	0
12	0
16	0
16	0
16	0
1	0
16	0
16	0
16	0
16	0
16	0
12	0
12	0
12	0
17	0
16	0
16	0
1	0
12	0
3	0
2	0
3	3
16	0
16	0
16	0
3	16
3	7
17	0
6	0
3	3
17	0
17	0
12	3
2	10
13	13
13	0
1	0
1	0
1	0
16	0
1	0
1	0
1	0
1	0
16	0
16	0
16	0
16	0
16	0
3	0
17	0
1	0
1	0
1	0
1	0
1	0
1	0
1	0
16	0
1	0
16	0
1	0
1	0
1	0
1	0
1	0
1	0
8	0
8	0
16	0
16	0
16	0
16	0
1	0
3	0
1	0
17	0
1	0
17	0
11	0
12	11
3	0
3	3
17	3
17	0
17	0
17	1
1	16
17	0
17	0
17	16
13	13
13	0
8	0
1	0
1	0
17	0
16	0
17	0
8	0
16	0
1	0
1	0
1	0
17	0
17	0
17	0
17	0
1	0
1	0
1	0
17	0
1	0
12	0
1	0
1	0
1	0
1	0
1	0
17	0
8	0
16	0
16	0
1	0
12	0
12	0
4	0
17	0
17	0
17	0
17	0
17	0
1	0
17	0
1	0
1	0
17	0
1	0
12	0
3	3
13	0
14	0
14	0
14	14
11	11
1	0
3	3
1	0
1	0
1	0
16	16
13	13
16	0
11	11
4	0
4	4
3	0
3	11
1	0
1	0
1	0
16	16
13	13
13	0
1	0
1	0
1	0
1	0
1	0
16	0
16	0
16	0
16	0
16	0
16	0
16	0
3	0
1	0
3	0
1	0
1	0
1	0
16	0
16	0
3	0
1	0
16	0
16	0
16	0
16	0
1	0
1	0
1	0
1	0
1	0
1	0
16	0
16	0
13	0
13	13
16	0
4	0
4	10
4	0
11	0
14	14
17	3
17	0
17	6
17	6
16	0
16	0
17	16
13	13
14	0
3	14
1	0
1	0
1	1
4	4
13	13
3	2
3	3
3	3
17	0
12	10
17	0
17	16
13	13
13	0
1	0
1	0
17	0
16	0
1	0
1	0
1	0
17	0
1	0
1	0
16	0
1	0
17	0
1	0
1	0
1	0
16	0
16	0
16	0
16	0
17	0
17	0
17	0
17	0
17	0
1	0
1	0
1	0
13	0
13	13
1	0
11	0
1	3
13	13
16	0
11	11
16	0
16	16
3	0
3	0
3	3
3	3
2	10
13	0
13	13
13	0
1	0
16	0
16	0
16	0
1	0
1	0
12	0
16	0
16	0
16	0
16	0
16	0
16	0
3	0
3	0
3	0
1	0
16	0
16	0
12	0
3	0
1	0
16	0
16	0
16	0
1	0
12	0
13	0
16	0
16	0
1	0
1	0
16	0
16	0
16	0
16	0
16	0
3	0
3	0
3	0
3	0
1	0
1	0
3	0
3	5
16	0
11	11
16	0
16	0
16	16
11	0
6	0
3	3
3	3
3	0
3	0
3	3
3	0
3	0
3	3
3	0
3	0
1	10
13	0
13	17
1	0
1	0
3	0
3	0
1	0
1	2
16	0
16	16
16	0
11	11
3	0
11	11
3	0
3	0
3	0
1	1
13	13
14	0
11	0
14	14
16	0
11	11
6	6
8	0
8	0
8	8
8	0
3	0
9	16
16	0
16	0
16	16
5	5
11	0
11	6
1	0
13	0
12	0
13	13
12	0
12	11
11	0
11	0
4	4
2	0
11	0
1	3
1	6
8	0
8	0
8	0
8	8
2	0
2	0
2	0
11	2
8	0
8	8
13	13
13	0
8	0
8	0
1	0
1	0
16	0
16	0
16	0
1	0
1	0
1	0
1	0
8	0
8	0
2	0
2	0
1	0
1	0
8	0
16	0
16	0
8	0
8	0
1	0
1	0
16	0
12	0
12	0
12	0
12	0
3	0
16	0
1	0
1	0
1	0
1	0
1	0
16	0
12	0
17	0
12	17
17	0
13	13
13	0
17	0
17	0
12	0
12	0
17	0
17	0
17	0
17	0
12	0
12	0
12	0
12	0
17	0
17	0
17	0
12	0
12	0
12	0
17	0
17	0
17	0
17	0
12	0
12	0
17	0
17	0
17	0
17	0
17	0
12	0
12	0
17	0
17	0
17	0
17	0
17	0
12	0
12	0
12	0
17	0
17	0
17	0
12	0
12	0
12	0
17	0
17	0
17	0
12	0
12	0
12	0
17	0
17	0
17	0
17	0
17	0
17	0
17	17
17	0
17	17
17	0
17	17
13	0
13	17
12	0
11	11
3	0
17	0
1	0
16	16
17	0
2	11
1	0
1	0
1	11
8	6
3	0
3	0
3	3
13	13
3	0
3	0
3	3
1	0
1	0
1	0
3	1
5	5
1	0
1	0
1	1
8	0
8	0
8	8
13	0
13	13
13	0
1	0
17	0
17	0
8	0
17	0
17	0
17	0
17	0
17	0
1	0
1	0
16	0
16	0
16	0
16	0
3	0
16	0
3	0
16	0
11	11
16	0
16	0
16	16
11	0
11	11
3	0
3	0
3	0
3	3
5	0
3	5
3	0
16	0
16	16
5	0
3	0
3	3
2	2
8	0
12	0
12	0
12	8
5	5
8	0
8	8
13	13
13	0
1	0
1	0
1	0
1	0
1	0
1	0
1	0
1	0
1	0
1	0
1	0
1	0
1	0
8	0
8	0
8	0
3	0
1	0
1	0
3	0
16	0
3	0
3	0
1	0
1	0
3	0
1	0
1	0
1	0
3	0
12	0
2	2
17	0
11	3
13	0
13	13
13	0
8	0
8	0
8	0
8	0
8	0
8	0
16	0
16	0
8	0
8	0
8	0
8	0
8	0
16	0
16	0
16	0
8	0
8	0
8	0
8	0
8	0
16	0
8	0
8	0
8	0
8	0
8	0
16	0
16	0
8	0
8	0
8	0
12	0
12	0
8	0
8	0
16	0
8	0
8	0
8	0
16	0
16	0
8	0
8	0
8	0
12	0
8	0
16	0
8	0
8	0
8	0
8	0
16	0
13	0
11	11
12	0
12	8
13	13
13	0
1	0
16	0
16	0
8	0
16	0
16	0
16	0
16	0
16	0
8	0
8	0
8	0
16	0
16	0
16	0
16	0
1	0
8	0
16	0
8	0
16	0
16	0
1	0
8	0
16	0
1	0
16	0
16	0
16	0
1	0
8	0
16	0
8	0
16	0
16	0
16	0
16	0
8	0
8	0
16	0
16	0
16	0
1	0
8	0
8	0
1	0
16	0
16	0
16	0
16	0
16	0
16	0
16	0
16	0
8	0
2	2
8	0
2	2
8	0
8	0
8	8
3	0
3	0
3	3
13	13
13	0
8	0
8	0
8	0
8	0
16	0
8	0
8	0
8	0
16	0
8	0
3	0
8	0
16	0
8	0
8	0
16	0
16	0
3	0
16	0
16	0
1	0
8	0
8	0
8	0
8	0
1	0
8	0
8	0
8	0
16	0
1	0
1	0
8	0
8	0
8	0
8	0
8	0
1	0
1	0
8	0
16	0
1	0
1	0
16	0
16	0
1	0
8	0
8	0
17	0
17	0
17	17
17	0
17	0
17	17
13	13
13	0
17	0
17	0
17	0
17	0
17	0
17	0
17	0
17	0
17	0
17	0
17	0
17	0
17	0
17	0
17	0
17	0
17	0
17	0
17	0
17	0
17	0
17	0
17	0
12	0
17	0
17	0
17	0
17	0
17	0
17	0
17	0
17	0
17	0
17	0
17	0
17	0
17	0
17	0
17	0
17	0
17	0
17	0
17	0
17	0
17	0
17	0
17	0
17	0
17	0
17	0
17	0
17	0
17	0
17	0
17	0
17	17
1	0
17	0
17	0
17	0
17	17
13	13
13	0
1	0
1	0
17	0
17	0
17	0
1	0
1	0
17	0
1	0
1	0
17	0
12	0
1	0
17	0
1	0
17	0
17	0
17	0
17	0
12	0
1	0
1	0
17	0
17	0
17	0
1	0
17	0
1	0
1	0
1	0
1	0
12	0
12	0
1	0
17	0
17	0
17	0
17	0
17	0
1	0
1	0
1	0
12	0
12	0
1	0
1	0
1	0
17	0
17	0
12	0
17	0
17	0
17	17
17	17
17	0
12	0
17	17
13	13
13	0
17	0
17	0
17	0
17	0
17	0
17	0
17	0
17	0
17	0
17	0
12	0
17	0
17	0
17	0
17	0
17	0
17	0
17	0
17	0
17	0
17	0
17	0
17	0
17	0
17	0
17	0
17	0
17	0
17	0
17	0
12	0
12	0
17	0
17	0
17	0
17	0
17	0
17	0
17	0
17	0
17	0
17	0
17	0
17	0
17	0
17	0
17	0
17	0
17	0
17	0
17	0
17	0
17	0
17	17
17	0
17	0
17	0
17	0
17	17
17	17
17	0
17	0
17	17
17	0
12	17
13	13
13	0
17	0
17	0
17	0
17	0
17	0
17	0
17	0
17	0
17	0
17	0
17	0
17	0
17	0
17	0
17	0
17	0
17	0
17	0
12	0
17	0
17	0
17	0
17	0
17	0
17	0
12	0
12	0
17	0
17	0
17	0
17	0
17	0
17	0
17	0
17	0
17	0
17	0
17	0
17	0
17	0
17	0
17	0
17	0
13	0
8	0
13	17
12	6
8	0
8	0
8	0
8	0
8	8
5	5
12	6
13	13
17	0
17	17
13	13
17	0
17	4
3	0
11	11
2	0
16	16
2	0
2	2
8	0
8	8
2	2
12	0
12	0
12	12
13	13
13	0
1	0
1	0
12	0
12	0
12	0
3	0
16	0
12	0
1	0
1	0
1	0
2	0
1	0
8	0
1	0
1	0
17	0
17	0
16	0
1	0
12	0
12	0
12	0
12	0
12	0
12	0
12	0
12	0
17	0
12	0
16	0
11	0
11	11
4	0
4	4
1	0
3	3
17	0
1	0
1	1
5	5
16	0
16	16
1	3
1	11
5	5
1	0
1	1
1	0
2	2
1	0
1	0
1	0
1	0
1	0
1	1
8	0
8	0
8	8
8	0
12	17
13	13
4	0
4	4
11	0
11	2
12	0
12	8
12	0
12	3
12	0
12	0
12	8
13	13
13	0
16	0
16	0
8	0
3	0
16	0
8	0
1	0
1	0
1	0
1	0
1	0
3	0
1	0
3	0
13	0
13	0
13	17
5	0
3	5
12	0
12	11
12	0
16	0
16	16
1	0
1	0
1	1
13	13
13	0
8	0
1	0
17	0
8	0
12	0
12	0
12	0
17	0
12	0
17	0
12	0
12	0
12	0
12	0
12	0
3	0
1	0
1	0
8	0
8	0
13	0
8	0
1	0
12	0
12	0
12	0
12	0
12	0
12	0
8	0
3	0
8	0
13	0
12	0
17	0
12	0
12	0
12	0
12	0
12	0
3	0
1	0
1	0
8	0
8	0
12	0
12	6
8	0
8	8
4	0
11	4
3	0
3	0
1	0
1	3
1	0
10	3
16	1
13	13
13	0
1	0
1	0
1	0
1	0
1	0
1	0
1	0
1	0
8	0
1	0
1	0
1	0
1	0
1	0
1	0
1	0
8	0
8	0
16	0
1	0
1	0
8	0
1	0
1	0
16	0
1	0
1	0
1	0
1	0
8	0
1	0
1	0
1	0
1	0
8	0
8	0
1	0
3	0
1	0
1	0
1	0
8	0
1	0
1	0
1	0
13	0
11	11
3	3
3	3
1	3
1	0
1	0
17	0
1	1
13	13
13	0
16	0
16	0
16	0
16	0
16	0
16	0
16	0
16	0
16	0
16	0
1	0
16	0
16	0
16	0
16	0
16	0
16	0
1	0
1	0
1	0
1	0
16	0
16	0
16	0
16	0
16	0
16	0
16	0
16	0
1	0
1	0
1	0
1	0
16	0
16	0
16	0
16	0
16	0
16	0
3	0
1	0
1	0
1	0
1	0
1	0
1	0
16	0
16	0
16	0
13	0
13	13
12	17
12	0
12	17
13	13
13	0
17	0
17	0
17	0
12	0
12	0
17	0
17	0
17	0
17	0
12	0
12	0
12	0
17	0
17	0
17	0
17	0
17	0
12	0
12	0
12	0
17	0
17	0
17	0
12	0
12	0
12	0
17	0
17	0
17	0
17	0
12	0
12	0
12	0
17	0
17	0
17	0
17	0
17	0
12	0
17	0
17	0
17	0
17	0
12	0
12	0
17	0
17	0
17	0
17	0
12	0
12	0
17	0
17	0
12	0
8	0
12	17
12	6
17	0
12	0
12	0
9	1
8	0
8	8
16	0
17	0
17	0
16	16
2	3
12	0
12	0
12	3
1	0
1	0
1	0
1	16
13	13
13	0
8	0
1	0
16	0
1	0
1	0
1	0
16	0
16	0
16	0
1	0
8	0
12	0
12	0
12	0
1	0
12	0
1	0
1	0
8	0
8	0
8	0
8	0
1	0
8	0
17	0
8	0
8	0
8	0
1	0
1	0
16	0
16	0
16	0
16	0
1	0
1	0
12	0
12	0
2	5
12	0
12	6
12	0
12	12
13	13
11	0
11	4
2	0
11	6
8	0
8	0
8	0
8	8
13	0
13	17
13	13
17	4
1	0
12	0
17	0
12	0
12	16
13	13
11	11
16	0
17	0
17	0
3	4
3	0
3	3
2	0
2	2
8	0
8	8
12	0
12	0
12	3
13	13
17	0
17	0
17	17
13	13
13	13
1	0
1	0
1	1
13	13
17	0
17	17
12	0
12	17
4	0
11	4
16	0
10	3
5	6
13	0
13	0
13	13
3	3
3	3
5	6
1	1
12	0
8	0
8	0
8	8
13	13
13	0
1	0
1	0
16	0
16	0
1	0
1	0
1	0
1	0
1	0
16	0
16	0
1	0
1	0
1	0
1	0
1	0
1	0
1	0
1	0
8	0
1	0
1	0
1	0
16	0
1	0
1	0
1	0
1	0
1	0
1	0
1	0
1	0
1	0
1	0
1	0
16	0
1	0
1	0
1	0
1	0
1	0
1	0
1	0
16	0
8	0
1	0
1	0
1	0
13	0
1	0
12	6
12	0
8	8
3	3
4	0
11	4
1	0
3	3
16	1
13	13
13	0
1	0
1	0
1	0
16	0
16	0
1	0
1	0
1	0
1	0
1	0
1	0
1	0
16	0
16	0
1	0
1	0
1	0
1	0
1	0
16	0
1	0
1	0
16	0
12	0
16	0
16	0
1	0
1	0
1	0
1	0
1	0
1	0
16	0
16	0
1	0
16	0
12	0
12	0
16	0
1	0
1	0
1	0
1	0
1	0
16	0
1	0
1	0
12	0
17	0
2	2
8	8
16	0
17	0
16	3
9	9
8	2
9	9
8	8
5	5
17	0
2	2
8	0
8	8
17	0
1	16
17	0
17	0
17	3
17	0
13	17
1	0
2	0
3	3
17	0
2	0
11	0
3	0
3	4
16	0
16	3
17	2
17	6
8	0
8	12
17	0
2	2
8	0
8	8
17	0
17	16
12	0
12	0
12	4
13	13
13	0
1	0
1	0
16	0
16	0
8	0
17	0
8	0
17	0
8	0
8	0
8	0
17	0
12	0
13	13
12	0
17	11
12	0
12	0
12	8
17	0
2	0
17	17
13	13
17	0
12	17
1	17
17	0
17	0
17	17
17	0
1	16
17	0
13	17
13	13
2	2
1	0
1	0
1	6
1	0
1	1
8	8
12	2
12	0
12	0
12	0
12	12
13	13
16	0
11	0
11	11
11	4
16	0
16	3
16	0
11	0
11	0
2	11
1	0
1	0
1	0
8	16
13	13
14	0
1	14
14	0
11	11
3	3
16	0
3	0
3	1
4	0
13	0
13	0
12	0
16	17
12	17
13	13
13	0
1	0
12	0
16	0
16	0
16	0
12	0
12	0
16	0
16	0
16	0
16	0
16	0
1	0
8	0
12	0
16	0
16	0
16	0
16	0
12	0
1	0
1	0
16	0
16	0
16	0
1	0
8	0
12	0
1	0
16	0
16	0
16	0
1	0
1	0
12	0
12	0
16	0
16	0
16	0
16	0
12	0
16	0
16	0
16	0
16	0
1	0
8	0
12	0
16	0
16	0
16	0
1	0
12	0
12	0
13	0
13	0
12	17
12	0
12	7
13	13
13	0
17	0
1	0
17	0
12	0
16	0
16	0
17	0
17	0
12	0
12	0
12	0
12	0
17	0
13	0
17	0
12	0
12	0
12	0
12	0
12	0
17	0
17	0
1	0
12	0
16	0
8	0
16	0
17	0
12	0
12	0
12	0
12	0
12	0
1	0
13	0
17	0
12	0
12	0
12	0
12	0
17	0
12	0
12	0
12	0
12	0
1	0
17	0
1	0
12	0
12	0
12	0
16	0
17	0
12	0
5	5
3	0
3	0
3	3
6	0
6	4
8	0
8	8
16	0
16	16
13	13
13	0
1	0
8	0
8	0
1	0
1	0
1	0
1	0
1	0
8	0
8	0
1	0
8	0
8	0
8	0
8	0
8	0
8	0
1	0
16	0
1	0
1	0
1	0
1	0
1	0
1	0
1	0
1	0
1	0
1	0
8	0
8	0
8	0
1	0
1	0
3	0
3	0
8	0
8	0
1	0
1	0
8	0
16	0
16	0
16	0
1	0
1	0
1	0
13	0
11	0
11	4
3	3
1	0
1	0
1	0
1	1
2	2
12	0
12	12
13	13
13	0
16	0
16	0
16	0
8	0
16	0
3	0
1	0
16	0
16	0
16	0
16	0
1	0
1	0
1	0
1	0
1	0
1	0
12	0
12	0
12	0
3	0
16	0
16	0
16	0
8	0
16	0
16	0
16	0
16	0
16	0
16	0
12	0
16	0
16	0
16	0
3	0
1	0
1	0
1	0
1	0
1	0
8	0
12	0
12	0
8	0
1	0
16	0
12	0
3	0
16	0
3	0
3	3
16	0
17	0
11	0
3	0
3	4
5	0
3	0
3	3
12	0
1	0
3	16
5	5
12	0
12	6
12	12
17	0
17	4
17	10
17	0
17	0
11	16
5	5
17	0
11	11
17	6
17	0
8	8
17	0
2	2
12	0
8	8
13	13
13	0
1	0
1	0
12	0
16	0
1	0
1	0
1	0
17	0
12	0
16	0
16	0
16	0
16	0
16	0
1	0
1	0
1	0
16	0
16	0
16	0
1	0
1	0
12	0
13	13
8	2
2	0
6	0
6	6
8	0
8	8
16	0
16	3
2	3
2	3
12	0
11	6
8	0
8	0
8	8
3	2
17	0
17	11
3	0
3	0
3	11
3	0
3	3
1	0
1	0
1	1
8	0
8	0
8	0
8	8
1	0
2	0
1	0
16	16
1	0
3	4
13	13
12	0
16	17
1	17
13	13
13	0
1	0
1	0
1	0
1	0
8	0
8	0
1	0
1	0
1	0
3	0
1	0
3	0
3	0
12	0
1	0
1	0
12	0
8	0
9	17
17	0
12	7
3	7
13	13
13	0
12	0
8	0
1	0
12	0
17	0
8	0
8	0
17	0
17	0
17	0
17	0
12	0
17	0
12	0
12	0
17	0
17	0
17	0
17	0
12	0
17	0
17	0
16	0
12	0
12	0
1	0
12	0
12	0
17	0
16	0
12	0
12	0
12	0
12	0
12	0
8	0
16	0
16	0
12	0
12	0
17	0
17	0
17	0
17	0
12	0
12	0
8	0
8	0
16	0
16	0
12	0
12	0
12	0
17	6
12	8
3	3
4	0
11	4
3	3
8	0
8	0
8	8
13	13
13	0
1	0
1	0
16	0
16	0
1	0
1	0
1	0
16	0
1	0
16	0
16	0
1	0
16	0
16	0
1	0
16	0
1	0
1	0
1	0
1	0
1	0
1	0
1	0
16	0
1	0
1	0
1	0
1	0
1	0
1	0
1	0
1	0
1	0
1	0
16	0
16	0
16	0
16	0
16	0
1	0
1	0
1	0
1	0
1	0
1	0
1	0
1	0
1	0
17	0
5	5
8	0
8	0
8	0
8	8
12	4
16	0
11	0
11	11
17	0
2	11
17	0
1	0
1	0
17	3
17	0
17	3
2	0
16	0
16	16
13	13
14	0
3	14
2	0
2	11
12	6
8	8
3	2
2	0
11	0
11	6
8	8
16	0
16	16
5	5
16	1
16	0
16	0
16	0
16	16
13	0
13	17
4	0
4	4
1	0
1	0
1	0
17	3
3	10
1	0
17	0
17	0
17	0
17	16
16	0
12	17
17	0
11	0
13	0
12	0
12	6
8	8
4	0
11	4
3	0
3	3
1	0
2	2
6	6
8	0
8	8
13	13
13	0
1	0
8	0
1	0
1	0
1	0
1	0
1	0
1	0
1	0
1	0
1	0
1	0
1	0
1	0
1	0
1	0
1	0
1	0
1	0
1	0
1	0
8	0
1	0
1	0
1	0
1	0
1	0
1	0
1	0
1	0
1	0
1	0
1	0
1	0
8	0
16	0
1	0
1	0
1	0
1	0
1	0
1	0
1	0
1	0
1	0
1	0
12	0
13	13
3	0
11	11
16	0
16	0
16	16
11	0
11	11
3	3
1	0
12	17
12	0
12	7
13	13
13	0
1	0
1	0
12	0
1	0
1	0
17	0
1	0
1	0
1	0
16	0
16	0
16	0
16	0
17	0
1	0
1	0
12	0
12	0
1	0
12	0
1	0
1	0
12	0
12	0
17	0
1	0
17	0
1	0
1	0
1	0
16	0
16	0
16	0
16	0
8	0
16	0
16	0
17	0
3	0
1	0
1	0
12	0
12	0
12	0
12	0
3	0
6	0
3	0
3	3
17	0
17	16
3	3
1	0
1	0
1	1
13	13
13	0
1	0
1	0
1	0
1	0
1	0
3	0
16	0
16	0
16	0
1	0
17	0
1	0
16	0
16	0
16	0
1	0
1	0
1	0
1	0
1	0
1	0
1	0
17	0
1	0
1	0
1	0
3	0
16	0
1	0
1	0
1	0
1	0
1	0
16	0
17	0
17	0
3	0
3	0
16	0
16	0
1	0
1	0
1	0
1	0
1	0
1	0
1	0
12	0
1	0
11	11
3	0
3	0
16	0
1	16
16	0
2	11
11	11
13	13
11	11
12	0
8	8
13	13
13	0
1	0
16	0
16	0
16	0
16	0
16	0
16	0
16	0
16	0
1	0
1	0
16	0
16	0
16	0
16	0
16	0
16	0
16	0
16	0
16	0
16	0
16	0
16	0
1	0
16	0
16	0
16	0
16	0
16	0
16	0
16	0
16	0
16	0
16	0
16	0
16	0
16	0
1	0
16	0
16	0
16	0
16	0
16	0
16	0
12	0
17	0
1	7
3	7
13	13
13	0
17	0
17	0
12	0
12	0
12	0
17	0
17	0
17	0
17	0
12	0
12	0
12	0
17	0
17	0
17	0
17	0
12	0
12	0
12	0
12	0
17	0
17	0
17	0
12	0
12	0
1	0
12	0
17	0
17	0
12	0
12	0
12	0
12	0
12	0
17	0
17	0
17	0
16	0
12	0
12	0
17	0
17	0
12	0
12	0
12	0
12	0
17	0
17	0
16	0
12	0
1	0
1	0
17	0
17	0
12	0
4	4
17	0
12	3
9	9
8	0
8	0
8	8
2	2
13	13
17	0
17	17
17	0
17	17
13	13
12	0
12	0
12	4
13	13
13	0
17	0
17	0
12	0
12	0
12	0
12	0
17	0
16	0
17	0
17	0
17	0
1	0
17	0
17	0
17	0
17	0
12	0
12	0
12	0
12	0
12	0
16	0
17	0
12	0
16	0
12	0
3	0
16	0
17	0
12	0
12	0
8	0
8	0
16	0
1	0
17	0
17	0
17	0
17	0
17	0
16	0
8	0
12	0
12	0
12	8
16	0
16	0
16	0
1	16
2	3
5	5
6	6
8	0
8	8
2	3
13	13
13	0
1	0
16	0
16	0
16	0
16	0
16	0
1	0
1	0
16	0
16	0
16	0
16	0
1	0
8	0
16	0
8	0
8	0
16	0
16	0
16	0
16	0
1	0
16	0
16	0
16	0
16	0
16	0
1	0
1	0
1	0
16	0
16	0
16	0
16	0
16	0
16	0
16	0
1	0
8	0
16	0
8	0
8	0
16	0
12	0
13	13
2	0
5	5
17	0
12	9
12	0
12	0
12	16
1	0
3	3
1	0
17	0
17	16
13	13
11	0
11	11
4	0
11	4
6	6
12	0
8	8
17	0
12	0
12	4
13	13
1	0
13	17
12	17
17	0
17	17
13	13
13	0
1	0
1	0
16	0
8	0
3	0
1	0
1	0
1	0
8	0
8	0
17	0
12	0
1	0
1	0
8	0
17	0
16	0
16	0
17	0
17	0
12	0
12	0
1	0
1	0
1	0
1	0
1	0
12	0
12	0
12	0
12	12
13	13
13	0
1	0
1	0
1	0
8	0
16	0
1	0
1	0
1	0
1	0
1	0
16	0
16	0
1	0
1	0
1	0
1	0
1	0
8	0
16	0
1	0
1	0
1	0
1	0
8	0
16	0
1	0
1	0
1	0
1	0
1	0
8	0
16	0
1	0
1	0
1	0
1	0
1	0
1	0
8	0
16	0
1	0
1	0
1	0
8	0
8	0
1	0
1	0
1	0
1	0
16	0
16	0
16	0
1	0
1	0
12	0
17	0
12	17
17	0
17	0
17	17
13	13
13	0
8	0
8	0
17	0
8	0
1	0
17	0
17	0
16	0
17	0
17	0
17	0
17	0
1	0
17	0
16	0
17	0
17	0
17	0
17	0
17	0
1	0
16	0
1	0
8	0
16	0
8	0
8	0
16	0
16	0
17	0
17	0
17	0
17	0
1	0
8	0
17	0
16	0
17	0
17	0
17	0
17	0
17	0
17	0
17	0
17	0
1	0
17	0
1	0
16	0
17	0
8	0
8	0
12	0
17	0
12	3
16	0
11	11
8	0
8	0
8	1
13	13
13	0
1	0
8	0
1	0
17	0
16	0
16	0
16	0
16	0
1	0
8	0
1	0
16	0
16	0
16	0
16	0
8	0
16	0
1	0
16	0
8	0
1	0
8	0
1	0
8	0
1	0
16	0
16	0
16	0
8	0
8	0
8	0
16	0
8	0
1	0
16	0
1	0
16	0
17	0
16	0
16	0
16	0
8	0
8	0
16	0
8	0
1	0
1	0
1	0
1	0
17	0
13	0
13	0
13	17
16	0
16	16
11	11
13	13
3	0
3	3
1	0
1	2
1	0
12	6
8	0
8	0
8	0
8	8
13	13
13	0
16	0
16	0
3	0
1	0
16	0
16	0
16	0
1	0
13	0
3	0
3	0
1	0
1	0
1	0
1	0
1	0
1	0
16	0
16	0
16	0
1	0
3	0
1	0
3	0
8	0
16	0
8	0
12	0
13	0
12	0
12	0
1	0
8	0
3	0
3	0
3	0
1	0
1	0
1	0
1	0
1	0
1	0
1	0
11	11
4	0
17	0
1	0
1	16
3	0
3	3
17	0
1	0
1	10
5	5
1	0
1	0
1	0
16	3
1	0
11	11
11	0
11	11
1	0
1	0
1	0
16	16
13	13
13	0
1	0
1	0
1	0
1	0
1	0
1	0
1	0
1	0
1	0
16	0
16	0
1	0
16	0
1	0
1	0
1	0
1	0
1	0
16	0
1	0
1	0
1	0
1	0
1	0
1	0
1	0
1	0
1	0
1	0
1	0
1	0
1	0
1	0
12	0
17	0
17	0
6	17
17	0
17	0
17	0
17	17
17	0
17	17
17	0
17	17
17	0
17	0
17	17
13	13
13	0
1	0
17	0
17	0
17	0
16	0
17	0
1	0
17	0
17	0
17	0
17	0
17	0
17	0
17	0
17	0
17	0
17	0
17	0
17	0
12	0
17	0
1	0
17	0
17	0
17	0
17	0
17	0
1	0
17	0
17	0
17	0
17	0
17	0
17	0
17	0
16	0
17	0
17	0
17	0
17	0
17	0
17	0
17	0
12	0
17	0
17	17
17	0
17	0
17	0
17	17
17	0
17	0
17	17
13	13
13	0
8	0
17	0
8	0
17	0
17	0
8	0
17	0
17	0
17	0
17	0
17	0
17	0
8	0
17	0
17	0
17	0
17	0
17	0
17	0
17	0
1	0
17	0
17	0
8	0
8	0
8	0
17	0
17	0
17	0
17	0
17	0
17	0
17	0
8	0
17	0
17	0
17	0
17	0
17	0
17	0
17	0
17	0
17	0
17	0
17	0
1	0
17	0
17	0
17	0
17	0
17	0
17	17
13	13
17	0
17	0
17	17
17	0
17	17
13	13
17	0
2	2
8	0
8	0
8	8
4	0
11	4
3	3
17	0
8	0
8	0
8	0
8	12
16	0
12	0
12	4
13	0
12	17
13	13
3	3
2	2
12	12
12	12
4	0
11	4
5	6
1	0
17	3
1	0
1	0
1	1
8	0
8	0
8	0
8	8
12	0
12	0
12	4
13	13
13	0
1	0
12	0
1	0
1	0
1	0
17	0
17	0
1	0
1	0
12	0
17	0
11	11
16	0
16	4
16	0
11	0
11	11
2	3
1	0
1	0
1	0
1	0
1	16
8	0
13	17
13	13
8	0
12	0
12	0
12	8
16	0
16	0
16	0
16	16
17	0
6	0
3	3
3	3
13	13
4	0
4	4
3	0
2	2
8	0
12	0
8	8
13	13
13	0
13	17
12	0
17	7
17	0
13	13
13	0
17	0
16	0
3	0
12	0
16	0
16	0
16	0
1	0
1	0
1	0
1	0
1	0
1	0
1	0
8	0
12	0
1	0
2	0
3	0
3	0
1	0
1	2
1	0
9	0
11	0
11	0
3	4
3	2
6	6
13	13
8	8
13	13
16	0
16	16
2	0
2	2
8	0
8	0
8	8
13	13
13	0
1	0
1	0
1	0
8	0
8	0
3	0
1	0
1	0
1	0
1	0
8	0
16	0
3	0
8	0
1	0
1	0
1	0
1	0
8	0
8	0
1	0
1	0
1	0
3	0
3	0
3	0
3	0
1	0
8	0
3	0
3	0
3	0
3	0
1	0
13	0
17	0
14	2
8	0
8	8
16	0
9	0
11	0
3	0
3	4
11	0
6	0
3	3
2	2
12	0
2	17
1	0
1	17
1	0
1	0
1	0
1	0
1	0
1	2
12	12
12	12
5	5
12	0
12	0
12	12
13	13
13	0
16	0
8	0
1	0
12	0
1	0
16	0
8	0
8	0
1	0
1	0
1	0
8	0
8	0
8	0
12	0
1	0
1	0
16	0
16	0
16	0
16	0
16	0
16	0
16	0
8	0
3	0
8	0
8	0
17	0
11	0
11	4
3	0
6	0
6	3
8	8
3	0
3	11
17	0
3	16
1	0
1	0
1	16
13	13
13	0
1	0
1	0
1	0
1	0
1	0
16	0
1	0
1	0
16	0
1	0
1	0
1	0
1	0
1	0
1	0
1	0
1	0
1	0
1	0
1	0
1	0
1	0
1	0
1	0
1	0
1	0
1	0
1	0
1	0
3	0
16	0
16	0
16	0
16	0
16	0
1	0
16	0
1	0
1	0
1	0
1	0
1	0
1	0
1	0
12	0
17	0
2	2
12	0
12	8
4	0
11	4
11	0
6	0
3	3
3	3
6	6
8	8
12	0
12	16
5	5
17	0
12	11
12	0
11	4
1	0
1	1
2	0
3	0
16	16
13	0
12	17
12	0
17	7
13	0
13	13
13	0
1	0
12	0
1	0
1	0
12	0
1	0
1	0
12	0
12	0
1	0
1	0
1	0
17	0
12	0
12	0
16	0
1	0
1	0
12	0
3	0
16	0
3	0
3	0
3	0
1	0
8	0
8	0
12	0
13	0
2	2
12	0
12	12
4	0
4	0
16	0
16	16
3	11
3	0
3	0
1	0
1	3
3	3
4	0
2	6
8	0
8	0
8	0
8	0
8	8
3	0
1	0
1	0
1	0
1	16
8	0
2	2
6	6
8	0
8	0
8	0
8	0
8	0
8	8
13	13
17	0
17	3
1	0
17	0
17	0
1	16
17	0
6	0
5	3
1	0
1	0
1	1
8	0
12	8
3	11
17	0
17	0
17	16
1	0
1	0
1	16
13	0
13	13
13	0
13	0
13	0
12	17
12	0
12	7
13	13
13	0
17	0
16	0
16	0
12	0
16	0
16	0
13	0
17	0
17	0
17	0
17	0
17	0
17	0
13	0
13	0
17	0
17	0
12	0
17	0
12	0
17	0
17	0
1	0
12	0
16	0
8	0
16	0
13	0
17	0
17	0
12	0
12	0
17	0
17	0
13	0
13	0
17	0
17	0
17	0
17	0
17	0
12	0
12	0
12	0
12	0
17	0
13	0
16	0
17	0
17	0
17	0
16	0
13	0
17	0
17	0
12	11
17	0
17	4
17	0
17	3
17	0
17	0
1	0
1	1
17	0
17	0
17	4
13	13
13	0
1	0
17	0
17	0
17	0
17	0
17	0
17	0
17	0
17	0
17	0
17	0
17	0
17	0
17	0
17	0
17	0
17	0
17	0
17	0
17	0
12	0
17	0
17	0
17	0
17	0
17	0
17	0
17	0
17	0
17	0
17	0
17	0
12	0
12	0
17	0
17	0
17	0
17	0
17	0
17	0
17	0
17	0
17	0
17	0
12	0
17	0
11	11
17	0
12	4
16	0
17	0
11	11
1	3
1	0
1	0
1	0
1	0
16	0
16	0
16	16
13	13
13	0
1	0
16	0
16	0
16	0
1	0
1	0
1	0
16	0
16	0
16	0
16	0
16	0
1	0
1	0
1	0
1	0
16	0
16	0
1	0
1	0
16	0
16	0
16	0
16	0
16	0
1	0
1	0
1	0
17	0
17	0
17	0
16	0
16	0
16	0
17	0
1	0
1	0
1	0
1	0
1	0
1	0
16	0
12	0
16	0
2	2
8	0
8	0
8	0
8	8
11	0
11	0
3	4
3	3
3	3
1	0
1	0
1	0
1	0
1	1
17	0
12	4
13	13
5	0
2	0
14	0
2	3
1	0
11	0
12	0
12	0
12	16
13	13
16	0
11	11
16	0
16	4
16	0
11	11
3	0
3	0
1	0
1	3
1	0
1	11
1	0
1	0
1	0
1	0
1	1
17	0
17	0
17	16
12	0
12	17
17	0
2	2
8	0
8	8
17	0
2	0
11	0
13	0
17	0
17	17
17	17
17	17
17	17
13	13
17	0
17	0
17	16
13	13
13	0
17	0
17	0
17	0
17	0
17	0
17	0
17	0
17	0
17	0
17	0
17	0
17	0
17	0
17	0
17	0
17	0
17	0
17	0
17	0
17	0
17	0
17	0
17	0
17	0
17	0
17	0
17	0
17	0
17	0
17	0
17	0
17	0
17	0
17	0
17	0
17	0
17	0
17	0
17	0
17	0
17	0
17	0
17	0
17	0
17	0
17	0
17	0
17	0
17	0
13	0
8	0
12	17
13	13
3	0
3	3
5	6
6	0
1	1
8	8
13	13
17	0
3	0
12	16
3	0
3	3
3	0
1	0
1	0
1	0
1	0
1	16
13	13
14	0
3	0
16	0
14	14
12	0
12	6
12	0
12	8
3	3
11	11
13	13
3	11
3	0
1	1
4	0
11	4
13	13
13	0
1	0
1	0
1	0
1	0
1	0
1	0
8	0
8	0
16	0
16	0
1	0
16	0
1	0
1	0
8	0
16	0
16	0
1	0
1	0
13	0
13	0
12	17
12	0
12	7
13	0
13	13
13	0
17	0
16	0
16	0
12	0
12	0
17	0
17	0
12	0
17	0
17	0
12	0
12	0
17	0
17	0
12	0
12	0
12	0
12	0
12	0
17	0
12	0
12	0
17	0
12	0
12	0
12	0
17	0
12	0
17	0
17	0
12	0
12	0
17	0
12	0
17	0
16	0
12	0
12	0
12	0
17	0
12	0
17	0
17	0
12	0
17	0
17	0
16	0
16	0
12	0
12	0
17	0
17	0
12	0
5	5
17	0
17	3
17	0
17	0
17	16
17	0
2	2
17	0
8	8
3	0
16	3
3	0
3	0
3	11
1	1
13	13
13	0
1	0
1	0
1	0
1	0
1	0
1	0
1	0
8	0
17	0
1	0
17	0
8	0
17	0
1	0
1	0
1	0
1	0
1	0
1	0
1	0
1	0
17	0
1	0
17	0
1	0
1	0
1	0
1	0
1	0
17	0
17	0
17	0
17	0
17	0
1	0
17	0
8	0
3	0
1	0
1	0
3	0
12	0
1	0
12	11
12	0
11	4
1	0
17	3
17	1
3	3
13	13
13	0
1	0
1	0
1	0
16	0
1	0
12	0
1	0
1	0
1	0
1	0
16	0
16	0
16	0
1	0
1	0
1	0
1	0
16	0
1	0
16	0
1	0
1	0
1	0
1	0
16	0
12	0
1	0
1	0
1	0
1	0
1	0
16	0
16	0
1	0
1	0
1	0
12	0
12	0
12	0
1	0
1	0
12	0
1	0
16	0
1	0
1	0
1	0
1	0
1	0
13	0
3	0
16	3
11	0
11	0
3	4
9	9
8	8
1	0
3	4
13	13
1	0
17	17
13	13
17	17
13	13
13	0
17	0
17	0
8	0
1	0
8	0
1	0
17	0
17	0
8	0
3	0
8	0
1	0
1	0
1	0
12	0
17	0
17	0
17	0
17	0
17	0
12	0
17	0
1	0
8	0
1	0
1	0
1	0
12	0
1	0
1	0
1	0
16	0
2	0
2	0
3	0
8	0
1	0
1	0
1	0
12	0
17	0
17	0
17	0
12	0
13	0
1	17
2	0
3	5
16	0
16	0
16	3
11	0
11	4
3	0
3	3
1	0
1	0
1	0
1	3
3	3
1	0
1	0
1	0
17	16
16	0
11	0
11	0
17	14
1	11
3	3
3	4
13	13
13	0
1	0
1	0
1	0
1	0
1	0
1	0
1	0
1	0
1	0
1	0
1	0
1	0
16	0
1	0
1	0
1	0
1	0
1	0
1	0
1	0
3	0
3	0
3	0
11	0
3	0
3	0
3	0
1	0
1	0
1	0
12	0
3	0
3	3
13	0
13	13
13	0
17	0
17	0
12	0
12	0
12	0
12	0
12	0
17	0
17	0
1	0
12	0
12	0
17	0
17	0
17	0
17	0
12	0
12	0
12	0
12	0
17	0
17	0
17	0
12	0
12	0
12	0
12	0
17	0
17	0
17	0
1	0
12	0
17	0
17	0
17	0
17	0
17	0
12	0
12	0
12	0
17	0
17	0
17	0
12	0
12	0
17	0
17	0
17	0
17	0
12	0
12	0
12	0
17	0
17	0
12	0
3	0
11	11
4	0
4	4
3	3
6	6
1	0
1	0
1	1
17	8
13	0
17	17
17	0
17	0
17	0
3	16
1	0
1	0
1	1
13	13
13	0
3	0
1	0
1	0
1	0
1	0
1	0
3	0
1	0
1	0
8	0
8	0
17	0
17	0
8	0
8	0
1	0
1	0
1	0
1	0
1	0
1	0
1	0
1	0
1	0
1	0
3	0
3	0
3	0
3	0
3	0
1	0
1	0
1	0
1	0
8	0
8	0
17	0
17	0
17	0
17	0
17	17
17	17
17	0
17	17
13	13
13	0
17	0
17	0
17	0
17	0
17	0
17	0
17	0
17	0
17	0
17	0
17	0
17	0
17	0
17	0
17	0
17	0
17	0
17	0
17	0
17	0
17	0
17	0
17	0
17	0
17	0
17	0
17	0
17	0
17	0
17	0
17	0
17	0
17	0
17	0
17	0
17	0
17	0
17	0
17	0
17	0
17	0
17	0
17	0
17	0
17	0
17	0
17	0
17	0
17	0
17	0
17	0
17	0
12	0
17	0
12	17
12	0
8	0
8	12
13	13
13	0
1	0
1	0
1	0
8	0
1	0
1	0
1	0
1	0
1	0
1	0
12	0
12	0
1	0
1	0
1	0
1	0
1	0
8	0
16	0
1	0
1	0
1	0
1	0
8	0
1	0
1	0
1	0
1	0
1	0
1	0
8	0
8	0
1	0
1	0
1	0
1	0
1	0
1	0
12	0
1	0
1	0
1	0
12	0
12	0
12	0
1	0
1	0
1	0
1	0
1	0
1	0
1	0
12	0
17	0
17	7
3	7
13	0
13	13
13	0
17	0
17	0
12	0
3	0
17	0
17	0
17	0
17	0
17	0
3	0
12	0
17	0
17	0
17	0
17	0
17	0
12	0
3	0
17	0
17	0
17	0
17	0
12	0
3	0
17	0
17	0
17	0
17	0
17	0
12	0
3	0
17	0
17	0
17	0
17	0
17	0
17	0
12	0
3	0
17	0
17	0
17	0
12	0
3	0
12	0
17	0
17	0
17	0
12	0
12	0
12	0
17	0
17	0
12	0
17	0
17	0
12	4
16	0
16	0
16	3
2	3
1	0
1	0
1	0
1	16
13	13
13	0
1	0
1	0
8	0
8	0
8	0
8	0
8	0
1	0
1	0
1	0
1	0
1	0
1	0
1	0
1	0
1	0
1	0
1	0
8	0
8	0
1	0
1	0
8	0
1	0
8	0
1	0
8	0
1	0
1	0
1	0
1	0
8	0
8	0
16	0
1	0
8	0
1	0
1	0
1	0
8	0
1	0
1	0
1	0
8	0
8	0
1	0
17	0
16	0
11	11
16	0
16	16
3	0
16	0
3	0
3	3
3	0
1	0
3	3
9	9
13	2
9	9
3	8
17	2
17	6
8	0
8	8
17	10
17	0
17	0
17	16
13	13
13	0
1	0
16	0
16	0
16	0
17	0
1	0
8	0
17	0
8	0
8	0
16	0
16	0
1	0
8	0
1	0
1	0
17	0
1	0
17	0
1	0
17	0
16	0
16	0
16	0
16	0
16	0
16	0
16	0
3	0
17	0
1	0
1	0
17	0
8	0
13	0
13	13
12	0
12	0
12	8
13	13
12	0
12	0
12	8
5	5
12	0
12	8
13	13
13	0
8	0
1	0
8	0
8	0
8	0
1	0
8	0
12	0
8	0
16	0
8	0
8	0
8	0
8	0
12	0
12	0
17	0
8	0
8	0
8	0
8	0
1	0
1	0
8	0
8	0
8	0
8	0
8	0
8	0
8	0
16	0
8	0
8	0
1	0
1	0
12	0
8	0
8	0
12	0
12	0
16	0
17	0
8	0
8	0
8	0
8	0
17	0
12	4
17	0
16	0
16	3
17	0
6	0
1	0
16	0
1	6
8	8
12	0
12	0
12	4
13	0
12	17
17	0
1	3
1	1
17	0
12	0
12	4
13	13
13	0
17	0
12	0
1	0
17	0
12	0
12	0
1	0
12	0
12	0
12	0
12	0
12	0
17	0
12	0
12	0
17	0
17	0
12	0
12	0
17	0
1	0
1	0
17	0
17	0
17	0
17	0
1	0
1	0
17	0
17	0
1	0
1	0
12	0
12	0
12	0
12	0
13	0
16	0
11	11
16	4
17	0
2	2
8	0
8	8
2	2
2	6
8	0
8	0
8	0
8	0
8	0
8	8
13	13
12	0
1	4
17	0
1	0
17	0
17	0
17	0
12	3
1	0
1	0
16	3
2	0
2	2
9	0
1	9
3	0
3	5
8	0
11	0
11	11
16	0
16	0
17	16
1	6
8	0
8	0
8	0
8	0
8	8
3	2
3	0
6	11
1	0
8	17
13	13
3	3
3	0
1	1
8	0
13	17
3	0
3	7
13	0
17	0
5	5
17	0
8	8
16	0
16	0
16	0
3	16
17	0
2	2
1	0
1	0
1	0
1	1
8	0
8	8
17	10
17	0
17	0
17	16
13	13
13	0
1	0
17	0
17	0
17	0
17	0
16	0
17	0
17	0
1	0
1	0
1	0
1	0
1	0
1	0
17	0
17	0
1	0
17	0
17	0
1	0
17	0
17	0
17	0
17	0
17	0
16	0
1	0
16	0
16	0
17	0
1	0
17	0
1	0
1	0
1	0
1	0
1	0
8	0
12	0
17	0
4	4
17	0
17	3
1	0
1	0
3	16
3	0
3	0
1	0
3	0
1	0
1	1
5	0
3	3
1	0
12	0
12	17
13	13
13	0
1	0
1	0
1	0
1	0
1	0
1	0
1	0
1	0
16	0
1	0
1	0
1	0
1	0
1	0
1	0
1	0
1	0
1	0
1	0
1	0
1	0
1	0
1	0
1	0
1	0
1	0
16	0
16	0
17	0
17	0
1	0
1	0
1	0
1	0
1	0
1	0
1	0
1	0
1	0
13	0
13	13
3	3
1	0
1	0
17	16
13	13
13	0
1	0
1	0
1	0
1	0
1	0
1	0
1	0
1	0
1	0
1	0
1	0
1	0
1	0
1	0
1	0
1	0
1	0
1	0
1	0
1	0
1	0
1	0
1	0
1	0
1	0
1	0
1	0
1	0
1	0
1	0
1	0
1	0
1	0
1	0
1	0
1	0
1	0
1	0
1	0
1	0
1	0
1	0
1	0
1	0
1	0
1	0
1	0
1	0
1	0
1	0
1	0
1	0
12	0
1	0
1	0
3	0
1	0
1	0
1	2
4	0
4	0
12	4
3	0
3	3
17	0
2	3
8	8
13	13
14	0
11	0
3	16
3	3
8	8
16	0
16	16
13	13
13	0
1	0
1	0
1	0
8	0
16	0
8	0
8	0
17	0
1	0
8	0
16	0
16	0
16	0
16	0
8	0
1	0
8	0
16	0
16	0
16	0
16	0
1	0
1	0
1	0
1	0
1	0
1	0
8	0
8	0
8	0
8	0
3	0
17	0
1	0
8	0
13	0
13	13
17	2
17	0
6	6
1	0
1	1
8	0
8	8
13	0
13	0
13	13
13	13
17	0
17	17
17	0
17	17
17	0
17	0
17	0
17	17
17	0
17	0
1	17
8	0
8	0
8	8
12	0
12	7
13	13
13	0
1	0
3	0
3	0
17	0
17	0
17	0
17	0
17	0
17	0
17	0
17	0
17	0
17	0
17	0
17	0
17	0
17	0
16	0
16	0
16	0
1	0
1	0
8	0
8	0
8	0
8	0
8	0
3	0
17	0
12	0
11	0
11	11
16	0
16	0
16	16
2	0
2	2
9	0
1	1
8	0
8	0
8	8
2	2
12	0
12	0
12	12
2	0
2	0
2	0
6	2
8	0
8	0
8	8
13	0
13	17
12	6
12	0
8	0
8	8
12	0
12	0
12	0
16	16
12	0
12	0
12	12
12	0
12	12
13	13
13	0
1	0
1	0
1	0
12	0
12	0
2	0
1	0
16	0
16	0
17	0
3	0
3	0
3	0
8	0
1	0
1	0
8	0
1	0
1	0
12	0
13	13
16	0
17	0
17	16
1	0
1	1
17	0
12	1
17	0
12	17
13	13
3	3
12	0
12	0
8	0
8	8
13	0
13	17
8	0
12	0
12	0
12	8
16	0
17	0
17	0
1	16
3	0
3	3
13	13
13	0
1	0
1	0
1	0
1	0
1	0
1	0
1	0
1	0
1	0
1	0
1	0
1	0
16	0
1	0
1	0
1	0
1	0
16	0
16	0
1	0
1	0
1	0
17	0
1	0
17	0
1	0
1	0
1	0
1	0
12	0
12	0
12	6
12	8
17	4
16	0
16	0
2	3
12	0
12	6
12	0
8	8
2	0
1	0
1	0
16	0
16	16
1	0
1	0
1	2
8	0
8	8
13	13
13	0
1	0
1	0
1	0
1	0
8	0
8	0
12	0
1	0
1	0
1	0
1	0
1	0
1	0
1	0
1	0
1	0
1	0
8	0
8	0
8	0
1	0
1	0
1	0
8	0
12	0
12	0
16	0
1	0
1	0
1	0
1	0
12	0
1	0
1	0
1	0
1	0
13	0
13	13
4	0
4	0
11	4
17	0
4	3
1	0
16	0
16	0
16	16
13	13
13	0
13	17
13	13
1	0
17	0
12	0
1	1
17	0
8	0
8	12
13	13
13	0
1	0
16	0
1	0
16	0
16	0
16	0
16	0
16	0
16	0
1	0
8	0
1	0
1	0
1	0
16	0
1	0
1	0
8	0
8	0
16	0
1	0
1	0
16	0
3	0
16	0
4	0
16	0
8	0
1	0
1	0
1	0
16	0
16	0
16	0
1	0
1	0
17	0
17	0
17	17
17	0
17	0
17	17
17	0
17	0
12	12
17	0
17	0
17	0
17	17
17	0
17	17
13	13
4	0
4	4
16	16
13	13
16	0
11	11
16	0
16	16
3	0
3	0
3	3
3	3
5	6
8	0
8	0
8	0
8	8
13	0
13	17
17	0
2	7
17	0
13	13
13	0
17	0
16	0
16	0
16	0
1	0
1	0
17	0
16	0
17	0
17	0
17	0
1	0
16	0
17	0
16	0
17	0
17	0
17	0
17	0
16	0
13	0
17	11
17	0
17	0
17	16
17	3
17	1
13	13
13	0
17	0
17	0
17	0
17	0
17	0
17	0
17	0
17	0
17	0
17	0
17	0
17	0
17	0
17	0
17	0
17	0
17	0
17	0
17	0
17	0
1	0
17	0
1	0
1	0
16	0
17	0
17	0
17	0
17	0
17	0
17	0
17	0
17	0
16	0
17	0
17	0
17	0
17	0
17	0
17	0
17	0
17	0
17	0
17	0
17	0
1	0
1	0
17	0
17	0
17	0
17	0
17	0
17	0
17	7
17	0
17	0
17	7
13	0
13	13
13	0
17	0
17	0
12	0
12	0
17	0
17	0
17	0
17	0
17	0
17	0
12	0
17	0
17	0
17	0
17	0
17	0
17	0
17	0
17	0
17	0
17	0
17	0
12	0
12	0
17	0
17	0
17	0
17	0
17	0
12	0
17	0
17	0
17	0
17	0
17	0
17	0
17	0
17	0
17	0
17	0
17	0
17	0
17	0
12	0
17	0
17	0
17	0
17	0
17	0
17	0
17	0
16	0
17	0
2	2
8	0
8	8
8	0
8	8
16	0
2	0
11	0
3	0
3	4
5	5
1	0
1	3
8	0
2	2
8	0
12	0
8	0
12	8
1	0
1	0
1	0
1	0
16	16
5	5
16	0
2	2
6	6
8	0
8	8
2	2
9	0
9	8
8	0
2	0
2	2
8	8
13	13
13	0
8	0
8	0
1	0
1	0
1	0
8	0
16	0
16	0
3	0
16	0
16	0
8	0
16	0
16	0
3	0
1	0
1	0
1	0
1	0
11	0
5	3
6	6
8	8
4	0
4	4
3	0
3	0
1	0
1	3
3	0
3	0
3	3
16	0
12	0
12	4
13	0
11	17
11	11
4	0
11	4
11	11
13	13
11	11
11	0
11	10
11	1
1	0
11	16
13	13
13	0
1	0
1	0
16	0
1	0
1	0
1	0
16	0
1	0
12	0
1	0
1	0
1	0
1	0
1	0
1	0
1	0
1	0
1	0
1	0
3	0
1	0
1	0
1	0
1	0
1	0
1	0
1	0
16	0
1	0
13	0
3	0
3	0
3	14
2	2
12	0
12	0
12	12
17	0
17	16
4	0
4	4
13	13
14	0
2	0
14	0
14	0
3	4
1	0
1	2
8	0
8	8
1	0
2	0
1	0
1	0
16	16
13	13
3	0
3	3
9	9
8	0
8	8
13	13
2	0
2	2
9	9
8	8
2	0
2	16
12	0
12	6
12	12
5	5
12	0
12	6
12	0
12	12
3	0
1	0
1	0
1	0
1	3
13	13
13	0
1	0
1	0
1	0
14	0
14	0
12	0
17	0
5	0
17	7
13	0
13	13
13	0
12	0
17	0
8	0
12	0
12	0
12	0
17	0
17	0
17	0
1	0
12	0
12	0
17	0
17	0
17	0
17	0
1	0
12	0
12	0
12	0
17	0
17	0
12	0
12	0
12	0
12	0
17	0
17	0
17	0
1	0
12	0
12	0
12	0
12	0
17	0
17	0
17	0
1	0
12	0
17	0
17	0
17	0
17	0
12	0
12	0
12	0
17	0
17	0
12	0
12	0
12	0
17	0
17	0
13	0
13	0
17	0
17	12
13	13
17	0
17	17
17	0
17	17
17	0
17	17
17	17
17	0
17	17
17	17
17	0
17	17
13	13
13	13
13	0
17	0
17	0
17	0
17	0
17	0
17	0
17	0
17	0
17	0
17	0
17	0
17	0
17	0
17	0
17	0
17	0
17	0
17	0
17	0
13	0
17	0
17	0
17	0
17	0
17	0
13	0
17	0
17	0
17	0
17	0
17	0
17	0
17	0
17	0
17	0
17	0
17	0
17	0
17	0
17	0
13	0
4	0
4	4
17	0
17	0
17	0
17	3
13	13
17	0
17	10
13	13
17	0
17	0
17	0
17	0
16	16
13	0
13	17
13	13
1	0
12	0
16	0
16	16
13	13
3	0
16	16
13	13
13	0
1	0
1	0
17	0
1	0
1	0
1	0
16	0
1	0
16	0
16	0
1	0
8	0
16	0
1	0
16	0
16	0
8	0
16	0
16	0
3	0
1	0
1	0
17	0
17	0
17	0
17	0
17	0
17	0
17	0
1	0
17	0
16	0
12	0
1	0
12	0
1	3
3	0
3	0
3	3
2	0
3	3
4	0
11	4
5	6
8	8
5	0
3	0
3	3
3	0
3	0
1	3
1	0
1	0
1	16
5	5
11	0
11	11
4	0
4	4
8	8
13	13
13	0
1	0
1	0
1	0
1	0
1	0
1	0
1	0
1	0
1	0
1	0
1	0
1	0
1	0
1	0
1	0
1	0
1	0
1	0
1	0
16	0
1	0
1	0
1	0
3	0
16	0
1	0
1	0
1	0
1	0
1	0
17	0
3	0
13	17
2	2
12	0
12	12
16	0
16	0
16	16
17	0
11	11
3	3
16	0
1	16
13	0
13	17
11	0
11	4
1	0
1	0
3	0
3	0
3	0
3	3
3	0
6	6
2	0
1	0
1	8
3	3
17	0
17	0
17	10
17	0
17	2
17	0
8	8
17	0
12	10
12	0
17	16
13	13
13	0
3	0
3	0
3	0
1	0
1	0
3	0
1	0
1	0
17	0
17	0
16	0
16	0
1	0
8	0
1	0
1	0
1	0
12	0
12	6
12	0
8	0
8	8
3	11
16	0
11	0
11	11
2	0
2	0
3	3
17	0
2	2
12	0
12	6
12	0
8	0
8	0
8	0
8	0
8	0
8	8
3	0
16	0
16	0
16	16
13	4
11	0
11	4
12	0
12	0
12	4
13	13
13	0
1	0
16	0
12	0
1	0
8	0
16	0
16	0
8	0
1	0
1	0
1	0
1	0
16	0
16	0
16	0
16	0
16	0
16	0
1	0
1	0
1	0
1	0
8	0
8	0
1	0
17	0
17	11
17	0
17	0
17	0
12	16
17	0
17	0
17	10
17	0
17	10
12	1
17	2
6	6
1	0
1	0
16	1
8	0
8	0
8	8
12	0
12	16
13	13
13	0
17	0
17	0
17	0
17	0
12	0
17	0
3	0
12	0
1	0
1	0
1	0
17	0
17	0
1	0
17	0
17	0
12	0
12	0
12	0
12	0
17	0
17	0
12	0
17	0
17	0
17	0
17	0
17	0
17	0
17	0
17	0
17	0
12	0
1	0
1	0
1	0
12	0
13	13
13	0
11	0
5	3
16	0
16	0
16	16
3	11
1	0
1	0
1	3
3	0
3	3
5	0
3	0
3	3
8	8
13	13
8	0
13	17
17	0
2	2
8	0
8	0
8	8
16	0
2	0
11	0
3	0
3	4
2	3
3	0
1	0
1	2
8	0
8	0
8	8
3	0
16	0
16	16
12	0
12	0
12	4
2	2
2	6
12	0
12	12
13	13
13	0
3	0
3	0
1	0
16	0
8	0
3	0
1	0
1	0
1	0
1	0
12	0
11	0
11	11
4	0
4	4
1	0
1	0
1	0
1	0
1	3
2	0
2	2
6	6
9	0
9	0
9	8
1	0
1	16
13	13
13	0
1	0
8	0
8	0
8	0
8	0
8	0
8	0
1	0
8	0
1	0
1	0
8	0
1	0
8	0
8	0
8	0
8	0
1	0
8	0
8	0
1	0
1	0
8	0
8	0
8	0
8	0
8	0
1	0
8	0
8	0
3	0
1	0
1	0
1	0
8	0
1	0
1	0
1	0
8	0
8	0
12	0
11	0
11	4
2	0
6	0
6	2
8	8
12	0
12	0
12	4
13	13
13	0
1	0
12	0
8	0
1	0
16	0
1	0
1	0
16	0
8	0
12	0
12	0
1	0
16	0
1	0
16	0
12	0
12	0
12	0
12	0
16	0
1	0
12	0
1	0
16	0
1	0
16	0
1	0
1	0
12	0
12	0
12	0
12	0
16	0
16	0
16	0
1	0
16	0
16	0
1	0
8	0
12	0
12	0
12	0
16	0
16	0
1	0
16	0
1	0
12	0
1	0
12	11
12	0
11	4
16	6
8	8
5	5
8	8
17	0
17	3
17	0
12	0
12	4
13	13
13	0
1	0
12	0
8	0
16	0
8	0
16	0
1	0
16	0
1	0
16	0
16	0
8	0
16	0
16	0
16	0
12	0
17	0
17	0
8	0
8	0
12	0
8	0
12	0
8	0
1	0
8	0
16	0
16	0
16	0
1	0
1	0
12	0
12	0
12	0
12	0
1	0
1	0
16	0
16	0
1	0
17	0
17	0
17	0
8	0
11	0
3	11
6	4
16	0
11	11
1	0
17	0
17	0
17	16
16	0
16	16
5	5
1	0
17	0
1	0
1	16
11	11
3	11
6	4
3	0
3	0
1	16
13	0
11	17
4	0
4	4
3	0
3	3
1	6
1	0
9	1
8	0
8	0
8	8
5	0
3	0
3	3
1	0
1	0
1	0
1	0
1	0
16	0
16	16
13	13
13	0
14	0
14	0
16	0
16	0
16	0
1	0
1	0
1	0
1	0
1	0
1	0
1	0
1	0
1	0
17	0
17	0
4	4
17	0
17	11
17	0
1	3
3	3
1	0
1	1
5	5
1	0
1	0
1	0
1	0
1	1
13	13
13	0
3	0
17	0
1	0
1	0
1	0
1	0
1	0
3	0
3	0
17	0
17	0
17	0
1	0
1	0
1	0
1	0
1	0
1	0
1	0
1	0
3	0
3	0
1	0
1	0
1	0
1	0
1	0
3	0
17	0
17	0
17	0
17	0
17	0
17	0
17	0
17	0
1	0
1	0
1	0
1	0
1	0
1	0
12	0
12	0
12	7
13	13
13	0
12	0
1	0
1	0
12	0
12	0
12	0
1	0
1	0
1	0
1	0
12	0
12	0
12	0
1	0
1	0
1	0
1	0
12	0
12	0
12	0
1	0
1	0
1	0
1	0
12	0
12	0
12	0
1	0
1	0
1	0
12	0
12	0
12	0
1	0
1	0
1	0
1	0
12	0
12	0
12	0
1	0
1	0
1	0
12	0
12	0
12	0
1	0
1	0
1	0
12	0
12	0
12	0
1	0
1	0
1	0
12	0
17	0
2	2
1	0
1	1
9	9
8	0
9	0
11	0
3	0
3	4
11	0
6	0
3	3
3	0
3	0
6	3
8	0
8	8
12	0
12	0
12	4
13	13
13	0
1	0
8	0
8	0
12	0
16	0
16	0
16	0
16	0
8	0
3	0
3	0
3	0
16	0
16	0
8	0
8	0
12	0
12	0
16	0
16	0
1	0
8	0
12	0
16	0
16	0
1	0
1	0
8	0
8	0
8	0
16	0
16	0
16	0
8	0
3	0
3	0
12	0
12	0
12	7
5	5
3	0
2	2
1	0
1	0
1	0
1	1
8	8
11	0
6	0
6	4
8	0
8	8
16	0
2	4
17	0
13	13
13	0
12	0
12	0
1	0
16	0
12	0
12	0
12	0
1	0
1	0
8	0
16	0
16	0
1	0
1	0
8	0
16	0
16	0
16	0
12	0
12	0
12	0
1	0
16	0
16	0
12	0
12	0
12	0
12	0
1	0
3	0
3	0
1	0
1	0
1	0
8	0
16	0
16	0
2	0
1	0
12	0
11	4
16	0
16	0
16	3
1	0
1	0
1	0
1	0
1	16
1	0
1	0
1	0
1	0
1	2
8	0
8	0
8	0
8	8
13	13
13	0
3	0
1	0
1	0
1	0
1	0
8	0
3	0
3	0
1	0
1	0
1	0
1	0
1	0
1	0
1	0
8	0
8	0
8	0
8	0
8	0
1	0
1	0
1	0
8	0
8	0
8	0
3	0
3	0
1	0
1	0
1	0
1	0
1	0
1	0
1	0
1	0
1	0
1	0
1	0
12	0
4	0
4	4
11	0
6	0
3	3
2	0
2	2
8	0
8	0
8	8
9	9
8	0
8	0
8	8
1	0
8	0
16	0
8	0
8	16
13	13
2	0
3	0
3	3
11	0
11	4
5	0
3	0
3	3
1	0
1	0
1	1
16	0
12	0
12	4
13	0
13	17
17	0
17	3
17	0
17	0
17	16
17	0
17	3
3	0
3	0
3	11
3	0
3	3
1	0
17	1
1	0
1	3
13	0
13	17
17	0
2	2
8	0
8	0
13	0
12	0
16	0
12	0
11	11
4	0
11	0
4	4
9	0
9	8
13	13
13	0
1	0
1	0
16	0
16	0
1	0
16	0
8	0
16	0
16	0
8	0
8	0
9	0
1	0
16	0
16	0
16	0
3	0
3	0
8	0
9	0
1	0
1	0
1	0
16	0
16	0
1	0
16	0
16	0
16	0
3	0
8	0
8	0
9	0
1	0
1	0
16	0
16	0
16	0
16	0
16	0
16	0
3	0
8	0
9	0
8	0
1	0
16	0
16	0
16	0
13	0
11	0
11	0
4	4
4	0
11	0
3	3
1	0
1	0
1	0
1	1
13	13
13	0
3	0
16	0
16	0
16	0
16	0
16	0
16	0
1	0
1	0
1	0
16	0
16	0
16	0
16	0
3	0
1	0
1	0
1	0
16	0
16	0
16	0
3	0
16	0
16	0
16	0
16	0
16	0
1	0
1	0
1	0
1	0
16	0
16	0
3	0
16	0
16	0
16	0
3	0
3	0
3	0
1	0
1	0
16	0
16	0
16	0
1	0
3	0
12	0
17	0
1	7
3	7
13	13
13	0
17	0
17	0
12	0
12	0
12	0
17	0
17	0
17	0
17	0
12	0
12	0
12	0
17	0
17	0
17	0
17	0
12	0
12	0
12	0
12	0
17	0
17	0
17	0
12	0
12	0
1	0
12	0
17	0
17	0
12	0
12	0
12	0
12	0
12	0
17	0
17	0
17	0
16	0
12	0
12	0
17	0
17	0
12	0
12	0
12	0
12	0
17	0
17	0
16	0
12	0
1	0
1	0
17	0
17	0
12	0
12	0
12	0
12	3
4	0
4	0
9	4
1	6
1	0
1	0
1	1
8	0
8	0
8	8
12	0
12	4
13	13
13	0
1	0
1	0
1	0
1	0
1	0
8	0
1	0
1	0
1	0
1	0
1	0
1	0
1	0
1	0
8	0
1	0
12	0
12	0
16	0
8	0
1	0
1	0
1	0
1	0
1	0
1	0
8	0
1	0
1	0
1	0
1	0
12	0
8	0
3	0
1	0
1	0
1	0
1	0
1	0
1	0
8	0
12	0
17	0
13	13
1	0
3	0
1	0
1	3
3	3
13	13
4	0
4	4
17	0
17	0
17	10
3	3
1	0
17	0
17	0
8	16
17	0
17	0
17	0
17	16
13	13
12	0
16	17
13	13
13	0
1	0
1	0
3	0
3	0
3	0
8	0
1	0
1	0
1	0
1	0
16	0
1	0
1	0
17	0
1	0
1	0
8	0
17	0
16	0
1	0
1	0
1	0
1	0
1	0
1	0
8	0
3	0
3	0
3	0
17	0
3	0
1	0
1	0
8	0
8	0
11	0
2	2
12	0
12	6
12	0
1	1
12	12
13	13
13	0
1	0
1	0
8	0
8	0
8	0
16	0
1	0
12	0
12	0
12	0
16	0
8	0
16	0
12	0
12	0
12	0
12	0
12	0
8	0
8	0
8	0
1	0
8	0
1	0
1	0
8	0
12	0
1	0
12	0
12	0
12	0
8	0
8	0
8	0
1	0
8	0
8	0
8	0
12	0
12	0
12	0
12	0
8	0
8	0
8	0
1	0
1	0
8	0
8	0
12	0
1	0
1	3
1	0
1	0
1	1
12	0
12	0
12	4
13	13
11	11
16	0
2	2
12	0
12	0
8	0
8	8
13	13
13	0
1	0
12	0
1	0
8	0
8	0
8	0
16	0
16	0
12	0
16	0
12	0
1	0
16	0
16	0
16	0
1	0
1	0
8	0
8	0
16	0
1	0
12	0
12	0
1	0
1	0
8	0
1	0
1	0
16	0
16	0
16	0
1	0
16	0
16	0
16	0
12	0
16	0
16	0
1	0
1	0
1	0
12	0
3	0
3	5
4	0
4	4
12	0
12	6
12	0
8	0
8	8
8	0
8	0
8	0
8	16
13	13
13	0
1	0
1	0
8	0
12	0
8	0
3	0
3	0
3	0
1	0
12	0
12	0
12	0
3	0
12	0
8	0
8	0
16	0
16	0
16	0
8	0
3	0
1	0
12	0
16	0
12	0
12	0
12	0
1	0
1	0
8	0
3	0
1	0
3	0
3	0
11	0
3	0
12	0
12	0
1	0
8	0
8	0
8	0
16	0
16	0
17	0
3	3
17	0
17	0
17	16
5	0
16	5
17	0
11	0
17	0
3	16
17	0
11	4
13	13
13	0
1	0
1	0
1	0
1	0
1	0
1	0
1	0
1	0
1	0
1	0
8	0
1	0
1	0
17	0
17	0
17	0
1	0
1	0
1	0
1	0
1	0
1	0
1	0
1	0
1	0
1	0
1	0
1	0
1	0
1	0
1	0
1	0
1	0
1	0
1	0
1	0
1	0
17	0
17	0
17	0
1	0
1	0
1	0
1	0
1	0
16	0
6	6
8	8
16	0
8	0
17	4
16	0
2	0
3	0
1	0
1	0
1	2
2	3
17	0
12	3
1	0
1	0
1	1
8	0
12	0
1	0
8	16
13	13
13	0
16	0
1	0
1	0
16	0
16	0
16	0
16	0
16	0
16	0
1	0
8	0
8	0
8	0
1	0
1	0
8	0
1	0
8	0
8	0
8	0
1	0
1	0
1	0
16	0
16	0
16	0
16	0
16	0
16	0
3	0
3	0
1	0
3	0
16	0
1	0
8	0
11	0
14	3
11	4
3	11
16	0
16	3
16	0
16	0
16	3
3	3
1	0
1	0
1	1
8	0
8	0
8	8
13	13
3	11
3	0
3	3
3	0
1	0
1	0
1	0
3	1
13	13
3	0
16	0
16	3
2	0
6	6
8	8
13	0
13	13
13	0
16	0
1	0
1	0
1	0
1	0
1	0
1	0
1	0
1	0
1	0
1	0
1	0
16	0
16	0
16	0
16	0
16	0
3	0
16	0
1	0
1	0
1	0
1	0
1	0
1	0
12	0
17	0
12	17
17	0
12	0
12	0
12	7
13	13
13	0
12	0
17	0
12	0
12	0
17	0
17	0
12	0
17	0
17	0
17	0
17	0
12	0
12	0
12	0
17	0
17	0
17	0
17	0
17	0
12	0
12	0
17	0
12	0
12	0
12	0
17	0
12	0
17	0
17	0
17	0
17	0
12	0
12	0
12	0
12	0
17	0
17	0
17	0
17	0
12	0
17	0
17	0
17	0
12	0
12	0
12	0
12	0
17	0
17	0
17	0
17	0
13	0
17	0
17	0
17	0
3	16
1	0
1	0
1	1
13	13
13	0
1	0
1	0
1	0
1	0
16	0
17	0
16	0
16	0
1	0
1	0
1	0
1	0
1	0
17	0
1	0
1	0
1	0
1	0
1	0
1	0
1	0
1	0
1	0
1	0
1	0
17	0
17	0
16	0
1	0
1	0
1	0
1	0
1	0
1	0
1	0
16	0
16	0
17	0
17	0
17	0
3	0
1	0
1	0
1	0
1	0
1	0
1	0
1	0
16	0
1	0
17	0
17	0
17	0
17	16
17	11
17	0
17	3
17	0
17	0
17	2
17	0
6	6
8	0
8	0
8	0
8	8
13	0
13	17
13	13
1	0
1	3
3	3
1	0
17	17
17	0
17	0
17	0
17	17
12	0
12	12
17	0
17	17
17	17
17	0
17	0
17	0
17	17
17	0
17	17
17	0
17	0
17	17
17	17
17	0
17	0
17	17
17	0
17	17
17	17
17	0
17	0
17	17
13	13
17	0
17	0
17	17
17	0
17	17
17	0
13	0
17	0
17	0
9	17
17	0
17	17
17	17
17	0
17	0
17	0
17	17
17	17
17	0
12	0
12	17
13	13
12	0
12	0
12	0
12	17
13	0
13	13
13	0
17	0
17	0
17	0
17	0
12	0
17	0
17	0
17	0
17	0
17	0
17	0
17	0
17	0
17	0
17	0
17	0
17	0
12	0
12	0
12	0
17	0
17	0
17	0
12	0
12	0
17	0
17	0
17	0
17	0
17	0
17	0
17	0
17	0
17	0
17	0
17	0
17	0
17	0
12	0
12	0
17	0
17	3
4	0
11	4
3	3
12	0
12	0
12	8
13	13
13	0
1	0
1	0
1	0
1	0
1	0
1	0
1	0
1	0
1	0
1	0
1	0
1	0
1	0
1	0
1	0
1	0
1	0
1	0
1	0
1	0
1	0
1	0
1	0
1	0
1	0
1	0
1	0
1	0
1	0
1	0
1	0
1	0
1	0
1	0
1	0
1	0
1	0
16	0
16	0
1	0
1	0
1	0
1	0
1	0
1	0
1	0
1	0
1	0
13	0
3	3
2	2
12	0
12	12
4	0
11	4
3	0
6	6
3	0
3	0
3	3
5	6
1	0
1	0
1	0
1	0
1	1
8	8
13	13
13	0
1	0
1	0
1	0
1	0
1	0
8	0
1	0
1	0
8	0
3	0
1	0
1	0
1	0
1	0
1	0
1	0
1	0
1	0
8	0
1	0
1	0
8	0
1	0
1	0
8	0
8	0
1	0
1	0
12	0
12	0
16	0
3	0
8	0
8	0
3	0
1	0
1	0
1	0
1	0
12	0
12	0
12	6
17	0
16	0
16	16
17	0
11	11
1	0
1	0
17	0
1	11
13	13
13	0
3	0
3	0
12	0
1	0
1	0
17	0
17	0
1	0
3	0
1	0
17	0
17	0
17	0
17	0
17	0
1	0
1	0
1	0
1	0
1	0
1	0
3	0
1	0
1	0
1	0
1	0
1	0
17	0
1	0
1	0
1	0
1	0
12	0
12	0
12	0
12	0
17	0
17	0
17	0
1	0
1	0
1	0
1	0
1	0
1	0
1	0
13	0
17	0
16	0
16	10
3	0
3	3
8	0
8	0
8	8
13	13
3	0
5	0
5	5
2	3
8	0
8	0
8	0
8	0
8	0
8	0
8	8
5	5
8	0
8	0
8	8
13	13
11	0
11	4
1	0
3	3
2	0
1	1
13	13
13	0
1	0
1	0
1	0
1	0
16	0
8	0
1	0
8	0
1	0
8	0
8	0
16	0
16	0
16	0
16	0
16	0
3	0
1	0
1	0
1	0
1	0
3	0
3	0
1	0
1	0
1	0
13	0
8	0
12	17
16	0
1	0
2	3
1	0
16	4
17	0
12	6
12	0
12	12
13	13
12	6
12	0
12	0
12	12
5	5
16	0
11	11
2	0
3	0
3	3
5	6
12	0
12	0
8	8
16	0
16	16
13	13
13	0
8	0
8	0
1	0
12	0
1	0
1	0
12	0
16	0
3	0
12	0
1	0
12	0
12	0
1	0
1	0
8	0
8	0
8	0
8	0
1	0
1	0
8	0
12	0
1	0
12	0
12	0
12	0
1	0
12	0
12	0
1	6
8	0
8	0
8	0
8	8
13	13
14	6
12	0
12	12
17	4
3	3
12	0
17	0
16	3
16	0
11	6
1	0
1	0
1	17
13	13
8	0
8	0
8	8
13	13
13	13
13	0
1	0
1	0
16	0
16	0
16	0
1	0
16	0
16	0
16	0
16	0
16	0
16	0
1	0
16	0
1	0
16	0
17	0
8	0
16	0
1	0
1	0
1	0
1	0
16	0
16	0
16	0
16	0
16	0
16	0
8	0
12	0
12	0
16	0
12	0
2	0
11	6
8	0
8	0
8	8
4	0
11	4
1	0
11	3
17	0
2	2
12	0
8	0
8	8
1	0
1	0
1	0
8	16
5	5
17	0
17	0
17	3
17	0
17	0
17	16
17	0
11	0
11	11
1	0
1	3
17	6
8	8
13	13
13	0
1	0
1	0
1	0
1	0
1	0
1	0
16	0
1	0
1	0
1	0
17	0
16	0
2	0
1	0
8	0
1	0
1	0
1	0
1	0
1	0
1	0
1	0
1	0
1	0
1	0
4	0
14	0
6	11
8	0
8	0
8	8
3	0
3	5
1	0
1	3
17	0
17	0
1	10
13	13
13	0
1	0
1	0
1	0
16	0
16	0
1	0
1	0
1	0
1	0
8	0
16	0
16	0
16	0
3	0
1	0
1	0
1	0
1	0
1	0
1	0
1	0
1	0
1	0
1	0
16	0
16	0
3	0
1	0
1	0
1	0
16	0
16	0
1	0
1	0
16	0
16	0
16	0
16	0
3	0
1	0
1	0
1	0
1	0
1	0
1	0
12	0
14	3
11	0
11	0
3	4
1	0
11	0
11	11
16	16
13	13
16	0
16	0
1	16
16	0
11	11
8	6
12	0
12	0
12	0
12	1
12	8
13	13
13	0
1	0
16	0
16	0
16	0
16	0
16	0
16	0
3	0
16	0
16	0
16	0
16	0
8	0
8	0
12	0
16	0
12	0
1	0
16	0
16	0
8	0
8	0
12	0
1	0
16	0
16	0
16	0
1	0
1	0
1	0
16	0
16	0
16	0
16	0
16	0
16	0
16	0
12	0
16	0
11	0
11	11
16	4
16	0
11	11
2	3
1	0
1	0
1	0
1	0
1	3
8	0
8	8
1	0
1	0
1	0
16	16
13	13
13	0
16	0
16	0
1	0
1	0
16	0
16	0
16	0
16	0
1	0
1	0
1	0
1	0
1	0
1	0
1	0
1	0
1	0
16	0
16	0
16	0
1	0
1	0
1	0
1	0
16	0
16	0
16	0
16	0
16	0
16	0
16	0
16	0
1	0
1	0
1	0
1	0
1	0
1	0
1	0
12	0
3	0
11	11
17	0
17	4
2	2
6	6
9	0
1	1
8	0
8	0
8	8
12	0
12	8
1	0
17	0
1	0
1	16
1	0
1	16
5	5
2	0
11	6
8	0
8	0
8	0
8	0
8	0
8	0
8	8
16	0
3	0
1	0
12	16
13	0
13	17
4	0
11	4
1	0
3	3
1	0
1	0
1	1
17	0
12	0
12	4
13	13
13	0
1	0
16	0
1	0
16	0
16	0
1	0
1	0
8	0
8	0
1	0
16	0
1	0
12	0
17	0
12	17
17	0
17	17
13	13
13	0
8	0
8	0
17	0
17	0
17	0
8	0
17	0
17	0
17	0
17	0
17	0
17	0
17	0
17	0
17	0
17	0
17	0
17	0
17	0
17	0
17	0
17	0
17	0
17	0
17	0
12	0
8	0
17	0
17	0
17	0
17	0
17	0
12	0
12	0
8	0
8	0
17	0
17	0
17	0
17	0
17	0
17	0
17	0
17	0
17	0
17	0
17	0
17	0
17	0
17	0
17	0
17	0
17	0
13	0
12	0
1	0
1	0
1	16
1	0
1	0
1	11
16	0
3	0
3	3
5	6
1	0
1	1
12	12
12	0
12	12
13	0
13	13
13	0
1	0
8	0
8	0
1	0
8	0
8	0
12	0
16	0
8	0
8	0
1	0
1	0
1	0
1	0
1	0
1	0
12	0
8	0
8	0
12	0
1	0
16	0
8	0
8	0
1	0
12	0
1	0
1	0
16	0
1	0
16	0
1	0
1	0
8	0
8	0
1	0
1	0
1	0
1	0
1	0
12	0
16	0
16	16
17	0
2	2
12	0
2	11
13	13
17	0
17	0
17	0
1	0
3	3
17	0
2	0
2	2
8	0
8	8
2	2
12	12
13	13
17	0
17	17
17	17
17	17
17	0
17	0
17	17
17	0
9	17
13	13
17	0
17	17
12	0
12	12
17	0
12	7
1	7
13	13
13	0
3	0
3	0
1	0
12	0
1	0
12	0
3	0
12	0
3	0
17	0
17	0
12	0
17	0
12	0
17	0
17	0
17	0
17	0
17	0
1	0
12	0
17	0
9	17
12	0
17	7
13	0
13	13
13	0
17	0
1	0
8	0
12	0
17	0
12	0
12	0
17	0
12	0
12	0
12	0
12	0
17	0
12	0
17	0
17	0
12	0
12	0
12	0
12	0
17	0
17	0
12	0
12	0
17	0
17	0
12	0
12	0
17	0
12	0
12	0
12	0
12	0
17	0
12	0
12	0
12	0
12	0
12	0
12	0
12	0
8	0
12	0
12	0
12	0
17	0
12	0
1	0
12	0
8	0
12	0
12	0
11	0
3	0
11	11
4	0
4	4
3	3
17	0
12	6
12	0
12	0
12	0
8	8
2	0
2	2
8	0
8	0
8	0
8	0
8	12
2	3
13	13
13	0
1	0
3	0
1	0
3	0
1	0
1	0
1	0
12	0
12	0
3	0
1	0
1	0
1	0
8	0
1	0
1	0
1	0
1	0
16	0
1	0
1	0
1	0
1	0
1	0
1	0
1	0
3	0
8	0
3	0
3	0
1	0
12	0
12	0
8	0
3	0
1	0
1	0
1	0
13	0
17	6
12	12
12	0
12	12
4	0
11	4
17	0
12	6
12	12
13	13
6	6
12	0
12	12
12	0
12	12
4	0
11	4
17	0
12	6
12	0
12	12
13	13
6	6
12	12
12	12
4	0
11	4
17	0
12	6
12	12
13	13
17	0
12	6
12	0
12	0
12	12
6	11
2	0
6	0
6	2
8	8
13	13
4	0
4	4
4	0
11	11
1	0
1	0
1	0
16	16
16	0
13	17
13	13
5	5
16	0
11	11
3	0
6	4
13	0
12	0
13	13
3	0
3	6
16	0
1	0
11	8
3	0
3	5
3	0
17	0
1	1
17	0
2	2
17	11
17	0
12	16
4	0
4	4
13	13
16	0
16	0
17	0
3	16
1	0
1	0
1	1
13	13
13	0
8	0
1	0
8	0
17	0
8	0
8	0
1	0
17	0
8	0
1	0
17	0
8	0
1	0
17	0
8	0
8	0
1	0
1	0
1	0
8	0
1	0
1	0
1	0
1	0
1	0
1	0
1	0
8	0
17	0
8	0
17	0
17	0
17	0
17	0
12	0
12	6
17	0
17	0
17	12
17	17
17	0
17	0
17	17
17	0
17	0
17	0
17	17
13	13
1	0
1	0
16	0
16	17
11	0
17	17
17	0
17	0
17	0
12	17
13	13
13	0
17	0
17	0
17	0
17	0
17	0
17	0
17	0
17	0
16	0
16	0
16	0
16	0
16	0
17	0
17	0
17	0
17	0
17	0
17	0
17	0
17	0
16	0
16	0
17	0
16	0
17	0
17	0
17	0
17	0
17	0
17	0
13	0
8	0
9	17
17	17
17	0
17	17
13	13
13	0
17	0
8	0
17	0
17	0
16	0
8	0
8	0
17	0
17	0
17	0
17	0
17	0
17	0
8	0
8	0
17	0
17	0
17	0
17	0
17	0
17	0
17	0
17	0
17	0
1	0
8	0
8	0
12	0
17	0
17	0
17	0
1	0
12	0
12	0
8	0
8	0
17	0
8	0
17	0
17	0
17	0
17	0
17	0
17	0
17	0
17	0
1	0
8	0
17	0
1	0
17	0
17	0
12	0
8	0
9	17
17	0
2	2
12	0
8	0
8	8
16	0
2	0
11	0
3	0
3	4
16	2
17	6
12	0
12	0
12	12
12	0
12	0
12	0
12	12
12	0
12	0
12	4
13	13
13	0
8	0
8	0
16	0
17	0
17	0
16	0
16	0
8	0
8	0
8	0
12	0
16	0
16	0
12	0
16	0
12	0
12	0
12	0
16	0
12	0
8	0
8	0
17	0
17	0
16	0
16	0
16	0
16	0
17	0
17	0
17	0
16	0
8	0
13	0
16	0
11	11
16	0
16	0
16	16
1	0
2	11
13	13
13	0
1	0
16	0
1	0
16	0
16	0
16	0
16	0
16	0
16	0
16	0
1	0
16	0
16	0
16	0
16	0
16	0
1	0
1	0
16	0
16	0
1	0
16	0
1	0
16	0
16	0
16	0
16	0
16	0
16	0
1	0
16	0
16	0
16	0
16	0
16	0
16	0
16	0
16	0
16	0
16	0
16	0
16	0
1	0
16	0
16	0
1	0
16	0
16	0
16	0
16	0
13	0
5	6
8	0
8	8
13	0
13	13
13	0
1	0
8	0
8	0
8	0
1	0
8	0
1	0
1	0
8	0
8	0
8	0
8	0
1	0
1	0
1	0
1	0
8	0
8	0
8	0
8	0
1	0
1	0
8	0
8	0
1	0
8	0
8	0
1	0
1	0
8	0
8	0
8	0
8	0
8	0
8	0
1	0
8	0
8	0
8	0
8	0
1	0
8	0
8	0
8	0
8	0
1	0
1	0
1	0
8	0
8	0
8	0
8	0
1	0
16	0
11	0
11	11
16	0
3	4
9	9
8	8
1	0
3	4
5	5
1	0
1	0
1	0
1	1
1	0
1	0
1	1
8	0
8	8
13	13
13	0
1	0
1	0
1	0
1	0
8	0
8	0
1	0
1	0
1	0
1	0
1	0
1	0
1	0
1	0
1	0
16	0
1	0
8	0
8	0
1	0
1	0
1	0
1	0
1	0
8	0
16	0
16	0
16	0
16	0
16	0
8	0
1	0
1	0
1	0
1	0
1	0
1	0
1	0
1	0
12	0
8	0
9	17
16	0
16	0
16	3
3	0
3	3
8	0
8	0
8	8
2	3
13	13
13	0
8	0
8	0
8	0
8	0
8	0
8	0
8	0
1	0
1	0
1	0
8	0
8	0
3	0
1	0
1	0
1	0
8	0
8	0
8	0
8	0
8	0
8	0
8	0
8	0
8	0
8	0
1	0
1	0
1	0
1	0
1	0
8	0
8	0
8	0
8	0
8	0
16	0
3	0
3	0
1	0
1	0
8	0
8	0
8	0
8	0
8	0
12	0
3	0
11	11
4	0
4	4
2	0
2	0
6	2
8	8
6	6
6	0
1	0
1	1
3	0
1	17
8	0
8	0
8	3
1	0
1	0
16	16
13	13
13	0
1	0
1	0
1	0
1	0
1	0
1	0
1	0
1	0
1	0
1	0
1	0
1	0
1	0
1	0
1	0
1	0
1	0
1	0
16	0
8	0
1	0
1	0
1	0
1	0
1	0
3	0
3	0
3	0
3	0
1	0
8	0
1	0
1	0
1	0
1	0
1	0
1	0
13	0
2	2
12	0
12	0
12	0
12	12
11	0
11	0
3	4
3	0
6	0
3	3
8	0
8	0
8	8
16	0
16	16
13	13
13	0
1	0
16	0
1	0
8	0
16	0
16	0
1	0
8	0
16	0
16	0
3	0
8	0
3	0
1	0
1	0
8	0
8	0
16	0
16	0
1	0
1	0
16	0
16	0
3	0
16	0
16	0
8	0
1	0
16	0
16	0
12	0
16	0
16	0
3	0
16	0
3	0
1	0
1	0
1	0
1	0
8	0
12	0
17	3
17	0
17	0
17	1
17	0
17	0
12	4
12	0
12	17
8	0
12	0
8	0
8	8
17	0
6	0
3	4
13	13
17	0
17	0
17	17
17	17
17	0
17	17
13	13
12	0
12	4
13	13
13	0
17	0
17	0
17	0
17	0
16	0
16	0
17	0
17	0
16	0
1	0
17	0
17	0
17	0
16	0
17	0
17	0
17	0
17	0
17	0
17	0
17	0
17	0
17	0
17	0
12	0
12	0
16	0
16	0
16	0
16	0
16	0
12	0
8	0
3	0
3	8
4	0
4	0
4	4
12	0
12	0
12	8
6	17
2	0
3	0
1	17
17	0
17	0
17	16
13	13
13	0
1	0
17	0
1	0
1	0
16	0
16	0
1	0
1	0
16	0
8	0
8	0
8	0
8	0
8	0
8	0
17	0
17	0
17	0
16	0
1	0
1	0
8	0
1	0
1	0
1	0
16	0
16	0
1	0
1	0
1	0
3	0
3	0
3	0
8	0
8	0
8	0
8	0
8	0
8	0
1	0
17	0
13	0
13	13
17	0
17	0
17	1
17	0
12	0
12	4
13	0
13	17
2	0
2	0
2	3
14	0
17	0
11	0
11	0
3	4
2	3
12	0
12	0
12	3
2	2
12	0
12	0
12	0
12	12
1	0
3	0
1	0
1	0
1	0
1	0
16	16
13	13
13	0
8	0
1	0
8	0
1	0
12	0
12	0
8	0
1	0
12	0
12	0
12	0
12	0
17	0
16	0
16	0
17	0
17	0
17	0
8	0
1	0
1	0
1	0
3	0
8	0
12	0
11	0
11	4
1	6
17	0
17	3
17	0
12	0
1	1
8	0
8	0
12	0
8	0
8	8
13	13
13	0
1	0
1	0
1	0
1	0
1	0
17	0
1	0
1	0
17	0
17	0
17	0
17	0
1	0
1	0
1	0
8	0
1	0
16	0
1	0
1	0
1	0
1	0
16	0
1	0
17	0
1	0
1	0
1	0
1	0
3	0
16	0
1	0
1	0
1	0
1	0
17	0
17	0
1	0
1	0
8	0
8	0
8	0
16	0
1	0
12	0
11	0
11	11
16	0
16	4
11	0
6	0
3	3
2	3
1	6
17	0
12	0
12	3
17	0
12	0
12	0
12	1
8	0
8	8
16	0
16	16
13	13
13	0
1	0
17	0
1	0
8	0
1	0
1	0
8	0
17	0
12	0
12	0
12	0
17	0
12	0
17	0
17	0
12	0
8	0
16	0
16	0
8	0
1	0
1	0
1	0
1	0
16	0
16	0
16	0
16	0
3	0
3	0
8	0
8	0
17	0
17	0
12	0
12	0
12	0
12	0
8	0
12	17
4	0
11	4
3	3
3	3
12	0
12	0
12	1
17	0
12	0
12	4
17	0
17	17
12	6
17	0
12	12
11	0
11	4
3	3
3	0
3	16
13	13
13	0
1	0
1	0
1	0
1	0
1	0
12	0
17	0
1	0
12	0
17	0
17	0
17	0
12	0
1	0
1	0
1	0
1	0
1	0
1	0
1	0
8	0
1	0
1	0
1	0
1	0
17	0
1	0
1	0
12	0
12	0
17	0
17	0
17	0
12	0
17	0
12	0
12	6
1	0
1	0
1	0
16	1
8	0
8	0
8	0
8	8
13	13
13	0
8	0
8	0
1	0
1	0
8	0
8	0
8	0
1	0
1	0
1	0
1	0
8	0
16	0
1	0
16	0
1	0
1	0
8	0
8	0
8	0
8	0
8	0
8	0
1	0
1	0
8	0
1	0
1	0
1	0
8	0
8	0
8	0
8	0
8	0
8	0
8	0
1	0
1	0
1	0
1	0
1	0
8	0
8	0
8	0
8	0
8	0
8	0
8	0
13	0
11	11
4	0
11	4
9	9
1	13
13	0
8	0
1	0
8	0
8	0
8	0
8	0
8	0
8	0
3	0
8	0
8	0
8	0
8	0
8	0
1	0
16	0
8	0
8	0
8	0
8	0
8	0
8	0
8	0
8	0
8	0
8	0
8	0
1	0
16	0
3	0
8	0
8	0
8	0
8	0
8	0
1	0
16	0
8	0
8	0
8	0
16	0
16	0
3	0
8	0
8	0
8	0
8	0
1	0
1	0
8	0
8	0
8	0
1	0
12	0
17	0
12	3
5	6
1	1
13	13
13	0
1	0
1	0
1	0
1	0
8	0
1	0
1	0
1	0
1	0
1	0
1	0
1	0
1	0
1	0
1	0
1	0
1	0
1	0
8	0
1	0
1	0
1	0
1	0
1	0
8	0
1	0
1	0
1	0
1	0
1	0
1	0
8	0
1	0
1	0
1	0
1	0
1	0
1	0
1	0
1	0
1	0
1	0
1	0
1	0
1	0
1	0
1	0
1	0
1	0
1	0
1	0
1	0
1	0
17	0
17	11
17	4
16	0
16	3
1	0
1	3
2	2
12	0
12	12
16	0
4	3
1	6
8	0
8	0
8	8
13	13
13	0
1	0
1	0
1	0
1	0
8	0
8	0
16	0
1	0
1	0
16	0
1	0
1	0
12	0
16	0
1	0
1	0
1	0
1	0
16	0
1	0
1	0
1	0
1	0
1	0
1	0
16	0
16	0
1	0
1	0
16	0
16	0
16	0
16	0
1	0
1	0
12	0
12	0
3	0
16	0
1	0
1	0
1	0
12	0
13	13
16	0
16	0
16	16
1	0
11	3
6	0
11	3
13	13
13	0
1	0
3	0
3	0
8	0
8	0
3	0
3	0
1	0
1	0
3	0
1	0
8	0
8	0
3	0
1	0
1	0
3	0
1	0
1	0
8	0
8	0
8	0
3	0
3	0
3	0
8	0
3	0
1	0
1	0
1	0
8	0
1	0
8	0
8	0
3	0
3	0
3	0
3	0
16	0
1	0
1	0
1	0
1	0
8	0
8	0
8	0
3	0
3	0
3	0
12	0
17	0
2	7
13	0
13	13
13	0
12	0
17	0
8	0
12	0
12	0
12	0
16	0
16	0
16	0
12	0
12	0
12	0
12	0
17	0
17	0
16	0
16	0
12	0
12	0
12	0
12	0
17	0
12	0
12	0
12	0
12	0
12	0
17	0
16	0
16	0
12	0
12	0
12	0
12	0
16	0
16	0
16	0
16	0
12	0
12	0
17	0
16	0
12	0
12	0
12	0
12	0
17	0
17	0
16	0
12	0
12	0
12	0
17	0
16	0
13	0
11	8
17	0
17	0
17	16
17	0
17	3
2	3
3	3
12	1
13	13
13	0
1	0
1	0
1	0
1	0
1	0
1	0
1	0
1	0
1	0
1	0
1	0
16	0
1	0
1	0
1	0
1	0
1	0
1	0
1	0
16	0
1	0
1	0
1	0
1	0
1	0
1	0
1	0
1	0
1	0
1	0
1	0
1	0
16	0
1	0
1	0
17	0
17	0
17	0
17	0
1	0
1	0
1	0
8	0
8	0
16	0
1	0
3	0
1	0
17	0
17	0
17	7
17	0
17	7
13	0
13	13
13	0
17	0
17	0
12	0
17	0
17	0
17	0
17	0
17	0
17	0
17	0
12	0
17	0
17	0
17	0
17	0
17	0
17	0
17	0
17	0
17	0
17	0
17	0
17	0
12	0
17	0
17	0
17	0
17	0
17	0
17	0
17	0
12	0
17	0
17	0
17	0
17	0
17	0
17	0
17	0
17	0
17	0
17	0
17	0
12	0
17	0
17	0
17	0
17	0
17	0
12	0
17	0
17	0
17	0
3	4
1	0
1	3
17	0
2	2
6	6
12	0
8	0
8	0
8	8
17	0
12	16
12	0
12	17
12	0
16	0
1	0
16	16
3	0
12	0
3	3
1	6
12	0
12	8
3	3
13	13
13	0
3	0
1	0
16	0
17	0
16	0
12	0
12	0
1	0
1	0
16	0
1	0
1	0
1	0
1	0
1	0
16	0
8	0
16	0
1	0
1	0
1	0
1	0
1	0
1	0
1	0
8	0
8	0
16	0
17	0
17	0
17	0
12	0
17	0
1	0
1	3
3	0
2	0
14	2
12	0
8	8
5	5
3	3
3	0
6	0
6	0
3	14
17	0
17	2
8	8
17	0
17	0
17	16
13	13
13	0
1	0
1	0
1	0
1	0
1	0
1	0
1	0
8	0
8	0
1	0
1	0
1	0
1	0
1	0
1	0
8	0
1	0
1	0
16	0
1	0
1	0
1	0
1	0
1	0
16	0
1	0
1	0
1	0
1	0
1	0
8	0
8	0
8	0
8	0
3	0
1	0
1	0
1	0
12	0
12	2
12	6
12	0
12	12
4	0
4	0
11	4
3	0
3	5
1	0
2	10
3	0
1	0
1	1
8	0
8	17
12	0
2	7
13	0
13	13
13	0
12	0
8	0
12	0
12	0
1	0
12	0
12	0
1	0
1	0
1	0
1	0
1	0
1	0
8	0
8	0
1	0
12	0
1	0
8	0
12	0
8	0
8	0
8	0
12	0
8	0
12	0
12	0
12	0
12	0
1	0
16	0
1	0
1	0
1	0
1	0
1	0
1	0
1	0
12	0
12	0
12	3
13	13
13	0
12	0
12	0
12	0
12	0
12	0
12	0
1	0
1	0
12	0
12	0
12	0
12	0
12	0
12	0
1	0
12	0
12	0
12	0
12	0
12	0
12	0
1	0
12	0
12	0
12	0
12	0
12	0
1	0
1	0
12	0
12	0
12	0
12	0
1	0
12	0
1	0
12	0
12	0
12	0
12	0
12	0
1	0
12	0
12	0
12	0
12	0
12	0
1	0
12	0
12	0
12	0
1	0
1	0
1	0
12	0
12	0
17	0
1	7
3	7
13	13
13	0
17	0
17	0
12	0
12	0
12	0
17	0
17	0
17	0
17	0
12	0
12	0
12	0
17	0
17	0
17	0
17	0
12	0
12	0
12	0
12	0
17	0
17	0
17	0
12	0
12	0
1	0
12	0
17	0
17	0
12	0
12	0
12	0
12	0
12	0
17	0
17	0
17	0
16	0
12	0
12	0
17	0
17	0
12	0
12	0
12	0
12	0
17	0
17	0
16	0
12	0
1	0
1	0
17	0
17	0
8	0
1	0
2	2
8	0
8	0
8	8
4	0
4	4
11	0
12	6
12	12
5	5
12	0
11	11
2	0
2	2
8	0
12	12
5	5
4	0
4	6
8	0
8	0
8	8
2	2
8	0
8	0
8	8
13	13
13	0
1	0
12	0
12	0
16	0
16	0
1	0
1	0
1	0
8	0
1	0
1	0
1	0
1	0
1	0
8	0
1	0
8	0
8	0
1	0
1	0
8	0
12	0
8	0
8	0
12	0
12	0
12	0
12	0
12	0
12	0
12	0
11	0
11	0
16	0
16	3
11	0
3	0
11	0
11	0
3	4
3	0
2	2
3	0
6	0
6	0
6	6
8	8
13	13
13	0
1	0
1	0
1	0
8	0
1	0
8	0
8	0
8	0
3	0
3	0
3	0
8	0
8	0
3	0
3	0
1	0
1	0
1	0
8	0
8	0
1	0
8	0
1	0
1	0
1	0
8	0
8	0
8	0
3	0
16	0
16	0
8	0
3	0
3	0
3	0
3	0
8	0
8	0
3	0
3	0
1	0
12	0
17	0
6	3
11	0
11	0
3	4
17	0
16	3
17	0
12	0
12	3
1	6
13	13
17	0
17	17
13	13
12	0
12	4
13	0
13	13
13	0
17	0
17	0
12	0
12	0
12	0
12	0
12	0
17	0
16	0
16	0
1	0
1	0
1	0
17	0
1	0
17	0
12	0
12	0
12	0
12	0
17	0
17	0
17	0
12	0
12	0
12	0
17	0
1	0
17	0
17	0
16	0
16	0
17	0
17	0
3	0
1	0
1	0
1	0
17	0
13	0
3	0
13	17
2	0
2	0
2	3
8	0
17	0
11	0
11	0
3	4
2	0
2	2
8	8
13	13
17	6
17	0
12	12
17	0
12	16
16	0
4	3
16	0
16	16
13	13
4	0
11	4
3	3
1	1
13	0
13	17
13	13
1	0
2	2
12	0
12	0
12	12
1	0
16	0
16	16
5	5
16	0
11	3
2	3
3	2
8	8
3	0
2	2
8	8
13	13
13	0
3	0
3	0
8	0
8	0
8	0
1	0
1	0
1	0
1	0
8	0
8	0
4	0
2	5
8	8
13	0
13	13
13	0
12	0
1	0
8	0
8	0
8	0
8	0
8	0
8	0
1	0
1	0
8	0
8	0
8	0
8	0
8	0
1	0
8	0
8	0
8	0
8	0
12	0
1	0
8	0
8	0
12	0
8	0
16	0
16	0
1	0
8	0
8	0
8	0
12	0
12	0
8	0
8	0
1	0
8	0
8	0
8	0
12	0
1	0
1	0
8	0
12	0
12	0
16	0
1	0
1	0
8	0
16	0
8	0
13	0
16	0
2	2
8	0
8	0
8	8
16	0
2	0
11	0
3	0
3	4
11	0
6	0
3	3
3	0
3	5
2	3
12	0
12	2
12	12
12	12
2	0
6	2
8	8
2	2
2	0
2	2
9	9
1	0
13	13
13	0
8	0
8	0
8	0
16	0
8	0
8	0
8	0
8	0
1	0
12	0
8	0
1	0
1	0
8	0
8	0
12	0
1	0
1	0
1	0
8	0
16	0
16	0
16	0
16	0
16	0
16	0
16	0
3	0
3	0
13	0
17	3
17	0
17	9
17	10
17	0
17	16
17	0
17	17
4	0
11	4
17	0
17	3
17	0
17	0
1	0
1	1
17	0
17	0
12	4
13	13
13	0
1	0
17	0
17	0
17	0
12	0
17	0
17	0
17	0
17	0
17	0
1	0
1	0
17	0
17	0
17	0
1	0
17	0
17	0
17	0
1	0
17	0
17	0
17	0
17	0
1	0
17	0
17	0
17	0
17	0
17	0
17	0
17	0
17	0
17	0
17	0
1	0
3	0
17	0
17	0
17	0
4	4
17	0
17	11
17	3
1	0
1	0
1	0
1	0
1	0
17	0
12	1
8	0
8	0
8	8
5	5
1	0
1	3
17	0
17	1
13	13
13	0
1	0
1	0
17	0
17	0
1	0
1	0
1	0
17	0
17	0
17	0
1	0
1	0
1	0
1	0
1	0
1	0
17	0
1	0
1	0
1	0
1	0
1	0
17	0
1	0
1	0
17	0
17	0
17	0
1	0
8	0
1	0
1	0
17	0
17	0
1	0
1	0
1	0
12	0
12	0
12	7
17	0
13	13
13	0
17	0
17	0
17	0
12	0
12	0
17	0
12	0
17	0
17	0
12	0
12	0
12	0
17	0
17	0
17	0
17	0
12	0
12	0
12	0
12	0
17	0
17	0
17	0
12	0
12	0
12	0
17	0
17	0
17	0
12	0
12	0
12	0
12	0
17	0
17	0
17	0
17	0
12	0
12	0
12	0
17	0
17	0
12	0
12	0
12	0
17	0
17	0
17	0
12	0
12	0
12	0
17	0
17	0
17	0
12	0
8	2
12	6
8	0
8	8
16	0
16	0
3	16
1	0
1	0
1	1
13	13
13	0
8	0
16	0
1	0
8	0
1	0
8	0
8	0
8	0
8	0
1	0
1	0
8	0
16	0
16	0
16	0
3	0
1	0
1	0
1	0
1	0
1	0
16	0
16	0
8	0
1	0
1	0
8	0
16	0
8	0
1	0
1	0
1	0
8	0
16	0
16	0
16	0
1	0
16	0
16	0
3	0
1	0
1	0
1	0
1	0
1	0
1	0
8	0
13	0
4	0
4	4
12	0
3	3
3	0
11	0
6	6
8	0
8	0
8	8
1	0
12	4
13	13
13	0
1	0
16	0
16	0
16	0
16	0
8	0
8	0
8	0
16	0
16	0
1	0
3	0
3	0
1	0
1	0
8	0
1	0
16	0
16	0
16	0
8	0
1	0
16	0
16	0
16	0
16	0
1	0
1	0
8	0
1	0
16	0
3	0
16	0
16	0
3	0
17	0
1	0
1	0
1	0
1	0
8	0
1	0
16	0
16	0
16	0
12	0
11	0
4	4
3	0
3	5
2	2
3	0
6	0
3	0
3	3
11	11
1	0
1	0
1	0
1	1
8	0
8	0
8	8
17	0
12	0
12	0
12	16
13	13
13	0
1	0
1	0
1	0
1	0
16	0
1	0
16	0
1	0
1	0
1	0
1	0
1	0
1	0
1	0
1	0
1	0
12	0
1	0
1	0
1	0
1	0
1	0
12	0
16	0
1	0
16	0
3	0
3	0
3	0
1	0
3	0
3	0
1	0
1	0
1	0
1	0
12	0
2	0
2	2
8	0
8	0
8	8
9	9
8	0
8	0
8	0
8	8
8	0
8	17
3	0
2	2
8	0
8	8
4	0
4	4
1	0
2	0
2	2
2	0
6	6
8	0
8	0
8	0
8	8
13	13
3	0
16	0
16	0
3	3
2	0
3	5
3	0
16	0
16	3
1	0
3	0
1	0
1	1
13	13
13	0
1	0
1	0
1	0
1	0
1	0
1	0
8	0
8	0
8	0
8	0
8	0
8	0
8	0
8	0
8	0
1	0
8	0
8	0
2	2
8	0
8	0
8	8
4	0
4	0
4	4
5	6
17	8
17	0
17	0
17	8
17	0
17	0
17	0
8	8
2	2
6	6
12	0
8	0
8	0
8	8
13	13
13	0
8	0
8	0
8	0
8	0
1	0
1	0
1	0
1	0
1	0
1	0
1	0
16	0
16	0
16	0
1	0
8	0
8	0
8	0
16	0
16	0
1	0
1	0
1	0
1	0
8	0
8	0
8	0
8	0
8	0
1	0
1	0
1	0
1	0
1	0
13	0
13	13
3	0
11	11
4	0
4	0
4	4
3	0
11	0
1	3
2	3
17	0
17	0
17	3
1	0
1	0
1	0
1	0
1	0
1	1
13	13
13	0
1	0
16	0
16	0
1	0
16	0
16	0
16	0
1	0
1	0
8	0
8	0
8	0
8	0
8	0
16	0
1	0
1	0
1	0
16	0
16	0
1	0
1	0
1	0
1	0
16	0
16	0
16	0
16	0
16	0
16	0
3	0
1	0
1	0
1	0
8	0
8	0
1	0
3	0
12	0
3	3
1	0
1	0
16	16
13	13
3	0
3	5
17	0
16	16
8	0
13	17
17	0
17	0
17	3
5	0
3	0
3	5
1	0
17	0
17	0
1	0
17	0
1	16
16	0
16	0
16	0
3	16
11	0
11	11
3	3
3	0
1	0
1	0
1	0
1	1
16	0
13	17
4	0
4	4
11	11
3	0
3	11
1	0
16	0
16	16
13	0
11	17
11	0
11	4
11	11
1	3
1	1
2	3
13	13
13	0
1	0
17	0
17	0
17	0
12	0
12	0
12	0
12	16
1	0
17	3
1	3
11	11
1	0
17	16
13	13
13	0
1	0
1	0
1	0
1	0
1	0
1	0
1	0
1	0
1	0
1	0
1	0
1	0
1	0
16	0
16	0
16	0
1	0
1	0
1	0
1	0
1	0
1	0
1	0
1	0
1	0
1	0
1	0
1	0
16	0
1	0
1	0
1	0
1	0
8	0
1	0
12	0
17	0
16	0
16	0
17	0
16	0
1	0
1	0
1	0
1	0
1	0
1	0
1	0
17	0
13	13
17	0
17	17
13	13
17	0
17	0
17	17
17	0
17	12
13	13
4	17
17	0
17	0
17	0
17	17
13	13
13	13
14	0
11	11
17	0
17	0
17	16
17	0
2	11
3	0
3	3
1	0
6	6
8	8
3	0
3	0
3	0
3	0
3	3
17	0
17	0
17	0
17	16
13	0
13	17
5	0
3	5
16	0
16	0
16	16
1	0
3	3
13	0
13	13
13	0
17	0
17	0
17	0
1	0
1	0
17	0
17	0
17	0
17	0
12	0
4	0
4	4
6	0
3	3
12	0
12	0
12	3
3	0
10	0
3	0
16	16
13	13
13	0
8	0
1	0
1	0
16	0
1	0
17	0
1	0
8	0
1	0
1	0
1	0
17	0
17	0
8	0
8	0
8	0
1	0
16	0
16	0
16	0
1	0
1	0
1	0
1	0
16	0
1	0
8	0
8	0
8	0
1	0
16	0
8	0
8	0
3	0
3	0
3	0
17	0
1	0
8	0
8	0
1	0
1	0
16	0
16	0
16	0
3	0
11	0
6	0
6	0
3	0
3	3
17	0
17	0
17	0
17	0
17	16
17	0
17	0
16	10
3	0
3	3
11	11
13	0
3	17
12	0
11	11
16	0
16	16
16	0
6	0
3	0
3	3
2	0
3	5
2	3
2	3
3	10
17	0
17	16
2	2
6	6
12	0
12	12
13	13
12	12
13	13
9	9
3	3
2	2
6	6
8	0
8	8
13	13
13	0
16	0
16	0
16	0
1	0
1	0
1	0
1	0
1	0
16	0
1	0
17	0
1	0
13	0
3	0
12	0
11	11
4	0
4	16
1	0
11	3
2	0
3	0
16	0
16	16
5	5
13	0
11	0
5	3
4	0
4	0
17	4
6	6
1	0
8	0
8	8
16	0
3	4
13	0
8	17
3	3
13	13
1	0
1	16
13	13
17	3
17	0
17	0
17	10
17	0
17	0
3	3
17	0
17	17
17	0
12	0
17	3
13	13
8	0
11	11
8	0
8	8
13	13
17	0
16	0
17	0
3	16
1	0
1	0
1	1
5	5
2	2
13	0
12	0
17	0
12	17
12	0
12	12
13	13
13	0
17	0
12	0
12	0
12	0
12	0
12	0
17	0
12	0
16	0
12	0
12	0
12	0
12	0
17	0
12	0
16	0
12	0
12	0
12	0
12	0
12	0
1	0
1	0
12	0
12	0
12	0
12	0
17	0
12	0
12	0
12	0
12	0
12	0
12	0
17	0
12	0
12	0
12	0
12	0
12	0
12	0
16	0
12	0
12	0
12	0
12	0
12	0
12	0
12	0
12	0
12	0
12	0
12	0
12	0
12	0
12	7
17	0
13	13
13	0
17	0
17	0
17	0
12	0
12	0
17	0
12	0
17	0
17	0
12	0
12	0
12	0
17	0
17	0
17	0
17	0
12	0
12	0
12	0
12	0
17	0
17	0
17	0
12	0
12	0
12	0
17	0
17	0
17	0
12	0
12	0
12	0
12	0
17	0
17	0
17	0
17	0
12	0
12	0
12	0
17	0
17	0
12	0
12	0
12	0
17	0
17	0
17	0
12	0
12	0
12	0
17	0
17	0
17	0
1	0
3	3
4	0
4	0
4	4
6	6
8	8
1	0
1	1
1	0
1	0
1	0
16	0
16	16
13	13
13	0
1	0
3	0
16	0
16	0
16	0
16	0
16	0
1	0
3	0
1	0
8	0
8	0
8	0
1	0
1	0
1	0
16	0
16	0
16	0
16	0
1	0
1	0
1	0
8	0
8	0
1	0
1	0
1	0
1	0
3	0
3	0
3	0
3	0
4	0
3	0
8	0
8	0
1	0
1	0
1	0
1	0
16	0
16	0
16	0
12	0
13	13
12	4
12	0
12	8
16	0
16	16
1	0
17	0
17	0
17	16
17	13
17	0
17	0
17	16
3	0
3	3
17	0
17	0
17	10
17	2
17	0
17	11
13	0
13	17
17	13
5	5
1	0
1	6
8	0
8	0
8	0
8	8
13	13
17	0
17	17
13	13
17	0
17	17
13	13
12	0
12	0
12	0
12	0
12	8
17	0
17	3
13	13
8	0
8	0
12	0
12	0
12	8
3	3
13	0
13	17
11	0
11	0
4	4
13	0
13	0
16	0
11	11
16	0
16	16
3	0
3	5
3	0
6	0
6	0
6	6
8	0
8	8
13	13
3	11
6	6
8	8
17	0
17	0
17	10
1	0
1	0
1	1
16	0
16	16
13	13
13	0
16	0
16	0
16	0
1	0
1	0
8	0
16	0
16	0
4	0
1	0
1	0
16	0
16	0
1	0
1	0
1	0
1	0
1	0
16	0
1	0
16	0
16	0
16	0
16	0
16	0
3	0
3	0
1	0
1	0
1	0
1	0
16	0
16	0
12	0
16	0
11	0
11	11
16	0
1	0
16	0
1	4
13	13
17	0
16	14
6	6
8	8
5	5
8	8
12	0
12	16
13	13
13	0
11	0
5	14
16	0
16	0
3	16
3	11
3	0
3	3
6	0
6	14
3	11
13	13
1	0
1	0
1	0
1	0
1	1
13	13
8	0
8	0
8	0
8	0
8	8
4	0
4	4
13	0
13	13
13	0
16	0
16	0
16	0
16	0
1	0
1	0
1	0
8	0
16	0
16	0
8	0
1	0
8	0
12	0
3	3
2	2
12	0
12	12
4	0
11	4
3	0
6	11
3	3
1	0
1	3
2	3
3	0
1	0
1	0
1	3
6	6
8	8
13	13
13	0
3	0
8	0
8	0
8	0
1	0
8	0
16	0
1	0
8	0
1	0
1	0
1	0
1	0
1	0
1	0
1	0
8	0
1	0
8	0
1	0
1	0
8	0
8	0
1	0
8	0
8	0
1	0
1	0
12	0
12	0
3	0
3	0
1	0
1	0
1	0
1	0
1	0
1	0
1	0
12	0
17	17
17	0
17	17
13	13
17	0
1	17
12	0
12	0
12	12
13	13
13	0
1	0
17	0
17	0
12	0
16	0
1	0
17	0
17	0
17	0
17	0
12	0
12	0
16	0
17	0
16	0
16	0
17	0
17	0
12	0
12	0
1	0
1	0
17	0
17	0
12	0
1	0
1	0
17	0
16	0
16	0
17	0
12	0
12	0
16	0
17	0
17	0
17	0
17	0
17	0
17	0
17	0
17	0
12	0
12	0
12	0
1	0
1	0
17	0
17	0
17	0
17	0
17	0
17	17
17	17
17	0
17	0
17	0
17	17
17	0
17	0
17	17
13	13
17	0
17	3
4	4
17	0
11	11
17	0
1	0
1	2
8	0
8	8
2	0
2	2
1	0
1	1
8	8
17	0
1	16
13	13
13	0
1	0
1	0
17	0
17	0
1	0
16	0
17	0
16	0
17	0
1	0
1	0
17	0
17	0
1	0
17	0
17	0
17	0
16	0
17	0
17	0
17	0
17	0
17	0
17	0
17	0
17	0
17	0
13	0
3	0
11	11
4	0
4	4
3	3
1	0
1	0
1	0
1	1
13	13
11	0
11	14
5	6
8	0
8	0
8	8
2	2
8	0
8	12
16	16
13	13
13	0
1	0
3	0
1	0
8	0
8	0
1	0
1	0
1	0
1	0
1	0
1	0
1	0
1	0
8	0
3	0
1	0
8	0
8	0
16	0
16	0
16	0
1	0
8	0
8	0
16	0
8	0
8	0
3	0
1	0
1	0
1	0
1	0
1	0
1	0
1	0
1	0
1	0
11	0
12	6
8	0
8	8
2	2
2	0
6	6
8	0
8	0
8	8
4	0
11	4
13	13
14	0
11	0
14	14
3	11
3	3
3	3
2	3
3	6
1	0
1	1
8	8
1	0
16	0
16	0
16	0
16	16
13	13
13	0
1	0
1	0
1	0
1	0
16	0
1	0
1	0
3	0
3	0
1	0
8	0
1	0
1	0
8	0
1	0
1	0
1	0
1	0
8	0
1	0
1	0
1	0
1	0
16	0
1	0
1	0
1	0
1	0
16	0
13	0
17	0
16	0
16	10
16	0
11	14
3	11
3	0
3	3
3	0
6	9
1	0
8	0
8	0
8	8
11	4
2	0
2	2
1	0
1	0
1	0
1	0
1	1
8	0
8	8
2	3
13	13
13	0
1	0
16	0
1	0
1	0
1	0
1	0
1	0
1	0
8	0
1	0
1	0
1	0
1	0
1	0
1	0
1	0
8	0
16	0
16	0
1	0
16	0
16	0
16	0
3	0
3	0
3	0
3	0
1	0
1	0
1	0
1	0
1	0
12	0
16	0
11	11
8	0
16	0
8	16
17	0
2	2
12	0
12	0
8	0
12	12
13	13
13	0
16	0
1	0
8	0
8	0
16	0
16	0
16	0
1	0
1	0
8	0
8	0
8	0
8	0
16	0
8	0
1	0
8	0
8	0
8	0
8	0
16	0
16	0
1	0
8	0
8	0
16	0
16	0
1	0
1	0
1	0
8	0
16	0
16	0
16	0
16	0
8	0
8	0
8	0
1	0
8	0
8	0
8	0
8	0
8	0
8	0
16	0
13	0
13	13
3	0
11	11
4	0
11	4
1	6
8	0
8	8
2	2
3	0
3	3
9	0
1	0
9	9
8	0
8	0
8	0
8	0
8	0
8	8
13	13
13	0
1	0
1	0
1	0
1	0
1	0
1	0
1	0
8	0
8	0
9	0
8	0
1	0
1	0
8	0
8	0
8	0
8	0
8	0
16	0
1	0
8	0
8	0
8	0
8	0
16	0
16	0
3	0
16	0
1	0
1	0
1	0
1	0
8	0
3	0
3	0
17	0
1	0
12	0
14	0
11	0
11	11
4	0
11	4
3	0
3	3
9	9
8	0
8	0
8	8
3	2
3	3
1	0
1	0
1	0
16	0
16	16
13	13
13	0
1	0
1	0
1	0
1	0
1	0
1	0
16	0
1	0
1	0
1	0
8	0
1	0
1	0
1	0
1	0
1	0
1	0
1	0
16	0
1	0
1	0
1	0
1	0
1	0
16	0
16	0
16	0
16	0
3	0
16	0
3	0
3	0
1	0
1	0
1	0
8	0
1	0
1	0
1	0
17	0
14	0
11	11
17	0
17	0
17	16
17	0
17	0
17	3
17	2
17	3
17	0
1	0
1	2
8	8
16	0
11	11
1	0
17	0
12	16
13	13
13	0
16	0
16	0
1	0
1	0
1	0
16	0
16	0
17	0
17	0
17	0
1	0
1	0
16	0
16	0
16	0
1	0
1	0
1	0
16	0
16	0
16	0
16	0
16	0
1	0
16	0
16	0
16	0
16	0
16	0
17	0
17	0
17	0
17	0
17	0
1	0
1	0
1	0
16	0
17	0
17	0
17	16
3	11
3	0
3	0
1	0
1	3
3	3
1	0
1	0
1	0
1	0
16	16
13	13
14	0
1	11
8	11
11	0
6	0
3	3
2	0
2	2
8	0
8	8
16	0
16	0
16	16
13	13
13	0
3	0
1	0
1	0
16	0
1	0
1	0
1	0
8	0
8	0
8	0
8	0
8	0
1	0
1	0
8	0
8	0
8	0
1	0
16	0
16	0
1	0
1	0
1	0
16	0
1	0
1	0
1	0
1	0
1	0
1	0
12	0
1	0
11	11
4	0
11	4
11	0
11	6
1	0
1	0
3	1
8	0
8	0
8	8
6	6
3	0
3	0
1	1
1	0
8	8
13	13
13	0
16	0
16	0
1	0
1	0
1	0
8	0
16	0
16	0
1	0
1	0
1	0
1	0
1	0
8	0
1	0
1	0
1	0
1	0
8	0
16	0
16	0
1	0
1	0
1	0
8	0
16	0
16	0
3	0
16	0
16	0
1	0
1	0
1	0
1	0
1	0
1	0
1	0
1	0
8	0
12	0
17	0
12	11
12	0
17	0
1	0
1	16
2	3
9	9
1	0
17	1
17	0
11	2
3	0
3	0
3	1
12	0
12	12
13	13
13	0
16	0
16	0
8	0
8	0
1	0
8	0
16	0
1	0
16	0
8	0
8	0
8	0
8	0
16	0
1	0
16	0
1	0
8	0
8	0
16	0
16	0
16	0
16	0
8	0
8	0
8	0
1	0
1	0
16	0
12	0
12	0
1	0
16	0
8	0
8	0
8	0
8	0
8	0
16	0
1	0
12	0
12	0
11	11
16	6
16	0
16	0
1	16
1	0
3	3
2	2
12	12
13	13
13	0
12	0
16	0
16	0
8	0
16	0
16	0
12	0
16	0
1	0
1	0
1	0
8	0
16	0
3	0
12	0
3	0
1	0
1	0
1	0
8	0
16	0
12	0
16	0
16	0
8	0
16	0
16	0
12	0
16	0
1	0
1	0
1	0
8	0
12	0
12	0
16	0
16	0
16	0
3	0
3	0
1	0
1	0
1	0
1	0
8	0
12	0
12	0
11	0
11	0
11	11
4	0
4	4
3	0
3	5
3	3
2	3
1	0
11	1
17	0
11	3
13	13
3	11
3	0
3	3
3	0
9	0
9	0
3	2
2	0
2	11
8	8
3	3
4	0
4	4
13	13
13	0
1	0
1	0
1	0
8	0
1	0
1	0
1	0
1	0
1	0
1	0
1	0
1	0
1	0
1	0
1	0
8	0
1	0
1	0
1	0
1	0
8	0
3	0
3	0
1	0
1	0
8	0
8	0
8	0
1	0
8	0
1	0
13	0
4	0
4	4
11	0
12	6
12	0
12	0
8	8
1	0
3	3
1	0
17	0
17	0
16	16
13	13
13	0
1	0
1	0
1	0
12	0
8	0
8	0
8	0
8	0
8	0
12	0
12	0
8	0
3	0
3	0
1	0
1	0
1	0
16	0
16	0
16	0
8	0
1	0
16	0
1	0
8	0
1	0
16	0
1	0
1	0
8	0
8	0
3	0
8	0
12	0
12	0
12	0
3	0
3	0
1	0
1	0
16	0
1	0
16	0
16	0
12	0
8	0
11	11
4	0
4	4
5	0
3	0
3	3
1	0
3	3
1	6
1	0
1	0
1	0
1	0
1	1
8	0
8	0
8	0
8	8
17	0
12	3
13	13
13	0
1	0
1	0
1	0
1	0
1	0
1	0
1	0
1	0
1	0
1	0
1	0
1	0
1	0
1	0
1	0
1	0
1	0
1	0
1	0
1	0
1	0
1	0
1	0
1	0
3	0
3	0
3	0
3	0
3	0
1	0
1	0
1	0
1	0
1	0
1	0
1	0
13	0
13	13
1	0
1	0
1	16
3	11
17	0
3	3
1	0
1	0
1	0
1	3
13	13
11	0
11	11
17	0
11	4
1	0
1	3
3	3
1	1
13	13
1	0
1	1
8	0
8	8
2	2
1	0
1	0
1	1
8	0
8	0
8	0
8	8
1	0
1	0
1	0
1	0
16	0
16	0
16	16
13	0
13	13
13	0
1	0
1	0
1	0
16	0
16	0
16	0
16	0
1	0
1	0
1	0
1	0
1	0
1	0
1	0
16	0
3	0
13	0
8	0
12	0
12	0
12	8
12	0
12	0
12	0
12	12
13	13
12	0
8	12
13	13
12	0
12	12
13	13
12	0
12	0
12	12
13	13
12	0
12	0
12	12
13	13
12	0
12	0
12	0
12	12
13	13
12	12
13	13
12	12
4	0
4	4
17	0
11	3
13	13
13	0
8	0
8	0
1	0
12	0
12	0
8	0
1	0
12	0
16	0
8	0
12	0
12	0
12	0
12	0
12	0
12	0
1	0
12	0
12	0
12	0
1	0
12	0
12	0
3	0
11	11
4	0
4	0
4	4
2	0
11	0
11	11
3	0
6	6
8	0
8	8
2	0
2	2
8	0
8	8
2	2
12	0
12	0
12	0
12	12
16	0
16	0
16	16
5	5
17	0
16	0
17	16
17	0
6	0
3	3
2	2
6	6
1	0
17	0
17	17
17	10
1	0
1	0
1	0
1	0
1	1
8	0
8	8
3	0
2	0
16	0
16	16
13	13
13	0
16	0
3	0
1	0
8	0
1	0
1	0
8	0
2	0
1	0
13	0
3	0
2	2
8	0
8	0
8	8
16	0
17	0
16	0
16	0
3	16
12	0
12	0
12	0
12	12
17	10
17	0
17	0
17	0
17	16
13	13
12	12
13	13
12	0
12	0
12	0
12	12
13	13
16	0
2	2
17	0
6	11
1	0
1	0
1	16
17	11
17	0
17	0
17	0
3	3
13	13
5	5
3	3
11	0
11	0
11	11
3	0
3	3
13	13
13	0
1	0
1	0
16	0
17	0
16	0
8	0
1	0
16	0
17	0
17	0
13	0
11	0
11	0
4	4
16	0
11	0
3	3
5	0
3	0
3	3
17	6
17	3
17	0
17	0
17	0
17	0
1	1
5	5
1	0
1	1
8	0
8	0
17	0
8	8
13	0
13	13
13	0
3	0
8	0
1	0
3	0
1	0
17	0
17	0
17	0
17	0
1	0
1	0
1	0
16	0
1	0
1	0
1	0
16	0
16	0
16	0
12	0
16	0
16	0
16	0
16	0
16	0
3	0
1	0
1	0
3	0
17	0
17	0
17	0
17	0
8	0
1	0
2	2
8	0
8	8
4	0
2	4
11	0
6	0
3	3
3	0
11	0
3	3
2	2
6	6
8	8
1	0
16	10
13	13
13	0
1	0
1	0
8	0
1	0
1	0
16	0
1	0
3	0
3	0
8	0
3	0
8	0
8	0
8	0
1	0
8	0
8	0
1	0
16	0
1	0
1	0
1	0
8	0
8	0
16	0
16	0
1	0
1	0
1	0
1	0
8	0
16	0
8	0
8	0
8	0
3	0
3	0
1	0
8	0
1	0
12	0
17	0
2	2
9	0
1	0
9	17
8	0
8	0
8	16
2	0
3	5
5	0
3	0
3	3
3	0
3	0
1	10
2	0
2	2
12	12
12	12
12	0
12	12
12	0
12	0
12	0
12	12
13	13
13	0
8	0
8	0
16	0
1	0
16	0
1	0
16	0
16	0
8	0
1	0
1	0
1	0
12	0
16	0
12	0
12	0
12	0
17	0
17	0
16	0
8	0
8	0
8	0
8	0
16	0
16	0
16	0
16	0
3	0
3	0
1	0
11	0
12	0
11	0
5	3
11	0
11	4
2	3
17	0
12	6
12	12
5	0
3	0
3	3
3	3
13	13
13	0
1	0
1	0
1	0
1	0
1	0
12	0
1	0
12	0
16	0
1	0
1	0
1	0
1	0
12	0
12	0
12	0
1	0
1	0
1	0
1	0
1	0
1	0
1	0
1	0
1	0
1	0
12	0
1	0
12	0
1	0
1	0
16	0
3	0
16	0
16	0
1	0
1	0
1	0
12	0
12	0
12	0
1	0
1	0
1	0
12	0
3	3
16	0
12	0
11	11
17	4
5	11
8	0
8	0
8	8
8	0
8	16
13	13
9	9
8	0
8	0
8	8
8	0
12	0
8	0
8	12
13	13
13	0
1	0
1	0
16	0
8	0
16	0
16	0
1	0
8	0
8	0
8	0
1	0
1	0
16	0
16	0
8	0
1	0
12	0
8	0
8	0
16	0
16	0
16	0
8	0
8	0
16	0
16	0
16	0
16	0
16	0
1	0
8	0
8	0
8	0
16	0
8	0
1	0
1	0
12	0
11	0
11	4
5	6
8	0
8	0
8	8
2	2
11	0
11	0
6	6
8	0
8	0
8	8
13	13
13	0
1	0
16	0
8	0
8	0
16	0
8	0
1	0
1	0
16	0
16	0
16	0
16	0
11	0
11	0
11	0
1	0
8	0
8	0
8	0
8	0
16	0
1	0
8	0
8	0
16	0
11	0
11	0
11	0
1	0
16	0
16	0
1	0
8	0
16	0
16	0
8	0
16	0
11	0
11	0
11	0
1	0
1	0
8	0
8	0
12	0
4	4
6	6
8	0
8	8
3	0
2	3
1	0
12	0
8	0
12	1
12	0
12	0
12	4
13	13
13	0
1	0
16	0
1	0
16	0
16	0
1	0
1	0
8	0
1	0
16	0
16	0
1	0
1	0
1	0
8	0
12	0
12	0
12	0
16	0
12	0
1	0
8	0
12	0
12	0
1	0
1	0
1	0
1	0
8	0
3	0
16	0
16	0
1	0
1	0
8	0
16	0
1	0
1	0
1	0
8	0
12	0
12	0
12	0
12	0
17	0
17	4
5	0
3	3
17	0
17	0
17	10
17	0
17	2
8	0
8	8
13	13
13	0
17	0
1	0
17	0
1	0
17	0
17	0
17	0
17	0
17	0
1	0
17	0
17	0
17	0
17	0
17	0
17	0
17	0
17	0
8	0
8	0
17	0
17	0
17	0
1	0
8	0
1	0
17	0
17	0
17	0
17	0
1	0
1	0
3	0
17	0
17	0
17	0
17	0
17	0
17	0
17	0
17	0
17	0
8	0
1	0
1	0
17	0
17	0
12	0
4	0
4	4
3	0
3	3
1	6
8	0
8	0
8	0
8	0
8	8
3	0
1	16
16	0
17	0
16	16
13	13
13	0
8	0
16	0
16	0
16	0
16	0
16	0
8	0
3	0
8	0
1	0
8	0
8	0
8	0
8	0
1	0
16	0
16	0
16	0
16	0
16	0
1	0
8	0
16	0
16	0
16	0
16	0
16	0
3	0
3	0
16	0
3	0
8	0
1	0
8	0
1	0
8	0
8	0
8	0
3	0
3	0
16	0
16	0
13	0
16	0
12	11
11	4
3	0
3	5
1	0
1	1
1	0
1	0
16	16
13	13
13	0
16	0
16	0
16	0
16	0
16	0
3	0
16	0
3	0
16	0
16	0
16	0
16	0
16	0
3	0
3	0
3	0
1	0
16	0
16	0
3	0
3	0
16	0
16	0
12	0
16	0
16	0
16	0
3	0
3	0
1	0
1	0
16	0
16	0
16	0
16	0
16	0
12	0
16	0
3	0
3	0
3	0
1	0
16	0
16	0
3	0
3	0
16	0
12	0
4	0
4	4
9	9
8	0
8	0
8	8
2	6
8	0
8	0
8	8
3	0
3	3
1	0
3	4
13	0
11	17
4	4
17	0
3	3
1	0
1	0
1	0
1	3
1	0
1	0
16	0
16	1
12	0
12	0
12	4
5	5
6	6
6	0
3	0
6	1
12	0
8	8
11	0
11	4
1	0
2	0
3	0
3	0
1	0
16	1
12	0
12	0
12	4
13	13
13	0
3	0
16	0
16	0
1	0
1	0
16	0
16	0
1	0
1	0
12	0
12	0
12	7
17	0
13	13
13	0
17	0
17	0
17	0
12	0
12	0
17	0
12	0
17	0
17	0
12	0
12	0
12	0
17	0
17	0
17	0
17	0
12	0
12	0
12	0
12	0
17	0
17	0
17	0
12	0
12	0
12	0
17	0
17	0
17	0
12	0
12	0
12	0
12	0
17	0
17	0
17	0
17	0
12	0
12	0
12	0
17	0
17	0
12	0
12	0
12	0
17	0
17	0
17	0
12	0
12	0
12	0
17	0
17	0
17	0
12	0
12	0
3	5
4	0
11	4
3	0
3	0
3	3
11	11
1	0
1	0
1	1
5	5
16	0
11	11
17	0
12	16
3	0
3	0
3	3
17	0
17	0
17	1
17	0
2	2
12	0
12	0
12	0
12	12
12	6
12	0
8	0
8	8
3	10
17	0
17	0
1	0
1	16
13	13
13	0
1	0
1	0
17	0
1	0
17	0
1	0
1	0
17	0
3	0
16	0
1	0
12	0
1	0
1	0
1	0
1	0
1	0
1	0
1	0
16	0
17	0
17	0
17	3
17	0
2	2
1	0
17	1
9	9
3	0
1	16
2	10
13	13
13	0
17	0
8	0
16	0
1	0
16	0
17	0
17	0
16	0
16	0
8	0
17	0
17	0
17	0
17	0
16	0
17	0
8	0
8	0
1	0
1	0
1	0
1	0
16	0
16	0
1	0
1	0
16	0
17	0
16	0
16	0
8	0
1	0
1	0
17	0
16	0
16	0
17	0
17	0
17	0
17	0
17	0
8	0
1	0
1	0
1	0
1	0
17	0
12	0
13	0
12	17
17	0
2	2
1	0
1	0
1	1
8	0
8	0
8	8
16	0
2	0
11	0
3	0
3	4
2	3
3	0
11	0
1	2
8	0
8	0
8	0
8	0
8	0
8	0
8	8
12	0
12	0
12	4
2	0
6	0
6	2
8	0
8	0
8	0
8	8
13	13
13	0
3	0
1	0
16	0
16	0
16	0
16	0
3	0
1	0
3	0
8	0
12	0
12	0
1	0
1	0
1	0
8	0
16	0
16	0
16	0
16	0
3	0
1	0
1	0
12	0
11	11
4	0
11	4
9	0
9	0
9	8
4	0
1	4
13	13
13	0
1	0
1	0
1	0
1	0
1	0
1	0
1	0
1	0
8	0
1	0
1	0
1	0
1	0
1	0
1	0
8	0
8	0
8	0
1	0
1	0
1	0
1	0
1	0
1	0
1	0
1	0
1	0
8	0
8	0
8	0
1	0
1	0
1	0
1	0
16	0
16	0
3	0
16	0
1	0
8	0
8	0
8	0
1	0
1	0
1	0
1	0
1	0
13	0
11	0
11	14
2	2
12	0
12	12
9	0
9	0
9	8
4	0
4	0
4	4
13	13
17	0
17	0
17	16
1	0
1	3
17	0
11	6
17	0
17	0
1	0
1	1
8	0
8	0
8	8
13	13
13	0
16	0
16	0
16	0
16	0
16	0
16	0
1	0
1	0
16	0
1	0
17	0
1	0
16	0
17	0
1	0
1	0
1	0
17	0
16	0
1	0
1	0
8	0
16	0
16	0
16	0
16	0
16	0
16	0
16	0
16	0
16	0
12	0
12	0
2	6
8	0
8	0
8	8
8	0
12	0
8	0
12	16
5	5
1	0
2	6
8	0
8	0
8	8
13	13
13	0
1	0
1	0
1	0
8	0
1	0
8	0
8	0
1	0
1	0
1	0
1	0
1	0
8	0
12	0
1	0
1	0
1	0
1	0
8	0
8	0
12	0
1	0
1	0
1	0
8	0
8	0
8	0
1	0
8	0
8	0
1	0
1	0
1	0
1	0
8	0
8	0
8	0
8	0
8	0
1	0
1	0
1	0
12	0
16	0
11	11
6	4
1	0
1	3
1	6
8	0
8	0
8	8
4	0
11	10
12	0
11	16
13	13
13	0
3	0
1	0
12	0
16	0
16	0
16	0
16	0
16	0
16	0
1	0
1	0
16	0
1	0
8	0
16	0
16	0
12	0
16	0
16	0
16	0
16	0
16	0
1	0
1	0
1	0
1	0
8	0
16	0
16	0
16	0
16	0
16	0
16	0
16	0
1	0
1	0
1	0
1	0
8	0
16	0
16	0
12	0
16	0
16	0
13	0
8	0
8	0
8	8
2	2
2	0
6	0
6	0
1	0
6	1
8	0
8	0
8	0
8	8
13	13
13	0
1	0
8	0
8	0
1	0
8	0
8	0
1	0
1	0
1	0
8	0
8	0
1	0
1	0
1	0
1	0
1	0
8	0
8	0
16	0
16	0
1	0
8	0
8	0
8	0
1	0
1	0
8	0
1	0
1	0
1	0
1	0
8	0
8	0
8	0
8	0
1	0
1	0
1	0
1	0
1	0
8	0
8	0
8	0
8	0
12	0
13	13
1	0
1	0
1	0
1	3
17	0
12	10
1	0
1	0
1	1
13	0
13	17
5	6
8	8
17	0
17	0
17	16
17	0
17	0
17	0
17	3
2	3
17	0
17	0
17	10
17	0
17	0
17	16
13	13
13	0
1	0
8	0
1	0
8	0
8	0
1	0
3	0
8	0
17	0
17	0
17	0
8	0
1	0
17	0
17	0
17	0
17	0
1	0
1	0
1	0
1	0
1	0
17	0
1	0
1	0
1	0
1	0
1	0
8	0
12	0
2	2
12	0
12	12
16	0
17	0
16	0
16	16
3	11
1	0
1	3
17	0
1	0
1	16
13	0
13	17
5	5
3	0
2	2
8	0
8	0
8	8
16	0
16	0
17	16
17	0
6	0
3	3
3	0
1	0
3	3
1	6
1	0
1	0
1	0
1	0
1	1
8	0
8	8
5	5
17	0
17	3
2	3
13	13
17	0
17	17
13	13
17	0
2	0
3	0
3	3
13	13
13	0
3	0
1	0
1	0
1	0
1	0
1	0
8	0
11	0
12	0
11	0
5	3
16	16
2	2
3	0
6	0
6	6
1	0
1	0
1	0
1	0
1	1
8	0
8	0
8	0
8	8
5	5
16	0
16	0
16	0
16	0
16	16
2	0
2	0
11	2
8	0
8	0
8	0
8	0
8	0
8	0
8	0
8	8
17	0
2	10
13	13
13	0
3	0
16	0
16	0
17	0
17	0
8	0
1	0
8	0
1	0
3	0
8	0
8	0
8	0
3	0
8	0
8	0
1	0
1	0
1	0
1	0
8	0
12	0
4	0
4	4
1	0
1	3
17	0
12	3
12	0
1	1
8	0
8	0
8	8
13	13
13	0
1	0
1	0
1	0
16	0
1	0
17	0
1	0
1	0
1	0
1	0
1	0
17	0
17	0
1	0
1	0
1	0
1	0
8	0
16	0
16	0
1	0
1	0
1	0
1	0
16	0
1	0
1	0
1	0
1	0
1	0
8	0
1	0
1	0
17	0
1	0
3	0
1	0
1	0
12	0
1	0
1	0
1	0
16	0
16	0
1	0
1	0
13	0
12	0
12	6
12	12
13	13
17	6
12	8
17	3
13	13
17	4
1	0
3	3
1	0
12	0
1	0
1	0
1	16
13	13
14	0
14	0
14	14
11	0
11	0
3	3
11	0
11	11
8	0
8	0
8	8
4	0
11	0
4	4
16	0
16	16
13	13
14	0
14	14
16	0
11	11
3	0
1	0
3	0
3	16
17	0
12	2
12	0
12	0
12	0
12	12
13	13
11	0
11	4
1	0
2	0
1	0
1	0
3	3
3	6
9	0
13	0
13	0
5	5
4	0
4	0
11	0
3	14
3	0
1	11
2	0
2	2
8	0
8	0
8	8
9	0
9	0
9	8
4	0
4	0
4	4
13	0
13	17
4	0
11	0
4	4
16	0
11	0
1	1
1	0
12	3
12	1
13	13
13	0
1	0
16	0
1	0
16	0
1	0
16	0
16	0
16	0
1	0
3	0
3	0
16	0
3	0
16	0
1	0
3	0
3	0
1	0
1	0
1	0
1	0
1	0
1	0
1	0
1	0
16	0
3	0
1	0
12	0
11	0
11	11
4	0
4	0
4	0
3	16
3	2
2	0
11	0
11	6
8	0
8	0
8	0
8	0
8	8
16	0
16	16
2	0
2	0
6	1
8	8
13	13
13	0
1	0
8	0
2	0
3	0
1	0
3	0
1	0
1	0
1	0
1	0
1	0
1	0
8	0
1	0
1	0
2	0
3	0
1	0
8	0
1	0
8	0
1	0
1	0
1	0
8	0
16	0
16	0
1	0
3	0
3	0
3	0
1	0
1	0
1	0
1	0
1	0
13	0
17	0
17	0
1	16
3	11
16	0
3	3
1	0
1	0
1	0
3	3
13	0
13	13
13	0
1	0
1	0
16	0
16	0
1	0
1	0
1	0
1	0
1	0
1	0
16	0
16	0
16	0
1	0
1	0
1	0
1	0
16	0
8	0
8	0
13	0
1	0
16	0
16	0
16	0
1	0
1	0
1	0
1	0
1	0
1	0
16	0
1	0
1	0
17	0
16	0
16	0
16	0
1	0
1	0
1	0
1	0
1	0
8	0
1	0
13	0
12	0
3	3
4	0
4	0
12	4
2	3
11	0
11	6
17	6
13	13
17	0
17	0
17	0
17	17
13	13
2	2
12	0
12	0
12	0
12	12
13	13
13	0
16	0
1	0
16	0
8	0
16	0
16	0
16	0
8	0
8	0
17	0
17	0
17	0
17	0
16	0
1	0
1	0
12	0
12	0
16	0
16	0
8	0
8	0
1	0
16	0
16	0
16	0
16	0
3	0
3	0
8	0
8	0
8	0
8	0
8	0
17	0
17	0
17	0
17	0
3	0
3	0
3	0
14	0
3	3
16	0
11	11
2	3
3	0
1	0
3	3
11	0
11	6
8	8
1	0
17	0
17	0
12	16
16	0
16	16
13	13
3	0
3	11
3	11
3	0
3	3
1	0
1	0
1	0
16	16
13	0
13	17
3	0
11	11
11	0
11	4
12	0
12	6
12	0
8	8
13	13
13	0
3	0
16	0
1	0
1	0
12	0
16	0
16	0
16	0
16	0
16	0
3	0
3	0
3	0
3	0
3	0
1	0
1	0
1	0
17	0
17	0
17	0
17	17
17	0
17	0
17	17
17	17
17	0
17	0
17	0
17	17
17	0
17	0
17	17
17	0
17	0
17	1
17	0
17	0
17	0
17	0
12	8
12	0
12	12
12	12
1	0
2	1
12	0
12	0
12	0
12	0
12	8
2	2
12	12
6	6
1	0
1	0
1	0
1	1
8	0
8	0
8	0
8	0
8	8
2	2
12	12
12	6
12	0
12	0
12	8
17	0
17	4
3	0
3	0
1	0
1	0
1	1
1	0
13	0
12	0
2	2
12	12
12	12
12	12
2	2
12	0
12	0
12	12
12	12
2	2
12	12
12	0
12	0
12	12
12	0
12	12
2	2
12	0
12	0
12	0
12	12
13	13
17	0
17	0
17	17
13	13
12	12
2	2
12	0
12	12
13	13
12	0
12	0
12	12
13	13
5	5
16	0
11	11
12	0
12	12
2	2
17	0
8	12
12	6
12	0
12	12
2	2
12	12
14	3
2	3
12	0
11	6
12	6
17	0
17	0
17	0
1	11
2	2
13	0
12	0
12	0
12	6
12	0
12	12
13	13
12	0
12	6
12	0
12	0
12	0
12	12
5	5
12	0
12	6
12	0
12	0
12	0
12	12
5	5
17	0
17	0
17	11
17	0
17	2
13	13
17	0
17	17
17	0
17	17
17	0
17	17
17	0
17	17
13	13
17	0
2	2
12	12
16	0
16	0
16	16
13	13
13	0
16	0
16	0
8	0
16	0
17	0
12	0
12	0
12	0
17	0
16	0
12	0
12	0
12	0
12	0
12	0
12	0
17	0
13	0
2	0
2	2
8	0
8	8
16	0
2	2
9	0
9	8
4	0
11	4
1	3
1	0
1	16
13	13
13	0
1	0
1	0
1	0
16	0
1	0
1	0
1	0
1	0
8	0
16	0
16	0
3	0
8	0
8	0
8	0
1	0
8	0
1	0
1	0
1	0
1	0
1	0
1	0
1	0
16	0
8	0
1	0
1	0
1	0
8	0
16	0
2	0
1	0
1	0
8	0
16	0
3	0
9	0
8	0
8	0
1	0
8	0
1	0
1	0
12	0
12	0
11	11
4	0
4	4
2	0
6	0
6	2
8	0
8	8
2	2
1	0
1	0
1	1
8	0
8	0
8	8
13	13
3	11
17	0
17	6
17	2
3	3
17	2
12	0
12	0
12	8
1	0
17	0
17	0
1	16
13	13
2	0
6	0
1	2
12	8
1	0
1	0
1	0
16	16
13	13
13	0
3	0
1	0
1	0
1	0
1	0
3	0
3	0
3	0
3	0
1	0
1	0
8	0
8	0
3	0
1	0
1	0
1	0
1	0
12	0
11	0
11	11
1	0
3	4
16	0
2	0
16	6
9	0
1	0
9	9
8	0
8	0
8	8
1	0
3	4
13	13
13	0
1	0
1	0
1	0
1	0
1	0
8	0
1	0
16	0
16	0
16	0
3	0
8	0
9	0
17	0
1	0
1	0
16	0
16	0
1	0
1	0
16	0
16	0
1	0
1	0
1	0
1	0
8	0
1	0
16	0
17	0
12	0
16	0
16	0
16	0
3	0
16	0
17	0
8	0
8	0
1	0
1	0
16	0
12	0
3	0
17	0
3	14
17	0
17	16
4	0
4	4
2	2
12	12
13	13
11	0
6	0
3	4
12	0
12	6
12	0
12	12
17	0
17	0
12	0
12	16
5	5
4	0
4	4
3	0
2	2
12	0
12	12
12	12
12	12
1	0
16	16
13	13
13	0
1	0
1	0
12	0
1	0
1	0
1	0
1	0
1	0
1	0
1	0
1	0
1	0
1	0
1	0
3	0
1	0
1	0
1	0
1	0
12	0
12	0
8	0
1	0
3	0
3	0
13	0
17	0
11	3
4	0
4	4
3	0
3	3
3	0
3	3
1	6
8	0
8	0
8	8
12	0
12	0
12	4
13	13
13	0
1	0
8	0
1	0
1	0
1	0
1	0
1	0
1	0
1	0
3	0
1	0
3	0
1	0
8	0
8	0
12	0
12	0
12	0
16	0
1	0
8	0
1	0
12	0
1	0
1	0
1	0
1	0
1	0
1	0
8	0
8	0
8	0
3	0
3	0
3	0
1	0
1	0
1	0
1	0
8	0
12	0
12	0
12	0
11	0
11	11
17	0
16	4
16	0
11	0
11	11
17	0
6	0
3	3
3	0
3	0
1	16
1	0
1	0
16	10
3	0
3	0
1	0
3	16
2	2
3	0
2	2
12	0
12	0
12	0
12	0
12	8
13	13
13	0
1	0
1	0
1	0
1	0
1	0
1	0
8	0
1	0
1	0
1	0
8	0
8	0
8	0
1	0
1	0
1	0
8	0
1	0
16	0
16	0
16	0
16	0
16	0
1	0
3	0
3	0
1	0
1	0
1	0
16	0
3	0
11	11
16	0
4	0
3	0
3	4
3	0
3	5
1	0
1	0
1	3
17	0
1	16
13	13
13	0
1	0
1	0
1	0
3	0
16	0
1	0
1	0
16	0
16	0
3	0
16	0
16	0
3	0
3	0
1	0
1	0
1	0
1	0
1	0
1	0
1	0
1	0
1	0
16	0
16	0
3	0
1	0
1	0
16	0
16	0
16	0
16	0
16	0
16	0
16	0
8	0
3	0
3	0
3	0
1	0
1	0
1	0
1	0
1	0
12	0
12	0
11	11
4	0
4	4
1	0
1	0
8	0
8	0
12	1
9	9
8	0
8	0
8	8
2	0
2	2
12	0
12	0
12	0
12	8
12	0
12	0
12	4
13	13
13	0
1	0
12	0
8	0
12	0
8	0
3	0
1	0
1	0
8	0
16	0
17	0
1	0
1	0
1	0
8	0
12	0
12	0
12	0
16	0
8	0
12	0
12	0
12	0
3	0
3	0
1	0
1	0
8	0
8	0
3	0
1	0
1	0
1	0
8	0
17	0
17	0
1	0
11	11
4	0
4	4
3	0
3	3
9	9
8	0
8	8
8	0
8	8
17	0
17	3
17	0
17	0
12	4
17	0
13	13
17	11
17	4
17	0
11	11
17	0
17	0
17	10
2	2
2	0
6	0
6	0
6	6
8	0
8	8
2	0
17	0
17	2
1	1
1	0
8	0
8	0
8	16
16	0
16	0
16	16
13	13
17	0
17	4
1	0
3	3
17	0
17	0
12	3
1	0
1	0
1	0
1	0
1	0
1	0
1	1
13	0
11	0
11	0
11	11
16	0
16	0
16	4
11	0
6	0
3	3
3	0
3	5
2	2
3	0
3	0
3	0
3	10
1	0
8	0
16	0
16	16
13	13
13	0
1	0
1	0
1	0
1	0
16	0
16	0
16	0
16	0
16	0
8	0
1	0
3	0
1	0
1	0
1	0
1	0
1	0
16	0
16	0
1	0
16	0
1	0
1	0
1	0
16	0
16	0
16	0
16	0
16	0
16	0
16	0
8	0
3	0
1	0
1	0
1	0
3	0
3	0
16	0
11	0
11	0
5	3
11	4
6	0
6	0
5	3
1	0
12	6
12	0
8	0
8	8
2	3
3	0
3	3
3	3
1	0
1	0
1	0
16	16
13	13
13	0
16	0
1	0
1	0
1	0
16	0
16	0
16	0
1	0
1	0
16	0
16	0
1	0
3	0
3	0
1	0
1	0
1	0
16	0
16	0
16	0
1	0
1	0
1	0
1	0
16	0
16	0
16	0
16	0
16	0
16	0
1	0
1	0
12	0
12	0
16	0
8	0
3	0
13	0
2	2
2	0
6	6
8	0
8	0
8	8
4	0
4	4
3	0
3	3
13	13
17	0
17	1
13	13
17	0
17	0
17	4
13	0
17	17
17	0
6	0
3	4
5	0
3	3
1	0
1	0
1	16
13	13
13	0
1	0
1	0
1	0
17	0
1	0
17	0
17	0
17	0
1	0
17	0
17	0
17	0
17	0
1	0
17	0
1	0
1	0
1	0
2	0
1	0
1	0
8	0
8	0
8	0
3	0
3	0
3	0
1	0
17	0
17	0
12	0
17	0
12	11
17	0
12	4
2	3
13	13
17	0
17	17
17	0
17	17
17	0
17	0
17	17
13	13
16	0
12	0
2	4
17	0
13	13
17	0
11	11
12	0
12	0
12	0
12	16
13	13
17	2
12	12
13	13
13	13
13	0
1	0
16	0
16	0
16	0
16	0
16	0
12	0
12	0
17	0
17	0
8	0
17	0
17	0
12	0
17	0
17	0
12	0
12	0
8	0
1	0
17	0
17	0
17	0
17	0
17	0
17	0
17	0
17	0
12	0
13	13
1	0
1	3
5	0
3	0
3	3
17	4
3	11
1	0
17	0
1	0
16	16
5	14
1	0
3	3
11	11
2	0
17	0
3	3
2	0
2	2
8	8
17	0
17	0
16	16
17	0
17	4
13	13
12	12
13	13
17	0
17	17
17	17
17	0
17	0
17	17
13	13
8	0
13	17
1	0
2	0
12	0
12	0
1	0
1	2
17	0
11	4
3	6
12	1
12	0
12	0
12	8
12	0
12	0
12	4
13	13
13	0
1	0
1	0
12	0
8	0
11	11
4	0
4	4
3	0
2	3
1	6
1	0
1	0
1	0
1	0
1	1
8	0
8	0
8	0
8	8
2	2
12	0
12	12
12	0
12	16
13	13
13	0
1	0
1	0
12	0
12	0
1	0
1	0
1	0
1	0
1	0
1	0
1	0
1	0
1	0
1	0
16	0
12	0
12	0
12	0
16	0
16	0
1	0
16	0
12	0
8	0
3	0
3	0
1	0
3	0
3	0
1	0
1	0
1	0
1	0
1	0
1	0
12	0
12	0
11	0
4	4
5	0
3	3
3	0
17	0
3	0
3	3
2	0
3	0
1	0
1	0
1	0
1	0
1	1
12	0
12	0
12	4
13	13
13	0
17	0
8	0
8	0
12	0
12	0
12	0
17	0
1	0
1	0
1	0
1	0
1	0
1	0
1	0
1	0
1	0
12	0
12	0
12	0
12	0
1	0
16	0
12	0
17	0
12	0
12	0
17	0
1	0
17	0
3	0
1	0
17	0
1	0
1	0
1	0
1	0
1	0
1	0
1	0
3	0
1	0
3	3
4	0
4	4
16	0
12	0
12	3
1	6
8	0
8	8
1	0
1	0
16	0
16	16
4	0
4	4
13	13
13	0
3	0
3	0
3	0
1	0
1	0
1	0
1	0
3	0
3	0
3	0
3	0
8	0
8	0
1	0
1	0
1	0
1	0
16	0
16	0
1	0
3	0
3	0
1	0
1	0
16	0
1	0
1	0
1	0
3	0
3	0
3	0
3	0
3	0
3	0
3	0
8	0
8	0
8	0
1	0
1	0
1	0
17	0
14	0
6	11
12	0
12	0
12	0
12	16
12	0
11	11
11	0
11	4
3	0
3	0
3	0
3	0
3	0
1	0
1	3
3	11
13	13
1	0
16	16
13	13
4	0
4	4
13	0
13	13
4	4
17	0
2	2
8	0
8	0
8	8
1	0
1	2
13	13
17	0
17	0
17	0
17	1
13	13
16	0
17	0
2	4
17	0
13	13
2	0
2	5
17	0
2	2
8	0
8	0
8	0
8	0
8	8
4	0
4	4
3	6
1	1
13	0
8	0
17	0
2	2
9	0
9	8
16	0
9	0
11	0
3	0
3	4
11	0
6	0
5	3
2	0
2	2
12	8
5	5
8	6
8	0
8	8
12	0
12	0
12	3
1	0
1	2
12	0
12	0
12	12
1	0
16	0
16	16
13	13
13	0
3	0
1	0
1	0
8	0
1	0
3	0
8	0
1	0
1	0
8	0
1	0
16	0
1	0
1	0
16	0
16	0
8	0
8	0
8	0
16	0
16	0
16	0
16	0
8	0
8	0
3	0
1	0
13	0
17	0
2	2
9	0
1	0
9	9
17	0
17	0
11	0
3	0
3	4
17	0
17	16
13	0
13	13
17	0
11	11
4	0
4	4
3	3
17	0
17	0
17	1
17	0
17	0
9	4
13	13
9	9
8	0
8	0
8	8
17	0
2	2
8	0
8	16
5	5
8	0
8	8
1	0
1	16
17	0
17	4
1	0
3	3
17	0
17	0
12	3
11	11
13	13
13	0
17	0
1	0
1	0
1	0
17	0
1	0
1	0
1	0
1	0
17	0
12	0
11	0
4	4
5	0
3	3
1	0
2	2
8	0
8	8
2	2
2	0
2	2
9	0
9	8
8	0
8	0
1	0
8	0
8	16
8	0
13	17
11	0
11	4
5	6
1	0
3	3
1	1
8	8
12	0
12	0
12	4
5	5
12	0
12	6
12	0
8	0
8	8
17	0
11	4
1	0
1	0
1	1
12	0
12	0
12	4
13	13
9	9
8	8
13	13
13	0
17	0
8	0
1	0
8	0
8	0
2	0
3	0
8	0
1	0
8	0
12	0
13	0
12	17
3	0
12	0
3	0
3	3
6	4
3	3
6	6
8	0
8	0
8	8
17	0
17	0
1	3
1	0
1	0
1	0
1	16
17	0
12	17
17	0
12	0
17	16
17	0
6	0
5	3
17	0
2	0
16	0
1	3
8	0
12	0
12	0
12	8
2	0
2	10
13	13
13	0
1	0
17	0
12	0
17	0
1	0
1	0
1	0
17	0
16	0
16	0
16	0
16	0
16	0
16	0
1	0
1	0
1	0
1	0
1	0
1	0
17	0
17	0
17	0
17	0
3	16
1	0
1	0
1	1
5	5
2	2
3	0
3	3
13	13
17	0
17	0
17	0
12	6
12	0
12	12
17	0
17	0
17	17
17	17
12	0
12	7
13	0
13	13
13	0
17	0
12	0
3	0
3	0
3	0
17	0
16	0
16	0
16	0
16	0
12	0
12	0
17	0
17	0
1	0
16	0
12	0
12	0
12	0
17	0
17	0
16	0
3	0
1	0
1	0
1	0
3	0
3	0
3	0
3	0
16	0
16	0
12	0
2	0
2	2
8	0
8	8
8	0
8	8
13	0
13	17
12	0
12	0
12	12
5	5
12	0
12	12
16	0
13	17
1	0
6	0
1	2
8	8
17	0
2	2
8	8
13	0
13	17
17	0
17	0
17	0
9	6
8	0
8	8
2	2
12	0
12	0
12	0
12	12
17	0
2	2
8	0
8	8
2	2
12	12
13	0
13	17
2	2
12	12
5	5
12	0
12	0
12	0
12	12
17	0
12	17
17	0
17	17
17	0
17	0
1	0
13	0
12	0
11	0
11	6
1	6
8	0
8	0
8	0
8	8
13	13
13	0
1	0
16	0
16	0
12	0
16	0
16	0
16	0
16	0
8	0
8	0
12	0
8	0
16	0
16	0
16	0
8	0
8	0
12	0
8	0
8	0
8	0
8	0
16	0
12	0
12	0
16	0
16	0
16	0
8	0
8	0
8	0
16	0
8	0
16	0
16	0
16	0
12	0
12	0
16	0
16	0
1	0
8	0
8	0
8	0
8	0
8	0
16	0
16	0
16	0
12	0
12	0
17	0
17	16
3	0
3	3
17	0
17	0
17	10
17	0
11	0
17	3
11	11
1	0
17	0
17	0
1	0
1	16
13	13
3	0
12	11
12	0
16	16
3	0
3	3
1	6
8	0
8	0
8	8
13	13
13	0
17	0
1	0
1	0
1	0
1	0
1	0
1	0
1	0
8	0
8	0
8	0
12	0
16	0
1	0
3	0
1	0
8	0
12	0
17	0
3	0
17	0
3	0
17	0
17	0
17	0
12	0
3	0
1	0
1	0
1	0
12	0
11	0
11	11
16	0
16	0
16	0
3	16
3	0
3	3
5	5
3	0
3	3
3	0
1	1
13	13
13	0
1	0
1	0
1	0
16	0
1	0
1	0
1	0
1	0
1	0
16	0
16	0
16	0
1	0
1	0
1	0
1	0
1	0
1	0
1	0
1	0
1	0
1	0
1	0
1	0
1	0
1	0
1	0
1	0
1	0
1	0
16	0
16	0
12	0
16	0
16	0
3	0
1	0
1	0
1	0
1	0
1	0
1	0
1	0
1	0
12	0
17	0
2	2
8	0
8	8
4	0
3	4
3	0
3	3
3	0
3	3
5	0
3	0
3	3
11	0
11	6
3	0
1	0
3	3
1	0
12	0
12	0
12	1
13	13
13	0
1	0
1	0
1	0
1	0
1	0
1	0
1	0
1	0
16	0
1	0
16	0
1	0
1	0
1	0
1	0
1	0
1	0
1	0
16	0
1	0
1	0
1	0
1	0
1	0
1	0
8	0
16	0
1	0
1	0
1	0
1	0
1	0
1	0
3	0
1	0
17	0
17	0
17	0
17	16
17	0
17	0
17	0
17	0
17	0
17	3
17	3
17	0
17	0
17	10
17	0
17	0
17	3
13	13
13	0
17	0
17	0
17	0
17	0
17	0
1	0
17	0
17	0
17	0
17	0
17	0
17	0
17	0
17	0
17	0
17	0
17	0
17	0
17	0
17	0
17	0
17	0
17	0
17	0
17	0
1	0
1	0
17	0
17	0
17	0
17	0
16	0
17	0
17	0
17	0
17	0
1	0
17	0
17	0
17	0
17	0
17	0
17	0
12	11
17	0
17	4
17	0
6	6
8	8
1	1
1	0
1	0
1	0
1	0
1	0
16	0
1	8
13	0
13	17
17	0
6	11
1	0
1	0
1	0
16	16
17	11
17	0
17	0
17	0
17	3
13	13
13	0
1	0
1	0
1	0
1	0
1	0
1	0
1	0
16	0
17	0
8	0
8	0
1	0
1	0
16	0
1	0
17	0
17	0
17	0
12	0
12	0
16	0
1	0
1	0
16	0
1	0
1	0
1	0
1	0
1	0
12	0
8	0
2	2
12	0
8	0
8	8
4	0
4	0
12	4
1	6
1	0
1	0
1	1
8	0
8	0
8	0
8	8
3	0
3	4
2	2
6	6
8	0
8	0
8	0
8	0
8	8
13	13
13	0
1	0
8	0
8	0
8	0
1	0
8	0
8	0
8	0
8	0
1	0
1	0
16	0
8	0
1	0
8	0
8	0
8	0
8	0
16	0
1	0
1	0
1	0
8	0
8	0
3	0
3	0
1	0
1	0
1	0
1	0
1	0
8	0
1	0
11	0
11	11
4	0
4	4
2	3
1	0
1	1
9	0
1	8
1	0
1	4
13	13
13	0
1	0
1	0
1	0
1	0
1	0
1	0
1	0
1	0
1	0
1	0
1	0
8	0
8	0
1	0
8	0
1	0
1	0
1	0
1	0
16	0
1	0
1	0
1	0
1	0
16	0
1	0
1	0
1	0
8	0
1	0
8	0
1	0
1	0
1	0
1	0
1	0
1	0
8	0
1	0
1	0
8	0
1	0
1	0
1	0
1	0
1	0
12	0
3	4
12	3
1	0
1	0
1	0
1	0
16	1
16	0
12	0
12	4
13	0
12	17
17	0
6	6
1	0
1	0
1	0
1	1
8	0
8	0
8	0
8	8
2	2
2	0
2	0
2	0
11	0
11	6
8	0
8	8
12	4
5	6
12	0
8	8
1	0
12	0
1	0
1	16
13	13
13	0
1	0
1	0
16	0
16	0
1	0
2	0
3	0
1	0
1	0
1	0
1	0
1	0
16	0
16	0
16	0
16	0
16	0
16	0
16	0
13	0
13	13
17	3
17	0
17	0
17	0
1	1
13	0
13	13
13	0
17	0
17	0
17	0
17	0
17	0
17	0
17	0
1	0
17	0
17	0
17	0
17	0
17	0
17	0
1	0
17	0
17	0
17	0
17	0
17	0
17	0
17	0
17	0
17	0
17	0
17	0
17	0
1	0
17	0
17	0
17	0
17	0
17	0
17	0
17	0
17	0
17	0
17	0
17	0
17	0
17	0
17	0
17	0
17	0
17	0
17	0
17	0
17	0
17	0
17	0
12	0
12	0
12	7
17	0
13	13
13	0
17	0
17	0
17	0
12	0
12	0
17	0
12	0
17	0
17	0
12	0
12	0
12	0
17	0
17	0
17	0
17	0
12	0
12	0
12	0
12	0
17	0
17	0
17	0
12	0
12	0
12	0
17	0
17	0
17	0
12	0
12	0
12	0
12	0
17	0
17	0
17	0
17	0
12	0
12	0
12	0
17	0
17	0
12	0
12	0
12	0
17	0
17	0
17	0
12	0
12	0
12	0
17	0
17	0
17	0
13	0
3	0
12	0
3	0
3	3
16	0
16	0
16	0
3	16
3	0
3	3
1	0
3	3
17	0
2	2
8	0
12	8
3	0
3	0
3	2
2	2
6	0
6	6
8	0
8	0
8	8
3	3
2	2
12	0
12	12
13	0
13	13
13	0
17	0
1	0
1	0
12	0
12	0
3	0
1	0
1	0
3	0
3	0
1	0
1	0
1	0
3	0
3	0
1	0
3	0
3	0
3	0
16	0
3	0
3	0
8	0
3	0
1	0
1	0
1	0
12	0
13	0
12	17
4	0
4	4
1	0
11	0
12	0
12	1
8	0
8	0
8	0
8	0
8	0
8	8
13	0
13	13
13	0
12	0
12	0
16	0
16	0
16	0
12	0
12	0
1	0
1	0
16	0
16	0
8	0
1	0
8	0
8	0
8	0
16	0
16	0
8	0
12	0
1	0
12	0
12	0
16	0
16	0
8	0
12	0
12	0
16	0
8	0
3	0
8	0
4	0
1	0
12	0
1	0
1	0
1	0
16	0
8	0
8	0
16	0
12	0
3	0
3	0
3	0
3	0
3	3
16	0
16	0
16	16
3	11
1	0
1	0
1	0
1	0
1	0
1	0
1	0
1	1
17	0
2	14
13	13
12	0
12	0
12	3
13	13
5	0
3	0
3	3
1	0
1	6
12	6
12	0
12	0
12	1
8	0
8	0
8	8
5	5
12	6
8	8
12	0
12	10
12	0
12	0
12	0
12	16
13	13
13	0
1	0
1	0
1	0
8	0
16	0
16	0
12	0
1	0
1	0
1	0
1	0
1	0
12	0
12	0
2	5
17	0
13	13
12	0
11	11
12	0
16	0
16	0
16	16
17	0
6	0
3	3
1	0
1	3
2	0
2	2
9	0
1	9
8	8
13	13
17	0
17	0
17	17
13	13
2	3
13	0
13	13
13	0
17	0
16	0
16	0
3	0
17	0
17	0
17	0
17	0
1	0
1	0
8	0
8	0
17	0
17	0
17	0
17	0
1	0
12	0
17	0
12	0
12	0
16	0
16	0
16	0
16	0
16	0
16	0
3	0
3	0
3	0
12	0
12	0
12	0
16	0
16	0
16	16
11	11
1	0
3	3
3	3
1	0
1	0
1	0
1	1
13	13
13	0
1	0
1	0
1	0
3	0
1	0
1	0
1	0
1	0
1	0
3	0
3	0
3	0
1	0
1	0
1	0
1	0
1	0
1	0
1	0
1	0
1	0
1	0
1	0
1	0
3	0
1	0
1	0
1	0
1	0
1	0
3	0
3	0
1	0
16	0
16	0
3	0
3	0
3	0
1	0
1	0
1	0
1	0
1	0
1	0
12	0
4	0
4	4
2	3
3	3
3	6
17	0
1	0
1	1
8	8
16	0
12	0
16	0
16	16
5	5
11	0
11	11
1	0
6	6
1	0
1	0
1	1
8	0
8	0
8	8
12	3
3	0
3	0
3	1
1	0
2	0
1	0
16	0
16	0
16	0
16	16
13	13
13	0
3	0
1	0
1	0
1	0
1	0
1	0
16	0
1	0
1	0
12	0
3	0
3	0
3	0
1	0
1	0
1	0
1	0
16	0
16	0
16	0
16	0
16	0
12	0
11	0
11	11
4	0
11	4
1	0
3	0
1	0
1	0
1	1
5	5
1	0
1	1
3	0
6	0
3	14
8	0
8	0
8	8
3	0
1	0
16	0
16	16
13	13
13	0
16	0
1	0
1	0
1	0
1	0
1	0
1	0
1	0
16	0
1	0
1	0
1	0
1	0
1	0
8	0
1	0
1	0
16	0
16	0
1	0
1	0
1	0
16	0
16	0
16	0
1	0
1	0
1	0
1	0
1	0
1	0
1	0
1	0
1	0
1	0
12	0
11	0
11	11
1	0
12	0
12	0
12	3
3	0
2	10
5	2
17	0
1	0
1	4
1	0
1	0
16	3
1	0
12	0
8	11
5	6
8	0
8	0
8	8
2	3
13	13
16	0
5	0
2	5
3	3
13	13
13	0
1	0
1	0
1	0
8	0
1	0
1	0
1	0
16	0
1	0
1	0
1	0
1	0
8	0
3	0
16	0
16	0
16	0
16	0
1	0
1	0
8	0
8	0
8	0
1	0
1	0
1	0
8	0
1	0
8	0
3	0
1	0
1	0
3	0
1	0
1	0
1	2
16	0
16	0
16	16
3	0
6	0
3	0
3	3
6	6
1	0
1	0
1	1
8	0
8	0
8	8
2	2
3	0
6	6
8	0
8	0
8	8
13	13
13	0
3	0
3	0
3	0
3	0
3	0
8	0
8	0
1	0
1	0
1	0
8	0
16	0
8	0
3	0
1	0
1	0
1	0
8	0
1	0
1	0
1	0
1	0
1	0
16	0
16	0
16	0
3	0
3	0
3	0
3	0
8	0
16	0
1	0
11	11
4	0
4	4
3	0
3	3
2	3
6	11
5	5
6	6
1	0
1	0
1	0
1	1
1	0
8	8
8	0
8	8
13	13
13	0
1	0
8	0
1	0
16	0
16	0
16	0
16	0
16	0
8	0
8	0
1	0
1	0
1	0
1	0
8	0
1	0
1	0
1	0
16	0
16	0
1	0
8	0
8	0
1	0
16	0
16	0
1	0
16	0
16	0
3	0
3	0
3	0
8	0
8	0
1	0
1	0
1	0
1	0
1	0
12	0
3	0
3	0
3	3
4	0
4	0
4	4
11	0
11	6
8	8
2	2
12	12
2	2
1	0
1	0
1	6
8	0
8	0
13	0
1	0
1	0
1	0
1	0
1	0
1	8
2	2
12	0
12	12
5	5
12	0
12	0
12	12
13	13
13	0
1	0
1	0
16	0
8	0
1	0
16	0
1	0
1	0
1	0
1	0
16	0
8	0
1	0
1	0
1	0
3	0
8	0
16	0
16	0
1	0
1	0
1	0
16	0
1	0
1	0
1	0
3	0
3	0
11	11
3	0
1	0
1	0
1	16
16	0
4	0
16	2
6	6
1	0
1	0
1	1
8	0
8	0
8	8
2	0
2	2
8	0
8	0
8	8
16	16
5	5
17	0
17	0
1	0
1	0
1	0
1	16
13	13
16	0
17	0
16	2
17	0
12	6
12	0
17	0
1	8
13	13
3	0
3	11
3	0
3	3
1	3
3	0
1	0
1	0
1	1
3	0
1	16
13	13
13	0
3	0
3	0
1	0
8	0
8	0
1	0
1	0
12	0
11	0
12	11
1	0
16	4
12	0
12	0
12	8
3	0
2	14
16	0
11	11
2	0
2	0
2	3
11	0
3	2
1	0
1	0
1	1
8	8
5	0
3	0
3	3
3	0
2	0
3	0
3	0
16	0
16	0
16	0
16	16
13	13
13	0
1	0
1	0
1	0
1	0
1	0
1	0
1	0
8	0
16	0
1	0
1	0
1	0
1	0
8	0
12	0
16	0
16	0
16	0
16	0
16	0
16	0
16	0
1	0
1	0
1	0
8	0
13	0
1	0
11	11
16	0
16	0
16	16
13	13
14	0
11	0
14	14
11	0
11	11
17	0
11	11
17	0
17	0
17	10
1	0
16	0
16	16
13	13
13	0
1	0
1	0
1	0
16	0
16	0
1	0
16	0
16	0
16	0
16	0
8	0
1	0
1	0
1	0
1	0
1	0
1	0
16	0
16	0
16	0
16	0
16	0
16	0
16	0
16	0
1	0
16	0
16	0
16	0
16	0
8	0
16	0
14	0
8	0
3	0
8	0
1	0
17	0
17	0
11	0
12	11
17	0
3	3
17	0
17	0
17	10
3	3
1	0
17	0
1	0
17	16
13	13
13	0
1	0
1	0
1	0
17	0
17	0
17	0
17	0
17	0
17	0
17	0
17	0
17	0
17	0
17	0
17	0
17	0
1	0
1	0
1	0
1	0
1	0
1	0
1	0
1	0
1	0
17	0
17	0
17	0
1	0
1	0
1	0
17	0
17	0
17	0
17	0
17	0
17	0
17	0
17	0
17	0
1	0
1	0
1	0
1	0
1	0
12	0
4	4
17	0
12	3
1	0
1	3
2	2
8	0
8	0
8	8
12	0
12	0
12	4
2	2
6	0
6	0
6	6
8	0
8	0
8	8
17	0
17	3
13	13
13	0
3	0
3	0
16	0
1	0
1	0
1	0
16	0
16	0
16	0
16	0
16	0
17	0
1	0
16	0
1	0
1	0
8	0
1	0
16	0
16	0
1	0
3	0
3	0
16	0
17	0
12	0
16	0
1	0
1	0
1	0
16	0
12	0
12	0
12	0
16	0
1	0
12	0
2	2
12	0
12	0
8	8
4	0
4	0
17	4
11	0
6	0
3	3
3	0
1	3
12	0
8	0
12	8
13	0
13	17
2	0
5	5
3	0
11	11
17	0
17	4
17	0
17	3
17	0
17	0
17	10
17	0
17	0
17	1
13	0
11	17
17	0
17	4
17	0
17	3
3	0
3	3
17	0
2	2
8	0
8	8
13	13
13	0
1	0
1	0
1	0
8	0
8	0
3	0
3	0
1	0
8	0
3	0
3	0
1	0
1	0
1	0
12	0
12	0
12	7
13	13
13	0
12	0
1	0
1	0
12	0
12	0
12	0
1	0
1	0
1	0
1	0
12	0
12	0
12	0
1	0
1	0
1	0
1	0
12	0
12	0
12	0
1	0
1	0
1	0
1	0
12	0
12	0
12	0
1	0
1	0
1	0
12	0
12	0
12	0
1	0
1	0
1	0
1	0
12	0
12	0
12	0
1	0
1	0
1	0
12	0
12	0
12	0
1	0
1	0
1	0
12	0
12	0
12	0
1	0
1	0
1	0
12	0
2	3
9	9
8	0
8	8
4	0
3	4
3	3
5	5
17	0
6	0
5	3
12	0
12	0
12	16
5	0
3	0
3	3
1	0
12	2
12	0
12	0
12	0
12	12
13	13
13	0
1	0
1	0
1	0
8	0
12	0
3	0
12	0
1	0
1	0
1	0
8	0
1	0
1	0
1	0
1	0
1	0
1	0
12	0
16	0
16	0
1	0
1	0
1	0
1	0
8	0
16	0
1	0
1	0
12	0
12	0
12	0
12	0
12	0
1	0
12	0
13	13
2	0
2	0
16	2
8	0
8	0
8	8
1	0
1	3
3	0
11	1
8	0
8	0
8	0
8	8
5	5
8	0
8	0
8	0
8	0
8	0
8	8
2	2
12	12
13	13
13	0
8	0
16	0
16	0
16	0
16	0
16	0
16	0
8	0
8	0
16	0
8	0
16	0
8	0
16	0
8	0
16	0
16	0
16	0
8	0
8	0
8	0
16	0
16	0
16	0
8	0
16	0
16	0
16	0
16	0
16	0
16	0
16	0
8	0
12	0
16	0
9	17
1	0
1	0
1	16
3	11
17	0
12	11
17	0
2	11
8	0
8	0
8	8
12	0
12	10
12	0
12	0
12	0
12	16
13	13
13	0
8	0
8	0
12	0
12	0
12	0
17	0
17	0
17	0
12	0
1	0
1	0
16	0
12	0
12	0
12	0
12	0
12	0
12	0
16	0
16	0
17	0
8	0
12	0
12	0
16	0
16	0
16	0
8	0
16	0
16	0
17	0
17	0
17	0
1	0
1	0
1	0
16	0
17	0
17	0
17	0
17	0
12	1
12	0
12	0
12	0
12	0
12	8
12	0
12	12
17	17
17	0
17	0
17	0
17	17
17	17
17	0
17	0
17	0
17	17
17	0
17	11
17	0
17	4
17	6
1	0
1	0
1	1
8	0
8	0
8	0
8	0
8	8
13	13
3	0
3	11
2	2
12	0
12	12
1	0
16	0
16	0
16	16
4	0
4	4
13	13
13	0
17	0
1	0
16	0
8	0
1	0
16	0
16	0
16	0
17	0
17	0
17	0
17	0
12	0
1	0
11	11
16	0
16	16
12	0
12	6
12	0
8	8
16	0
16	0
2	16
3	0
3	0
6	0
6	2
8	0
8	0
8	8
3	0
3	0
3	5
11	0
11	11
1	0
16	16
4	0
4	4
13	13
13	0
1	0
1	0
1	0
1	0
1	0
1	0
1	0
1	0
16	0
16	0
12	0
8	0
3	0
1	0
8	0
1	0
16	0
1	0
3	0
3	0
1	0
12	0
12	0
12	0
3	0
3	0
3	0
3	0
3	0
1	0
13	0
8	0
12	7
13	0
13	13
13	0
12	0
1	0
8	0
12	0
12	0
1	0
1	0
1	0
1	0
12	0
12	0
12	0
12	0
1	0
1	0
1	0
12	0
12	0
12	0
12	0
12	0
1	0
1	0
12	0
12	0
12	0
1	0
1	0
1	0
12	0
12	0
12	0
12	0
12	0
1	0
1	0
12	0
12	0
12	0
12	0
1	0
1	0
12	0
12	0
12	0
12	0
1	0
1	0
12	0
12	0
12	0
12	0
1	0
1	0
11	0
3	0
6	11
16	0
1	4
6	0
6	6
8	0
8	8
3	0
3	11
1	0
1	0
1	3
8	0
8	8
4	0
4	4
3	0
1	16
16	0
16	16
13	13
13	0
1	0
1	0
1	0
1	0
1	0
16	0
1	0
1	0
1	0
1	0
1	0
8	0
8	0
1	0
3	0
1	0
8	0
1	0
16	0
16	0
1	0
1	0
3	0
1	0
1	0
8	0
8	0
8	0
1	0
8	0
8	0
3	0
3	0
1	0
1	0
1	0
12	0
12	0
12	6
1	0
1	0
1	1
1	0
1	0
1	0
1	0
1	1
8	0
8	0
8	8
12	0
12	0
12	4
13	13
13	0
12	0
12	0
12	0
12	0
12	0
12	0
12	0
1	0
1	0
1	0
1	0
1	0
1	0
1	0
16	0
12	0
12	0
12	0
12	0
12	0
12	0
16	0
1	0
12	0
12	0
12	0
12	0
12	0
16	0
16	0
16	0
1	0
1	0
1	0
1	0
1	0
16	0
1	0
1	0
8	0
12	0
12	0
4	0
4	4
3	6
1	0
1	1
8	0
8	0
8	0
8	8
16	0
2	0
1	0
1	16
13	0
13	17
16	0
16	16
3	0
6	11
8	0
8	8
1	0
3	3
1	1
13	13
13	0
1	0
1	0
1	0
1	0
1	0
1	0
16	0
16	0
3	0
3	0
1	0
1	0
16	0
1	0
8	0
8	0
1	0
3	0
1	0
1	0
8	0
3	0
3	0
3	0
1	0
1	0
8	0
1	0
1	0
1	0
1	0
1	0
16	0
6	0
17	0
6	14
1	0
1	0
1	2
1	1
8	8
4	0
4	4
11	4
3	11
17	0
12	6
12	0
12	0
8	8
17	0
6	3
17	0
12	10
17	0
1	0
1	0
1	16
5	5
11	0
11	10
12	0
1	0
1	0
1	16
13	13
3	3
3	0
11	14
1	0
3	3
16	16
13	13
13	0
1	0
1	0
1	0
1	0
1	0
1	0
1	0
1	0
1	0
1	0
1	0
8	0
16	0
16	0
16	0
1	0
1	0
1	0
12	0
4	0
4	0
4	4
11	11
1	1
13	13
13	0
8	0
8	0
8	0
8	0
8	0
3	0
16	0
16	0
16	0
8	0
8	0
8	0
8	0
16	0
16	0
16	0
8	0
8	0
8	0
8	0
8	0
16	0
8	0
8	0
8	0
3	0
8	0
16	0
16	0
16	0
8	0
8	0
8	0
8	0
3	0
16	0
16	0
8	0
8	0
8	0
16	0
16	0
8	0
8	0
8	0
8	0
3	0
16	0
8	0
8	0
8	0
8	0
16	0
13	0
13	0
13	17
11	0
11	11
17	0
6	4
1	0
1	0
1	0
1	0
3	0
3	3
17	0
17	0
17	10
1	0
1	1
1	0
1	0
1	16
17	0
12	6
1	0
1	0
17	0
1	0
1	1
8	8
3	0
12	10
17	0
3	0
1	0
1	16
17	0
17	0
5	5
12	0
12	10
12	0
1	0
1	0
1	16
13	13
13	0
13	0
13	0
16	0
8	0
12	0
1	0
1	0
8	0
1	0
1	0
1	0
3	0
1	0
1	0
12	0
12	0
11	11
3	0
16	0
16	0
16	16
6	6
13	13
1	0
1	0
1	0
1	0
1	1
17	0
17	0
8	8
13	13
3	3
3	0
3	3
1	0
1	0
1	1
13	0
13	13
13	0
17	0
1	0
1	0
1	0
1	0
1	0
1	0
1	0
1	0
1	0
8	0
1	0
1	0
1	0
1	0
1	0
1	0
8	0
12	0
1	0
1	0
3	0
3	0
3	0
16	0
1	0
1	0
1	0
1	0
1	0
1	0
1	0
1	0
13	0
3	0
11	11
2	2
6	6
8	0
8	0
8	0
8	0
8	0
8	0
8	8
1	0
17	16
17	0
17	0
1	0
3	3
13	13
16	0
5	0
3	0
3	3
3	0
1	1
13	13
13	0
16	0
16	0
16	0
16	0
16	0
16	0
16	0
1	0
16	0
1	0
16	0
16	0
16	0
16	0
16	0
3	0
3	0
1	0
1	0
16	0
16	0
16	0
16	0
8	0
1	0
8	0
8	0
8	0
16	0
1	0
1	0
1	0
16	0
12	0
12	11
17	0
17	0
17	0
17	16
1	0
1	3
17	0
17	3
16	0
17	16
13	13
14	0
11	11
2	3
1	0
17	2
8	0
8	8
2	0
2	2
11	11
11	0
11	10
1	0
16	0
16	16
13	13
13	0
1	0
16	0
1	0
16	0
16	0
16	0
1	0
8	0
1	0
8	0
8	0
1	0
1	0
8	0
8	0
1	0
8	0
1	0
1	0
1	0
1	0
3	0
3	0
1	0
1	0
1	0
1	0
3	0
14	0
14	0
12	0
11	0
16	14
3	0
11	11
3	0
1	0
16	16
13	13
3	0
16	0
16	0
16	0
16	16
3	11
3	3
3	0
6	0
6	0
6	6
8	0
8	0
8	0
8	0
8	0
8	0
8	0
8	8
5	5
5	0
3	16
3	0
2	2
8	0
8	8
3	0
2	0
3	0
3	3
1	0
1	1
8	0
8	0
8	0
8	8
16	0
1	0
16	16
13	13
13	0
3	0
1	0
1	0
1	0
1	0
3	0
3	0
1	0
16	0
3	0
12	0
4	0
4	4
6	6
8	0
8	0
8	8
3	3
3	0
2	0
3	0
3	3
1	0
1	0
1	0
1	16
13	13
13	0
3	0
3	0
1	0
1	0
1	0
1	0
1	0
1	0
3	0
1	0
3	0
3	0
3	0
3	0
1	0
1	0
1	0
1	0
1	0
1	0
1	0
1	0
1	0
1	0
3	0
1	0
1	0
3	0
3	0
16	0
3	0
1	0
1	0
8	0
3	0
3	0
3	0
3	0
3	0
1	0
1	0
1	0
17	0
12	0
17	0
12	0
12	1
12	0
8	0
12	0
12	0
12	8
5	5
2	2
2	2
9	9
8	0
8	0
8	0
8	8
16	17
1	0
1	0
1	16
17	11
17	0
3	3
17	0
17	0
1	0
3	3
17	0
9	2
17	0
17	11
17	17
17	2
17	17
17	0
8	0
8	12
17	0
11	11
1	6
8	0
8	8
17	0
3	0
1	0
12	17
13	13
17	0
12	17
17	17
1	0
17	0
1	0
1	0
12	17
13	0
13	17
13	0
12	0
12	0
12	6
12	0
12	0
12	0
8	8
2	2
1	0
11	0
11	0
2	0
6	6
8	8
17	0
2	2
8	8
2	2
12	0
12	0
12	12
4	4
6	6
1	0
1	0
1	1
8	0
8	8
3	3
2	0
2	2
8	8
12	0
12	0
12	4
2	0
2	0
2	2
12	0
12	0
12	8
2	2
12	0
12	0
12	12
13	13
13	0
3	0
1	0
12	0
1	0
16	0
12	0
16	0
8	0
1	0
16	0
16	0
1	0
3	0
12	0
16	0
11	11
16	0
16	0
16	16
1	0
2	11
13	13
6	6
8	0
8	8
17	0
11	3
4	0
11	4
5	6
8	0
8	8
13	13
13	0
1	0
1	0
1	0
1	0
16	0
1	0
16	0
1	0
16	0
1	0
1	0
16	0
1	0
1	0
1	0
1	0
1	0
1	0
1	0
16	0
1	0
1	0
1	0
1	0
16	0
16	0
16	0
16	0
16	0
16	0
1	0
1	0
16	0
1	0
1	0
1	0
16	0
1	0
1	0
12	0
5	5
3	0
3	0
3	5
1	0
2	2
6	6
8	0
8	0
8	0
8	8
1	0
17	0
2	0
16	0
16	0
1	16
4	0
12	4
17	0
12	6
12	0
8	0
8	0
8	8
2	3
3	0
3	0
3	0
1	1
2	0
2	2
8	8
17	0
2	10
13	0
13	13
13	0
16	0
8	0
17	0
1	0
8	0
12	0
16	0
8	0
1	0
1	0
3	0
1	0
1	0
8	0
17	0
8	0
8	0
1	0
1	0
1	0
1	0
12	0
3	0
6	11
8	0
8	8
4	0
11	4
5	3
1	0
1	3
17	0
12	3
1	1
17	0
12	4
13	13
13	0
1	0
1	0
17	0
1	0
1	0
1	0
1	0
17	0
1	0
1	0
1	0
1	0
1	0
17	0
17	0
17	0
17	0
17	0
1	0
1	0
17	0
1	0
1	0
1	0
1	0
1	0
1	0
1	0
1	0
1	0
1	0
1	0
1	0
8	0
1	0
1	0
1	0
1	0
17	0
17	0
17	0
17	0
17	0
11	0
4	0
4	4
3	0
3	0
3	3
1	0
1	6
1	0
9	0
9	1
8	0
8	0
8	8
2	2
2	6
1	0
1	0
1	1
8	8
1	0
2	0
1	0
16	0
16	0
16	0
16	16
5	5
11	0
11	11
4	0
4	0
11	4
3	3
3	0
3	3
1	0
16	0
16	16
13	13
13	0
3	0
8	0
3	0
1	0
1	0
8	0
3	0
3	0
3	0
3	0
3	0
3	0
1	0
1	0
1	0
1	0
1	0
8	0
3	0
12	0
1	0
11	11
4	0
11	4
17	0
11	11
3	0
17	0
1	0
3	3
1	0
1	0
1	1
8	0
8	0
8	0
8	0
8	8
12	0
12	0
12	4
13	13
13	0
1	0
16	0
16	0
12	0
12	0
1	0
1	0
1	0
1	0
1	0
1	0
1	0
1	0
1	0
1	0
12	0
12	0
12	0
16	0
1	0
1	0
1	0
12	0
16	0
3	0
16	0
16	0
16	0
3	0
1	0
1	0
3	0
1	0
1	0
1	0
1	0
12	0
17	0
11	11
17	0
16	4
1	0
1	6
8	0
8	0
8	0
8	8
16	0
3	4
13	13
3	0
3	0
3	0
1	3
5	0
16	5
4	0
11	0
4	4
3	0
11	0
9	4
1	0
1	14
12	0
1	0
16	16
13	13
13	0
1	0
1	0
1	0
1	0
1	0
1	0
1	0
1	0
16	0
1	0
1	0
3	0
1	0
1	0
16	0
16	0
16	0
1	0
1	0
1	0
1	0
1	0
16	0
16	0
16	0
16	0
1	0
13	0
11	0
9	11
1	0
1	4
8	8
2	2
6	0
11	11
13	13
13	0
1	0
1	0
1	0
1	0
1	0
1	0
1	0
16	0
16	0
16	0
1	0
8	0
1	0
1	0
16	0
16	0
8	0
8	0
8	0
8	0
8	0
1	0
1	0
1	0
1	0
1	0
1	0
1	0
16	0
8	0
8	0
8	0
8	0
8	0
1	0
1	0
1	0
1	0
1	0
1	0
16	0
8	0
8	0
8	0
8	0
1	0
1	0
1	0
1	0
12	0
17	0
11	11
17	0
17	4
1	0
2	1
13	13
1	0
17	1
12	0
12	0
12	0
8	8
1	0
1	0
1	0
1	0
1	0
16	0
16	16
5	5
3	0
2	2
1	0
1	0
1	1
8	0
8	8
4	0
4	4
3	0
1	0
3	16
3	0
3	0
1	0
1	3
1	0
1	11
17	0
2	2
1	0
1	16
17	0
17	0
12	4
13	13
13	0
17	0
17	0
1	0
1	0
1	0
1	0
1	0
1	0
1	0
1	0
1	0
17	0
12	0
12	6
12	0
12	0
12	0
8	8
12	0
11	0
14	0
16	14
11	0
11	11
3	0
1	3
3	0
3	0
3	3
2	0
2	2
12	0
8	0
8	8
16	0
2	0
16	0
16	0
16	16
13	13
11	0
11	4
3	0
3	3
3	0
3	0
1	0
3	3
1	0
1	0
1	1
13	13
13	0
1	0
1	0
1	0
16	0
1	0
1	0
1	0
12	0
1	0
16	0
1	0
16	0
16	0
16	0
16	0
1	0
1	0
3	0
12	0
3	0
11	11
4	0
4	4
3	0
2	3
1	0
1	0
1	0
1	1
8	0
8	0
8	0
8	0
8	8
12	0
12	0
12	0
12	0
12	8
11	0
2	0
2	2
8	0
8	0
13	0
1	0
1	0
1	0
1	0
8	8
13	13
3	11
16	0
5	0
3	0
3	3
13	13
14	0
5	0
3	0
3	3
1	0
1	0
1	0
1	1
4	0
4	4
13	13
13	0
3	0
3	0
1	0
1	0
1	0
1	0
1	0
8	0
3	0
16	0
11	0
11	11
1	0
3	4
2	0
12	6
12	0
8	0
8	8
2	0
16	0
16	16
5	5
3	0
11	11
16	0
16	0
16	16
11	0
6	0
6	0
6	11
8	0
5	0
3	0
3	3
1	0
2	0
1	0
1	3
13	13
13	0
1	0
1	0
3	0
8	0
16	0
16	0
16	0
1	0
1	0
8	0
8	0
8	0
16	0
1	0
16	0
16	0
1	0
16	0
16	0
1	0
1	0
8	0
8	0
1	0
16	0
1	0
3	0
13	0
8	0
8	0
8	0
8	0
8	8
13	13
6	17
6	13
8	0
8	0
8	0
8	0
8	8
4	0
11	4
1	0
1	0
1	1
13	0
13	13
13	0
1	0
1	0
1	0
1	0
1	0
8	0
1	0
1	0
1	0
12	0
8	0
16	0
16	0
16	0
1	0
1	0
1	0
1	0
1	0
12	0
8	0
1	0
1	0
1	0
1	0
1	0
8	0
8	0
16	0
8	0
8	0
1	0
12	0
1	0
8	0
8	0
8	0
16	0
13	0
13	0
13	17
1	0
1	3
4	0
4	0
12	4
2	3
5	0
3	0
3	3
2	2
2	0
6	0
6	6
1	0
1	16
8	0
8	0
8	0
8	8
16	0
17	0
1	16
13	13
3	0
3	11
17	0
1	0
1	0
1	0
1	0
1	0
17	0
17	0
12	3
17	2
17	6
17	0
1	0
17	0
17	0
1	1
9	9
8	0
8	8
3	0
3	0
3	10
17	0
17	0
17	0
1	16
13	0
13	13
13	0
17	0
14	0
1	0
12	0
2	2
11	0
6	6
1	0
1	0
1	0
1	0
1	1
8	8
4	0
4	0
4	4
2	3
11	0
11	11
8	0
12	0
8	0
12	0
12	8
1	0
1	0
1	0
16	16
13	13
13	0
1	0
1	0
1	0
1	0
16	0
3	0
8	0
11	0
8	0
8	0
1	0
1	0
1	0
1	0
8	0
1	0
1	0
1	0
16	0
16	0
3	0
1	0
1	0
1	0
1	0
1	0
1	0
8	0
8	0
3	0
3	0
3	0
11	0
12	0
13	13
3	3
5	6
8	0
8	8
13	0
13	17
3	3
12	0
1	3
13	13
11	0
11	4
5	6
16	0
11	0
3	0
3	3
16	0
1	1
2	0
3	5
2	3
1	0
1	0
1	0
1	1
8	8
12	0
12	4
13	13
13	0
1	0
1	0
1	0
1	0
1	0
1	0
1	0
1	0
1	0
17	0
3	0
1	0
1	0
1	0
1	0
1	0
1	0
1	0
1	0
1	0
1	0
12	0
1	0
1	0
16	0
16	0
1	0
12	0
2	2
2	0
6	6
8	0
8	0
8	8
3	0
3	0
3	11
3	3
3	0
16	0
16	0
16	0
16	16
3	3
3	0
4	0
12	4
1	0
2	0
3	0
3	3
1	6
8	0
8	8
13	13
13	0
1	0
1	0
8	0
8	0
1	0
1	0
3	0
3	0
8	0
8	0
12	0
3	0
3	0
3	0
1	0
3	0
1	0
3	0
1	0
1	0
1	0
1	0
1	0
16	0
1	0
1	0
1	0
8	0
8	0
16	0
16	0
13	0
3	0
11	11
4	0
4	4
3	0
11	0
6	6
8	0
8	0
8	8
2	0
2	2
12	12
3	0
1	0
1	0
1	2
1	0
1	0
1	0
1	1
5	5
1	0
1	1
8	0
8	0
8	0
8	0
8	8
13	13
13	0
1	0
1	0
1	0
16	0
16	0
1	0
1	0
1	0
1	0
1	0
8	0
8	0
1	0
1	0
1	0
16	0
3	0
16	0
3	0
3	0
1	0
1	0
8	0
8	0
8	0
1	0
1	0
1	0
12	0
17	0
6	0
5	3
2	0
17	0
1	16
17	0
12	0
12	3
17	0
8	8
17	0
17	0
17	16
17	0
17	2
8	8
17	0
17	0
2	5
17	0
17	0
17	16
17	0
17	3
8	0
8	0
12	0
8	8
13	13
13	0
3	0
16	0
16	0
16	0
16	0
1	0
16	0
17	0
17	0
1	0
1	0
17	0
1	0
17	0
1	0
17	0
17	0
16	0
16	0
1	0
17	0
17	0
1	0
1	0
1	0
16	0
17	0
17	0
11	0
12	0
6	0
5	3
4	0
4	4
3	3
2	2
6	0
6	0
11	11
2	2
12	0
12	0
12	0
12	12
1	0
6	0
6	0
11	11
5	0
11	0
3	0
1	0
16	16
13	13
13	0
1	0
1	0
1	0
8	0
8	0
1	0
1	0
8	0
8	0
8	0
1	0
1	0
1	0
8	0
1	0
1	0
1	0
1	0
1	0
8	0
1	0
3	0
3	0
3	0
1	0
1	0
8	0
8	0
8	0
8	0
1	0
1	0
12	0
12	0
1	0
3	0
3	0
3	0
1	0
1	0
1	3
4	0
11	4
3	0
3	5
8	8
1	0
12	0
12	0
12	0
12	0
1	16
13	13
13	0
1	0
1	0
1	0
1	0
1	0
1	0
1	0
1	0
1	0
1	0
1	0
1	0
1	0
1	0
1	0
1	0
1	0
1	0
1	0
1	0
1	0
1	0
1	0
1	0
1	0
1	0
1	0
1	0
1	0
1	0
1	0
16	0
16	0
16	0
1	0
1	0
1	0
1	0
1	0
13	0
13	0
12	17
5	5
17	0
16	3
4	0
1	4
3	3
13	13
3	0
3	0
16	0
16	16
4	2
12	0
12	0
8	0
8	0
8	8
2	2
8	0
8	0
8	8
13	13
3	0
1	0
16	0
16	16
3	2
11	0
6	6
8	8
3	0
3	11
1	0
1	0
1	16
1	0
2	0
2	2
12	0
12	12
13	13
16	0
17	0
2	5
17	4
17	0
17	0
12	3
17	2
17	6
17	0
8	12
17	0
2	2
8	0
8	0
13	0
13	0
17	0
17	4
13	13
17	0
17	6
17	0
17	17
17	0
12	17
17	0
17	17
13	13
13	13
13	0
12	0
17	0
17	0
17	0
17	0
17	0
17	0
17	0
17	0
17	0
17	0
17	0
17	0
17	0
17	0
17	0
17	0
17	0
17	0
17	0
17	0
17	0
17	0
17	0
12	0
17	0
17	0
17	0
17	0
17	0
17	0
17	0
17	0
17	0
17	0
17	0
17	0
17	0
17	0
17	0
17	0
17	0
17	0
17	0
17	0
17	0
17	0
12	3
16	0
16	4
6	6
1	0
1	0
1	1
8	0
8	0
8	0
8	0
8	8
16	0
12	6
12	0
8	0
8	0
8	0
8	0
8	0
8	8
13	0
11	17
16	0
16	0
17	0
3	16
1	0
1	0
1	1
5	5
2	2
2	2
13	13
6	0
3	3
9	9
8	0
8	0
8	8
13	13
13	13
13	0
1	0
1	0
1	0
8	0
16	0
16	0
16	0
1	0
1	0
1	0
1	0
8	0
8	0
16	0
16	0
12	0
17	0
12	6
12	0
12	12
12	12
13	13
17	0
12	17
17	0
17	17
17	0
12	17
12	0
17	17
17	0
3	3
17	0
3	4
2	2
17	6
12	12
13	13
17	17
17	0
17	0
17	0
17	17
13	13
13	13
6	6
12	0
12	12
12	0
12	12
13	13
5	0
6	6
8	0
8	0
8	0
8	0
8	8
5	5
17	0
2	2
12	12
2	2
12	12
12	0
12	0
12	4
13	13
12	6
12	0
12	8
12	0
12	0
12	2
13	0
12	0
8	0
2	2
8	0
8	8
4	0
11	4
1	0
1	3
1	0
3	0
1	0
1	0
16	1
12	0
12	0
12	4
13	13
12	11
12	13
13	0
12	0
12	0
12	0
12	0
16	0
12	0
12	0
12	0
1	0
1	0
1	0
1	0
1	0
16	0
16	0
12	0
12	0
16	0
12	0
12	0
12	0
12	0
1	0
12	0
12	0
12	0
12	0
1	0
1	0
8	0
3	0
3	0
1	0
1	0
1	0
1	0
1	0
1	0
16	0
13	0
8	16
12	0
12	6
12	0
12	0
12	0
12	8
4	0
4	4
17	0
17	0
17	10
17	3
17	0
17	10
1	0
17	0
1	1
13	13
13	0
8	0
1	0
17	0
1	0
1	0
8	0
8	0
8	0
8	0
17	0
17	0
17	0
17	0
17	0
1	0
1	0
1	0
1	0
1	0
1	0
8	0
1	0
1	0
1	0
1	0
8	0
8	0
8	0
12	0
12	0
12	0
8	0
8	0
1	0
17	0
17	0
17	0
17	0
17	0
13	0
17	0
12	11
12	0
17	4
2	0
3	5
17	0
3	0
3	3
3	0
17	3
17	1
17	0
12	0
12	4
13	0
13	13
13	0
17	0
12	0
12	0
12	0
12	0
12	0
12	0
8	0
16	0
16	0
1	0
1	0
1	0
1	0
17	0
17	0
17	0
12	0
12	0
12	0
12	0
17	0
16	0
12	0
12	0
12	0
12	0
16	0
16	0
12	0
12	0
12	0
16	0
16	0
17	0
1	0
1	0
1	0
1	0
17	0
17	0
12	0
11	0
11	11
1	0
17	4
17	0
12	6
12	0
12	0
12	0
12	8
1	0
2	0
1	0
16	0
16	16
5	5
3	3
2	3
8	6
9	9
17	0
1	0
1	0
1	0
1	1
8	0
8	0
8	0
8	0
8	0
8	8
17	0
2	2
12	0
12	6
12	0
12	0
12	0
12	8
1	0
16	16
13	13
13	0
3	0
3	0
8	0
8	0
16	0
16	0
16	0
1	0
1	0
1	0
8	0
1	0
1	0
1	0
1	0
1	0
12	0
12	0
12	6
12	0
12	12
5	5
12	0
11	11
4	0
4	4
17	0
6	0
3	3
2	3
2	3
2	0
6	0
6	2
1	0
1	0
12	0
1	0
1	0
1	1
8	0
8	0
8	0
8	0
8	8
17	10
6	6
1	0
1	1
8	0
8	0
8	8
3	0
1	0
1	0
16	16
13	13
13	0
1	0
1	0
1	0
1	0
1	0
12	0
1	0
12	0
12	0
1	0
1	0
3	0
1	0
3	0
3	0
3	0
3	0
1	0
12	0
11	0
11	4
17	0
17	3
12	1
12	0
12	4
13	13
13	0
1	0
12	0
12	0
12	0
12	0
17	0
17	0
17	0
12	0
12	0
12	0
12	0
12	0
17	0
17	0
12	0
12	0
12	0
12	0
12	0
12	0
12	0
1	0
12	0
1	0
1	0
1	0
1	0
12	0
12	0
12	0
12	0
12	0
12	0
12	0
1	0
12	0
17	0
17	0
17	0
17	0
12	0
12	0
12	0
12	0
1	0
1	0
1	0
12	0
12	0
12	0
12	0
12	6
12	0
12	0
8	8
4	0
11	4
3	0
1	0
1	0
1	1
1	0
12	0
12	4
13	13
1	0
1	0
1	0
1	0
16	1
13	13
13	0
1	0
1	0
1	0
1	0
1	0
1	0
1	0
1	0
1	0
1	0
1	0
1	0
1	0
1	0
1	0
1	0
1	0
1	0
1	0
1	0
1	0
1	0
1	0
1	0
12	0
1	0
12	0
8	0
16	0
1	0
3	0
1	0
1	0
1	0
1	0
1	0
1	0
13	0
9	9
1	0
1	0
1	0
1	17
8	17
17	0
17	17
3	0
3	3
17	0
2	2
8	0
8	8
16	0
16	16
17	0
13	17
11	0
11	11
2	0
2	2
8	0
8	0
8	0
8	8
13	0
8	17
11	0
11	11
9	9
5	5
9	9
1	0
1	0
1	0
1	0
1	0
2	1
8	0
8	0
8	8
12	12
5	5
16	0
11	11
12	0
12	12
2	2
12	0
12	0
8	0
12	12
13	13
12	0
12	6
12	12
5	5
13	0
17	0
17	0
9	17
17	17
17	0
17	17
13	13
13	0
17	0
17	0
17	0
17	0
17	0
17	0
17	0
17	0
17	0
17	0
17	0
17	0
17	0
17	0
17	0
17	0
17	0
17	0
17	0
17	0
17	0
17	0
17	0
17	0
17	0
17	0
17	0
17	0
17	0
17	0
17	0
17	0
17	0
17	0
17	0
17	0
17	0
17	0
17	0
17	0
17	0
17	0
17	0
17	0
17	0
17	0
17	0
17	0
17	0
17	0
17	0
17	0
11	0
3	0
11	11
4	0
11	0
4	4
2	6
1	0
1	0
1	1
8	0
8	0
8	0
8	8
2	0
2	0
9	4
8	2
2	0
6	6
8	0
8	8
13	13
13	0
1	0
8	0
16	0
1	0
8	0
16	0
16	0
1	0
8	0
16	0
16	0
8	0
8	0
8	0
8	0
8	0
1	0
8	0
16	0
16	0
8	0
8	0
1	0
16	0
16	0
16	0
16	0
3	0
1	0
1	0
1	0
1	0
1	0
8	0
8	0
16	0
12	0
17	0
12	0
12	0
12	3
17	0
17	0
17	0
17	0
3	16
5	0
3	0
6	3
8	8
13	13
13	0
1	0
1	0
16	0
16	0
16	0
16	0
16	0
16	0
16	0
16	0
16	0
17	0
17	0
16	0
16	0
16	0
16	0
1	0
8	0
8	0
8	0
1	0
1	0
16	0
1	0
16	0
16	0
16	0
16	0
16	0
16	0
1	0
17	0
17	0
16	0
16	0
17	0
17	0
16	0
16	0
16	0
16	0
1	0
8	0
4	0
6	6
8	0
8	0
8	8
3	3
4	0
11	4
3	0
2	0
1	0
1	0
1	3
8	0
8	3
1	0
1	1
1	0
1	0
1	3
1	0
1	16
13	13
13	0
1	0
1	0
1	0
1	0
1	0
1	0
1	0
1	0
1	0
1	0
1	0
1	0
1	0
1	0
1	0
1	0
1	0
1	0
1	0
1	0
1	0
1	0
1	0
16	0
1	0
16	0
16	0
16	0
16	0
1	0
1	0
1	0
1	0
1	0
1	0
1	0
13	0
2	0
5	5
3	0
11	11
17	0
11	4
1	0
1	3
17	0
17	0
17	3
13	13
11	0
14	0
14	0
14	14
11	0
6	0
6	0
6	11
3	3
1	0
1	0
1	1
1	0
16	0
16	0
16	16
13	13
13	0
17	0
1	0
16	0
16	0
16	0
16	0
8	0
1	0
8	0
1	0
8	0
8	0
1	0
1	0
8	0
1	0
1	0
16	0
16	0
8	0
8	0
1	0
1	0
17	0
17	0
17	0
17	0
16	0
16	0
13	0
5	5
3	0
11	11
16	0
16	0
3	4
13	0
13	13
13	0
1	0
8	0
8	0
8	0
16	0
8	0
16	0
16	0
16	0
3	0
3	0
16	0
1	0
16	0
16	0
3	0
3	0
3	0
3	0
8	0
1	0
1	0
8	0
8	0
16	0
16	0
16	0
16	0
3	0
3	0
3	0
3	0
8	0
1	0
16	0
8	0
16	0
16	0
16	0
16	0
16	0
3	0
3	0
8	0
1	0
1	0
1	0
1	0
8	0
16	0
11	0
3	0
11	11
4	0
4	4
3	2
11	0
6	0
6	6
8	0
8	0
8	8
1	0
2	0
3	0
3	3
13	13
3	0
5	0
3	0
3	3
11	11
1	0
1	0
16	0
16	16
13	13
13	0
3	0
1	0
1	0
8	0
1	0
16	0
1	0
16	0
16	0
1	0
1	0
16	0
16	0
1	0
8	0
1	0
1	0
1	0
1	0
1	0
3	0
8	0
3	0
3	0
3	0
1	0
1	0
1	0
8	0
1	0
16	0
1	0
12	0
16	0
16	0
16	10
3	0
3	3
11	0
12	6
8	0
8	8
5	5
17	0
6	6
8	0
8	8
2	2
2	0
6	6
8	8
13	13
13	0
1	0
8	0
8	0
1	0
1	0
8	0
16	0
1	0
1	0
8	0
1	0
1	0
12	0
16	0
16	0
1	0
1	0
1	0
8	0
8	0
1	0
1	0
12	0
1	0
1	0
1	0
16	0
16	0
16	0
16	0
3	0
1	0
12	0
8	0
8	0
1	0
12	0
12	0
12	0
11	0
16	0
17	0
12	10
13	13
11	0
11	11
4	0
11	4
11	0
1	0
3	11
1	0
1	1
5	5
16	0
11	11
16	0
16	16
13	13
14	0
14	0
14	14
3	3
3	0
11	11
1	0
1	1
5	5
1	0
1	0
1	0
3	0
1	1
4	0
16	4
4	4
13	13
13	0
1	0
16	0
16	0
16	0
16	0
16	0
1	0
16	0
16	0
16	0
16	0
1	0
1	0
1	0
1	0
1	0
1	0
8	0
8	0
1	0
1	0
11	0
1	0
11	11
16	0
16	16
1	0
11	0
3	2
3	0
3	6
1	0
1	8
3	0
1	3
5	5
4	0
4	4
1	0
1	1
8	0
8	0
8	8
13	13
13	0
1	0
1	0
1	0
1	0
1	0
1	0
1	0
1	0
1	0
1	0
16	0
8	0
3	0
3	0
3	0
1	0
1	0
8	0
16	0
16	0
1	0
1	0
1	0
1	0
3	0
3	0
3	0
3	0
3	0
1	0
1	0
1	0
1	0
1	0
1	0
8	0
13	0
3	4
3	3
1	0
1	1
13	13
1	0
1	0
1	1
5	5
1	0
1	0
1	0
1	1
13	13
13	0
3	0
1	0
3	0
1	0
3	0
3	0
3	0
3	0
1	0
1	0
1	0
1	0
1	0
1	0
1	0
1	0
1	0
1	0
1	0
1	0
1	0
1	0
1	0
1	0
1	0
1	0
3	0
3	0
3	0
3	0
3	0
16	0
16	0
1	0
1	0
1	0
1	0
1	0
1	0
1	0
1	0
1	0
1	0
1	0
13	0
4	4
16	0
11	0
3	0
3	3
1	0
1	0
1	1
13	13
14	0
11	0
14	14
3	0
11	11
6	6
8	0
8	0
8	8
16	0
16	16
13	13
13	0
3	0
3	0
16	0
16	0
16	0
16	0
16	0
16	0
16	0
16	0
16	0
16	0
3	0
1	0
16	0
16	0
1	0
16	0
16	0
16	0
16	0
3	0
1	0
16	0
1	0
16	0
16	0
16	0
1	0
1	0
1	0
16	0
16	0
16	0
14	0
16	0
16	0
13	0
3	0
11	11
4	0
11	4
1	6
8	0
8	0
8	0
8	8
13	13
3	11
2	0
6	0
6	0
6	11
1	0
1	3
4	0
4	0
4	4
1	0
1	0
16	0
16	16
13	13
3	0
16	11
3	3
3	0
1	0
1	0
3	0
3	16
13	13
13	0
1	0
1	0
1	0
1	0
1	0
1	0
1	0
1	0
1	0
1	0
8	0
1	0
3	0
16	0
1	0
1	0
1	0
1	0
1	0
1	0
1	0
1	0
1	0
1	0
13	0
1	0
17	0
17	0
17	0
8	17
13	13
13	0
1	0
1	0
1	0
8	0
1	0
1	0
1	0
1	0
1	0
1	0
1	0
8	0
1	0
1	0
1	0
1	0
1	0
8	0
1	0
1	0
1	0
1	0
1	0
8	0
8	0
1	0
1	0
1	0
1	0
1	0
8	0
8	0
8	0
1	0
1	0
1	0
1	0
1	0
1	0
1	0
1	0
17	0
1	0
8	0
8	0
1	0
1	0
1	0
1	0
1	0
8	0
1	0
13	0
1	0
17	0
8	0
8	0
12	0
12	0
8	17
13	0
13	13
13	0
1	0
8	0
8	0
8	0
1	0
8	0
1	0
1	0
16	0
8	0
8	0
8	0
8	0
1	0
16	0
1	0
8	0
8	0
8	0
8	0
12	0
8	0
8	0
8	0
1	0
16	0
1	0
16	0
16	0
8	0
8	0
8	0
8	0
8	0
1	0
1	0
1	0
1	0
1	0
17	0
8	0
8	0
8	0
8	0
8	0
12	0
1	0
1	0
1	0
12	0
1	0
17	0
1	0
16	16
11	0
11	11
3	0
3	3
3	0
11	0
1	0
3	3
13	13
5	0
5	0
3	0
3	3
1	0
1	0
1	0
16	1
3	0
2	14
12	0
3	0
12	16
5	5
12	6
1	0
1	0
1	1
8	0
8	0
8	8
5	0
3	0
3	3
1	0
2	2
11	0
11	11
11	0
11	10
12	4
13	13
13	0
3	0
1	0
16	0
12	0
1	0
1	0
1	0
16	0
1	0
1	0
1	0
1	0
1	0
1	0
1	0
1	1
13	13
6	6
8	0
8	0
8	0
8	8
4	0
4	0
4	4
3	3
1	0
1	0
1	0
1	1
13	13
13	0
1	0
1	0
16	0
16	0
16	0
16	0
1	0
1	0
16	0
16	0
16	0
16	0
16	0
3	0
1	0
1	0
1	0
16	0
16	0
1	0
1	0
1	0
16	0
16	0
16	0
16	0
16	0
1	0
1	0
16	0
16	0
1	0
1	0
8	0
16	0
16	0
16	0
16	0
3	0
1	0
1	0
11	0
3	0
2	5
11	0
11	11
4	0
4	0
4	4
17	0
2	11
17	0
11	0
1	1
3	0
3	3
5	0
3	0
3	3
1	0
17	0
1	16
13	13
13	0
1	0
16	0
1	0
1	0
16	0
8	0
8	0
16	0
8	0
8	0
8	0
1	0
1	0
1	0
1	0
1	0
1	0
16	0
16	0
1	0
16	0
8	0
1	0
16	0
1	0
1	0
8	0
16	0
1	0
3	0
16	0
8	0
1	0
8	0
8	0
8	0
1	0
12	0
1	0
11	0
11	11
4	0
4	0
4	4
2	0
11	0
1	1
3	3
17	0
17	2
12	0
12	0
12	0
12	12
12	0
12	16
5	5
16	0
11	11
16	0
16	0
16	0
16	16
3	0
3	0
1	0
1	1
3	0
3	0
3	3
1	0
2	0
3	0
1	0
1	0
1	2
5	0
3	0
3	3
2	0
3	10
13	13
2	2
12	0
1	1
5	5
6	0
1	1
8	0
8	0
8	8
2	2
12	0
12	12
13	13
13	0
16	0
12	0
1	2
17	6
1	0
1	0
1	1
8	0
8	0
8	8
4	0
16	4
2	3
2	2
12	12
12	0
12	4
13	13
13	0
1	0
8	0
12	0
12	0
12	0
8	0
1	0
1	0
1	0
8	0
16	0
16	0
1	0
8	0
1	0
12	0
12	0
12	0
8	0
1	0
8	0
1	0
12	0
12	0
12	0
8	0
12	0
1	0
1	0
16	0
8	0
1	0
1	0
1	0
8	0
16	0
16	0
16	0
3	0
8	0
12	0
12	0
11	0
4	0
4	4
8	0
8	0
8	8
3	2
8	0
8	12
16	0
16	0
16	16
13	13
13	0
8	0
8	0
8	0
16	0
8	0
1	0
1	0
8	0
8	0
1	0
8	0
8	0
16	0
1	0
1	0
8	0
8	0
16	0
16	0
16	0
3	0
1	0
1	0
16	0
16	0
16	0
1	0
1	0
8	0
8	0
16	0
8	0
3	0
3	0
1	0
1	0
8	0
8	0
1	0
1	0
8	0
8	0
16	0
16	0
16	0
3	0
16	0
11	0
11	11
1	0
16	4
3	0
3	3
1	0
1	0
1	1
1	0
3	4
13	13
13	0
1	0
1	0
1	0
1	0
16	0
1	0
16	0
16	0
1	0
16	0
1	0
16	0
16	0
16	0
1	0
1	0
1	0
1	0
1	0
1	0
1	0
1	0
1	0
1	0
1	0
16	0
1	0
1	0
1	0
1	0
1	0
1	0
16	0
16	0
16	0
16	0
16	0
16	0
1	0
1	0
1	0
1	0
1	0
1	0
1	0
1	0
13	0
4	0
4	4
8	0
8	0
8	0
8	0
8	0
8	8
1	0
1	0
1	0
1	0
16	16
2	2
8	0
8	0
8	8
2	2
2	6
1	0
1	0
1	1
8	8
13	13
13	0
3	0
8	0
1	0
16	0
16	0
1	0
16	0
8	0
1	0
1	0
8	0
16	0
8	0
16	0
8	0
1	0
1	0
1	0
8	0
16	0
8	0
1	0
1	0
1	0
1	0
8	0
8	0
16	0
16	0
1	0
1	0
1	0
16	0
1	0
12	0
1	0
11	11
16	0
16	0
16	0
16	0
16	16
3	0
12	0
1	0
12	0
12	3
12	0
12	6
12	0
8	8
2	2
8	0
8	12
13	13
13	0
1	0
3	0
1	0
1	0
8	0
1	0
3	0
3	0
1	0
1	0
1	0
12	0
1	0
12	0
12	0
3	0
1	0
8	0
8	0
1	0
1	0
1	0
1	0
1	0
8	0
1	0
3	0
3	0
16	0
16	0
3	0
3	0
3	0
1	0
1	0
1	0
12	0
12	0
13	0
13	13
6	17
1	0
1	0
8	0
8	0
8	17
8	0
12	0
12	0
12	17
13	13
13	13
13	0
8	0
1	0
8	0
16	0
8	0
8	0
8	0
16	0
1	0
16	0
1	0
16	0
16	0
16	0
16	0
1	0
16	0
16	0
16	0
8	0
1	0
8	0
1	0
16	0
1	0
16	0
16	0
16	0
16	0
16	0
16	0
16	0
1	0
1	0
1	0
1	0
16	0
16	0
16	0
16	0
16	0
16	0
16	0
16	0
8	0
17	0
1	0
1	1
17	0
11	11
4	0
4	4
17	0
1	0
17	10
1	6
8	0
8	0
8	8
13	13
5	0
5	5
3	11
1	0
16	0
17	16
1	0
1	3
17	0
17	0
12	1
17	0
17	10
13	13
13	0
1	0
1	0
17	0
8	0
1	0
1	0
1	0
1	0
1	0
17	0
1	0
1	0
17	0
1	0
17	0
17	0
17	0
17	0
8	0
8	0
1	0
1	0
3	0
1	0
1	0
1	0
1	0
1	0
8	0
1	0
12	0
17	0
17	3
17	0
17	0
17	16
17	0
16	16
5	5
1	0
2	2
8	0
8	8
16	0
17	0
11	0
16	16
6	6
8	0
8	8
17	0
2	2
8	0
8	8
1	0
1	0
1	0
1	1
5	5
4	0
4	4
11	0
11	0
3	3
2	2
12	12
5	6
17	0
12	0
12	17
16	0
16	0
16	16
13	13
3	0
3	11
3	0
2	2
8	0
8	0
8	0
8	0
8	8
16	0
16	0
16	16
13	13
13	0
1	0
16	0
12	0
5	5
3	0
14	2
1	0
1	1
9	0
9	8
1	0
12	0
12	16
1	0
3	3
3	0
2	2
6	6
9	0
1	1
1	0
1	0
1	1
8	0
8	8
13	13
3	0
3	11
16	0
17	0
3	0
3	3
13	13
14	0
5	0
3	0
3	3
1	0
1	0
1	0
16	16
4	0
4	4
13	13
13	13
12	0
12	17
12	13
16	0
17	0
16	16
13	13
13	13
13	0
17	0
1	0
1	0
1	0
8	0
1	0
1	0
1	0
12	0
1	0
17	0
12	0
16	16
11	0
11	11
3	0
3	0
3	0
3	0
1	0
1	2
2	0
2	2
12	6
8	8
13	13
12	6
1	0
6	0
17	0
1	0
1	1
8	0
8	0
8	8
5	5
11	0
11	6
12	0
12	8
13	13
11	0
12	6
1	0
1	0
1	1
8	0
8	8
5	5
11	0
11	6
16	0
1	0
16	1
8	0
8	0
12	8
13	0
13	17
11	0
12	11
2	3
1	0
12	0
8	1
3	0
2	2
13	0
13	0
14	0
11	11
16	0
3	16
3	3
5	6
8	0
12	0
12	0
8	8
3	0
3	3
3	0
1	0
1	0
1	0
1	0
1	0
16	0
16	16
13	13
1	0
12	11
17	0
17	4
17	0
12	6
16	0
16	0
16	8
3	0
2	14
2	0
11	11
1	0
1	0
1	0
1	0
1	0
1	16
5	5
16	0
16	16
13	13
14	0
1	11
16	0
2	11
11	0
11	4
13	13
11	11
3	11
1	16
2	0
2	2
8	0
8	8
13	0
11	0
4	0
4	4
6	6
8	0
8	0
8	8
3	3
13	13
3	3
13	13
3	3
1	0
1	0
1	0
16	16
13	13
13	0
3	0
16	0
1	0
16	0
16	0
1	0
1	0
16	0
3	0
16	0
16	0
16	0
1	0
1	0
1	0
1	0
1	0
1	0
16	0
1	0
1	0
1	0
16	0
1	0
16	0
16	0
16	0
3	0
3	0
16	0
3	0
3	0
1	0
8	0
16	0
16	0
1	0
1	0
3	0
1	0
1	0
1	0
13	0
16	0
12	16
16	0
11	0
11	11
1	0
16	0
16	0
3	3
3	0
2	2
3	0
6	0
6	11
3	2
1	0
1	6
1	0
1	1
1	0
2	2
8	0
8	8
16	0
2	16
13	13
3	3
4	0
1	4
17	0
2	11
3	0
3	0
3	3
1	0
11	0
1	1
13	0
13	13
13	0
16	0
1	0
8	0
8	0
16	0
8	0
16	0
16	0
16	0
16	0
16	0
1	0
1	0
1	0
1	0
3	0
1	0
1	0
8	0
17	0
17	0
17	6
12	0
12	12
17	17
17	0
17	17
13	13
13	0
17	0
17	0
17	0
17	0
17	0
17	0
17	0
17	0
17	0
17	0
17	0
17	0
17	0
17	0
17	0
17	0
17	0
17	0
17	0
17	0
17	0
17	0
17	0
17	0
17	0
17	0
17	0
17	0
17	0
17	0
17	0
17	0
17	0
17	0
17	0
17	0
17	0
17	0
17	0
17	0
17	0
17	0
17	0
17	0
17	0
17	0
17	0
17	0
17	0
17	0
17	0
17	17
17	0
17	0
17	0
17	0
17	17
13	13
17	17
17	0
17	17
17	0
17	17
17	0
17	11
17	4
17	0
17	16
13	13
13	0
17	0
17	0
17	0
17	0
17	0
17	0
17	0
17	0
17	0
17	0
17	0
17	0
17	0
17	0
17	0
17	0
17	0
17	0
17	0
17	0
17	0
17	0
17	0
17	0
17	0
17	0
17	0
17	0
17	0
17	0
17	0
17	0
17	0
17	0
17	0
17	0
17	0
17	0
17	0
17	0
13	0
14	0
11	11
3	0
1	0
17	0
3	16
16	0
16	3
3	0
1	0
3	3
17	0
17	0
17	10
13	0
6	0
11	14
1	0
1	0
1	0
1	0
1	0
1	1
4	4
4	0
12	0
12	0
12	16
2	2
12	12
12	6
8	0
8	0
8	8
12	0
1	0
16	0
16	0
16	16
13	13
16	0
12	7
8	0
8	8
13	13
13	0
16	0
16	0
1	0
1	0
1	0
16	0
17	0
1	0
1	0
1	0
1	0
3	0
17	0
12	0
12	0
12	0
12	7
13	13
11	0
11	11
4	0
11	4
1	0
1	0
1	0
1	1
5	5
8	0
8	8
16	0
16	16
13	13
2	0
5	5
1	0
1	0
1	3
13	13
13	0
16	0
16	0
16	0
1	0
1	0
1	0
1	0
1	0
1	0
1	0
1	0
1	0
16	0
16	0
16	0
16	0
1	0
1	0
1	0
16	0
16	0
1	0
12	0
16	0
16	0
16	0
16	0
1	0
1	0
1	0
1	0
1	0
1	0
1	0
12	0
1	6
8	0
8	0
8	8
4	0
11	4
16	2
17	0
11	11
17	0
17	0
3	0
3	3
1	0
1	0
3	0
17	0
17	0
1	1
12	0
12	0
12	4
13	13
11	4
3	0
3	0
1	0
1	3
1	0
11	6
1	6
1	0
1	1
8	0
8	8
3	0
3	0
3	3
1	0
1	0
16	0
16	16
5	0
3	0
3	11
14	0
11	0
11	11
1	0
3	0
3	3
3	0
3	0
3	3
2	2
11	0
12	0
12	1
13	0
12	0
8	0
8	3
4	0
4	0
14	4
11	11
2	3
3	0
3	0
1	0
1	3
1	0
1	0
1	0
1	0
1	1
1	0
1	0
1	0
1	0
1	0
16	0
16	16
4	0
11	14
2	2
8	0
8	0
8	8
5	5
8	0
8	0
8	0
8	8
1	0
2	0
16	16
4	4
13	13
13	0
1	0
1	0
1	0
8	0
8	0
3	0
1	0
8	0
8	0
16	0
3	0
1	0
1	0
1	0
1	0
1	0
1	0
1	0
1	0
12	0
3	0
5	5
16	0
11	11
3	0
9	4
1	0
3	0
3	0
1	0
3	3
1	0
1	0
1	0
1	0
1	0
1	1
8	0
16	0
16	0
8	16
16	0
2	0
4	2
8	0
8	8
2	0
2	2
8	0
8	0
8	8
2	0
2	2
8	8
2	0
2	2
11	0
11	11
1	0
1	0
1	0
1	0
1	16
5	5
4	4
17	0
17	0
17	10
1	0
1	0
1	3
17	0
1	0
1	0
1	16
1	0
1	0
1	16
13	0
12	0
5	5
3	0
11	0
16	0
16	0
3	0
16	3
1	0
12	0
12	16
2	2
12	0
12	0
12	12
13	13
11	0
11	11
11	0
11	4
2	0
11	0
11	0
6	3
12	0
12	0
12	1
5	5
11	0
11	11
16	0
11	0
16	0
16	0
16	16
3	3
11	0
11	10
5	5
3	0
1	0
1	0
16	0
3	16
5	6
8	0
8	0
8	0
8	0
8	0
8	0
8	8
13	13
17	0
12	7
13	13
13	0
1	0
12	0
12	0
12	0
3	0
5	5
16	0
11	11
4	0
11	4
3	0
3	0
3	3
16	1
13	0
13	17
12	0
12	0
12	7
13	13
14	0
11	11
16	0
1	16
1	6
8	0
8	0
8	8
2	0
6	0
6	2
1	0
1	1
8	0
8	0
8	0
8	0
8	0
8	0
8	8
5	0
16	5
3	0
3	0
1	0
1	0
3	3
1	0
1	1
8	0
8	0
8	8
13	13
2	2
11	0
11	11
3	0
3	16
3	0
3	3
17	6
12	0
13	0
17	0
12	6
12	0
8	8
4	0
4	0
4	4
1	0
1	0
1	1
2	0
6	0
6	2
8	0
8	0
8	0
8	0
8	8
2	0
16	0
16	0
16	0
16	16
13	13
3	4
17	0
2	3
2	0
3	3
17	0
17	3
17	0
17	0
17	10
17	0
11	0
1	1
3	11
17	0
17	0
11	11
17	0
17	4
13	13
13	0
1	0
17	0
1	0
1	0
8	0
3	0
3	0
1	0
1	0
1	0
1	0
1	0
1	0
1	0
1	0
12	0
12	0
11	11
1	0
1	0
1	0
1	16
17	0
3	11
17	0
17	6
1	0
1	1
13	13
13	0
1	0
1	0
1	0
1	0
16	0
1	0
17	0
1	0
1	0
1	0
1	0
16	0
17	0
17	0
17	0
12	0
1	0
1	0
1	0
1	0
1	0
1	0
1	0
1	0
1	0
17	0
17	0
17	0
12	0
1	0
16	0
16	0
12	0
16	0
16	0
1	0
16	0
17	0
17	0
17	0
17	0
1	0
1	0
1	0
1	0
12	0
3	4
2	2
3	0
6	0
3	0
3	3
3	0
3	3
1	0
2	0
1	0
3	3
3	0
12	0
12	16
11	11
12	6
17	0
8	0
8	0
8	8
2	2
12	0
12	0
12	12
2	0
16	0
16	0
16	0
16	16
13	13
11	0
16	0
16	3
1	0
1	2
1	0
1	0
1	0
1	1
8	0
8	0
8	8
13	13
16	0
11	11
11	0
11	4
5	5
3	3
1	6
8	0
8	0
8	0
8	8
13	13
5	5
6	6
13	0
13	0
14	0
11	11
16	0
16	16
17	0
6	0
3	3
8	0
8	8
3	0
3	0
3	3
1	0
17	0
17	0
17	0
1	1
4	0
4	4
3	11
17	0
12	6
1	0
1	0
8	0
8	8
4	0
11	0
4	4
1	0
2	0
1	0
1	0
1	1
1	0
16	16
13	13
17	0
2	2
8	0
8	8
2	2
13	13
13	0
8	0
16	0
16	0
1	0
1	0
1	0
1	0
1	0
16	0
1	0
1	0
1	0
1	0
1	0
1	0
13	0
1	0
12	0
12	0
1	7
16	0
11	6
8	8
12	6
8	8
13	13
6	6
1	0
1	1
12	0
12	0
8	12
1	0
1	0
1	0
16	0
16	16
2	2
12	0
1	0
1	0
1	0
1	0
1	7
8	0
8	0
8	8
2	0
2	2
12	0
8	0
8	8
13	13
6	6
1	1
12	0
12	0
12	12
13	13
13	0
1	0
1	0
1	0
1	0
16	0
16	0
1	0
1	0
1	0
8	0
1	0
16	0
1	0
1	0
1	0
13	0
13	13
3	7
13	13
6	0
6	11
17	0
17	4
16	0
1	2
17	6
8	0
8	8
13	13
13	0
13	0
1	0
1	0
16	0
16	0
16	0
1	0
1	0
16	0
16	0
8	0
16	0
16	0
16	0
16	0
16	0
16	0
8	0
8	0
16	0
1	0
1	0
1	0
8	0
16	0
16	0
16	0
1	0
16	0
16	0
1	0
1	0
13	0
1	0
16	0
16	0
16	0
16	0
16	0
16	0
16	0
1	0
8	0
8	0
1	0
13	0
16	0
11	11
16	0
16	0
16	16
17	0
17	11
3	0
6	0
3	0
3	3
1	0
3	3
13	0
13	17
17	0
12	7
3	7
13	13
2	3
17	0
17	2
17	6
17	6
17	0
17	0
1	0
1	0
17	0
1	0
1	0
1	0
1	1
8	0
8	0
8	8
13	13
1	0
1	3
4	0
4	0
17	4
2	3
2	6
12	0
8	8
5	5
4	16
17	3
17	2
1	0
1	1
17	0
8	8
1	0
17	0
1	0
1	0
13	0
12	0
12	0
12	6
12	8
4	0
11	4
3	3
5	5
1	0
3	0
1	0
1	0
1	0
1	0
1	0
1	0
3	0
1	3
3	0
3	3
2	2
8	8
1	0
1	0
1	1
13	13
13	0
8	0
1	0
8	0
1	0
1	0
1	0
1	0
1	0
1	0
1	0
1	0
1	0
1	0
1	0
1	0
8	0
1	0
1	0
1	0
1	0
12	0
12	0
12	0
12	0
1	0
1	0
1	0
1	0
1	0
1	0
1	0
1	0
1	0
3	0
2	3
1	0
1	0
1	0
1	0
1	0
1	0
1	0
1	0
3	0
1	0
8	3
4	0
4	4
12	0
12	6
12	0
8	0
8	8
3	3
1	0
1	3
1	0
1	0
1	0
1	0
1	0
1	1
13	13
13	0
1	0
8	0
8	0
8	0
1	0
1	0
12	0
1	0
1	0
8	0
1	0
1	0
1	0
12	0
1	0
3	0
1	0
1	0
1	0
1	0
1	0
1	0
1	0
1	0
1	0
1	0
8	0
8	0
8	0
13	0
11	0
11	11
16	0
16	0
16	16
16	0
2	0
3	0
3	3
3	0
3	0
3	1
1	0
2	0
1	0
1	0
1	0
1	3
1	0
1	1
13	13
1	0
1	0
1	0
1	1
13	0
14	0
14	0
14	14
8	0
8	0
8	8
1	2
8	0
8	0
8	0
8	8
16	0
16	0
16	4
5	5
1	6
8	0
8	0
8	8
5	6
1	0
1	1
8	0
8	8
17	0
12	2
8	0
8	0
8	8
16	0
16	0
1	0
13	0
12	0
3	0
5	5
14	0
11	11
1	6
8	0
8	8
2	0
2	2
8	0
8	0
8	8
16	0
16	0
16	16
5	5
14	0
11	11
17	0
12	6
12	0
12	0
8	0
8	8
2	2
2	0
11	0
6	6
1	1
8	0
8	0
8	8
12	0
17	6
2	0
2	2
1	0
1	0
1	1
17	0
12	8
1	0
1	0
1	0
1	0
1	0
1	1
1	0
8	0
12	8
12	0
1	0
12	0
1	0
16	0
16	16
13	13
13	0
3	0
13	0
17	0
17	0
17	17
17	17
17	0
17	0
17	0
17	17
13	13
13	0
17	0
17	0
17	0
17	0
17	0
17	0
17	0
17	0
17	0
17	0
17	0
17	0
17	0
17	0
17	0
17	0
17	0
17	0
17	0
17	0
17	0
17	0
17	0
17	0
17	0
17	0
17	0
17	0
17	0
17	0
17	0
17	0
17	0
17	0
17	0
17	0
17	0
17	0
17	0
17	0
17	0
17	0
17	0
17	0
17	0
17	0
17	0
17	0
17	0
12	0
6	0
6	6
12	0
8	0
8	0
8	0
8	8
2	2
12	0
12	0
12	12
4	0
4	4
1	0
3	0
1	0
3	3
8	0
8	0
8	8
13	13
13	0
1	0
1	0
1	0
1	0
1	0
1	0
8	0
1	0
8	0
1	0
16	0
1	0
1	0
12	0
1	0
1	0
1	0
1	0
1	0
1	0
1	0
1	0
1	0
1	0
1	0
1	0
12	0
1	0
1	0
1	0
16	0
16	0
1	0
3	0
16	0
16	0
1	0
11	0
8	0
8	0
2	16
3	0
11	11
13	13
13	0
1	0
16	0
1	0
1	0
16	0
1	0
1	0
16	0
16	0
16	0
1	0
1	0
1	0
1	0
1	0
16	0
16	0
1	0
16	0
1	0
1	0
1	0
16	0
1	0
1	0
1	0
1	0
16	0
16	0
16	0
1	0
16	0
1	0
1	0
1	0
1	0
16	0
16	0
1	0
16	0
16	0
16	0
16	0
1	0
1	0
1	0
1	0
16	0
16	0
1	0
1	0
1	0
1	0
11	0
11	11
3	0
1	4
3	3
16	0
4	0
4	10
1	0
11	0
1	1
13	13
13	0
1	0
1	0
16	0
16	0
1	0
3	0
16	0
16	0
16	0
1	0
16	0
16	0
16	0
16	0
16	0
16	0
1	0
1	0
1	0
16	0
1	0
1	0
1	0
1	0
16	0
1	0
16	0
16	0
16	0
16	0
1	0
16	0
16	0
16	0
16	0
16	0
16	0
16	0
16	0
16	0
1	0
1	0
1	0
1	0
1	0
1	0
12	0
6	2
8	8
16	0
16	0
16	4
3	0
1	3
11	0
6	0
6	11
8	0
8	0
12	0
12	0
8	16
13	13
13	0
1	0
1	0
1	0
16	0
8	0
8	0
8	0
16	0
16	0
16	0
3	0
3	0
3	0
8	0
8	0
8	0
8	0
8	0
8	0
8	0
8	0
1	0
16	0
1	0
16	0
8	0
8	0
1	0
1	0
1	0
8	0
16	0
16	0
16	0
3	0
1	0
3	0
8	0
8	0
8	0
8	0
8	0
13	0
12	0
12	17
13	13
13	0
1	0
1	0
1	0
8	0
16	0
1	0
1	0
1	0
1	0
1	0
16	0
1	0
1	0
1	0
1	0
1	0
1	0
8	0
16	0
1	0
1	0
1	0
1	0
8	0
16	0
1	0
1	0
1	0
1	0
1	0
8	0
16	0
1	0
1	0
1	0
1	0
1	0
1	0
8	0
16	0
1	0
1	0
1	0
8	0
16	0
1	0
1	0
1	0
1	0
8	0
16	0
1	0
1	0
1	0
1	0
13	0
12	0
12	17
13	13
13	0
1	0
1	0
1	0
8	0
16	0
1	0
1	0
1	0
1	0
1	0
16	0
1	0
1	0
1	0
1	0
1	0
1	0
8	0
16	0
1	0
1	0
1	0
1	0
8	0
16	0
1	0
1	0
1	0
1	0
1	0
8	0
16	0
1	0
1	0
1	0
1	0
1	0
1	0
8	0
16	0
1	0
1	0
1	0
8	0
16	0
1	0
1	0
1	0
1	0
8	0
16	0
1	0
1	0
1	0
1	0
13	0
17	0
12	0
12	17
17	0
17	0
17	0
17	0
17	17
17	0
17	0
17	0
17	0
17	0
17	17
1	0
1	0
1	0
1	17
13	0
13	0
13	13
13	0
12	0
17	0
17	0
17	0
17	0
8	0
17	0
1	0
1	0
17	0
17	0
1	0
1	0
1	0
1	0
1	0
12	0
12	0
8	0
12	0
12	0
1	0
1	0
12	0
17	0
12	0
16	0
17	0
17	0
17	0
16	0
1	0
1	0
1	0
1	0
17	0
1	0
12	0
5	0
5	5
3	0
11	11
11	0
11	4
1	10
8	0
8	0
8	8
13	13
13	0
1	0
1	0
16	0
8	0
1	0
3	0
1	0
1	0
1	0
16	0
16	0
8	0
8	0
8	0
1	0
1	0
1	0
1	0
1	0
1	0
1	0
1	0
16	0
16	0
1	0
1	0
3	0
1	0
1	0
1	0
1	0
1	0
8	0
16	0
16	0
16	0
16	0
8	0
8	0
1	0
1	0
1	0
1	0
1	0
1	0
1	0
1	0
12	0
13	13
1	1
17	0
11	4
17	0
12	6
12	0
12	0
12	12
3	0
3	3
1	0
3	11
1	0
1	1
1	0
1	16
13	13
1	6
6	6
8	0
8	0
8	0
8	0
8	8
3	0
2	0
2	0
2	16
2	0
11	6
8	0
8	0
8	8
16	0
16	0
16	0
16	16
13	13
8	0
5	0
8	3
1	0
1	0
3	0
1	0
1	1
4	0
11	4
6	6
1	0
1	0
1	0
1	1
13	13
17	7
17	0
4	0
13	0
11	0
11	11
16	0
16	16
2	0
6	6
12	0
12	0
12	0
8	8
3	0
3	11
5	0
11	0
4	10
3	0
3	0
3	1
17	0
17	16
17	0
3	0
17	16
13	13
13	0
1	0
1	0
1	0
16	0
16	0
16	0
16	0
1	0
16	0
16	0
16	0
16	0
1	0
1	0
1	0
1	0
1	0
1	0
16	0
16	0
1	0
1	0
16	0
16	0
16	0
16	0
1	0
8	0
8	0
16	0
3	0
3	0
1	0
16	0
16	0
11	0
13	0
11	0
14	0
11	14
1	0
1	0
16	0
16	0
16	16
1	0
1	0
17	16
17	0
11	0
3	3
4	0
4	4
1	11
1	1
13	13
13	0
1	0
1	0
1	0
1	0
1	0
1	0
1	0
1	0
1	0
1	0
1	0
1	0
1	0
1	0
1	0
1	0
8	0
1	0
1	0
1	0
1	0
1	0
1	0
1	0
1	0
1	0
8	0
8	0
8	0
8	0
1	0
1	0
1	0
1	0
1	0
1	0
16	0
1	0
16	0
8	0
5	5
1	6
8	0
8	8
3	3
13	13
13	0
1	0
1	0
16	0
16	0
16	0
16	0
16	0
16	0
16	0
16	0
16	0
16	0
16	0
16	0
16	0
1	0
16	0
16	0
16	0
16	0
16	0
1	0
16	0
16	0
16	0
1	0
16	0
16	0
1	0
16	0
16	0
16	0
16	0
1	0
1	0
1	0
16	0
16	0
1	0
16	0
16	0
1	0
16	0
16	0
16	0
1	0
1	0
1	0
16	0
16	0
16	0
8	0
2	0
2	2
1	0
1	1
8	0
8	0
8	8
4	0
4	0
12	4
12	0
6	6
12	0
12	0
8	0
8	0
8	8
16	0
4	0
1	0
4	16
3	0
1	0
1	0
16	0
16	0
16	0
16	0
16	16
13	13
13	0
1	0
12	0
1	0
8	0
8	0
8	0
8	0
16	0
16	0
16	0
8	0
1	0
1	0
16	0
16	0
8	0
8	0
8	0
1	0
1	0
8	0
8	0
8	0
8	0
8	0
1	0
12	0
12	0
13	0
8	0
8	0
8	0
8	0
8	16
3	3
13	13
13	0
1	0
1	0
8	0
1	0
1	0
1	0
1	0
16	0
16	0
16	0
16	0
8	0
1	0
1	0
1	0
16	0
16	0
16	0
16	0
1	0
1	0
16	0
1	0
1	0
1	0
1	0
1	0
16	0
16	0
16	0
16	0
16	0
1	0
1	0
1	0
1	0
1	0
16	0
1	0
16	0
16	0
16	0
16	0
8	0
1	0
1	0
1	0
1	0
16	0
16	0
1	0
13	0
8	0
12	7
13	13
13	0
1	0
1	0
8	0
8	0
8	0
1	0
1	0
1	0
1	0
8	0
8	0
8	0
1	0
1	0
1	0
1	0
8	0
8	0
8	0
1	0
1	0
1	0
8	0
8	0
8	0
8	0
1	0
1	0
1	0
1	0
8	0
8	0
1	0
1	0
1	0
1	0
1	0
8	0
8	0
8	0
1	0
1	0
1	0
8	0
8	0
1	0
1	0
1	0
1	0
8	0
16	0
1	0
1	0
1	0
1	0
12	0
12	0
12	17
13	13
13	0
1	0
1	0
1	0
8	0
8	0
1	0
1	0
1	0
12	0
12	0
12	0
8	0
1	0
1	0
1	0
1	0
8	0
8	0
8	0
8	0
1	0
1	0
1	0
12	0
8	0
8	0
1	0
1	0
1	0
12	0
12	0
8	0
8	0
1	0
1	0
1	0
1	0
8	0
8	0
8	0
1	0
1	0
12	0
12	0
8	0
8	0
1	0
1	0
1	0
8	0
8	0
1	0
1	0
1	0
12	0
13	0
12	0
12	0
12	0
12	7
13	13
13	0
8	0
12	0
8	0
8	0
8	0
1	0
12	0
12	0
12	0
12	0
12	0
8	0
8	0
12	0
12	0
12	0
12	0
12	0
8	0
8	0
8	0
12	0
12	0
8	0
8	0
1	0
1	0
12	0
12	0
12	0
8	0
8	0
8	0
8	0
1	0
12	0
12	0
12	0
8	0
1	0
12	0
12	0
12	0
12	0
8	0
8	0
12	0
12	0
8	0
8	0
8	0
1	0
12	0
13	0
12	0
12	17
8	0
8	0
12	17
13	13
13	0
1	0
1	0
8	0
8	0
16	0
1	0
1	0
1	0
8	0
8	0
16	0
16	0
1	0
1	0
1	0
1	0
8	0
16	0
8	0
8	0
1	0
1	0
8	0
8	0
16	0
1	0
1	0
1	0
1	0
8	0
16	0
16	0
8	0
1	0
1	0
1	0
8	0
8	0
16	0
8	0
1	0
1	0
8	0
16	0
8	0
1	0
1	0
1	0
8	0
16	0
16	0
1	0
13	0
12	0
12	0
12	0
12	0
12	0
12	7
13	13
13	0
8	0
8	0
8	0
8	0
8	0
12	0
12	0
12	0
12	0
12	0
12	0
8	0
8	0
12	0
12	0
12	0
12	0
12	0
16	0
8	0
8	0
8	0
8	0
8	0
8	0
1	0
12	0
12	0
12	0
12	0
12	0
8	0
8	0
8	0
8	0
8	0
1	0
1	0
12	0
12	0
12	0
12	0
12	0
16	0
8	0
8	0
8	0
8	0
1	0
1	0
1	0
13	0
17	17
17	17
17	17
17	0
17	17
13	13
17	0
17	0
17	17
17	0
17	17
17	0
17	17
17	17
17	17
13	13
13	0
17	0
17	0
17	0
17	0
17	0
17	0
17	0
17	0
17	0
17	0
17	0
17	0
17	0
17	0
17	0
17	0
17	0
17	0
17	0
17	0
17	0
17	0
17	0
17	0
17	0
17	0
17	0
13	0
17	0
17	0
17	0
17	0
17	0
17	0
17	0
17	0
17	0
17	0
17	0
17	0
17	0
17	0
13	0
13	13
12	0
17	0
16	0
16	8
4	0
11	4
2	6
8	0
1	0
8	0
8	0
8	0
8	0
8	0
8	8
13	13
5	0
3	3
1	0
1	7
13	13
11	0
11	11
1	0
1	0
1	0
1	16
1	0
3	3
17	0
2	0
17	2
8	0
8	8
3	0
3	14
17	0
12	11
16	0
12	0
16	0
16	0
16	16
13	13
13	0
3	0
3	0
1	0
16	0
16	0
1	0
1	0
1	0
1	0
1	0
1	0
1	0
8	0
13	0
13	13
12	0
12	0
12	7
13	13
13	0
8	0
8	0
8	0
8	0
8	0
1	0
1	0
1	0
8	0
8	0
12	0
8	0
8	0
1	0
1	0
8	0
8	0
8	0
8	0
8	0
8	0
1	0
8	0
8	0
8	0
8	0
8	0
1	0
1	0
12	0
8	0
8	0
8	0
1	0
1	0
1	0
8	0
8	0
8	0
8	0
1	0
12	0
12	0
12	0
8	0
8	0
1	0
8	0
8	0
8	0
8	0
8	0
1	0
13	0
17	0
17	0
17	17
17	0
17	0
17	17
17	17
17	17
13	13
13	0
17	0
17	0
17	0
17	0
17	0
17	0
17	0
17	0
17	0
17	0
17	0
17	0
17	0
17	0
17	0
17	0
17	0
17	0
17	0
17	0
17	0
17	0
17	0
17	0
17	0
17	0
17	0
17	0
17	0
17	0
17	0
17	0
17	0
17	0
17	0
17	0
17	0
17	0
17	0
17	0
17	0
17	0
17	0
17	0
17	0
17	0
17	0
17	0
17	0
13	0
12	0
12	0
12	0
12	0
12	0
12	7
13	13
13	0
8	0
8	0
8	0
8	0
8	0
12	0
8	0
12	0
12	0
12	0
8	0
8	0
8	0
12	0
8	0
12	0
8	0
12	0
8	0
8	0
8	0
8	0
8	0
8	0
8	0
1	0
12	0
12	0
12	0
12	0
12	0
8	0
8	0
8	0
8	0
8	0
12	0
12	0
12	0
12	0
12	0
12	0
12	0
8	0
8	0
8	0
8	0
8	0
12	0
8	0
12	0
13	0
12	0
12	17
12	0
12	17
13	13
13	0
17	0
17	0
12	0
12	0
16	0
17	0
12	0
12	0
12	0
12	0
12	0
12	0
17	0
17	0
12	0
12	0
12	0
12	0
12	0
12	0
12	0
12	0
12	0
12	0
16	0
12	0
1	0
12	0
12	0
12	0
12	0
16	0
12	0
1	0
1	0
12	0
12	0
12	0
12	0
12	0
12	0
12	0
12	0
12	0
12	0
12	0
17	0
17	0
12	0
12	0
12	0
17	0
12	0
13	0
12	0
12	0
12	0
12	0
12	0
12	0
12	7
13	13
13	0
8	0
1	0
8	0
8	0
8	0
1	0
12	0
12	0
12	0
12	0
8	0
8	0
8	0
1	0
12	0
12	0
12	0
1	0
8	0
8	0
8	0
8	0
1	0
8	0
8	0
12	0
12	0
12	0
12	0
12	0
12	0
8	0
8	0
8	0
1	0
12	0
1	0
1	0
12	0
12	0
12	0
12	0
12	0
16	0
8	0
8	0
1	0
1	0
1	0
1	0
13	0
12	0
12	0
12	17
12	0
12	17
13	13
12	0
12	0
12	0
12	0
12	17
13	13
12	0
12	0
17	0
12	17
12	0
12	0
12	17
13	13
13	0
8	0
8	0
16	0
8	0
16	0
16	0
16	0
12	0
12	0
8	0
8	0
8	0
1	0
12	0
12	0
1	0
17	0
16	0
8	0
8	0
8	0
16	0
1	0
16	0
16	0
16	0
12	0
12	0
12	0
12	0
1	0
12	0
12	0
12	0
12	0
12	0
1	0
1	0
13	0
12	0
12	0
12	17
13	13
13	0
1	0
1	0
1	0
12	0
1	0
1	0
1	0
1	0
1	0
12	0
12	0
12	0
1	0
1	0
1	0
1	0
1	0
12	0
1	0
1	0
1	0
1	0
1	0
12	0
1	0
1	0
1	0
1	0
1	0
1	0
12	0
1	0
1	0
1	0
1	0
1	0
1	0
1	0
12	0
1	0
1	0
1	0
1	0
12	0
12	0
1	0
1	0
1	0
1	0
12	0
1	0
1	0
1	0
1	0
13	0
17	0
17	0
17	0
17	17
17	17
17	0
17	17
17	17
13	13
13	0
17	0
17	0
17	0
17	0
17	0
17	0
17	0
17	0
17	0
17	0
17	0
17	0
17	0
17	0
17	0
17	0
17	0
17	0
17	0
17	0
17	0
17	0
17	0
17	0
17	0
17	0
17	0
17	0
17	0
17	0
17	0
17	0
17	0
17	0
17	0
17	0
17	0
17	0
17	0
17	0
17	0
17	0
17	0
17	0
17	0
17	0
17	0
17	0
17	0
13	0
3	0
8	3
3	0
3	0
1	16
3	3
17	3
16	0
16	0
16	16
13	0
11	0
14	0
14	14
11	0
11	11
1	0
1	0
1	1
16	16
13	13
3	3
3	0
14	0
14	14
6	0
6	0
11	0
3	11
3	0
3	3
3	0
3	0
6	0
3	0
3	3
1	0
1	0
1	0
16	16
5	5
1	0
3	0
1	0
1	0
1	3
13	13
1	2
16	0
2	0
3	0
3	3
1	0
1	0
1	1
8	0
8	8
13	13
13	0
12	0
3	3
3	0
1	0
1	11
13	13
13	0
1	0
1	0
1	0
1	0
1	0
1	0
1	0
1	0
1	0
1	0
1	0
1	0
1	0
1	0
1	0
1	0
1	0
1	0
1	0
1	0
1	0
1	0
1	0
1	0
1	0
1	0
1	0
1	0
1	0
1	0
1	0
1	0
1	0
1	0
1	0
1	0
1	0
1	0
1	0
1	0
1	0
1	0
1	0
1	0
1	0
1	0
1	0
1	0
1	0
1	0
1	0
1	0
1	0
13	0
3	0
1	0
3	0
1	0
1	3
16	0
11	0
3	0
3	3
1	0
11	11
13	13
13	0
1	0
8	0
1	0
1	0
1	0
1	0
1	0
1	0
1	0
16	0
1	0
1	0
1	0
1	0
1	0
3	0
1	0
1	0
1	0
1	0
1	0
1	0
1	0
1	0
8	0
1	0
1	0
1	0
1	0
1	0
16	0
1	0
1	0
1	0
1	0
1	0
1	0
1	0
1	0
1	0
3	0
1	0
1	0
1	0
8	0
1	0
1	0
5	0
5	3
3	3
13	13
13	0
1	0
1	0
16	0
16	0
16	0
1	0
1	0
1	0
16	0
16	0
16	0
1	0
1	0
1	0
1	0
1	0
16	0
8	0
16	0
1	0
1	0
1	0
1	0
1	0
16	0
1	0
1	0
1	0
1	0
16	0
1	0
16	0
1	0
1	0
1	0
1	0
1	0
16	0
16	0
16	0
1	0
1	0
16	0
16	0
1	0
1	0
1	0
1	0
16	0
16	0
16	0
1	0
1	0
1	0
1	0
3	0
3	7
13	13
5	5
16	0
11	11
4	0
11	4
2	0
2	2
12	0
8	0
8	0
8	8
3	3
5	6
12	0
8	8
2	0
2	2
2	0
2	0
11	0
11	6
8	0
8	8
8	0
16	0
16	16
13	13
3	0
11	11
1	0
3	4
17	0
2	11
1	11
1	0
17	0
12	0
17	0
8	16
13	13
6	6
8	0
8	0
8	0
8	8
5	0
11	2
17	0
12	11
12	0
12	3
13	13
13	13
3	3
3	0
13	0
17	0
17	0
17	0
17	17
17	0
17	0
17	17
12	12
13	13
13	0
17	0
17	0
17	0
17	0
17	0
17	0
17	0
17	0
17	0
17	0
17	0
17	0
17	0
17	0
17	0
17	0
17	0
17	0
17	0
12	0
17	0
17	0
17	0
8	0
17	0
17	0
17	0
17	0
17	0
17	0
17	0
17	0
12	0
17	0
17	0
17	0
17	0
17	0
17	0
17	0
17	0
17	0
17	0
17	0
12	0
17	0
17	0
17	0
17	0
17	0
17	0
17	17
17	17
12	0
12	0
12	12
12	17
17	0
17	7
13	0
13	17
13	13
14	0
11	11
16	0
1	0
16	16
8	17
13	13
17	0
17	0
17	0
2	2
8	17
17	0
16	0
2	16
17	6
8	0
8	8
3	0
3	3
1	0
1	0
1	0
1	0
1	1
8	0
8	8
13	13
3	10
13	13
17	0
11	11
11	0
11	4
17	0
2	3
1	0
3	3
17	0
12	0
12	3
1	0
1	0
1	0
1	1
1	0
12	0
13	0
12	0
3	3
4	0
4	0
2	4
6	0
6	6
8	0
8	0
8	8
17	0
3	3
2	0
2	2
12	17
12	17
12	8
16	0
4	0
11	0
4	16
16	0
16	16
13	13
6	6
8	0
8	8
4	0
11	4
11	0
2	0
2	2
8	0
8	0
8	0
8	0
8	0
8	0
8	8
1	0
1	0
1	0
1	0
16	0
16	0
16	16
13	13
13	0
3	0
3	0
3	0
1	0
1	0
8	0
8	0
8	0
3	0
17	0
1	0
17	0
13	0
12	12
6	6
8	0
8	0
8	0
8	8
13	13
11	11
16	0
17	0
16	0
16	0
16	16
1	0
12	0
12	1
12	0
11	10
5	5
11	11
11	0
11	4
13	13
11	11
11	0
11	4
1	0
1	0
1	1
5	2
6	6
12	12
13	13
13	0
8	0
1	0
16	0
8	0
1	0
8	0
8	0
1	0
8	0
1	0
16	0
1	0
1	0
16	0
1	0
8	0
8	0
8	0
1	0
3	0
16	0
16	0
16	0
3	0
1	0
12	0
11	11
16	0
16	0
16	0
16	16
2	3
3	0
1	3
8	0
8	0
8	0
8	8
13	13
13	0
1	0
1	0
1	0
8	0
1	0
1	0
8	0
1	0
1	0
1	0
1	0
3	0
3	0
1	0
1	0
1	0
8	0
8	0
8	0
1	0
8	0
1	0
8	0
8	0
1	0
1	0
1	0
1	0
1	0
1	0
8	0
8	0
3	0
3	0
16	0
3	0
3	0
3	0
1	0
1	0
8	0
8	0
8	0
8	0
8	0
12	0
5	5
3	10
13	13
11	11
4	0
11	4
8	0
8	0
8	0
8	8
13	13
3	0
11	11
4	0
4	0
11	4
1	0
1	0
1	0
16	16
13	13
13	0
16	0
16	0
1	0
16	0
16	0
16	0
1	0
1	0
16	0
16	0
16	0
16	0
16	0
1	0
16	0
1	0
16	0
16	0
16	0
16	0
1	0
1	0
16	0
16	0
16	0
16	0
16	0
16	0
16	0
1	0
1	0
1	0
8	0
16	0
16	0
16	0
16	0
13	0
12	11
3	0
16	0
16	0
16	16
3	2
11	0
6	6
8	8
13	13
14	0
11	11
3	0
1	0
1	0
1	16
4	0
2	6
17	0
8	0
8	0
8	0
8	8
13	13
17	0
17	0
17	17
13	13
12	12
17	17
17	0
17	17
17	0
17	0
17	12
17	17
17	0
17	0
17	17
17	0
17	0
17	0
17	17
17	17
17	0
13	13
13	0
17	0
17	0
17	0
17	0
17	0
17	0
17	0
17	0
17	0
17	0
17	0
1	0
12	0
17	0
1	0
11	7
13	13
13	0
1	0
1	0
1	0
8	0
1	0
1	0
1	0
1	0
1	0
1	0
8	0
8	0
1	0
1	0
1	0
1	0
1	0
8	0
8	0
1	0
1	0
17	0
17	0
8	0
1	0
1	0
1	0
1	0
1	0
1	0
8	0
1	0
1	0
1	0
1	0
1	0
1	0
1	0
8	0
1	0
17	0
17	0
17	0
8	0
8	0
1	0
1	0
1	0
1	0
8	0
8	0
1	0
1	0
1	0
17	0
17	0
17	0
17	0
17	17
12	17
17	17
17	0
17	17
17	17
17	0
17	0
17	0
17	17
17	7
13	13
13	0
17	0
17	0
17	0
17	0
17	0
17	0
17	0
17	0
17	0
17	0
17	0
17	0
17	0
17	0
17	0
17	0
17	0
17	0
17	0
17	0
17	0
17	0
17	0
17	0
17	0
17	0
17	0
17	0
17	0
17	0
17	0
17	0
17	0
17	0
17	0
17	0
17	0
17	0
17	0
17	0
17	0
17	0
17	0
12	0
17	0
11	11
17	4
17	0
17	2
12	0
8	8
17	0
16	16
13	13
1	0
1	0
1	0
1	0
13	0
1	0
1	0
1	1
8	0
8	0
8	0
8	8
13	13
12	0
12	0
12	0
12	16
1	0
1	0
1	0
1	1
5	5
3	3
1	0
1	1
13	13
13	13
16	0
16	6
9	9
8	0
8	0
8	0
8	8
2	0
2	2
8	0
8	8
13	13
13	0
17	0
1	0
1	0
1	0
16	0
16	0
1	0
1	0
1	0
12	0
12	11
16	0
16	0
16	0
16	16
17	0
6	0
3	3
3	0
6	0
6	3
8	0
8	0
8	0
12	8
1	0
2	2
11	0
4	0
3	14
1	1
11	0
11	4
13	13
6	0
6	3
1	0
1	16
8	0
8	8
5	5
11	11
1	0
1	0
1	0
1	0
1	0
1	16
13	13
17	0
17	17
17	0
17	0
17	0
17	17
9	0
1	0
9	17
13	13
5	5
16	0
2	2
8	0
8	0
8	8
13	13
3	3
6	0
13	0
3	0
3	0
3	3
13	13
13	0
1	0
1	0
1	0
8	0
1	0
1	0
1	0
1	0
1	0
1	0
8	0
1	0
1	0
1	0
1	0
1	0
1	0
8	0
8	0
1	0
1	0
1	0
1	0
8	0
8	0
1	0
1	0
1	0
1	0
1	0
8	0
8	0
1	0
1	0
1	0
1	0
1	0
1	0
8	0
1	0
1	0
1	0
1	0
8	0
8	0
1	0
1	0
1	0
1	0
8	0
8	0
1	0
1	0
1	0
1	0
13	0
1	0
4	0
3	4
1	0
1	0
1	3
5	6
8	0
8	0
8	0
8	0
8	0
1	0
8	8
12	0
1	0
12	16
13	13
12	0
8	0
8	12
1	0
11	0
2	0
16	0
16	0
16	16
13	13
13	0
1	0
1	0
1	0
16	0
1	0
8	0
1	0
1	0
16	0
1	0
1	0
8	0
8	0
1	0
1	0
1	0
1	0
1	0
1	0
1	0
1	0
1	0
1	0
1	0
1	0
1	0
1	0
1	0
1	0
8	0
13	0
11	0
11	11
4	4
3	0
3	3
6	0
6	3
1	0
1	0
1	0
8	16
5	5
4	4
1	0
1	0
1	0
1	16
5	5
1	0
1	0
1	0
1	16
3	0
2	0
2	0
14	0
14	2
6	6
12	0
8	0
8	0
8	8
11	0
11	11
3	0
1	0
1	0
16	0
16	16
5	5
16	2
2	0
11	0
6	9
8	0
8	0
8	8
1	0
16	0
16	16
8	0
8	12
13	13
8	0
8	12
13	13
13	0
1	0
3	0
13	0
8	0
8	12
13	13
8	0
8	12
13	13
13	0
1	0
1	0
8	0
8	0
1	0
1	0
1	0
1	0
1	0
1	0
8	0
8	0
1	0
8	0
8	0
1	0
1	0
8	0
8	0
8	0
1	0
1	0
1	0
8	0
1	0
1	0
1	0
8	0
1	0
8	0
8	0
8	0
8	0
1	0
1	0
1	0
1	0
8	0
1	0
8	0
8	0
1	0
1	0
8	0
8	0
1	0
1	0
1	0
1	0
8	0
1	0
1	0
13	0
8	0
12	12
13	13
13	0
1	0
1	0
8	0
8	0
1	0
1	0
1	0
1	0
1	0
8	0
8	0
8	0
1	0
1	0
1	0
8	0
8	0
8	0
8	0
8	0
1	0
1	0
8	0
8	0
8	0
1	0
1	0
1	0
1	0
1	0
8	0
8	0
1	0
1	0
1	0
8	0
8	0
8	0
8	0
8	0
1	0
1	0
8	0
8	0
8	0
1	0
1	0
1	0
1	0
8	0
1	0
1	0
1	0
1	0
1	0
13	0
1	0
1	0
8	12
13	13
13	0
1	0
1	0
8	0
8	0
1	0
1	0
1	0
1	0
1	0
8	0
8	0
8	0
1	0
1	0
1	0
1	0
1	0
8	0
8	0
1	0
1	0
1	0
1	0
8	0
8	0
1	0
1	0
1	0
1	0
1	0
8	0
8	0
1	0
1	0
1	0
1	0
1	0
8	0
8	0
1	0
1	0
1	0
1	0
8	0
8	0
1	0
1	0
1	0
1	0
8	0
8	0
1	0
1	0
1	0
16	0
3	0
5	5
11	11
11	0
11	4
3	0
3	0
3	0
1	0
1	3
3	3
1	0
1	0
1	0
1	0
1	0
1	16
13	13
13	0
1	0
16	0
1	0
1	0
1	0
16	0
1	0
16	0
1	0
1	0
1	0
1	0
1	0
1	0
1	0
1	0
1	0
1	0
16	0
16	0
1	0
1	0
1	0
1	0
1	0
16	0
1	0
16	0
16	0
16	0
16	0
16	0
16	0
1	0
1	0
1	0
1	0
1	0
1	0
1	0
12	0
12	0
11	11
16	0
16	0
16	0
16	16
5	0
3	3
2	0
6	0
6	1
8	0
8	0
8	0
8	8
1	0
2	1
6	0
8	8
3	0
3	0
3	11
13	13
1	0
1	0
1	0
1	0
1	0
3	0
3	3
13	13
3	0
3	0
1	0
1	16
13	0
14	0
14	0
14	0
14	2
6	6
12	0
8	0
8	0
8	8
11	0
11	11
1	0
16	0
16	16
14	14
2	6
8	0
8	8
3	0
3	0
3	3
3	0
13	0
13	0
17	17
12	0
12	0
12	17
13	13
13	0
17	0
17	0
8	0
8	0
16	0
1	0
1	0
1	0
8	0
8	0
16	0
1	0
17	0
16	0
1	0
8	0
8	0
8	0
16	0
8	0
1	0
1	0
1	0
8	0
16	0
1	0
1	0
16	0
1	0
8	0
8	0
16	0
8	0
1	0
1	0
1	0
8	0
8	0
8	0
1	0
17	0
8	0
8	0
8	0
8	0
17	0
1	0
17	0
8	0
8	0
8	0
1	0
17	0
12	0
1	0
1	0
1	0
8	3
2	0
2	2
8	0
8	8
1	0
1	4
17	0
6	0
5	3
2	2
2	0
2	0
11	0
11	6
8	0
8	8
4	2
1	0
1	0
1	1
8	0
8	8
1	0
1	0
1	0
16	0
16	16
13	13
5	6
1	0
1	0
1	0
1	0
16	1
12	0
12	8
2	2
2	0
12	3
9	9
8	0
8	8
13	13
13	0
1	0
1	0
8	0
16	0
16	0
1	0
1	0
1	0
16	0
1	0
8	0
13	0
5	0
5	3
1	0
12	0
12	0
8	0
8	3
1	1
13	13
13	0
1	0
1	0
1	0
16	0
1	0
1	0
1	0
1	0
1	0
1	0
16	0
16	0
1	0
1	0
1	0
8	0
16	0
16	0
8	0
1	0
1	0
1	0
1	0
1	0
16	0
1	0
1	0
1	0
8	0
16	0
16	0
8	0
16	0
1	0
1	0
1	0
16	0
16	0
1	0
1	0
8	0
8	0
16	0
1	0
1	0
1	0
1	0
1	0
1	0
12	0
11	11
16	4
8	0
8	0
8	0
8	8
2	0
2	0
2	0
6	2
8	0
8	0
8	8
13	13
5	5
16	0
4	0
4	10
3	0
1	0
2	1
12	0
8	0
8	0
8	0
8	0
8	0
8	0
8	8
13	13
16	0
16	0
16	0
1	1
1	0
1	0
1	1
8	0
8	0
8	0
8	0
8	0
8	0
8	8
13	13
13	0
16	0
1	0
16	0
16	0
16	0
16	0
16	0
16	0
16	0
1	0
8	0
8	0
8	0
12	0
4	0
4	4
16	0
16	3
3	0
3	0
3	3
3	3
1	0
1	1
5	5
6	11
1	0
1	0
1	1
8	0
8	0
8	0
8	8
12	0
12	8
13	13
8	0
8	0
8	0
8	0
8	0
8	0
8	8
13	13
13	13
5	5
3	0
1	0
1	14
1	0
1	0
1	0
1	0
1	0
1	0
16	16
11	0
11	4
2	0
6	11
1	0
8	3
3	3
1	0
1	0
1	1
5	5
11	0
11	0
14	14
12	0
12	0
13	0
13	0
8	0
8	0
16	3
13	13
11	0
11	11
1	0
1	0
16	0
16	16
13	13
13	0
1	0
1	0
16	0
16	0
8	0
1	0
1	0
8	0
16	0
16	0
16	0
16	0
16	0
16	0
1	0
1	0
16	0
16	0
16	0
8	0
1	0
1	0
16	0
16	0
16	0
1	0
1	0
1	0
8	0
16	0
16	0
16	0
8	0
1	0
16	0
16	0
16	0
16	0
16	0
1	0
1	0
16	0
16	0
16	0
8	0
1	0
1	0
12	0
8	0
2	2
6	0
6	6
1	1
5	5
3	0
1	0
1	0
1	0
1	0
1	0
1	1
8	0
8	0
8	8
3	0
3	0
3	0
1	0
3	3
4	0
11	4
3	0
3	0
1	0
1	1
5	5
10	0
3	0
1	0
1	0
1	1
1	0
1	0
1	0
1	0
1	16
5	5
11	0
11	0
3	3
13	13
16	0
11	11
4	0
11	4
3	3
13	13
3	3
13	13
3	3
3	0
1	0
1	0
1	1
13	13
6	4
13	0
12	0
12	0
12	0
4	10
5	6
16	0
16	0
16	1
2	0
2	2
12	0
12	0
12	1
13	13
3	0
16	0
16	1
12	12
12	17
17	0
17	17
13	13
11	0
6	0
6	6
3	0
3	2
1	0
1	0
1	0
1	1
8	0
8	0
8	8
13	13
13	0
1	0
1	0
12	0
12	0
12	0
8	0
8	0
1	0
1	0
12	0
12	0
1	0
1	0
16	0
1	0
1	0
1	0
1	0
1	0
12	0
12	0
12	0
12	0
3	0
12	0
5	0
5	5
11	6
1	0
16	16
11	0
11	11
1	0
9	0
1	2
8	0
8	0
8	0
8	8
13	13
13	0
8	0
8	0
8	0
1	0
1	0
1	0
8	0
8	0
8	0
8	0
8	0
1	0
1	0
1	0
1	0
8	0
8	0
8	0
8	0
8	0
1	0
8	0
16	0
8	0
1	0
1	0
1	0
8	0
1	0
8	0
16	0
16	0
8	0
8	0
8	0
1	0
1	0
1	0
1	0
1	0
8	0
8	0
8	0
13	0
11	0
11	11
11	0
11	16
13	13
13	0
16	0
16	0
16	0
16	0
16	0
16	0
16	0
16	0
16	0
16	0
16	0
16	0
16	0
16	0
16	0
16	0
16	0
16	0
16	0
16	0
16	0
16	0
16	0
16	0
16	0
16	0
16	0
16	0
16	0
16	0
16	0
16	0
16	0
16	0
16	0
16	0
16	0
16	0
16	0
16	0
16	0
16	0
16	0
16	0
16	0
16	0
16	0
16	0
16	0
16	0
16	0
16	0
16	0
12	0
11	0
11	11
3	4
16	0
4	0
4	10
3	3
3	0
3	0
1	0
1	1
2	0
3	5
13	13
11	11
4	0
11	4
1	0
1	0
1	1
17	0
12	0
12	4
13	13
13	0
1	0
16	0
1	0
1	0
1	0
1	0
1	0
16	0
1	0
1	0
1	0
1	0
1	0
16	0
16	0
1	0
1	0
1	0
1	0
1	0
16	0
16	0
16	0
16	0
16	0
16	0
16	0
16	0
1	0
1	0
1	0
1	0
1	0
1	0
13	0
8	0
12	0
12	0
8	1
13	13
13	0
1	0
1	0
1	0
8	0
8	0
1	0
1	0
1	0
1	0
8	0
8	0
8	0
1	0
1	0
1	0
1	0
1	0
8	0
8	0
8	0
1	0
1	0
1	0
8	0
8	0
8	0
1	0
1	0
1	0
1	0
8	0
8	0
8	0
1	0
1	0
1	0
1	0
1	0
8	0
16	0
1	0
1	0
1	0
8	0
8	0
1	0
1	0
1	0
1	0
8	0
8	0
1	0
1	0
13	0
3	0
11	11
16	0
4	0
4	16
11	0
11	11
3	0
3	3
1	0
1	0
1	0
1	1
1	0
1	2
1	0
1	0
1	1
8	0
8	0
8	0
8	8
2	0
2	0
16	0
16	16
3	0
6	0
3	14
2	0
2	0
6	2
3	0
17	0
9	2
8	0
8	8
1	0
1	0
1	1
8	0
8	8
3	0
3	0
1	0
1	0
1	0
1	0
1	3
2	0
2	0
2	0
6	1
8	0
8	0
8	0
8	0
8	8
13	0
12	0
16	0
16	0
16	16
16	0
11	0
11	11
16	0
11	11
3	0
1	3
1	0
1	2
1	0
1	0
1	1
8	0
8	0
8	0
8	0
8	8
13	13
11	11
3	0
16	0
1	16
1	0
3	0
1	0
17	0
3	3
1	0
3	0
1	0
1	1
3	1
8	0
8	8
1	0
12	17
1	0
1	0
1	0
3	3
13	13
16	0
11	11
4	4
3	0
2	2
6	6
8	0
8	8
3	0
1	0
1	0
1	0
1	0
3	0
13	0
12	0
3	11
12	0
12	6
12	0
8	0
8	8
16	0
16	0
16	16
17	0
1	0
17	4
17	0
6	11
17	6
8	0
8	0
8	0
8	8
2	2
12	0
12	0
8	8
17	0
12	0
4	10
3	3
1	0
1	0
1	0
1	0
1	1
4	0
11	4
5	0
3	0
3	14
1	0
3	0
17	0
16	16
11	4
17	0
6	4
1	0
1	0
1	0
1	0
1	0
1	0
1	3
1	0
2	2
2	0
16	16
13	13
16	0
11	11
13	0
17	0
17	17
17	0
12	0
12	12
17	0
12	17
17	17
17	17
17	17
17	0
17	17
17	0
12	3
17	0
17	11
4	16
11	0
1	1
17	0
12	0
9	4
13	13
3	0
17	11
1	0
12	0
17	0
17	0
17	0
8	16
4	4
11	0
11	11
17	16
17	0
17	2
12	0
12	0
8	12
4	0
4	0
17	4
3	0
1	0
1	0
1	0
1	16
17	0
17	0
17	0
17	0
1	7
13	13
13	0
3	3
17	0
11	4
3	3
13	0
12	0
3	0
1	0
1	3
1	0
12	0
12	0
16	0
16	0
12	16
3	0
3	5
16	0
4	0
4	10
11	0
11	10
5	5
12	0
12	6
12	0
8	0
8	0
8	0
8	8
12	0
12	0
12	12
13	13
3	0
3	3
5	5
12	0
12	6
12	0
8	0
8	0
8	0
12	0
8	0
12	12
13	13
13	0
16	0
1	0
1	0
1	0
12	0
1	0
1	0
1	0
1	0
1	0
12	0
16	0
1	0
1	0
1	0
1	0
16	0
13	0
5	0
5	5
12	0
12	6
12	0
1	0
1	0
1	0
1	0
8	8
3	0
3	3
4	0
11	4
13	13
14	0
11	0
14	0
14	14
3	0
3	11
3	3
3	0
1	1
4	0
4	4
13	13
4	0
4	14
13	13
3	0
1	0
1	0
1	0
16	16
6	0
6	6
12	0
8	0
12	8
13	13
11	0
11	0
14	14
1	1
2	0
3	4
1	0
1	0
1	4
3	3
17	0
17	3
1	0
1	0
1	0
1	16
13	13
13	0
12	0
12	0
12	7
13	13
13	0
1	0
1	0
1	0
1	0
1	0
1	0
1	0
1	0
1	0
1	0
1	0
1	0
1	0
1	0
1	0
1	0
1	0
1	0
1	0
1	0
1	0
1	0
1	0
1	0
1	0
1	0
1	0
1	0
1	0
1	0
1	0
1	0
1	0
1	0
1	0
1	0
1	0
1	0
1	0
1	0
1	0
1	0
1	0
1	0
1	0
1	0
1	0
1	0
1	0
1	0
1	0
1	0
1	0
1	0
1	0
12	0
17	0
12	0
12	10
13	13
13	0
12	0
17	0
1	0
12	0
12	0
1	0
1	0
17	0
17	0
17	0
12	0
12	0
12	0
17	0
17	0
17	0
1	0
12	0
12	0
12	0
17	0
17	0
17	0
12	0
12	0
12	0
1	0
17	0
17	0
17	0
12	0
12	0
12	0
12	0
17	0
17	0
1	0
1	0
12	0
12	0
17	0
17	0
17	0
12	0
12	0
12	0
17	0
17	0
17	0
12	0
12	0
1	0
17	0
17	0
12	0
8	7
13	13
13	0
1	0
1	0
8	0
8	0
8	0
8	0
1	0
1	0
1	0
8	0
8	0
8	0
8	0
8	0
1	0
8	0
8	0
8	0
8	0
8	0
8	0
8	0
8	0
8	0
8	0
12	0
1	0
1	0
1	0
8	0
8	0
8	0
12	0
1	0
1	0
1	0
8	0
8	0
8	0
8	0
8	0
1	0
8	0
8	0
8	0
12	0
1	0
1	0
8	0
8	0
8	0
8	0
1	0
1	0
8	0
8	0
11	0
11	0
11	4
1	3
1	0
16	0
16	0
16	0
16	1
3	3
1	0
2	0
1	0
1	0
1	0
1	1
13	13
2	2
8	0
8	8
3	0
3	11
3	3
3	0
2	2
8	0
8	0
8	0
8	8
1	0
1	0
1	0
16	0
16	16
4	4
5	5
2	2
8	0
8	0
8	8
2	0
2	0
2	0
6	2
8	0
8	0
8	8
1	0
3	0
2	0
16	0
16	0
16	16
13	13
13	0
1	0
1	0
1	0
1	0
1	0
12	0
17	0
11	11
17	4
17	0
17	3
17	0
17	6
17	0
17	0
17	0
3	1
17	0
1	0
1	1
4	0
4	4
17	11
17	0
17	11
17	0
17	0
17	0
2	4
1	0
9	0
1	2
1	1
8	0
8	0
8	8
2	0
2	2
8	0
8	0
8	0
8	8
5	5
12	12
17	12
16	0
4	0
17	4
17	0
1	6
17	0
8	0
8	0
8	0
8	0
8	8
1	0
3	3
1	0
16	16
13	13
13	0
1	0
17	0
17	0
11	0
11	11
2	3
17	0
11	6
17	0
1	0
3	1
8	0
8	0
8	0
8	0
8	0
8	8
12	0
12	0
12	4
4	0
11	4
13	13
11	0
11	4
13	0
11	0
14	14
11	0
17	0
17	0
17	2
1	0
12	0
12	0
12	0
1	1
2	0
1	1
8	0
8	0
8	0
8	0
8	0
8	8
1	0
3	0
1	0
1	0
1	0
1	16
3	11
3	2
3	0
12	0
12	0
1	8
5	5
3	3
8	0
8	8
16	0
13	0
1	0
5	0
5	3
3	0
11	0
14	14
11	0
11	3
5	2
1	0
6	0
1	0
1	1
8	0
8	8
17	0
3	3
3	0
3	3
1	0
1	0
1	16
5	5
3	0
12	6
12	0
12	0
8	8
3	0
16	2
3	0
3	0
3	0
3	16
1	0
11	0
1	0
1	0
1	0
1	0
1	16
13	13
3	7
3	0
4	0
4	0
1	3
11	0
11	4
1	0
3	0
4	10
1	0
1	0
1	1
13	13
13	0
1	0
1	0
1	0
12	0
8	0
8	0
8	0
3	0
1	0
3	1
12	0
12	0
12	0
12	8
13	13
6	6
8	0
8	0
8	0
8	0
8	8
13	13
13	0
1	0
1	0
8	0
8	0
8	0
8	0
16	0
1	0
8	0
8	0
8	0
8	0
16	0
1	0
8	0
8	0
8	0
8	0
8	0
16	0
1	0
1	0
1	0
8	0
8	0
16	0
1	0
1	0
1	0
1	0
16	0
16	0
16	0
12	0
12	0
8	0
16	0
16	0
1	0
8	0
12	0
11	0
11	11
16	4
17	0
6	0
3	3
3	0
3	0
3	0
3	16
2	0
2	14
1	0
17	0
17	0
17	0
17	6
8	0
8	0
8	0
8	0
8	0
8	8
4	0
4	4
2	0
3	0
3	0
6	14
1	6
1	0
9	1
8	0
8	0
8	0
8	8
3	0
3	0
3	0
3	0
3	16
2	0
3	5
11	11
1	0
1	0
17	4
3	3
1	0
3	0
1	0
1	0
1	1
2	0
2	0
1	0
16	0
16	16
13	0
12	0
11	11
4	0
11	4
11	0
6	0
3	3
2	0
6	2
8	0
8	0
8	0
8	0
8	0
8	0
8	8
12	0
12	16
5	5
16	0
11	11
4	0
4	0
4	0
4	4
1	0
1	0
1	16
1	0
1	0
1	0
1	0
1	0
1	16
2	0
11	0
3	14
11	0
11	11
8	0
12	0
4	10
2	0
2	2
1	0
1	0
1	1
8	0
8	0
8	8
1	0
12	16
2	0
2	0
16	0
16	0
16	16
2	0
3	5
13	0
13	0
5	0
3	5
13	13
13	0
1	0
8	0
8	0
8	0
8	0
8	0
1	0
1	0
1	0
8	0
8	0
8	0
8	0
1	0
8	0
8	0
8	0
8	0
8	0
8	0
1	0
1	0
1	0
8	0
8	0
8	0
8	0
1	0
1	0
1	0
8	0
8	0
8	0
1	0
1	0
8	0
8	0
8	0
8	0
8	0
1	0
1	0
1	0
8	0
8	0
8	0
1	0
1	0
1	0
8	0
8	0
8	0
1	0
1	0
1	0
13	0
11	0
12	11
17	0
17	0
12	16
12	0
12	3
13	13
13	0
8	0
16	0
16	0
8	0
16	0
16	0
16	0
16	0
16	0
16	0
16	0
8	0
16	0
16	0
16	0
16	0
16	0
16	0
8	0
8	0
8	0
8	0
16	0
16	0
16	0
16	0
16	0
16	0
16	0
16	0
16	0
16	0
8	0
16	0
16	0
16	0
16	0
16	0
16	0
16	0
16	0
16	0
16	0
8	0
8	0
8	0
8	0
16	0
16	0
16	0
12	0
2	2
3	0
3	2
1	0
1	0
1	0
1	1
8	8
13	13
17	0
1	6
12	0
12	12
12	16
16	0
4	0
4	10
5	0
3	0
3	11
11	0
11	11
3	0
3	0
3	0
1	3
6	6
1	0
1	0
1	0
1	1
8	0
8	0
8	0
8	0
8	8
3	0
17	11
12	2
9	0
1	1
8	0
8	0
8	8
16	0
5	5
3	3
1	0
1	0
1	16
4	0
4	4
3	0
3	0
16	0
16	16
13	13
13	0
1	0
12	0
4	16
6	0
6	11
3	3
1	0
1	0
1	2
8	0
8	0
8	8
3	0
3	16
3	0
3	0
9	14
1	0
12	0
12	10
17	0
3	3
1	0
1	0
1	0
1	0
1	0
16	1
4	4
8	0
8	0
8	0
8	8
2	0
2	2
1	0
12	0
12	0
12	16
2	0
2	0
16	0
16	16
13	13
13	0
1	0
3	0
1	0
8	0
1	0
8	0
8	0
1	0
1	0
1	0
1	0
8	0
3	0
3	0
3	0
1	0
13	0
17	17
12	0
12	0
12	12
12	12
12	12
13	13
17	0
17	0
17	17
13	13
13	0
17	0
17	0
17	0
17	0
17	0
17	0
17	0
17	0
17	0
17	0
17	0
17	0
16	0
16	0
1	0
17	0
17	0
17	0
17	0
1	0
1	0
17	0
17	0
17	0
1	0
1	0
16	0
1	0
17	0
1	0
17	0
17	0
8	0
17	0
17	0
17	0
17	0
17	0
17	0
1	0
17	0
17	0
17	0
1	0
1	0
1	0
17	0
12	0
17	17
17	0
17	17
17	0
17	17
1	17
8	0
8	0
8	0
8	0
8	0
12	8
13	13
13	0
12	0
8	0
1	0
8	0
1	0
1	0
1	0
8	0
1	0
17	0
1	0
17	0
1	0
17	0
1	0
1	0
12	0
1	0
1	0
8	0
17	0
12	0
1	0
1	0
8	0
1	0
1	0
1	0
8	0
1	0
8	0
17	0
17	0
17	0
17	0
17	0
1	0
1	0
1	0
1	0
1	0
12	0
1	0
1	0
8	0
13	0
1	0
1	0
8	0
8	0
8	0
12	7
13	13
13	0
8	0
8	0
8	0
1	0
1	0
1	0
1	0
1	0
1	0
1	0
16	0
8	0
8	0
1	0
1	0
1	0
16	0
1	0
8	0
8	0
8	0
8	0
8	0
8	0
8	0
1	0
1	0
1	0
1	0
16	0
8	0
8	0
8	0
8	0
1	0
1	0
1	0
1	0
1	0
1	0
1	0
1	0
8	0
8	0
8	0
8	0
8	0
1	0
1	0
1	0
1	0
13	0
16	0
11	11
16	0
16	0
16	16
13	13
16	0
11	11
4	0
11	4
1	0
1	0
1	0
1	1
3	0
6	0
3	14
3	3
2	2
6	0
6	0
6	6
1	0
1	0
1	1
8	0
8	0
8	0
8	8
2	0
2	0
2	0
2	0
1	0
16	0
16	0
16	16
2	0
3	3
13	13
12	0
12	0
12	0
12	0
12	0
12	7
13	13
13	0
16	0
16	0
1	0
16	0
16	0
16	0
16	0
16	0
3	0
1	0
16	0
13	0
11	11
16	0
4	0
4	4
12	0
12	0
12	0
12	16
13	13
13	0
1	0
1	0
8	0
8	0
8	0
16	0
8	0
1	0
8	0
12	0
8	0
8	0
16	0
16	0
8	0
1	0
8	0
8	0
16	0
8	0
8	0
1	0
1	0
8	0
16	0
16	0
1	0
1	0
1	0
12	0
8	0
8	0
8	0
1	0
1	0
8	0
8	0
16	0
16	0
16	0
1	0
8	0
8	0
8	0
8	0
1	0
1	0
1	0
8	0
12	0
11	6
4	16
1	0
16	0
16	16
4	0
4	4
13	13
6	6
1	0
1	0
1	0
1	1
8	0
8	0
8	0
8	0
8	0
3	8
4	0
4	4
1	0
1	1
5	5
12	0
8	0
8	0
8	0
8	8
12	0
12	8
5	5
8	0
8	3
9	9
8	0
8	8
1	1
13	13
5	5
3	0
3	0
1	0
1	0
16	1
13	13
13	0
3	0
1	0
1	0
16	0
16	0
1	0
1	0
1	0
1	0
1	0
1	0
1	0
13	0
5	0
5	5
3	3
1	0
6	0
6	11
1	0
16	0
16	16
8	2
11	0
6	6
8	0
8	0
8	8
13	13
13	0
1	0
1	0
1	0
1	0
8	0
8	0
8	0
1	0
1	0
1	0
8	0
1	0
8	0
8	0
1	0
1	0
1	0
8	0
8	0
8	0
1	0
1	0
1	0
1	0
1	0
8	0
8	0
1	0
1	0
16	0
16	0
16	0
16	0
1	0
1	0
1	0
1	0
8	0
8	0
1	0
1	0
1	0
12	0
6	6
8	1
12	12
6	6
8	0
8	0
8	0
8	8
17	4
16	0
11	11
16	0
4	0
4	10
2	0
2	2
8	0
8	8
16	0
16	0
16	0
16	16
13	13
3	3
8	0
8	0
8	8
2	0
11	4
8	0
12	4
13	13
13	0
1	0
1	0
1	0
16	0
16	0
16	0
16	0
16	0
16	0
16	0
16	0
1	0
16	0
16	0
8	0
1	0
16	0
8	0
16	0
16	0
8	0
16	0
16	0
16	0
16	0
16	0
12	0
3	6
2	0
2	0
2	0
3	0
1	0
1	0
1	0
1	1
8	0
8	0
8	0
8	0
8	0
8	0
8	8
12	0
3	0
3	4
3	0
6	0
3	3
3	0
3	2
12	12
12	12
4	0
4	4
3	0
1	16
13	13
13	0
1	0
1	0
16	0
16	0
16	0
16	0
16	0
16	0
16	0
8	0
8	0
16	0
1	0
8	0
16	0
1	0
1	0
1	0
1	0
1	0
1	0
1	0
1	0
1	0
1	0
8	0
8	0
11	0
14	0
5	5
14	0
11	11
1	0
1	0
1	0
16	16
16	0
11	11
4	4
4	6
12	0
8	8
2	2
17	0
12	3
9	9
17	0
12	4
3	0
9	11
2	0
6	6
8	0
8	0
8	0
8	8
2	0
2	0
6	2
8	0
8	0
8	0
8	0
8	0
8	8
2	0
16	0
16	16
4	0
4	4
5	5
3	3
3	0
4	0
14	0
9	14
17	0
17	3
2	2
8	0
8	8
1	0
1	0
16	0
16	1
4	4
13	0
13	0
8	0
12	0
8	0
8	7
13	13
13	0
1	0
8	0
8	0
8	0
1	0
1	0
1	0
1	0
8	0
8	0
8	0
8	0
1	0
1	0
1	0
8	0
8	0
8	0
8	0
8	0
1	0
8	0
8	0
8	0
8	0
8	0
1	0
1	0
1	0
8	0
8	0
8	0
8	0
1	0
1	0
1	0
8	0
8	0
8	0
1	0
1	0
8	0
8	0
8	0
8	0
1	0
1	0
1	0
8	0
8	0
8	0
1	0
1	0
13	0
11	0
11	11
4	4
8	0
8	0
8	0
8	0
8	0
8	8
13	13
13	0
1	0
1	0
8	0
16	0
16	0
1	0
1	0
1	0
8	0
16	0
16	0
16	0
1	0
1	0
1	0
8	0
16	0
16	0
16	0
16	0
16	0
1	0
1	0
8	0
16	0
1	0
1	0
1	0
8	0
8	0
16	0
8	0
16	0
16	0
1	0
1	0
8	0
16	0
1	0
1	0
8	0
8	0
16	0
16	0
16	0
1	0
1	0
1	0
11	0
11	11
16	0
16	0
16	3
2	3
3	3
1	0
1	0
16	16
4	0
11	4
13	13
13	0
1	0
1	0
1	0
1	0
1	0
1	0
1	0
1	0
1	0
8	0
1	0
1	0
8	0
8	0
1	0
1	0
8	0
1	0
1	0
1	0
1	0
1	0
1	0
1	0
1	0
1	0
1	0
1	0
1	0
1	0
8	0
1	0
1	0
3	0
1	0
1	0
1	0
8	0
8	0
1	0
8	0
1	0
1	0
1	0
1	0
1	0
12	0
11	0
11	11
4	4
8	0
1	0
8	8
1	0
2	0
1	0
16	16
13	13
13	0
1	0
8	0
8	0
16	0
8	0
1	0
1	0
8	0
1	0
8	0
8	0
16	0
8	0
1	0
1	0
8	0
1	0
16	0
16	0
16	0
1	0
1	0
8	0
8	0
16	0
8	0
1	0
1	0
1	0
1	0
1	0
1	0
16	0
1	0
3	0
8	0
8	0
1	0
1	0
1	0
1	0
1	0
16	0
16	0
16	0
1	0
3	0
13	0
17	0
11	11
17	0
17	0
17	16
13	13
17	0
11	11
17	4
17	0
17	6
1	0
1	0
1	0
1	0
1	0
1	0
1	1
17	0
8	0
12	8
17	0
17	0
17	4
17	0
6	14
17	6
12	0
12	8
12	6
12	0
12	0
8	8
1	0
8	16
17	0
17	0
17	4
12	0
12	8
13	13
2	0
1	16
12	8
13	13
13	0
12	0
16	0
16	0
1	0
16	0
16	0
16	0
16	0
17	0
16	0
17	0
1	0
17	0
13	0
8	13
5	5
14	6
17	0
1	1
8	0
8	0
8	8
2	0
2	2
8	0
8	0
8	8
16	2
16	0
11	11
11	4
16	0
11	11
1	0
1	0
1	0
3	1
1	2
12	6
8	0
8	0
8	0
8	0
8	0
8	0
8	8
1	0
2	0
1	0
1	0
16	0
16	0
16	16
4	0
4	14
13	13
3	7
13	13
13	0
1	0
3	0
16	0
3	0
1	0
1	0
1	0
1	0
16	0
1	0
1	0
1	0
1	0
16	0
12	0
11	11
16	0
16	0
16	4
1	0
11	3
16	2
6	6
8	0
8	0
8	0
8	0
8	0
8	8
1	6
8	0
8	0
8	0
8	0
8	8
13	13
13	0
1	0
1	0
1	0
1	0
3	0
8	0
16	0
1	0
1	0
8	0
1	0
1	0
1	0
1	0
1	0
1	0
8	0
1	0
8	0
8	0
1	0
1	0
1	0
1	0
8	0
16	0
16	0
16	0
3	0
3	0
1	0
1	0
1	0
1	0
8	0
8	0
3	0
12	0
3	0
5	5
6	6
8	0
8	0
8	0
8	0
8	8
16	16
12	0
12	17
3	0
2	0
2	2
8	0
8	0
8	8
5	5
12	0
12	17
3	0
2	0
3	0
2	2
12	0
12	0
12	8
13	13
13	0
1	0
12	0
12	0
1	0
16	0
16	0
16	0
12	0
8	0
16	0
8	0
12	0
12	0
16	0
1	0
1	0
8	0
16	0
16	0
1	0
1	0
8	0
16	0
16	0
16	0
12	0
12	0
12	0
12	0
1	0
11	0
13	0
11	0
14	14
6	0
6	6
12	0
12	0
8	8
3	0
3	3
1	0
1	1
2	2
6	6
8	0
8	0
8	0
8	0
8	8
1	0
16	0
16	16
4	0
4	4
5	5
3	0
6	11
3	0
1	0
1	0
1	0
1	0
1	0
1	3
2	0
11	6
8	0
8	0
8	8
16	0
3	0
3	0
3	3
2	0
2	2
8	0
8	0
8	8
16	0
16	0
16	4
5	5
1	0
11	11
13	13
13	0
11	0
5	3
13	0
3	0
3	0
5	5
13	13
3	7
13	13
3	3
2	2
12	0
12	0
12	12
4	0
16	0
16	16
12	0
12	0
12	11
3	0
6	11
8	0
8	0
8	0
8	0
8	8
16	0
2	0
2	0
16	0
16	16
13	13
13	0
3	0
16	0
16	0
16	0
16	0
3	0
1	0
16	0
1	0
8	0
8	0
1	0
12	0
8	0
1	0
1	0
16	0
16	0
16	0
3	0
3	0
14	0
3	0
12	0
12	0
16	0
16	0
16	0
16	0
11	0
3	0
5	5
6	0
6	6
8	0
8	0
8	8
13	13
14	0
11	11
16	0
1	0
1	0
16	0
1	0
16	16
11	0
6	0
5	3
16	0
11	0
11	10
13	13
13	0
1	0
1	0
16	0
16	0
16	0
16	0
8	0
8	0
1	0
1	0
16	0
16	0
16	0
16	0
8	0
16	0
16	0
16	0
16	0
16	0
16	0
16	0
16	0
16	0
16	0
1	0
1	0
8	0
16	0
16	0
16	0
8	0
8	0
1	0
1	0
12	0
5	0
5	5
2	0
4	0
14	0
14	0
12	14
12	0
8	0
8	8
8	0
8	8
2	0
2	2
9	0
9	8
11	0
11	4
1	0
8	16
17	0
17	3
17	0
17	0
4	10
17	0
17	0
1	0
1	3
17	0
17	11
17	10
17	0
17	16
13	13
13	0
1	0
17	0
1	0
1	0
8	0
17	0
1	0
17	0
17	0
1	0
16	0
3	0
3	0
17	0
17	0
17	0
1	0
17	0
17	0
1	0
1	0
17	0
16	0
12	0
5	0
3	3
16	16
3	0
6	11
3	0
1	0
9	9
8	8
2	0
2	0
2	0
6	2
8	0
8	0
8	8
5	5
16	0
16	0
16	16
1	0
12	11
3	0
3	3
11	0
12	10
12	0
1	16
2	0
6	2
8	0
8	0
8	0
8	0
8	8
13	13
5	5
3	0
11	11
4	0
11	0
4	4
1	0
1	1
2	0
2	0
2	1
13	13
13	0
3	0
1	0
1	0
1	0
1	0
1	0
1	0
2	0
1	0
1	0
3	0
3	3
3	0
3	0
3	3
3	0
1	0
3	11
13	13
13	0
1	0
1	0
1	0
16	0
16	0
16	0
1	0
16	0
1	0
1	0
1	0
1	0
16	0
17	0
16	0
1	0
1	0
1	0
1	0
1	0
1	0
1	0
1	0
1	0
16	0
16	0
1	0
16	0
16	0
1	0
1	0
1	0
1	0
16	0
1	0
1	0
16	0
16	0
16	0
17	0
3	0
1	0
1	0
1	0
1	0
1	0
1	0
1	0
16	0
16	0
12	0
12	11
16	0
16	0
16	0
16	0
16	16
11	0
11	11
2	3
1	0
1	0
4	10
1	0
1	1
17	0
1	0
17	1
2	0
2	0
6	2
8	0
8	0
8	0
8	0
8	0
8	8
2	0
2	2
8	0
8	0
8	8
13	13
5	5
1	0
1	0
1	0
1	3
4	0
11	4
3	3
1	0
1	0
1	0
16	0
16	1
13	13
13	0
3	0
3	0
16	0
16	0
16	0
1	0
1	0
1	0
1	0
1	0
1	0
1	0
3	0
3	0
9	16
1	0
1	0
3	16
3	0
3	0
3	3
13	13
13	0
1	0
1	0
1	0
8	0
1	0
8	0
1	0
1	0
16	0
3	0
1	0
1	0
1	0
1	0
8	0
1	0
1	0
3	0
3	0
1	0
1	0
1	0
1	0
8	0
8	0
1	0
1	0
8	0
1	0
3	0
3	0
1	0
1	0
1	0
1	0
1	0
8	0
8	0
1	0
1	0
1	0
3	0
3	0
1	0
1	0
1	0
1	0
1	0
8	0
12	0
3	3
16	0
11	2
12	8
13	13
13	0
16	0
16	0
16	0
16	0
16	0
16	0
16	0
16	0
16	0
16	0
16	0
16	0
16	0
16	0
16	0
16	0
16	0
16	0
16	0
16	0
16	0
16	0
16	0
16	0
16	0
16	0
16	0
16	0
16	0
16	0
16	0
16	0
16	0
16	0
16	0
16	0
16	0
16	0
16	0
16	0
16	0
16	0
16	0
16	0
16	0
16	0
16	0
16	0
16	0
16	0
16	0
16	0
16	0
13	0
11	0
3	16
3	0
3	0
3	0
3	0
3	11
16	0
16	0
16	0
16	16
11	0
6	11
1	11
3	3
1	0
1	1
8	0
8	0
8	8
2	0
2	0
3	0
3	16
3	2
2	0
2	0
2	0
2	6
8	0
8	0
8	0
8	0
8	0
8	0
8	0
8	0
8	0
8	8
13	13
13	0
1	0
1	0
1	0
8	0
8	0
2	0
1	0
3	0
3	0
1	0
3	0
1	0
3	0
1	0
16	0
3	0
3	0
3	0
12	0
12	0
12	0
12	3
12	0
12	16
16	0
2	0
6	0
3	0
3	3
1	0
1	0
1	3
5	6
8	0
8	8
3	0
16	0
16	0
16	2
8	0
8	0
8	8
12	0
12	0
12	8
3	0
3	0
3	11
3	0
3	0
2	0
3	0
1	16
13	0
3	0
2	14
12	0
12	0
3	0
3	16
1	0
12	17
12	17
12	0
12	0
12	12
12	0
12	17
13	13
13	0
1	0
1	0
1	0
3	0
1	0
1	0
1	0
1	0
12	0
12	12
13	13
17	0
17	0
16	16
17	0
3	11
2	2
8	8
13	13
2	2
12	12
12	0
12	0
12	16
17	0
4	0
4	10
3	3
8	0
8	0
8	8
1	0
1	0
1	0
1	16
13	0
8	17
13	0
13	17
17	17
13	13
17	0
17	0
17	17
17	17
17	0
6	0
17	17
17	0
8	0
8	0
17	0
17	1
17	0
17	0
8	8
13	13
13	0
16	0
16	0
1	0
1	0
12	0
8	0
12	0
12	0
12	0
16	0
12	0
11	0
11	11
17	0
17	0
12	16
16	0
4	0
4	10
13	13
2	0
5	3
12	0
12	8
13	13
11	0
3	3
1	0
1	0
1	0
1	0
2	16
1	3
8	0
8	0
8	0
8	0
8	0
8	0
8	8
16	10
5	5
16	0
11	11
1	0
3	0
17	0
16	16
1	0
2	0
1	0
1	0
3	1
8	0
8	0
8	8
16	0
11	0
2	10
13	13
13	0
16	0
16	0
1	0
1	0
16	0
16	0
16	0
16	0
16	0
13	0
12	0
12	0
12	3
13	13
13	0
8	0
8	0
16	0
8	0
16	0
8	0
1	0
1	0
1	0
8	0
16	0
8	0
8	0
8	0
8	0
1	0
16	0
8	0
16	0
8	0
8	0
1	0
8	0
8	0
16	0
8	0
8	0
8	0
8	0
1	0
8	0
16	0
8	0
8	0
8	0
8	0
8	0
8	0
8	0
16	0
8	0
1	0
1	0
8	0
8	0
8	0
1	0
8	0
8	0
16	0
16	0
16	0
1	0
1	0
11	0
5	0
5	5
3	0
11	3
13	13
11	0
3	7
13	13
16	0
16	0
16	0
16	0
3	16
11	6
3	8
2	0
2	2
8	8
3	0
3	0
1	0
1	3
2	10
5	5
14	0
11	11
4	0
4	0
4	4
4	0
11	11
1	0
2	0
1	0
1	0
1	0
1	0
1	0
1	3
1	0
2	0
2	2
1	0
1	0
1	0
1	0
1	0
1	0
1	0
1	0
1	0
1	0
1	0
1	1
17	0
17	0
1	16
3	0
13	0
12	0
8	0
5	5
16	0
11	0
4	2
8	0
8	0
13	0
1	0
1	0
1	0
1	8
13	13
13	0
1	0
1	0
16	0
16	0
16	0
8	0
8	0
8	0
16	0
16	0
16	0
16	0
16	0
8	0
8	0
1	0
1	0
8	0
8	0
8	0
1	0
16	0
1	0
16	0
8	0
16	0
1	0
8	0
8	0
8	0
1	0
16	0
16	0
8	0
16	0
16	0
8	0
16	0
8	0
8	0
1	0
1	0
1	0
8	0
8	0
12	0
12	14
13	13
16	0
11	11
4	0
11	4
3	3
3	0
3	3
3	3
6	0
6	11
8	0
8	8
3	0
3	3
8	0
8	0
8	0
8	8
5	5
8	0
8	0
8	0
8	0
8	8
2	2
2	0
11	11
8	0
8	0
8	0
8	8
2	0
3	5
8	0
8	0
8	8
4	0
11	4
17	0
3	3
3	0
1	0
3	3
1	6
1	0
1	0
1	0
1	1
8	0
8	8
13	13
13	0
1	0
16	0
1	0
1	0
1	0
12	0
8	0
12	0
17	0
16	0
10	16
2	0
6	0
2	3
8	0
8	0
8	0
8	8
12	0
11	2
3	0
4	0
2	0
14	0
2	14
8	0
8	0
8	8
16	0
4	0
4	10
1	0
16	16
5	5
1	11
1	0
1	1
8	0
8	0
8	0
8	0
8	0
8	0
8	8
3	0
2	0
17	0
1	0
1	0
17	0
17	16
13	0
14	14
17	1
1	0
3	0
1	0
1	0
1	1
1	13
8	7
13	13
11	11
17	0
13	0
12	0
3	2
17	0
17	0
8	8
4	0
4	0
12	4
17	0
16	0
16	0
17	16
2	2
3	0
3	0
3	6
1	0
1	0
1	1
8	0
8	0
8	0
8	0
8	8
3	0
6	3
8	0
8	8
3	11
1	0
1	1
2	2
8	0
12	8
16	0
12	0
12	4
11	0
11	4
1	0
1	0
1	16
5	5
14	0
11	11
1	0
1	0
1	0
16	16
16	0
11	11
4	4
1	0
1	0
1	0
1	0
1	0
1	0
16	16
13	0
12	0
11	0
11	4
6	6
8	0
8	0
8	0
8	0
8	0
8	8
12	0
12	0
12	0
12	4
13	13
13	0
1	0
12	0
1	0
1	0
16	0
16	0
16	0
16	0
8	0
8	0
16	0
8	0
16	0
16	0
16	0
16	0
12	0
1	0
1	0
1	0
1	0
8	0
12	0
1	0
16	0
16	0
16	0
16	0
16	0
16	0
1	0
1	0
16	0
16	0
1	0
8	0
8	0
16	0
16	0
16	0
16	0
12	0
1	0
1	0
12	0
3	8
5	5
11	0
11	11
4	0
11	4
3	0
3	0
3	3
1	0
1	0
1	0
1	1
8	0
8	0
8	0
8	0
8	0
8	0
8	8
8	0
17	0
2	0
12	1
8	0
8	0
8	8
3	0
1	0
1	0
16	0
16	0
16	16
13	13
13	0
16	0
1	0
1	0
1	0
1	0
1	0
1	0
8	0
1	0
1	0
1	0
1	0
16	0
16	0
16	0
16	0
16	0
1	0
1	0
1	0
1	0
1	0
1	0
1	0
12	0
3	0
3	0
2	6
12	0
12	8
5	5
11	0
11	0
14	14
11	0
6	0
11	11
8	0
8	11
1	0
1	1
1	0
1	1
1	0
1	0
1	0
1	0
16	0
16	16
4	0
1	14
12	0
11	6
12	0
1	0
17	0
3	1
1	13
8	0
8	0
8	0
8	8
13	13
1	0
1	1
1	0
1	0
1	0
1	0
1	0
1	16
16	0
16	0
16	4
13	13
13	0
1	0
1	0
3	0
3	0
3	0
3	0
8	0
8	0
13	0
3	2
8	0
8	0
8	0
8	8
4	0
17	4
17	0
2	2
8	0
8	0
8	0
8	8
12	0
12	0
12	4
13	13
8	0
17	0
2	2
17	11
3	11
16	0
17	0
17	16
17	0
11	11
17	0
17	0
17	4
17	2
17	6
8	0
8	0
8	8
13	13
13	0
8	0
16	0
17	0
17	0
8	0
17	0
8	0
17	0
17	0
1	0
1	0
1	0
16	0
17	0
8	0
8	0
1	0
1	0
1	0
8	0
12	0
12	0
13	0
17	0
17	17
17	0
12	0
12	17
13	13
13	0
1	0
16	0
8	0
16	0
16	0
16	0
1	0
1	0
16	0
16	0
16	0
16	0
16	0
16	0
1	0
1	0
16	0
16	0
16	0
16	0
1	0
1	0
16	0
8	0
16	0
16	0
16	0
1	0
16	0
16	0
16	0
16	0
8	0
1	0
16	0
1	0
16	0
16	0
16	0
16	0
1	0
17	0
16	0
16	0
8	0
1	0
1	0
16	0
16	0
16	0
16	0
16	0
17	0
17	0
17	0
14	0
2	14
17	0
17	0
17	3
16	2
17	6
8	0
8	8
17	0
2	2
8	8
12	0
12	16
4	0
4	0
9	4
8	0
8	0
8	0
8	8
17	0
3	4
12	0
17	9
12	13
17	0
17	0
17	0
12	5
4	4
1	6
8	0
8	0
8	0
8	8
1	0
1	0
1	0
1	0
16	0
1	0
16	16
13	0
13	17
17	17
17	0
17	0
17	12
17	0
17	0
17	12
17	17
17	0
17	0
17	17
13	0
13	0
11	0
11	4
3	3
3	3
1	0
1	0
1	1
17	3
3	3
17	0
1	1
5	0
17	5
16	0
4	0
4	16
13	13
3	3
3	0
2	2
12	0
8	0
8	0
8	8
13	13
11	0
11	4
3	0
3	0
1	0
1	3
8	0
8	0
8	0
8	0
8	8
13	0
13	17
5	5
14	14
8	0
8	0
8	0
8	0
8	8
3	3
1	0
1	0
1	1
4	0
4	4
13	13
16	0
11	0
14	0
16	0
11	16
16	0
13	0
17	0
12	0
11	11
4	0
4	4
3	0
9	2
1	6
8	0
8	0
8	8
13	13
17	0
17	0
17	16
1	2
8	0
8	0
8	0
8	0
8	0
8	0
8	8
13	13
17	0
11	11
17	0
12	16
1	11
1	0
1	0
1	0
1	0
1	0
1	16
5	5
3	0
1	0
1	16
1	0
12	0
12	11
17	0
12	10
17	0
1	0
3	0
3	0
1	16
3	0
3	11
16	0
4	0
4	10
17	0
4	0
17	4
13	13
16	0
13	0
17	0
12	0
12	0
12	1
8	0
8	0
8	0
8	0
8	0
8	8
17	0
17	4
17	0
17	0
12	4
3	0
1	11
17	0
2	11
17	0
2	2
8	8
17	0
17	4
17	10
17	0
17	0
17	0
1	16
13	13
17	0
1	3
17	0
17	0
12	3
1	0
3	0
1	0
1	0
1	0
1	0
1	1
17	0
17	0
12	4
17	0
17	0
1	0
1	3
3	3
2	0
17	0
6	2
12	0
12	0
12	0
12	0
8	0
12	0
13	0
17	0
17	13
5	5
1	0
1	3
5	6
12	0
12	0
8	0
12	0
8	0
8	0
8	0
8	0
8	0
8	8
12	0
12	16
17	0
17	4
5	5
17	0
17	11
17	0
17	0
17	4
17	0
17	16
17	0
17	6
13	13
17	0
17	0
17	0
17	17
17	17
17	0
17	0
17	0
17	17
17	0
17	0
17	17
17	17
17	0
17	0
17	0
17	17
17	17
17	0
17	0
17	0
17	0
17	17
17	17
17	0
17	17
17	17
17	17
13	0
17	0
17	0
17	17
17	0
17	0
17	0
17	0
17	17
17	17
17	0
17	0
17	17
17	17
17	17
17	17
13	13
13	13
17	6
17	0
8	8
17	0
11	11
2	2
8	0
9	0
11	6
8	0
8	0
8	8
17	0
12	4
16	0
17	0
13	4
13	13
3	0
11	14
17	0
17	3
17	3
3	0
1	1
17	0
17	0
17	4
13	13
13	0
17	0
17	0
17	0
17	0
17	0
17	0
17	0
17	0
17	0
17	0
17	0
17	0
17	0
13	0
13	13
5	5
3	0
11	11
4	0
4	0
3	4
17	11
17	3
17	0
1	1
12	0
12	0
12	4
12	0
2	0
2	2
6	6
8	0
8	0
8	0
8	0
8	0
8	8
3	0
3	5
16	0
11	11
17	4
17	0
17	11
17	0
17	3
17	0
17	0
17	0
17	0
17	16
17	0
17	0
1	14
17	0
12	0
17	10
17	0
17	3
17	0
1	0
1	16
17	0
17	0
17	4
17	0
12	6
12	0
12	0
12	0
12	0
13	0
12	0
11	11
16	0
16	0
17	4
17	0
17	11
11	0
17	0
17	0
17	3
1	0
1	0
1	0
1	0
16	0
16	16
5	5
16	0
12	0
17	0
16	0
16	16
13	13
17	17
17	0
17	17
17	17
17	17
17	0
17	0
17	17
13	13
13	13
14	0
2	2
1	0
9	9
8	0
8	0
8	0
8	0
8	0
8	8
5	5
3	0
1	9
8	0
8	0
8	0
8	0
8	0
8	0
8	8
5	0
6	5
8	0
8	0
8	0
13	0
12	0
12	0
11	11
17	0
17	0
17	0
17	4
17	0
6	0
5	3
1	11
17	0
17	0
8	12
17	0
12	12
17	0
17	0
17	0
17	16
2	2
2	0
6	6
8	0
8	0
8	8
13	13
13	0
1	0
16	0
1	0
1	0
1	0
1	0
17	0
1	0
16	0
1	0
16	0
16	0
16	0
16	0
17	0
1	0
1	0
8	0
8	0
16	0
8	0
17	0
17	0
17	0
17	0
17	0
17	0
1	0
1	0
1	0
1	0
16	0
13	0
16	0
11	11
16	0
16	0
16	16
1	0
11	11
13	13
13	0
1	0
16	0
1	0
1	0
16	0
1	0
16	0
16	0
1	0
1	0
1	0
1	0
1	0
16	0
16	0
16	0
1	0
1	0
1	0
1	0
1	0
1	0
1	0
1	0
16	0
16	0
16	0
16	0
16	0
1	0
1	0
1	0
1	0
1	0
16	0
16	0
16	0
16	0
16	0
16	0
16	0
1	0
1	0
1	0
8	0
1	0
1	0
16	0
16	0
1	0
17	0
17	17
17	0
12	0
17	12
17	0
17	0
17	0
17	17
17	17
17	0
13	0
17	0
17	0
17	0
17	17
2	2
12	0
8	0
12	8
17	4
17	0
17	4
3	3
1	6
8	0
8	8
13	13
13	0
17	0
1	0
17	0
17	0
17	0
17	0
17	0
17	0
1	0
17	0
17	0
17	0
17	0
17	0
17	0
17	0
1	0
17	0
17	0
17	0
17	0
17	0
17	0
17	0
17	0
17	0
17	0
17	0
17	0
17	0
17	0
12	0
14	0
11	11
1	0
3	16
16	0
4	0
4	10
1	0
1	0
1	16
3	0
11	0
3	14
3	3
8	0
8	0
12	8
4	0
4	4
13	13
5	0
5	5
3	0
4	0
4	0
14	11
3	0
4	0
14	0
14	3
1	0
11	0
4	10
2	2
13	13
1	0
1	0
8	0
8	0
8	0
8	0
8	0
8	0
8	0
8	0
8	0
8	0
13	0
13	0
8	8
13	13
13	0
3	0
1	0
1	0
8	0
1	0
8	0
1	0
12	0
17	0
1	3
1	0
1	0
1	1
13	13
13	0
1	0
8	0
8	0
8	0
8	0
17	0
3	0
3	0
1	0
8	0
8	0
8	0
8	0
3	0
3	0
3	0
1	0
1	0
8	0
8	0
1	0
8	0
8	0
8	0
8	0
8	0
8	0
1	0
3	0
1	0
1	0
8	0
8	0
1	0
8	0
3	0
3	0
8	0
8	0
1	0
1	0
1	0
1	0
8	0
8	0
1	0
3	0
3	0
3	0
3	0
8	0
3	0
12	0
12	0
11	11
16	0
16	16
3	10
1	0
1	1
8	0
8	8
1	0
2	16
13	13
13	0
1	0
8	0
1	0
1	0
1	0
1	0
1	0
1	0
1	0
1	0
16	0
3	0
3	0
1	0
1	0
8	0
8	0
1	0
1	0
1	0
1	0
1	0
1	0
1	0
1	0
1	0
1	0
1	0
8	0
8	0
8	0
16	0
16	0
16	0
16	0
16	0
3	0
3	0
1	0
1	0
8	0
8	0
1	0
1	0
1	0
1	0
12	0
1	0
17	0
17	0
12	0
1	5
8	11
4	4
8	0
12	0
8	0
12	8
2	0
2	2
6	6
8	0
8	0
8	0
8	8
2	0
2	2
6	6
8	0
8	8
5	5
3	0
2	6
12	0
12	8
13	13
17	0
12	0
12	7
13	13
3	3
13	13
13	0
16	0
1	0
8	0
8	0
8	0
8	0
8	0
8	0
16	0
1	0
1	0
1	0
1	0
16	0
16	0
8	0
8	0
1	0
8	0
8	0
8	0
8	0
8	0
12	0
13	13
2	0
2	2
6	6
8	0
8	0
8	0
8	8
2	0
2	2
6	6
8	0
8	8
5	5
3	0
6	2
8	0
8	0
8	0
8	0
8	0
8	0
8	0
8	8
5	5
12	11
12	4
4	0
4	0
1	3
3	0
4	0
1	3
2	2
12	0
12	0
8	8
13	13
1	2
8	0
8	8
3	0
3	11
17	0
12	0
4	10
3	0
3	16
1	0
9	0
9	0
9	0
9	4
13	13
14	0
11	11
1	0
1	0
13	0
13	0
13	13
16	0
12	7
8	8
13	13
16	0
11	11
1	0
1	0
1	16
16	0
16	3
17	0
2	2
12	0
12	12
13	13
13	0
17	0
16	0
16	0
16	0
8	0
8	0
1	0
16	0
16	0
16	0
1	0
8	0
8	0
8	0
17	0
1	0
17	0
12	0
8	0
1	0
1	0
16	0
16	0
1	0
8	0
8	0
8	0
1	0
16	0
16	0
12	0
1	0
16	0
16	0
16	0
1	0
8	0
8	0
8	0
17	0
1	0
17	0
16	0
11	11
3	4
1	0
1	0
1	1
1	0
3	3
13	0
8	17
17	0
11	4
17	0
3	0
3	3
3	0
3	3
17	3
17	0
17	6
17	0
1	0
1	1
8	8
13	13
13	0
16	0
1	0
1	0
1	0
1	0
1	0
16	0
17	0
16	0
1	0
1	0
16	0
16	0
17	0
17	0
17	0
17	0
1	0
1	0
16	0
16	0
16	0
16	0
16	0
1	0
1	0
1	0
1	0
1	0
17	0
17	0
17	0
17	0
12	0
12	0
12	7
13	13
13	0
1	0
1	0
1	0
1	0
1	0
1	0
1	0
1	0
1	0
1	0
1	0
1	0
1	0
1	0
1	0
1	0
1	0
1	0
1	0
1	0
1	0
1	0
1	0
1	0
1	0
1	0
1	0
1	0
1	0
1	0
1	0
1	0
1	0
1	0
1	0
1	0
1	0
1	0
1	0
1	0
1	0
1	0
1	0
1	0
1	0
1	0
1	0
1	0
1	0
1	0
1	0
1	0
1	0
1	0
1	0
12	0
17	0
17	0
17	16
16	0
12	0
4	10
11	11
1	0
1	0
16	16
4	0
11	4
13	13
2	0
5	5
1	0
12	14
3	3
4	4
11	4
1	0
1	0
11	11
1	2
11	0
6	6
8	0
8	0
8	8
2	6
8	0
8	0
8	0
8	0
8	0
8	8
1	0
11	0
3	0
16	0
16	0
16	16
13	13
13	0
1	0
1	0
16	0
16	0
16	0
16	0
16	0
1	0
1	0
1	0
1	0
1	0
1	0
1	0
1	0
12	0
16	0
11	11
13	0
13	13
13	0
12	0
16	0
8	0
8	0
12	0
12	0
16	0
16	0
16	0
16	0
12	0
12	0
12	0
16	0
16	0
16	0
16	0
16	0
12	0
12	0
12	0
16	0
1	0
16	0
12	0
12	0
12	0
16	0
16	0
16	0
16	0
12	0
12	0
12	0
16	0
16	0
16	0
16	0
8	0
12	0
16	0
16	0
16	0
16	0
12	0
12	0
16	0
16	0
16	0
16	0
12	0
12	0
16	0
16	0
12	0
17	0
8	8
13	13
16	0
11	11
1	0
16	16
16	0
16	3
11	0
11	6
3	1
8	0
8	0
8	0
8	12
8	8
13	13
13	0
1	0
8	0
1	0
16	0
1	0
1	0
16	0
1	0
8	0
16	0
16	0
16	0
16	0
1	0
1	0
1	0
1	0
1	0
16	0
1	0
1	0
1	0
8	0
1	0
1	0
1	0
1	0
1	0
16	0
16	0
16	0
16	0
1	0
8	0
16	0
16	0
16	0
16	0
1	0
1	0
17	0
17	0
17	0
17	0
17	0
17	0
17	4
1	0
1	0
1	1
13	13
3	5
17	0
17	0
17	16
17	11
17	2
17	0
12	6
8	0
8	0
8	0
8	8
1	0
2	0
2	0
1	0
16	10
5	0
4	0
17	16
12	0
12	0
12	0
8	8
3	5
11	11
3	3
4	0
11	0
4	4
17	0
9	0
9	0
9	0
9	0
9	0
9	0
9	4
1	5
17	0
17	16
17	2
17	11
13	13
3	5
17	0
17	0
17	4
13	0
12	0
1	6
1	0
1	0
16	0
16	1
8	0
8	0
8	0
8	0
8	0
8	8
13	13
13	0
1	0
1	0
16	0
8	0
1	0
1	0
1	0
1	0
1	0
16	0
16	0
1	0
1	0
1	0
1	0
8	0
8	0
8	0
8	0
8	0
1	0
1	0
16	0
8	0
8	0
1	0
1	0
1	0
1	0
1	0
8	0
1	0
1	0
8	0
1	0
16	0
16	0
1	0
1	0
8	0
8	0
8	0
8	0
8	0
8	0
1	0
13	0
16	0
11	11
1	0
16	16
3	0
3	0
3	0
3	3
12	12
12	12
13	13
12	0
12	0
12	17
13	13
13	0
13	0
1	0
16	0
16	0
13	0
16	0
16	0
16	0
16	0
16	0
17	0
16	0
16	0
8	0
16	0
8	0
16	0
8	0
8	0
13	0
8	0
1	0
12	0
1	0
16	0
13	0
16	0
13	0
16	0
16	0
16	0
16	0
16	0
1	0
8	0
17	0
16	0
16	0
8	0
1	0
8	0
1	0
12	0
13	0
8	13
5	5
1	0
12	16
2	0
2	0
3	0
16	0
1	3
1	6
8	0
8	8
1	0
12	0
1	0
1	0
1	0
1	1
13	13
13	0
1	0
1	0
1	0
1	0
1	0
1	0
1	0
1	0
1	0
16	0
1	0
16	0
1	0
1	0
1	0
1	0
1	0
1	0
16	0
1	0
1	0
1	0
1	0
1	0
1	0
16	0
12	0
1	0
1	0
1	0
1	0
1	0
1	0
1	0
16	0
1	0
1	0
1	0
1	0
13	0
14	0
11	11
17	0
17	0
17	16
16	0
12	0
4	10
11	3
1	0
1	0
16	16
4	0
4	4
13	13
16	0
11	11
1	0
1	0
1	0
16	16
13	13
13	0
16	0
1	0
16	0
16	0
16	0
16	0
1	0
1	0
1	0
1	0
1	0
1	0
16	0
16	0
16	0
16	0
16	0
16	0
16	0
1	0
16	0
16	0
16	0
16	0
16	0
16	0
16	0
16	0
16	0
16	0
1	0
1	0
1	0
1	0
16	0
1	0
17	0
12	0
1	3
17	0
17	0
17	16
17	0
2	3
2	0
2	0
3	3
1	10
8	0
8	0
8	0
8	12
2	0
1	16
13	13
5	0
5	5
3	0
4	0
5	0
12	3
4	0
4	16
3	11
2	0
2	2
8	0
8	8
3	6
1	0
1	1
8	0
8	0
8	0
8	8
5	0
1	0
16	0
1	16
3	0
3	11
5	6
1	0
1	1
8	0
8	0
8	0
8	0
8	0
8	8
1	0
2	0
1	0
1	0
1	0
13	0
14	0
11	0
11	4
2	0
1	0
2	16
17	0
12	6
12	0
12	0
8	0
8	0
8	0
8	8
2	0
2	2
8	0
8	0
8	0
8	0
8	8
3	11
3	0
1	0
3	0
1	0
1	3
8	0
8	0
8	12
12	0
12	12
1	0
10	0
16	0
16	16
16	0
4	0
4	16
13	13
13	0
3	0
3	0
1	0
1	0
3	0
16	0
16	0
3	0
3	0
1	0
1	0
1	0
12	0
1	0
1	0
1	0
1	0
1	0
16	0
13	0
11	0
11	11
4	0
2	4
8	0
11	0
4	10
11	0
1	0
16	0
16	16
5	5
16	0
11	11
16	0
16	0
16	16
13	13
14	0
11	11
4	0
4	0
4	4
3	10
1	0
1	0
16	16
13	13
13	0
16	0
16	0
16	0
1	0
16	0
1	0
1	0
1	0
16	0
16	0
16	0
8	0
16	0
16	0
3	0
1	0
16	0
8	0
8	0
8	0
8	0
8	0
8	0
8	0
1	0
1	0
1	0
1	0
16	0
16	0
12	0
3	3
13	13
3	0
9	4
1	0
1	0
16	16
13	13
16	0
11	11
1	0
1	16
12	0
12	0
12	12
13	13
13	0
1	0
1	0
1	0
8	0
16	0
8	0
16	0
1	0
1	0
1	0
16	0
16	0
16	0
16	0
1	0
1	0
1	0
8	0
16	0
16	0
1	0
1	0
1	0
16	0
16	0
16	0
1	0
1	0
1	0
1	0
1	0
3	0
16	0
1	0
1	0
16	0
16	0
16	0
16	0
1	0
1	0
1	0
17	0
17	0
17	17
17	17
17	0
17	0
12	12
17	0
17	17
13	13
13	0
17	0
17	0
17	0
17	0
17	0
17	0
17	0
17	0
17	0
17	0
17	0
17	0
17	0
17	0
17	0
17	0
17	0
17	0
17	0
17	0
17	0
17	0
17	0
17	0
17	0
17	0
17	0
17	0
16	0
17	0
17	0
17	0
17	0
17	0
17	0
17	0
17	0
17	0
17	0
17	0
17	0
17	0
17	0
17	0
17	0
17	0
17	0
17	0
17	0
12	0
11	0
12	11
3	0
1	0
3	0
1	0
1	3
1	0
11	0
1	0
3	3
1	0
1	0
1	0
16	16
11	0
6	4
1	0
1	0
1	1
8	0
8	8
13	13
13	0
1	0
1	0
1	0
1	0
16	0
1	0
1	0
1	0
1	0
1	0
1	0
1	0
1	0
1	0
1	0
1	0
1	0
8	0
8	0
1	0
1	0
1	0
1	0
16	0
1	0
1	0
1	0
1	0
1	0
1	0
1	0
1	0
1	0
1	0
1	0
12	0
6	6
8	0
8	8
3	3
1	0
1	0
1	0
1	0
16	16
5	5
3	0
1	0
1	0
1	0
1	14
5	6
8	0
8	0
8	8
3	0
2	14
1	0
1	0
1	0
1	0
17	16
17	0
17	2
12	0
12	0
12	8
1	0
17	0
1	0
1	16
17	0
3	0
3	4
5	5
3	0
3	3
17	3
17	0
1	16
13	13
13	0
14	14
16	0
11	0
11	11
2	3
3	3
1	0
1	0
1	0
1	0
1	0
16	16
13	0
12	0
5	5
3	0
3	0
16	0
16	0
16	0
16	2
12	0
12	8
17	0
2	0
2	0
1	0
3	16
3	0
1	0
3	16
1	0
3	0
1	0
1	3
1	0
1	0
1	1
8	0
8	8
2	0
2	10
13	13
16	16
3	0
3	3
1	0
1	0
4	10
5	5
1	0
16	0
17	0
17	0
11	1
6	6
8	0
8	8
11	0
4	4
13	13
13	0
3	0
3	0
1	0
1	0
1	0
1	0
1	0
1	0
1	0
1	0
1	0
13	0
11	0
4	11
4	0
4	16
8	0
12	0
8	0
1	1
8	0
12	8
13	13
13	0
1	0
1	0
16	0
16	0
16	0
1	0
16	0
16	0
16	0
16	0
16	0
16	0
16	0
1	0
1	0
16	0
1	0
8	0
16	0
16	0
16	0
1	0
1	0
16	0
16	0
16	0
1	0
1	0
16	0
8	0
16	0
16	0
16	0
16	0
16	0
16	0
16	0
1	0
1	0
1	0
8	0
1	0
16	0
16	0
16	0
1	0
16	0
12	0
13	13
3	0
3	3
3	0
12	6
12	0
12	0
12	12
12	0
12	8
4	0
11	4
3	0
1	1
5	5
11	11
3	3
1	0
3	0
1	0
1	0
16	0
1	16
13	13
13	0
1	0
1	0
12	0
1	0
1	0
1	0
1	0
1	0
1	0
1	0
1	0
1	0
1	0
1	0
1	0
1	0
1	0
1	0
1	0
1	0
1	0
16	0
17	0
1	0
1	0
12	0
12	0
12	0
12	0
1	0
16	0
1	0
1	0
1	0
13	0
13	13
17	0
8	0
17	0
8	8
13	13
17	0
17	17
17	17
17	0
17	0
17	0
17	8
17	0
17	0
17	11
17	0
17	0
17	0
1	0
3	9
4	0
11	4
1	0
1	0
16	16
13	13
13	0
17	0
17	0
17	0
17	0
17	0
17	0
17	0
17	0
17	0
1	0
17	0
17	0
17	0
17	0
17	0
1	0
1	0
1	0
1	0
17	0
17	0
17	0
17	0
17	0
17	0
17	0
17	0
17	0
17	0
17	0
17	0
12	0
3	0
11	11
4	4
12	6
8	0
8	0
8	0
8	0
8	8
2	0
2	2
8	0
8	0
8	0
8	8
16	0
16	0
16	16
13	13
13	0
3	0
3	0
8	0
1	0
1	0
1	0
16	0
3	0
3	0
1	0
3	0
1	0
1	0
8	0
3	0
8	0
1	0
16	0
1	0
8	0
16	0
16	0
16	0
16	0
16	0
3	0
3	0
3	0
3	0
1	0
1	0
8	0
8	0
3	0
2	0
1	0
1	0
1	0
8	0
12	0
5	5
13	13
3	7
13	13
16	0
16	0
16	16
3	0
3	3
13	13
14	0
11	0
11	6
12	0
8	0
8	8
2	2
1	0
1	0
1	0
1	1
1	1
8	0
8	0
8	8
5	5
1	0
1	0
1	0
1	0
1	0
1	0
1	1
8	0
8	0
8	8
13	13
3	0
11	11
11	0
11	4
1	6
8	0
8	0
8	0
8	8
13	13
13	0
1	0
1	0
16	0
1	0
1	0
1	0
1	0
16	0
16	0
16	0
16	0
13	0
1	0
16	0
16	0
3	3
13	13
13	0
1	0
1	0
1	0
1	0
1	0
1	0
1	0
1	0
1	0
8	0
8	0
1	0
1	0
1	0
1	0
1	0
1	0
1	0
1	0
1	0
1	0
1	0
1	0
1	0
1	0
1	0
1	0
1	0
1	0
1	0
1	0
1	0
1	0
1	0
1	0
1	0
1	0
1	0
1	0
1	0
1	0
1	0
8	0
8	0
1	0
1	0
1	0
1	0
1	0
1	0
1	0
1	0
1	0
12	0
1	0
11	11
4	4
6	6
8	0
8	0
8	0
8	0
8	8
1	0
1	0
1	1
1	0
1	0
16	0
16	0
16	0
16	16
13	13
13	0
1	0
3	0
1	0
16	0
16	0
16	0
1	0
3	0
1	0
1	0
1	0
1	0
1	0
1	0
3	0
16	0
1	0
16	0
16	0
1	0
1	0
1	0
16	0
16	0
16	0
1	0
1	0
3	0
3	0
3	0
1	0
8	0
8	0
3	0
1	0
1	0
1	0
1	0
1	0
12	0
16	0
17	0
3	0
3	3
1	0
1	0
1	0
1	1
8	0
8	0
8	0
8	8
12	0
12	0
12	4
13	13
13	0
16	0
12	0
12	0
16	0
12	0
12	0
16	0
16	0
16	0
1	0
1	0
1	0
8	0
8	0
16	0
12	0
12	0
12	0
12	0
12	0
12	0
16	0
12	0
16	0
12	0
16	0
12	0
1	0
16	0
16	0
16	0
16	0
16	0
16	0
1	0
1	0
1	0
8	0
8	0
12	0
12	0
12	0
12	0
17	0
17	0
17	0
17	4
3	11
17	0
3	3
17	0
2	2
17	0
1	6
1	0
1	1
8	0
8	0
8	0
8	8
1	0
3	0
1	16
13	13
13	0
16	0
1	0
16	0
1	0
16	0
1	0
16	0
1	0
1	0
1	0
1	0
1	0
1	0
1	0
8	0
16	0
1	0
1	0
1	0
1	0
1	0
1	0
1	0
1	0
1	0
17	0
16	0
16	0
16	0
16	0
16	0
16	0
12	0
1	0
1	0
1	0
1	0
12	0
5	5
3	0
17	0
1	0
3	14
8	0
1	0
16	3
1	2
8	0
8	0
8	12
12	0
12	0
12	4
4	0
4	4
13	0
13	13
13	0
12	0
12	0
8	0
8	0
12	0
12	0
12	0
8	0
1	0
1	0
1	0
8	0
12	0
8	0
8	0
1	0
1	0
16	0
12	0
12	0
12	0
8	0
8	0
8	0
8	0
12	0
3	0
3	0
8	0
1	0
1	0
1	0
1	0
1	0
1	0
1	0
8	0
12	0
12	0
11	0
11	0
11	11
1	0
3	16
6	6
8	0
8	0
8	0
8	0
8	8
11	0
1	0
16	0
16	0
16	16
13	13
13	0
16	0
1	0
1	0
1	0
16	0
1	0
16	0
16	0
1	0
1	0
1	0
1	0
1	0
1	0
16	0
16	0
16	0
16	0
16	0
16	0
1	0
1	0
1	0
8	0
1	0
16	0
16	0
16	0
16	0
16	0
16	0
1	0
1	0
8	0
8	0
8	0
8	0
1	0
1	0
16	0
16	0
16	0
13	0
11	0
11	11
1	0
1	0
1	0
16	0
1	0
16	16
11	0
11	11
2	0
6	0
3	0
3	3
2	0
1	2
1	0
1	0
1	0
1	1
8	0
8	0
8	0
8	0
8	8
13	13
1	0
1	0
1	0
17	0
17	0
3	1
2	0
6	0
6	2
1	0
1	0
1	0
1	1
8	0
8	8
3	0
11	10
12	0
1	0
1	0
1	16
13	13
13	0
16	0
16	0
16	0
16	0
3	0
16	0
3	0
16	0
16	0
3	0
12	0
13	0
11	11
3	0
1	0
1	0
1	0
1	0
16	16
11	0
11	11
1	0
1	2
2	3
1	0
1	0
1	0
1	0
1	1
8	0
8	0
8	0
8	0
8	8
13	0
14	0
14	14
3	0
11	11
3	0
16	0
1	16
2	0
6	14
17	0
12	6
12	0
8	0
8	0
8	0
8	0
8	0
8	8
17	0
12	6
8	0
12	8
12	2
8	8
4	0
11	4
3	11
3	0
1	0
1	1
3	0
2	2
3	0
2	0
13	0
11	0
11	0
11	11
1	0
16	0
16	0
16	16
2	2
1	0
1	0
1	0
1	0
1	1
8	0
8	0
8	8
17	6
17	0
17	0
17	0
17	1
13	13
3	0
16	0
16	3
1	0
6	0
6	0
6	0
1	1
8	0
8	0
8	0
8	8
13	13
13	0
16	0
1	0
1	0
1	0
1	0
1	0
8	0
3	0
1	0
1	0
1	0
16	0
16	0
1	0
1	0
1	0
8	0
8	0
1	0
1	0
1	0
1	0
8	0
8	0
13	0
13	0
11	11
3	0
3	0
16	0
16	0
16	16
12	6
8	0
12	0
8	0
8	0
8	8
1	0
1	2
1	0
1	0
1	0
1	1
8	0
8	0
8	0
8	8
8	0
8	0
8	0
8	0
8	12
3	0
3	0
3	3
1	0
1	0
1	0
1	0
1	0
1	0
1	0
1	9
8	8
12	0
12	0
12	1
12	0
11	4
5	5
3	0
6	11
8	8
13	13
13	0
16	0
1	0
1	0
12	0
12	0
12	0
12	0
1	0
13	0
16	0
16	0
16	16
17	0
11	11
13	13
12	0
12	11
13	13
16	0
11	11
17	0
17	0
17	16
13	13
14	6
1	1
8	0
8	0
8	0
8	0
8	8
3	0
17	11
17	0
17	0
17	3
8	0
8	0
8	8
16	0
16	16
4	0
4	4
13	13
2	0
5	5
1	0
2	0
2	0
3	0
3	3
13	13
13	13
13	0
16	0
16	0
16	0
16	0
16	0
16	0
1	0
1	0
16	0
16	0
16	0
16	0
16	0
16	0
11	0
4	0
11	7
13	13
13	0
1	0
1	0
1	0
8	0
8	0
1	0
1	0
1	0
1	0
1	0
8	0
1	0
1	0
1	0
1	0
1	0
8	0
8	0
8	0
1	0
1	0
1	0
1	0
8	0
8	0
1	0
1	0
1	0
1	0
1	0
8	0
1	0
1	0
1	0
1	0
1	0
1	0
8	0
8	0
1	0
1	0
1	0
1	0
8	0
8	0
1	0
1	0
1	0
1	0
8	0
8	0
1	0
1	0
1	0
1	0
12	0
1	6
8	0
8	0
8	0
8	8
13	13
16	0
11	11
16	0
16	0
16	16
3	3
13	13
13	0
1	0
1	0
16	0
16	0
16	0
16	0
16	0
16	0
1	0
16	0
16	0
16	0
16	0
16	0
16	0
16	0
16	0
16	0
16	0
16	0
1	0
1	0
1	0
16	0
16	0
1	0
16	0
16	0
16	0
16	0
16	0
1	0
1	0
1	0
1	0
16	0
16	0
16	0
16	0
16	0
16	0
16	0
16	0
16	0
16	0
12	0
1	0
11	11
4	4
1	6
8	0
8	0
8	0
8	0
8	0
8	0
8	8
13	13
13	0
3	0
3	0
8	0
16	0
1	0
1	0
1	0
1	0
3	0
8	0
1	0
16	0
1	0
1	0
8	0
1	0
8	0
16	0
16	0
16	0
1	0
3	0
1	0
16	0
16	0
1	0
1	0
1	0
1	0
16	0
16	0
1	0
1	0
1	0
3	0
8	0
1	0
1	0
8	0
8	0
8	0
8	0
16	0
16	0
16	0
1	0
12	0
16	0
11	11
16	0
16	16
5	11
8	8
1	0
2	10
13	13
16	2
17	0
2	0
11	0
11	6
12	0
12	8
13	13
13	0
1	0
16	0
1	0
16	0
8	0
8	0
16	0
16	0
1	0
16	0
1	0
8	0
16	0
16	0
1	0
1	0
1	0
8	0
8	0
8	0
1	0
16	0
16	0
8	0
8	0
8	0
8	0
16	0
16	0
16	0
16	0
16	0
16	0
1	0
1	0
8	0
16	0
17	0
16	0
1	0
1	0
13	0
17	0
17	3
16	0
16	0
17	0
17	4
1	6
1	0
1	0
1	0
1	1
8	0
8	8
13	13
13	0
1	0
1	0
16	0
16	0
16	0
16	0
1	0
8	0
16	0
16	0
16	0
16	0
1	0
1	0
1	0
1	0
1	0
8	0
8	0
16	0
16	0
16	0
16	0
16	0
16	0
1	0
1	0
1	0
1	0
16	0
16	0
16	0
8	0
16	0
16	0
16	0
1	0
1	0
1	0
1	0
1	0
1	0
8	0
8	0
13	0
12	0
11	11
16	0
16	0
16	4
8	0
8	0
8	0
8	8
13	13
11	0
11	11
16	0
16	0
16	4
8	0
12	0
12	0
8	8
13	13
11	0
11	11
16	0
16	0
16	4
12	0
12	0
12	0
12	0
8	0
12	8
13	13
1	6
1	0
1	0
1	0
1	1
8	0
8	0
8	0
8	0
8	0
8	8
13	13
3	10
13	13
11	0
11	11
12	0
16	0
16	0
16	16
8	0
8	0
8	0
8	8
13	13
13	0
8	0
12	0
12	0
11	11
4	0
11	4
2	6
8	0
8	8
13	13
14	0
11	11
16	0
16	0
16	0
16	16
17	0
12	6
8	0
8	0
8	0
8	8
16	0
12	17
12	13
13	13
2	3
5	5
3	0
2	0
2	3
12	0
8	0
8	8
13	13
8	0
8	0
8	8
13	0
13	13
13	0
12	0
12	0
16	0
12	0
12	0
12	0
12	0
16	0
16	0
16	0
1	0
1	0
1	0
1	0
16	0
16	0
16	0
1	0
1	0
16	0
12	0
16	0
11	11
4	0
11	4
3	6
1	0
1	1
8	0
8	0
8	0
8	0
8	0
8	8
13	13
13	0
1	0
1	0
1	0
1	0
1	0
1	0
1	0
16	0
16	0
1	0
1	0
1	0
1	0
1	0
1	0
1	0
1	0
1	0
1	0
16	0
16	0
1	0
1	0
1	0
1	0
1	0
1	0
1	0
1	0
16	0
16	0
16	0
16	0
16	0
1	0
1	0
1	0
1	0
1	0
1	0
1	0
8	0
1	0
1	0
17	0
12	0
12	6
12	0
8	0
8	8
17	0
17	0
17	16
17	0
17	0
17	0
17	1
13	13
13	0
17	0
14	0
14	0
14	14
17	6
2	2
17	0
1	6
8	0
12	8
2	0
2	0
3	0
2	0
16	0
16	0
1	1
8	0
4	8
1	0
1	0
1	0
1	0
1	0
16	16
13	13
5	5
3	0
3	0
16	14
13	0
4	0
14	0
14	3
17	0
17	2
12	0
12	8
17	0
17	0
17	0
17	16
17	3
3	3
13	0
12	0
12	0
12	0
12	1
8	0
8	0
8	8
13	13
13	0
1	0
8	0
8	0
8	0
8	0
12	0
12	0
1	0
1	0
12	0
12	0
8	0
8	0
12	0
1	0
12	0
12	0
12	0
8	0
12	0
12	0
8	0
8	0
8	0
8	0
12	0
12	0
1	0
1	0
1	0
1	0
8	0
8	0
8	0
8	0
8	0
8	0
12	0
12	0
12	0
1	0
1	0
1	0
8	0
8	0
1	0
1	0
1	0
8	0
8	0
12	0
12	0
17	0
12	0
3	7
13	13
5	5
3	2
8	0
8	8
2	0
2	2
1	0
16	0
1	1
8	0
8	8
1	0
9	0
1	2
8	0
8	8
13	13
13	0
2	3
1	0
12	16
3	0
3	0
3	3
5	6
17	0
12	0
12	1
8	0
8	0
8	0
8	8
2	0
16	0
16	16
4	0
4	14
17	0
6	3
8	0
17	0
12	0
17	4
12	2
8	0
8	8
2	0
11	6
8	0
8	0
8	0
8	0
8	8
2	2
13	0
12	0
17	0
17	0
12	10
13	13
3	0
2	2
11	0
6	0
11	6
8	0
8	0
8	8
12	0
12	0
12	0
12	16
16	0
12	0
4	10
1	0
1	0
1	1
16	0
12	0
11	4
13	13
11	11
1	0
1	0
1	16
1	0
1	0
1	1
13	13
13	0
16	0
1	0
16	0
16	0
16	0
1	0
1	0
16	0
16	0
16	0
1	0
16	0
16	0
16	0
1	0
1	0
1	0
1	0
1	0
1	0
1	0
8	0
1	0
16	0
11	0
11	0
11	4
3	0
1	0
1	0
1	1
13	13
2	0
11	0
11	6
8	0
8	0
8	0
8	0
8	8
13	0
11	17
4	4
3	0
1	0
1	3
3	0
3	0
1	16
1	0
1	0
1	16
3	14
1	0
1	0
1	6
1	0
1	0
1	0
1	1
8	0
8	0
8	0
8	8
12	0
12	6
12	0
12	0
8	0
8	8
1	0
1	0
1	0
16	0
1	16
1	0
4	0
16	4
13	13
14	0
14	2
1	0
1	0
13	0
17	0
17	0
17	0
17	0
3	3
17	0
17	3
17	0
16	0
17	4
3	11
1	0
17	0
17	0
1	0
1	16
6	0
6	14
8	0
17	0
17	3
17	0
3	3
5	0
3	3
8	0
12	0
12	0
12	1
1	0
16	0
16	8
5	5
12	0
12	0
12	8
17	2
12	0
8	8
17	0
17	0
17	16
13	13
13	0
1	0
1	0
1	0
17	0
17	0
17	0
17	0
1	0
3	0
1	0
16	0
3	0
1	0
1	0
1	0
17	0
13	0
17	17
17	0
17	0
17	17
17	17
17	17
17	0
17	0
17	0
17	17
13	13
12	0
12	0
12	0
12	7
13	13
13	0
17	0
17	0
17	0
17	0
17	0
17	0
17	0
17	0
17	0
17	0
17	0
17	0
17	0
17	0
17	0
17	0
17	0
17	0
17	0
17	0
17	0
17	0
17	0
17	0
17	0
17	0
17	0
17	0
17	0
17	0
17	0
17	0
17	0
17	0
17	0
17	0
17	0
17	0
17	0
17	0
17	0
17	0
13	0
1	0
11	11
16	0
4	0
4	0
4	16
1	0
1	0
1	0
16	16
13	13
13	0
1	0
1	0
8	0
16	0
8	0
1	0
1	0
1	0
1	0
16	0
16	0
16	0
16	0
8	0
1	0
8	0
16	0
16	0
16	0
16	0
1	0
1	0
1	0
16	0
16	0
1	0
1	0
1	0
8	0
1	0
16	0
16	0
8	0
1	0
1	0
16	0
16	0
16	0
16	0
8	0
1	0
16	0
16	0
16	0
16	0
1	0
1	0
12	0
8	0
8	16
13	13
1	0
12	7
13	13
13	0
12	0
8	0
1	0
12	0
12	0
8	0
8	0
8	0
1	0
1	0
1	0
12	0
12	0
8	0
8	0
1	0
1	0
12	0
12	0
12	0
12	0
12	0
1	0
12	0
12	0
12	0
1	0
8	0
1	0
1	0
12	0
12	0
12	0
12	0
8	0
8	0
1	0
1	0
12	0
8	0
8	0
1	0
1	0
12	0
12	0
12	0
8	0
1	0
8	0
1	0
12	0
1	0
12	0
12	0
12	7
13	13
13	0
1	0
1	0
1	0
1	0
1	0
1	0
1	0
1	0
1	0
1	0
1	0
1	0
1	0
1	0
1	0
1	0
1	0
1	0
1	0
1	0
1	0
1	0
1	0
1	0
1	0
1	0
1	0
1	0
1	0
1	0
1	0
1	0
1	0
1	0
1	0
1	0
1	0
1	0
1	0
1	0
1	0
1	0
1	0
1	0
1	0
1	0
1	0
1	0
1	0
1	0
1	0
1	0
1	0
1	0
1	0
17	0
17	17
12	0
12	0
12	12
17	0
17	0
17	17
17	17
17	17
17	0
17	17
17	6
17	0
17	0
17	0
8	8
17	0
11	4
17	0
17	3
3	0
3	3
17	2
17	2
8	0
12	0
8	8
17	0
1	16
13	13
13	0
17	0
1	0
1	0
17	0
1	0
1	0
17	0
17	0
17	0
17	0
17	0
17	0
17	0
1	0
17	0
17	0
17	0
17	0
17	0
17	0
17	0
17	0
17	0
17	0
17	0
17	0
17	0
17	0
12	0
12	0
11	11
4	0
4	4
2	0
2	2
8	8
12	0
12	0
12	4
5	5
17	0
12	3
16	0
16	0
17	0
17	4
3	0
9	9
8	0
8	0
8	0
8	0
8	8
1	0
3	4
13	13
3	3
17	0
2	0
3	2
9	0
9	0
9	8
13	13
3	0
1	0
12	0
1	1
8	0
8	0
8	0
8	8
13	13
1	0
1	1
8	8
13	13
8	0
8	0
8	0
8	0
8	0
8	8
13	13
13	0
1	0
3	0
8	0
13	0
13	13
3	10
13	13
4	4
2	3
1	0
17	0
17	0
1	16
3	0
3	3
6	6
8	0
8	12
5	5
1	0
9	1
12	0
8	8
1	0
2	0
1	0
16	0
1	16
8	0
8	0
8	0
8	0
8	0
8	8
13	13
5	0
5	5
3	0
1	3
3	0
3	4
2	3
3	0
1	0
1	0
1	3
3	0
3	3
1	0
2	0
1	0
1	0
1	0
1	1
1	0
1	0
1	0
3	0
1	0
1	0
1	16
8	0
13	0
12	0
5	5
14	0
11	11
1	0
16	0
16	0
16	16
13	13
1	0
1	6
1	0
1	0
1	1
1	0
2	0
1	8
4	0
4	4
9	0
1	3
17	0
1	0
1	1
5	5
9	0
1	3
1	0
17	1
17	0
17	0
12	4
13	13
13	0
1	0
17	0
1	0
1	0
1	0
1	0
17	0
8	0
17	0
17	0
1	0
1	0
8	0
8	0
16	0
16	0
1	0
8	0
17	0
8	0
1	0
1	0
1	0
1	0
1	0
1	0
13	0
16	0
12	0
3	2
4	0
4	0
4	0
14	14
16	0
16	16
11	0
11	11
6	6
8	0
8	8
1	0
2	0
16	0
16	0
16	0
16	16
13	13
13	0
1	0
16	0
16	0
16	0
16	0
16	0
16	0
16	0
16	0
16	0
1	0
8	0
1	0
1	0
16	0
1	0
16	0
16	0
16	0
16	0
16	0
1	0
16	0
16	0
16	0
3	0
3	0
3	0
16	0
16	0
16	0
16	0
16	0
16	0
16	0
1	0
1	0
13	0
12	0
12	0
12	0
12	0
12	0
1	7
13	13
13	0
1	0
1	0
1	0
1	0
1	0
1	0
1	0
1	0
1	0
1	0
1	0
8	0
1	0
1	0
1	0
1	0
1	0
1	0
1	0
8	0
8	0
8	0
1	0
8	0
1	0
1	0
1	0
1	0
1	0
1	0
1	0
16	0
8	0
1	0
1	0
1	0
1	0
1	0
1	0
1	0
1	0
1	0
12	0
8	0
8	0
1	0
1	0
1	0
1	0
1	0
1	0
12	0
3	0
12	0
1	14
4	0
2	6
12	0
8	0
8	0
8	8
5	5
4	6
12	0
8	8
2	2
12	0
8	0
8	8
1	0
1	0
1	0
1	0
1	16
1	0
1	0
12	4
1	0
2	0
1	0
1	0
3	16
1	0
3	0
1	0
1	3
1	0
12	9
16	0
16	0
16	16
13	13
13	0
1	0
1	0
1	0
1	0
1	0
1	0
1	0
1	0
8	0
1	0
1	0
1	0
1	0
3	0
1	0
1	0
8	0
1	0
12	0
1	10
8	0
12	0
12	0
12	8
16	0
16	16
3	0
3	11
17	0
12	2
8	0
8	0
8	8
1	0
1	16
13	13
13	0
3	0
3	0
8	0
1	0
8	0
1	0
1	0
8	0
8	0
8	0
3	0
17	0
3	0
17	0
1	0
1	0
1	0
1	0
1	0
1	0
3	0
3	0
8	0
3	0
1	0
8	0
1	0
1	0
1	0
8	0
12	0
12	0
8	0
16	0
3	0
3	0
17	0
3	0
17	0
1	0
1	0
12	0
11	0
11	11
16	0
11	0
16	0
16	0
16	16
1	0
1	0
1	0
1	0
1	3
1	0
1	0
1	1
11	0
11	10
5	0
4	0
5	0
14	14
16	0
11	11
1	0
1	0
1	11
1	0
16	0
16	16
13	13
3	0
1	2
1	0
1	3
17	0
12	6
12	8
13	13
13	0
16	0
16	0
16	0
16	0
12	0
1	0
3	0
16	0
8	0
16	0
16	0
3	0
1	0
1	0
1	0
1	0
1	0
1	0
3	0
1	0
12	0
5	5
3	10
13	13
16	0
11	11
4	0
4	0
11	4
1	0
1	0
1	0
1	0
1	0
16	16
5	5
16	0
11	11
16	0
1	0
1	0
16	0
1	16
2	3
8	8
13	13
5	0
5	5
11	0
11	4
1	0
11	0
4	10
3	0
3	3
1	0
16	16
13	13
13	0
16	0
16	0
16	0
1	0
1	0
1	0
1	0
1	0
16	0
16	0
16	0
16	0
16	0
16	0
3	0
3	0
1	0
1	0
1	0
1	0
16	0
12	0
5	5
3	0
11	11
4	4
8	0
8	8
2	2
1	0
1	0
1	6
8	0
8	0
8	0
8	0
8	0
8	8
3	11
6	11
3	0
9	9
1	0
3	0
3	3
1	0
2	0
3	0
3	3
1	0
1	0
1	0
1	1
8	0
8	0
8	0
8	8
3	3
11	0
4	0
3	4
1	0
1	0
1	0
16	16
13	13
13	0
3	0
16	0
16	0
3	0
3	0
1	0
1	0
1	0
1	0
1	0
1	0
1	0
8	0
8	0
17	0
11	11
1	0
1	0
3	3
3	0
1	0
1	0
1	0
1	0
1	0
1	3
1	0
1	0
16	3
1	0
1	0
1	1
4	0
4	4
13	13
3	0
17	0
14	0
14	14
14	6
17	0
2	2
8	8
3	0
6	0
6	11
1	0
1	0
1	0
1	0
1	16
1	0
3	0
1	16
17	0
12	3
17	0
12	0
12	0
1	16
14	0
6	0
3	11
16	0
11	11
17	0
12	6
12	8
1	0
1	0
1	0
16	1
13	0
13	0
12	0
3	0
12	0
1	0
1	0
4	10
1	0
1	0
1	0
16	1
13	13
13	0
8	0
1	0
1	0
1	0
1	0
8	0
8	0
1	0
1	0
1	0
1	0
16	0
1	0
8	0
8	0
1	0
1	0
1	0
16	0
16	0
1	0
1	0
1	0
1	0
1	0
1	0
8	0
8	0
8	0
1	0
1	0
1	0
1	0
8	0
1	0
1	0
1	0
1	0
1	0
8	0
1	0
16	0
1	0
1	0
1	0
1	0
1	0
1	0
11	0
1	0
11	11
4	4
3	0
3	3
8	0
8	8
2	2
17	0
3	11
6	0
1	0
1	0
1	1
8	0
8	0
8	0
8	0
8	8
3	11
3	3
12	0
12	6
12	0
12	0
8	0
12	0
8	8
17	0
17	0
2	0
2	4
2	0
6	0
3	14
1	0
2	0
4	10
1	0
17	0
17	0
17	0
8	1
4	0
4	4
5	5
14	0
11	11
1	0
1	0
11	11
2	3
8	0
1	0
4	0
4	0
4	16
2	0
13	0
12	0
12	0
12	0
12	1
8	0
8	0
8	8
13	13
8	0
8	0
8	0
8	0
8	0
8	0
8	0
8	8
5	5
8	0
8	0
8	0
8	0
8	0
13	0
12	0
8	8
13	13
16	0
4	0
4	16
17	0
2	11
3	3
3	0
3	0
1	0
1	3
8	0
8	8
16	0
2	0
9	4
13	13
13	0
1	0
16	0
16	0
16	0
16	0
1	0
16	0
1	0
1	0
1	0
1	0
1	0
1	0
1	0
1	0
8	0
8	0
12	0
17	0
6	0
12	7
13	13
13	0
1	0
1	0
1	0
1	0
1	0
1	0
1	0
17	0
17	0
1	0
1	0
1	0
1	0
1	0
1	0
17	0
1	0
1	0
1	0
1	0
1	0
17	0
1	0
1	0
1	0
1	0
1	0
1	0
1	0
1	0
1	0
1	0
1	0
1	0
1	0
1	0
1	0
1	0
1	0
1	0
1	0
17	0
17	0
1	0
1	0
1	0
1	0
1	0
1	0
1	0
1	0
1	0
1	0
17	0
12	0
1	0
1	0
12	7
13	13
13	0
1	0
1	0
1	0
12	0
1	0
1	0
1	0
1	0
1	0
1	0
12	0
12	0
1	0
1	0
1	0
1	0
1	0
12	0
1	0
1	0
1	0
1	0
1	0
12	0
12	0
1	0
1	0
1	0
1	0
1	0
12	0
1	0
1	0
1	0
1	0
1	0
1	0
1	0
12	0
1	0
1	0
1	0
1	0
12	0
12	0
1	0
1	0
1	0
1	0
12	0
12	0
1	0
1	0
1	0
17	0
17	0
6	11
17	0
17	0
17	0
12	4
5	6
8	0
8	8
17	2
12	0
12	8
13	13
13	0
8	0
1	0
1	0
8	0
8	0
8	0
8	0
8	0
8	0
17	0
17	0
17	0
17	0
8	0
8	0
16	0
1	0
16	0
1	0
8	0
8	0
8	0
16	0
1	0
8	0
16	0
8	0
1	0
8	0
8	0
16	0
17	0
17	0
8	0
17	0
17	0
17	0
1	0
8	0
8	0
16	0
1	0
16	0
1	0
8	0
13	0
8	0
8	0
1	8
2	2
2	0
3	0
1	6
8	0
8	0
8	0
8	0
8	0
8	0
8	8
16	0
11	2
12	0
12	0
8	12
13	13
13	0
16	0
16	0
16	0
1	0
16	0
16	0
16	0
1	0
1	0
8	0
16	0
16	0
16	0
16	0
16	0
16	0
8	0
16	0
16	0
16	0
16	0
16	0
16	0
16	0
16	0
1	0
8	0
16	0
16	0
16	0
16	0
1	0
1	0
8	0
8	0
8	0
8	0
16	0
17	0
17	17
17	0
17	0
17	17
17	17
17	0
17	17
17	0
17	17
17	0
17	0
17	0
17	17
17	17
17	17
13	13
17	17
17	17
17	17
17	0
17	17
13	13
17	0
17	17
17	17
17	0
17	17
17	0
17	17
17	0
17	0
17	0
17	17
17	17
17	17
17	17
17	0
17	0
17	17
17	17
17	0
17	0
17	17
13	13
17	17
17	0
17	0
17	0
17	0
17	17
17	17
17	0
17	17
17	17
17	0
17	17
13	13
13	0
17	0
13	0
8	0
8	0
8	0
8	8
13	13
13	0
1	0
8	0
8	0
8	0
1	0
1	0
1	0
1	0
1	0
8	0
8	0
8	0
1	0
1	0
1	0
1	0
1	0
8	0
8	0
8	0
1	0
1	0
8	0
8	0
8	0
1	0
1	0
1	0
1	0
1	0
8	0
1	0
8	0
1	0
1	0
1	0
1	0
8	0
8	0
1	0
1	0
1	0
8	0
8	0
8	0
1	0
1	0
1	0
8	0
1	0
8	0
1	0
1	0
13	0
13	13
14	0
11	11
16	0
16	0
12	4
4	0
11	0
4	10
11	0
11	0
11	11
1	0
11	0
17	0
1	0
1	16
13	13
3	3
1	0
1	0
1	0
1	0
1	0
3	1
3	0
12	0
12	0
2	1
8	0
8	0
8	8
4	0
4	0
4	0
4	4
3	0
3	3
1	0
4	0
11	0
1	16
3	0
1	0
1	0
16	0
16	16
13	13
14	0
11	0
11	11
1	0
3	0
1	0
1	16
2	3
1	0
12	2
13	0
13	0
1	0
12	0
9	1
8	0
8	0
8	0
8	0
8	0
8	0
8	8
13	13
6	6
8	0
8	0
8	8
13	13
13	0
1	0
1	0
1	0
8	0
8	0
8	0
1	0
1	0
1	0
1	0
8	0
8	0
8	0
8	0
1	0
1	0
1	0
8	0
8	0
8	0
1	0
1	0
1	0
1	0
8	0
8	0
8	0
1	0
1	0
1	0
1	0
1	0
1	0
8	0
8	0
8	0
8	0
8	0
8	0
1	0
1	0
1	0
17	0
17	17
12	0
12	0
12	12
17	0
17	0
17	0
17	0
17	17
13	13
17	0
17	0
17	17
13	13
17	0
17	17
17	6
17	0
1	0
1	1
8	0
8	0
8	0
8	0
8	8
3	0
3	11
17	0
17	11
17	3
17	0
17	0
17	0
17	0
16	16
4	0
4	4
12	0
12	6
12	0
12	0
12	0
12	0
12	8
3	11
3	11
3	0
3	0
3	0
3	0
3	16
13	13
13	0
3	0
1	0
17	0
17	0
17	0
1	0
12	0
3	0
12	6
12	0
8	0
8	0
8	8
4	0
11	4
12	0
8	8
5	5
3	0
6	0
3	0
3	3
3	4
3	0
3	0
3	3
1	0
17	0
1	1
13	0
13	17
11	0
11	4
1	0
6	0
1	0
1	1
13	13
13	0
3	0
1	0
1	0
1	0
1	0
16	0
1	0
1	0
1	0
1	0
1	0
8	0
1	0
3	0
1	0
1	0
1	0
12	0
16	0
16	0
1	0
1	0
1	0
1	0
16	0
16	0
16	0
12	0
12	4
3	0
4	3
3	0
1	0
1	0
16	0
16	16
3	0
6	14
1	11
1	0
1	0
1	6
1	0
3	0
1	0
1	0
1	0
1	0
1	0
1	0
1	1
8	0
8	8
2	2
12	0
12	12
5	5
12	0
12	12
12	17
12	0
2	0
12	0
12	17
12	0
12	0
12	0
8	0
12	8
4	0
4	0
4	4
3	0
3	0
2	0
3	16
16	0
12	0
9	4
13	13
5	5
17	0
12	9
17	0
17	3
3	0
13	0
13	0
1	17
8	8
2	2
6	0
6	6
8	0
8	0
8	8
16	0
16	0
16	0
16	16
11	11
3	0
12	0
3	16
3	0
3	10
1	0
1	0
1	0
1	16
13	13
13	0
1	0
1	0
1	0
1	0
8	0
1	0
16	0
3	0
3	0
16	0
1	0
16	0
3	0
1	0
1	0
1	0
1	0
1	0
1	0
1	0
1	0
1	0
1	0
4	0
16	0
2	0
8	0
8	0
8	0
1	0
1	0
16	0
3	0
3	0
3	0
12	0
2	0
2	2
12	0
8	0
8	8
4	0
2	4
8	0
8	0
8	0
8	0
8	0
8	9
8	0
8	0
8	8
2	0
2	2
8	0
8	0
8	0
8	0
8	0
8	8
12	0
12	0
12	4
5	5
17	0
17	0
17	2
17	6
8	0
8	0
8	8
4	0
4	0
2	4
3	0
6	11
1	0
3	0
1	0
1	16
1	0
9	0
1	2
8	0
8	0
8	0
8	8
2	0
3	10
1	0
1	0
1	0
1	16
5	5
13	0
12	0
12	0
12	0
12	16
16	0
16	0
16	16
13	13
11	0
11	11
4	0
4	4
3	0
9	9
8	0
8	0
8	0
8	0
8	0
8	8
1	0
3	0
1	3
12	0
12	0
12	4
13	13
3	0
2	2
5	5
3	0
3	0
2	2
11	0
11	11
2	4
3	0
12	0
12	10
1	0
1	0
1	0
16	1
12	0
12	0
12	4
13	13
13	0
1	0
8	0
16	0
1	0
16	0
16	0
3	0
3	0
3	0
3	0
1	0
1	0
3	0
3	0
3	3
1	0
3	0
1	0
3	0
1	0
16	0
16	1
13	13
13	0
1	0
1	0
1	0
1	0
16	0
1	0
1	0
1	0
1	0
1	0
16	0
16	0
1	0
1	0
1	0
1	0
16	0
16	0
16	0
16	0
1	0
1	0
1	0
1	0
16	0
1	0
1	0
1	0
1	0
16	0
16	0
16	0
16	0
1	0
1	0
1	0
1	0
1	0
1	0
1	0
1	0
16	0
16	0
16	0
16	0
1	0
1	0
1	0
8	0
5	5
1	0
1	0
1	1
5	5
12	0
12	1
13	13
13	0
1	0
1	0
1	0
1	0
1	0
1	0
1	0
1	0
1	0
16	0
1	0
1	0
1	0
1	0
1	0
1	0
1	0
1	0
1	0
1	0
1	0
1	0
1	0
1	0
1	0
1	0
1	0
1	0
1	0
1	0
16	0
1	0
1	0
1	0
1	0
1	0
1	0
1	0
1	0
1	0
1	0
1	0
1	0
1	0
1	0
1	0
1	0
1	0
1	0
1	0
12	0
2	0
14	2
8	0
8	0
8	8
16	0
12	4
9	9
8	0
8	0
8	8
2	0
3	0
3	2
2	0
3	17
1	0
1	0
1	0
1	16
3	0
3	0
3	3
4	0
4	0
4	0
2	3
1	0
1	0
1	0
1	16
1	0
17	0
17	4
1	0
17	0
17	0
16	0
16	16
13	13
4	0
13	0
4	7
13	13
13	0
8	0
1	0
1	0
8	0
1	0
8	0
16	0
1	0
1	0
16	0
1	0
1	0
16	0
1	0
12	0
11	11
16	0
16	0
16	3
13	0
17	0
13	13
17	0
17	7
3	7
13	13
13	0
17	0
17	0
16	0
1	0
1	0
1	0
1	0
16	0
16	0
16	0
17	0
1	0
1	0
17	0
17	0
16	0
16	0
17	0
12	0
12	0
1	0
17	0
17	0
17	0
1	0
1	0
1	0
16	0
16	0
16	0
16	0
12	0
1	0
1	0
3	0
16	0
17	0
17	0
17	0
17	0
16	0
17	0
12	0
12	0
12	0
1	0
8	0
13	0
1	0
11	11
4	0
4	16
8	0
8	0
8	8
3	0
1	0
16	16
13	13
13	0
1	0
3	0
8	0
16	0
1	0
1	0
1	0
8	0
8	0
16	0
1	0
16	0
1	0
1	0
8	0
8	0
1	0
16	0
16	0
16	0
1	0
1	0
3	0
1	0
16	0
1	0
1	0
8	0
8	0
1	0
16	0
16	0
1	0
1	0
1	0
3	0
8	0
3	0
1	0
8	0
1	0
16	0
16	0
16	0
16	0
1	0
1	0
13	0
5	5
8	0
8	0
8	8
13	13
13	0
8	0
8	0
8	0
8	0
8	0
8	0
1	0
1	0
8	0
8	0
8	0
8	0
8	0
1	0
1	0
8	0
8	0
8	0
8	0
8	0
1	0
1	0
8	0
8	0
8	0
8	0
8	0
1	0
1	0
8	0
8	0
8	0
8	0
8	0
8	0
8	0
8	0
8	0
8	0
8	0
1	0
1	0
8	0
8	0
8	0
8	0
1	0
8	0
8	0
8	0
8	0
8	0
1	0
8	0
5	5
1	6
8	0
8	0
8	0
8	0
8	8
13	13
13	0
1	0
1	0
1	0
1	0
1	0
1	0
1	0
8	0
1	0
8	0
8	0
8	0
1	0
1	0
1	0
8	0
8	0
8	0
8	0
8	0
1	0
1	0
1	0
1	0
1	0
1	0
1	0
1	0
1	0
8	0
8	0
8	0
8	0
1	0
1	0
1	0
1	0
1	0
1	0
1	0
8	0
8	0
8	0
16	0
1	0
1	0
1	0
1	0
1	0
1	0
12	0
16	0
11	11
3	0
1	0
1	16
13	13
11	0
11	4
16	0
11	0
1	0
3	3
1	0
1	0
1	0
1	0
1	1
13	13
3	0
3	3
16	0
2	0
2	2
11	0
11	11
1	0
3	0
1	0
3	3
13	13
2	0
5	5
16	0
11	11
1	0
16	0
16	0
16	16
6	6
8	0
8	0
8	8
13	13
13	0
1	0
16	0
16	0
16	0
16	0
16	0
16	0
16	0
3	0
1	0
16	0
1	0
16	0
1	0
1	0
11	0
4	0
11	4
3	0
1	1
3	0
3	0
3	9
1	0
2	2
8	8
17	0
12	10
12	0
11	16
13	13
3	0
6	2
1	0
1	0
1	0
1	0
1	0
1	8
13	13
3	0
11	2
1	0
1	0
1	0
1	8
13	13
3	0
3	2
4	2
8	0
8	8
3	0
1	8
13	13
5	5
3	0
3	0
3	3
3	3
1	0
12	6
12	0
8	0
8	0
12	0
8	8
4	4
4	0
11	11
1	0
2	0
1	4
1	0
13	0
13	0
1	0
11	11
4	0
4	4
3	0
6	0
3	0
3	3
13	0
2	0
13	13
8	0
8	8
13	13
13	0
16	0
1	0
8	0
1	0
3	0
16	0
16	0
16	0
16	0
3	0
3	0
3	0
3	0
1	0
16	0
16	0
8	0
1	0
16	0
16	0
16	0
16	0
1	0
8	0
1	0
3	0
16	0
16	0
16	0
16	0
16	0
16	0
16	0
16	0
3	0
3	0
3	0
3	0
2	0
16	0
16	0
1	0
1	0
8	0
13	0
9	9
8	0
4	0
4	0
4	8
2	6
12	0
12	8
3	0
3	3
1	0
1	0
3	16
13	13
13	0
1	0
1	0
1	0
16	0
16	0
8	0
16	0
16	0
16	0
8	0
16	0
1	0
8	0
8	0
16	0
1	0
1	0
16	0
16	0
16	0
16	0
16	0
1	0
1	0
8	0
16	0
8	0
16	0
16	0
1	0
1	0
8	0
8	0
8	0
16	0
16	0
12	0
8	0
3	0
3	0
1	0
1	0
1	0
16	0
13	0
12	0
3	7
13	13
13	0
8	0
8	0
1	0
8	0
1	0
1	0
8	0
8	0
1	0
1	0
1	0
1	0
1	0
8	0
1	0
1	0
1	0
1	0
1	0
1	0
8	0
8	0
1	0
1	0
1	0
1	0
1	0
8	0
1	0
16	0
1	0
1	0
1	0
1	0
8	0
1	0
1	0
1	0
1	0
1	0
1	0
1	0
16	0
1	0
1	0
1	0
8	0
1	0
16	0
1	0
1	0
1	0
1	0
1	0
16	0
13	0
1	0
11	11
4	0
4	0
4	4
1	0
3	0
1	0
1	9
8	0
8	8
13	13
8	0
8	0
8	8
13	13
13	0
1	0
16	0
1	0
1	0
16	0
16	0
16	0
16	0
1	0
1	0
1	0
1	0
1	0
16	0
1	0
8	0
8	0
8	0
16	0
13	0
16	0
1	0
8	0
1	0
16	0
16	0
16	0
8	0
16	0
16	0
16	0
16	0
16	0
1	0
1	0
1	0
1	0
1	0
1	0
1	0
8	0
1	0
13	0
8	0
8	8
13	13
13	0
1	0
1	0
8	0
8	0
16	0
1	0
1	0
1	0
1	0
8	0
8	0
1	0
1	0
1	0
1	0
1	0
8	0
8	0
16	0
1	0
1	0
1	0
1	0
8	0
8	0
1	0
1	0
1	0
1	0
1	0
8	0
16	0
1	0
1	0
1	0
1	0
1	0
8	0
8	0
1	0
1	0
1	0
1	0
8	0
16	0
1	0
1	0
1	0
1	0
8	0
16	0
1	0
1	0
1	0
1	0
13	0
12	0
12	0
12	11
16	0
16	0
16	16
2	6
1	0
1	0
1	1
8	0
8	0
8	0
8	8
13	0
13	13
13	13
1	0
1	0
3	16
12	0
4	0
14	0
14	14
11	0
11	11
5	0
3	3
3	0
11	0
3	16
1	2
6	6
8	0
8	0
8	8
1	0
1	0
1	0
1	16
13	13
13	0
3	0
1	0
14	0
1	0
3	0
1	0
16	0
16	0
16	0
1	0
1	0
1	0
1	0
1	0
1	0
13	0
13	0
12	0
5	5
3	0
1	0
1	0
1	0
1	0
1	0
3	3
4	0
11	0
4	0
3	4
1	0
1	0
1	0
1	0
1	0
1	1
8	0
8	0
8	8
16	0
2	0
16	0
16	16
2	3
17	0
3	0
4	10
3	3
1	1
5	0
3	0
3	14
11	0
11	11
3	0
6	11
17	0
17	3
3	3
3	0
3	0
1	0
3	16
13	13
3	0
1	0
3	0
3	0
3	0
1	0
1	1
4	0
4	4
12	6
8	0
17	0
13	0
17	0
5	5
17	17
17	0
17	17
13	13
12	0
3	0
3	0
3	7
13	13
14	0
11	11
4	0
4	0
4	4
8	0
8	0
8	0
8	0
8	0
8	0
8	8
2	0
3	0
1	0
16	3
9	9
8	0
8	0
8	8
8	0
2	0
17	0
17	0
2	16
12	0
12	8
16	0
17	0
2	16
2	0
3	2
3	0
3	3
1	0
3	16
17	0
17	2
1	0
1	0
1	0
1	0
1	0
8	0
8	0
8	8
2	2
17	17
13	0
17	0
5	5
17	17
17	17
17	17
17	0
17	17
13	13
17	17
17	0
17	17
17	0
17	17
17	17
13	13
17	17
17	17
17	17
13	13
17	17
17	17
13	13
17	0
17	0
17	17
17	17
13	13
13	0
17	0
17	0
17	0
17	0
17	0
17	0
17	0
17	0
17	0
17	0
17	0
17	0
17	0
17	0
17	0
17	0
17	0
17	0
17	0
17	0
17	0
17	0
17	0
17	0
17	0
17	0
17	0
17	0
17	0
17	0
17	0
17	0
12	0
11	8
17	0
17	0
17	4
17	0
17	3
3	6
1	0
1	0
1	1
8	0
8	0
8	8
2	0
9	0
1	2
8	0
8	0
8	8
8	0
1	0
16	0
16	0
16	16
5	5
12	6
8	0
8	0
8	0
8	0
8	0
8	8
1	0
1	0
16	0
16	0
16	16
13	13
13	0
1	0
1	0
1	0
1	0
16	0
16	0
1	0
1	0
8	0
17	0
17	0
16	0
1	0
1	0
1	0
1	0
1	0
1	0
8	0
1	0
13	0
4	7
13	13
13	0
1	0
16	0
16	0
16	0
16	0
8	0
8	0
1	0
16	0
16	0
16	0
12	0
1	0
1	0
1	0
16	0
16	0
16	0
8	0
8	0
1	0
16	0
1	0
16	0
16	0
1	0
1	0
1	0
1	0
16	0
1	0
1	0
1	0
1	0
1	0
1	0
16	0
16	0
16	0
1	0
1	0
1	0
16	0
1	0
1	0
1	0
1	0
1	0
16	0
16	0
1	0
1	0
1	0
1	0
16	0
1	0
12	0
5	5
16	0
11	11
16	0
16	0
16	16
2	2
3	0
1	0
1	0
1	1
8	0
8	8
13	0
2	0
3	0
3	3
13	0
13	17
12	0
11	11
16	0
16	0
16	16
1	6
8	0
8	0
8	8
13	13
3	0
6	0
3	0
1	16
3	3
13	13
5	5
14	0
11	11
1	0
1	0
1	16
3	11
3	3
3	0
11	11
5	0
3	3
11	0
11	10
12	0
11	0
17	0
1	16
13	13
13	0
16	0
16	0
1	0
16	0
17	0
17	17
12	0
12	0
12	12
12	12
13	13
17	0
8	0
8	0
8	0
17	0
17	8
17	17
17	0
17	0
17	0
17	0
17	8
3	0
3	0
3	0
3	3
3	0
3	0
1	0
9	0
9	1
8	0
8	8
2	2
3	0
11	11
17	0
2	2
12	12
16	0
4	0
4	16
13	0
8	17
1	0
1	0
1	16
3	11
3	3
13	13
13	0
17	0
17	0
16	0
8	0
17	0
1	0
17	0
16	0
17	0
17	0
17	0
17	0
12	0
12	0
11	11
17	0
4	0
4	16
3	2
3	0
9	9
1	0
1	0
1	0
1	0
1	0
1	1
8	0
8	8
13	13
13	0
1	0
1	0
8	0
1	0
8	0
16	0
8	0
3	0
3	0
3	0
8	0
8	0
1	0
1	0
1	0
1	0
1	0
8	0
16	0
16	0
1	0
1	0
1	0
8	0
8	0
16	0
8	0
1	0
1	0
8	0
16	0
16	0
3	0
8	0
8	0
8	0
8	0
1	0
1	0
1	0
1	0
12	0
3	0
6	6
8	0
8	0
8	8
16	0
16	4
2	2
12	12
5	5
16	0
16	0
16	0
16	0
16	16
11	0
6	3
2	0
6	0
6	2
8	0
8	8
2	2
12	0
12	0
12	8
5	5
3	0
12	0
14	0
14	3
12	3
5	6
17	0
8	0
8	8
2	2
12	0
12	12
12	12
13	13
3	0
3	0
3	3
3	0
2	2
8	0
8	8
2	2
12	12
13	13
16	0
2	0
14	0
2	2
12	0
8	0
8	0
13	0
13	0
1	0
1	0
1	1
8	0
8	0
8	0
8	0
8	0
8	8
13	13
13	0
1	0
1	0
1	0
8	0
1	0
1	0
1	0
1	0
8	0
8	0
8	0
8	0
1	0
1	0
1	0
8	0
8	0
8	0
8	0
8	0
1	0
1	0
1	0
1	0
8	0
1	0
1	0
1	0
8	0
8	0
8	0
8	0
8	0
1	0
1	0
1	0
1	0
1	0
1	0
8	0
8	0
8	0
8	0
8	0
8	0
1	0
1	0
1	0
17	0
1	6
6	0
6	0
11	0
11	8
3	11
1	0
1	0
1	3
8	0
2	0
2	2
11	0
11	6
12	0
12	0
8	0
12	8
4	0
17	0
1	0
1	0
1	1
3	3
2	2
12	0
12	8
12	0
12	0
12	4
4	0
4	4
5	5
2	0
3	0
3	3
8	0
8	8
16	0
17	0
17	0
17	4
3	0
16	0
16	0
4	16
11	0
11	11
2	2
8	0
8	0
8	0
8	8
2	2
11	0
6	6
8	8
2	0
13	0
12	0
16	0
11	11
4	0
16	16
3	6
1	0
1	1
8	0
8	8
3	3
3	0
2	0
2	3
13	13
13	0
1	0
16	0
1	0
16	0
1	0
1	0
16	0
16	0
16	0
16	0
3	0
16	0
1	0
1	0
8	0
1	0
1	0
1	0
16	0
16	0
16	0
1	0
1	0
1	0
1	0
1	0
1	0
16	0
16	0
16	0
16	0
16	0
16	0
16	0
16	0
3	0
1	0
1	0
8	0
8	0
1	0
1	0
1	0
16	0
13	0
16	0
11	11
1	0
3	16
2	6
8	0
8	8
3	11
1	0
17	0
17	0
1	16
13	13
13	0
1	0
16	0
16	0
16	0
16	0
16	0
16	0
16	0
16	0
16	0
16	0
16	0
16	0
16	0
16	0
16	0
16	0
16	0
16	0
16	0
16	0
16	0
16	0
16	0
1	0
16	0
16	0
16	0
16	0
16	0
16	0
16	0
16	0
16	0
1	0
1	0
1	0
8	0
16	0
16	0
16	0
16	0
16	0
16	0
16	0
8	0
1	0
5	5
1	0
1	0
1	0
1	1
8	0
8	0
8	0
8	0
8	8
13	13
13	0
1	0
1	0
8	0
8	0
16	0
1	0
1	0
16	0
8	0
1	0
8	0
1	0
8	0
1	0
1	0
8	0
8	0
16	0
16	0
16	0
1	0
1	0
8	0
16	0
8	0
8	0
8	0
16	0
1	0
1	0
16	0
8	0
1	0
1	0
8	0
1	0
1	0
1	0
1	0
1	0
8	0
16	0
16	0
16	0
8	0
1	0
13	0
8	0
8	0
8	0
8	0
8	8
13	13
12	0
12	0
12	0
12	7
13	13
13	0
1	0
1	0
1	0
8	0
1	0
8	0
1	0
1	0
1	0
1	0
1	0
8	0
8	0
8	0
1	0
12	0
12	0
8	0
8	0
8	0
8	0
1	0
1	0
1	0
8	0
1	0
1	0
1	0
12	0
8	0
8	0
8	0
8	0
1	0
1	0
1	0
1	0
1	0
8	0
1	0
12	0
12	0
8	0
8	0
8	0
1	0
1	0
12	0
3	0
11	11
4	4
3	6
8	0
8	8
5	5
3	0
3	0
1	3
12	12
17	0
12	11
12	3
3	0
17	0
17	1
16	16
17	0
17	0
17	4
17	0
17	0
11	0
9	2
1	0
1	0
1	1
8	0
8	8
17	0
12	10
12	4
13	13
11	0
11	11
11	0
11	4
3	0
1	0
1	0
1	1
13	13
13	0
1	0
3	0
16	0
3	0
16	0
1	0
1	0
12	0
1	0
1	0
1	0
1	0
16	0
16	0
12	0
13	0
8	1
2	0
2	2
8	8
13	13
14	0
14	2
12	0
12	0
8	0
12	0
12	0
12	8
3	0
3	0
3	0
3	0
3	16
1	0
1	0
1	0
1	0
1	0
16	0
2	1
12	0
8	0
8	8
13	13
14	0
11	0
11	11
3	0
1	0
16	0
16	0
16	16
3	3
1	0
3	0
1	0
1	0
3	3
3	0
3	14
3	3
3	0
1	1
2	0
1	0
1	0
16	0
16	16
13	13
16	0
2	0
3	0
3	3
13	0
11	0
11	11
16	0
16	0
16	3
13	13
11	11
16	0
16	0
16	3
13	13
13	0
1	0
3	0
1	0
1	0
1	0
1	0
3	0
3	0
3	0
1	0
16	0
16	0
1	0
3	0
1	0
3	0
1	0
1	0
1	0
1	0
1	0
3	0
3	0
1	0
1	0
1	0
3	0
3	0
1	0
1	0
1	0
16	0
16	0
1	0
11	0
1	0
1	0
16	0
16	0
1	0
1	0
1	0
16	0
1	0
1	0
1	0
3	0
11	0
12	0
17	0
17	7
3	7
13	13
14	0
11	0
11	6
8	0
8	0
8	0
8	0
8	8
16	0
16	16
2	2
6	6
8	0
8	0
8	8
17	0
2	16
13	13
4	0
1	14
3	3
1	0
1	0
1	0
1	1
4	0
4	4
13	13
13	0
16	0
16	0
1	0
1	0
1	0
1	0
1	0
16	0
1	0
1	0
1	0
1	0
1	0
16	0
16	0
16	0
1	0
16	0
16	0
16	0
1	0
16	0
16	0
16	0
16	0
16	0
12	0
14	0
11	11
3	0
1	4
16	0
16	0
1	3
2	0
11	0
1	1
8	0
11	0
9	4
11	0
11	14
3	0
6	6
1	0
1	1
1	2
8	0
8	0
8	0
8	0
8	0
8	8
8	0
8	0
8	0
8	0
8	0
8	0
8	0
8	8
4	0
4	4
13	13
14	0
5	5
1	6
8	0
8	0
8	0
8	0
8	0
8	0
8	8
16	0
16	0
16	0
11	4
3	0
2	2
8	0
8	8
16	0
4	0
4	16
13	0
3	0
1	0
1	0
1	1
13	13
3	0
11	11
4	4
3	3
1	0
6	0
1	0
1	16
8	0
8	0
8	0
8	8
1	0
1	0
1	0
1	0
1	16
3	0
2	2
12	0
12	8
13	13
13	0
3	0
1	0
1	0
1	0
1	0
1	0
1	0
1	0
1	0
8	0
16	0
1	0
1	0
1	0
1	0
1	0
1	0
8	0
8	0
8	0
16	0
16	0
16	0
16	0
3	0
3	0
1	0
1	0
1	0
1	0
1	0
1	0
12	0
12	0
12	6
12	0
8	0
8	0
8	0
8	8
16	0
16	0
16	0
16	16
16	0
11	11
1	0
1	0
1	1
13	13
4	0
4	4
2	0
1	0
2	1
12	0
12	0
12	0
12	1
8	0
8	0
8	0
8	0
8	8
2	0
2	2
8	0
8	8
13	13
13	0
16	0
1	0
1	0
1	0
1	0
1	0
1	0
12	0
1	0
1	0
1	0
12	0
3	0
16	0
1	0
3	0
3	0
16	0
16	0
16	0
16	0
16	0
12	0
12	0
12	0
12	16
12	12
13	13
12	12
5	5
12	12
13	13
13	0
1	0
8	0
8	0
12	0
16	0
8	0
1	0
12	0
16	0
12	0
8	0
12	0
16	0
8	0
8	0
12	0
8	0
12	0
12	0
12	0
8	0
12	0
8	0
8	0
8	0
1	0
8	0
1	0
8	0
8	0
12	0
12	0
12	0
1	0
8	0
8	0
12	0
12	0
16	0
16	0
12	0
12	0
12	0
12	0
12	0
1	0
8	0
1	0
12	0
12	0
12	0
12	6
12	12
16	0
16	0
17	4
1	0
1	0
1	1
8	0
8	0
8	0
8	0
8	8
13	13
17	0
11	4
17	0
12	0
12	3
3	0
3	1
13	13
5	5
2	2
1	0
1	3
1	0
12	0
1	4
17	0
12	0
4	10
1	0
12	0
1	0
17	0
17	0
16	16
3	0
3	0
3	3
13	13
13	0
8	0
8	0
1	0
1	0
12	0
8	0
16	0
1	0
1	0
1	0
1	0
1	0
17	0
17	0
12	0
12	0
5	5
11	0
6	0
5	3
16	0
16	0
16	4
11	0
11	11
1	0
1	0
1	0
1	16
6	0
6	14
1	1
12	12
5	6
17	0
12	17
11	0
11	4
13	13
5	5
11	0
11	11
11	0
11	4
3	0
3	3
1	0
1	0
1	0
1	0
1	0
1	1
2	0
6	0
3	14
3	0
3	1
5	0
11	0
4	4
3	0
2	0
2	0
2	0
1	14
5	5
8	0
8	0
8	8
12	12
16	0
2	0
2	0
2	0
13	0
12	0
12	0
12	7
13	13
13	0
1	0
1	0
1	0
1	0
1	0
1	0
1	0
1	0
1	0
1	0
1	0
1	0
1	0
1	0
1	0
1	0
1	0
1	0
1	0
1	0
1	0
1	0
1	0
1	0
1	0
1	0
1	0
1	0
1	0
1	0
1	0
1	0
1	0
1	0
1	0
1	0
1	0
1	0
1	0
1	0
1	0
1	0
1	0
1	0
1	0
1	0
1	0
1	0
1	0
1	0
1	0
1	0
1	0
1	0
1	0
13	0
12	12
13	13
13	0
8	0
1	0
16	0
8	0
8	0
8	0
1	0
16	0
16	0
12	0
12	0
12	0
8	0
8	0
1	0
8	0
8	0
8	0
8	0
8	0
1	0
8	0
1	0
8	0
12	0
12	0
8	0
8	0
1	0
8	0
12	0
12	0
12	0
1	0
1	0
1	0
8	0
8	0
8	0
8	0
8	0
8	0
8	0
12	0
12	0
12	0
8	0
1	0
16	0
8	0
8	0
8	0
1	0
1	0
16	0
12	0
11	0
5	6
1	0
1	0
1	1
8	0
8	0
8	8
3	0
3	11
3	0
1	1
4	0
16	4
4	0
11	4
5	5
16	0
11	11
4	0
4	14
2	0
11	0
3	14
6	0
6	0
3	11
3	11
3	0
11	11
3	0
1	1
4	0
4	4
17	0
12	0
12	11
16	0
16	0
16	16
13	13
13	0
16	0
16	0
3	0
16	0
16	0
1	0
3	0
1	0
1	0
1	0
1	0
1	0
1	0
1	0
1	0
1	0
1	0
16	0
17	0
17	17
17	0
17	0
17	17
17	0
17	17
17	17
17	0
17	0
17	0
17	17
17	17
17	0
17	17
17	17
17	0
17	17
17	0
17	0
17	17
17	0
17	17
17	17
17	17
17	0
17	0
17	0
17	0
17	0
17	17
17	17
13	13
13	0
17	0
17	0
17	0
17	0
17	0
17	0
17	0
17	0
17	0
17	0
17	0
17	0
17	0
17	0
17	0
17	0
17	0
17	0
17	0
17	0
17	0
17	0
17	0
17	0
17	0
17	0
17	0
17	0
17	17
17	17
17	0
17	17
13	13
13	0
17	0
17	0
17	0
17	0
17	0
17	0
17	0
17	0
17	0
17	0
17	0
17	0
17	0
17	0
17	0
17	0
17	0
17	0
17	0
17	0
17	0
17	0
17	0
17	0
17	0
17	0
17	0
17	0
17	0
17	0
17	0
17	0
17	0
17	0
17	0
17	0
17	0
17	0
17	0
17	0
17	0
17	0
17	0
17	0
17	0
17	0
17	0
17	0
17	0
17	0
17	0
17	0
17	0
17	17
17	17
17	0
17	17
17	17
17	0
17	0
17	12
17	0
17	0
17	17
17	17
17	0
17	0
17	17
17	17
17	17
17	0
17	0
17	17
17	17
17	17
17	17
17	0
12	0
12	0
12	17
13	13
13	0
17	0
17	0
17	0
17	0
17	0
17	0
17	0
17	0
17	0
17	0
17	0
17	0
17	0
17	0
17	0
17	0
17	0
17	0
17	0
17	0
17	0
17	0
17	0
17	0
17	0
17	0
17	0
17	0
17	0
17	0
17	0
17	17
17	0
17	17
17	0
17	17
13	13
13	0
17	0
17	0
17	0
17	0
17	0
17	0
17	0
17	0
17	0
17	0
17	0
17	0
17	0
17	0
17	0
17	0
17	0
17	0
17	0
17	0
17	0
17	0
17	0
17	0
17	0
17	0
17	0
17	0
17	0
17	0
17	0
17	0
17	0
17	0
17	0
17	0
17	0
17	0
17	0
17	0
17	0
17	0
17	0
17	0
17	0
17	0
17	0
17	0
17	0
17	0
17	0
17	0
17	0
17	17
17	17
17	0
17	0
17	17
17	17
17	17
17	0
17	0
17	17
17	0
17	17
17	17
17	0
17	17
17	0
17	17
13	13
13	0
17	0
17	0
17	0
17	0
17	0
17	0
17	0
17	0
17	0
17	0
17	0
17	0
17	0
17	0
17	0
17	0
17	0
17	0
17	0
17	0
17	0
17	0
17	0
17	0
17	0
17	0
17	0
17	0
17	0
17	0
17	0
17	0
17	0
17	0
17	0
17	0
17	0
17	0
17	0
17	0
12	0
12	0
12	4
16	0
1	0
16	1
8	0
8	0
8	0
8	8
2	2
12	0
12	12
12	0
12	0
12	4
13	13
8	0
8	8
2	2
12	0
12	0
12	12
13	13
13	0
1	0
8	0
8	0
8	0
8	0
8	0
8	0
16	0
12	0
12	0
12	0
12	0
1	0
1	0
8	0
12	0
12	0
12	0
12	0
12	0
8	0
1	0
3	0
16	0
16	0
1	0
1	0
1	0
8	0
8	0
8	0
12	0
12	0
12	0
12	0
3	0
3	2
1	0
1	0
1	0
1	0
1	0
1	1
8	0
8	0
8	0
8	8
1	0
1	0
1	0
1	0
16	16
4	0
4	4
13	13
5	5
3	3
13	13
13	0
1	0
1	0
1	0
1	0
1	0
1	0
1	0
1	0
1	0
1	0
1	0
1	0
1	0
1	0
1	0
1	0
1	0
1	0
1	0
1	0
1	0
1	0
1	0
1	0
1	0
1	0
1	0
1	0
1	0
1	0
8	0
1	0
1	0
1	0
1	0
1	0
12	0
5	3
3	0
3	3
3	3
1	0
12	0
1	0
1	0
16	16
13	13
11	0
14	0
14	14
11	0
12	0
11	1
2	0
3	4
1	0
1	0
1	16
1	0
17	0
16	0
17	0
17	0
1	16
5	5
5	6
8	0
8	0
8	0
8	8
13	13
11	0
11	11
16	0
16	16
12	11
2	2
8	8
1	0
1	0
1	0
1	0
3	3
2	0
6	6
8	0
8	0
8	0
8	8
3	0
2	0
2	0
1	0
2	1
1	10
13	0
12	0
2	2
12	0
12	12
4	0
11	4
11	0
6	0
3	3
3	0
3	5
16	0
16	8
6	6
8	0
8	0
8	8
3	0
3	3
12	0
12	0
9	4
13	13
13	0
1	0
16	0
1	0
12	0
1	0
3	0
3	0
16	0
16	0
16	0
1	0
1	0
1	0
1	0
16	0
1	0
12	0
12	0
1	0
1	0
1	0
1	0
12	0
1	0
12	0
8	0
3	0
1	0
3	0
3	0
3	0
3	0
16	0
16	0
1	0
1	0
12	0
3	0
3	0
16	0
16	3
11	4
1	0
6	0
6	6
8	0
8	0
8	0
8	8
3	0
11	16
13	13
5	5
3	0
3	5
1	0
17	0
12	10
12	0
12	0
12	0
12	0
12	16
4	0
4	4
11	0
11	4
6	6
8	0
8	0
8	8
3	0
2	0
1	0
1	0
1	2
17	0
2	11
17	0
9	2
1	0
1	3
9	9
8	0
8	0
8	0
8	8
2	0
16	0
16	0
16	16
5	5
3	0
16	0
16	4
13	0
11	0
1	0
11	11
4	4
11	0
4	0
4	0
1	3
3	0
16	0
16	16
13	13
13	0
1	0
1	0
8	0
1	0
1	0
1	0
12	0
3	0
8	0
8	0
8	0
1	0
4	0
12	0
12	0
1	0
8	0
16	0
16	0
16	0
1	0
1	0
1	0
16	0
16	0
1	0
16	0
12	0
1	0
1	0
1	0
16	0
1	0
1	0
1	0
16	0
1	0
8	0
1	0
12	0
1	0
8	0
16	0
16	0
1	0
1	0
1	0
12	0
1	0
17	0
1	0
1	1
8	0
8	8
17	0
2	2
8	0
8	0
8	8
4	0
4	4
3	3
3	3
3	3
3	0
3	0
3	3
6	0
12	11
17	0
17	0
12	4
13	13
13	0
1	0
1	0
1	0
8	0
8	0
1	0
1	0
1	0
8	0
8	0
1	0
1	0
1	0
1	0
1	0
12	0
17	0
12	0
16	0
1	0
1	0
17	0
17	0
1	0
1	0
17	0
1	0
1	0
8	0
8	0
8	0
1	0
1	0
12	0
12	3
5	6
12	0
12	8
3	2
12	0
1	0
1	6
1	0
1	0
1	0
1	0
1	1
8	0
8	0
8	0
8	0
8	8
12	12
13	13
3	0
14	0
14	0
14	0
2	14
2	0
2	0
11	2
8	0
8	0
8	0
8	8
8	0
8	0
16	0
8	16
5	5
17	0
17	0
17	16
1	0
17	16
11	11
17	0
12	6
12	0
12	0
12	8
16	0
16	0
16	0
16	0
16	16
5	5
3	0
12	6
12	0
12	0
13	0
12	0
12	0
12	0
11	11
4	0
4	0
4	4
1	0
1	0
1	0
1	1
13	13
13	0
8	0
1	0
8	0
16	0
16	0
16	0
16	0
1	0
1	0
1	0
16	0
16	0
16	0
16	0
1	0
1	0
1	0
1	0
16	0
16	0
1	0
8	0
16	0
1	0
16	0
1	0
16	0
1	0
1	0
1	0
1	0
16	0
16	0
3	0
16	0
16	0
12	0
16	0
16	0
1	0
1	0
1	0
16	0
16	0
16	0
1	0
3	0
12	0
14	0
11	0
11	11
16	0
16	0
16	16
11	0
12	0
17	0
1	3
1	0
2	10
5	5
16	0
16	0
16	16
17	0
12	10
17	0
17	0
11	11
11	0
12	10
17	0
1	16
13	13
13	0
16	0
1	0
1	0
12	0
8	0
8	0
16	0
16	0
3	0
1	0
1	0
3	0
1	0
1	0
12	0
1	0
1	0
12	0
8	0
1	0
1	0
8	0
8	0
1	0
8	0
3	0
12	0
1	0
12	0
1	0
1	0
3	0
12	0
3	0
12	0
14	0
14	14
3	0
4	0
14	0
14	3
1	0
1	0
1	0
1	0
1	0
1	3
1	0
6	0
6	11
1	0
1	0
1	16
2	2
2	0
11	0
6	6
8	0
1	8
8	0
8	0
8	0
8	8
1	2
17	0
1	0
1	0
1	6
12	0
8	0
8	8
2	0
11	0
11	6
8	0
8	0
8	8
2	0
12	10
12	0
1	16
11	0
11	4
3	0
6	11
1	0
1	0
1	3
1	0
1	0
1	0
13	0
13	0
3	0
3	14
6	0
6	6
8	0
8	8
17	0
4	0
4	0
4	3
17	3
17	0
17	0
17	16
13	13
3	3
12	0
12	6
12	0
12	0
12	0
8	8
2	0
2	0
2	0
6	2
8	0
8	0
8	8
2	0
2	0
2	0
6	2
8	0
8	8
2	0
2	0
2	0
11	2
1	0
1	0
1	0
1	0
1	0
16	17
13	13
1	0
1	4
3	0
4	0
4	0
14	3
16	0
2	2
3	0
6	3
8	0
8	8
13	0
12	0
16	0
11	11
4	0
11	4
6	0
6	0
3	3
5	6
1	0
1	0
1	3
1	0
1	0
1	1
12	0
8	0
8	0
8	8
13	13
12	0
3	7
13	13
14	0
11	11
16	0
17	16
3	11
3	0
3	0
1	3
17	0
3	3
2	0
16	0
3	16
6	0
11	14
3	0
6	11
3	3
1	1
8	0
8	0
8	16
13	13
1	0
2	2
11	0
11	11
3	0
3	0
3	0
3	16
5	5
16	0
16	0
16	4
3	2
13	0
13	0
13	13
1	0
12	8
13	13
13	0
1	0
1	0
1	0
1	0
1	0
1	0
1	0
1	0
1	0
1	0
1	0
1	0
1	0
1	0
1	0
1	0
1	0
1	0
1	0
1	0
1	0
1	0
1	0
1	0
1	0
1	0
1	0
1	0
1	0
1	0
1	0
1	0
1	0
1	0
1	0
1	0
1	0
1	0
1	0
1	0
1	0
1	0
1	0
1	0
1	0
1	0
1	0
1	0
1	0
1	0
1	0
1	0
1	0
1	0
12	0
1	6
8	0
8	8
4	0
4	0
4	4
1	0
8	3
3	3
1	0
1	1
5	5
8	0
8	0
8	0
8	0
8	0
8	0
8	0
8	8
13	13
16	0
12	0
12	0
16	7
6	6
8	0
8	0
8	0
8	8
13	13
1	0
12	0
16	0
16	0
16	16
13	13
13	13
13	0
1	0
1	0
1	0
16	0
16	0
1	0
1	0
1	0
8	0
8	0
1	0
1	0
1	0
1	0
1	0
1	0
1	0
1	0
1	0
1	0
12	0
12	0
12	6
8	0
8	0
8	8
1	0
3	0
3	0
1	0
1	1
13	13
13	0
12	0
1	0
16	0
8	0
16	0
8	0
16	0
1	0
1	0
1	0
1	0
1	0
16	0
16	0
8	0
1	0
1	0
1	0
1	0
1	0
1	0
8	0
1	0
1	0
1	0
16	0
8	0
1	0
1	0
1	0
1	0
1	0
8	0
12	0
12	0
16	0
8	0
8	0
16	0
1	0
1	0
1	0
1	0
1	0
1	0
12	0
12	0
12	0
16	0
11	11
16	0
16	16
3	10
12	2
11	0
6	6
8	0
8	0
8	8
17	0
12	6
12	0
8	0
8	8
13	13
17	6
12	0
12	8
5	5
17	0
17	0
17	6
13	13
12	0
12	10
1	0
3	0
17	0
1	0
1	0
8	16
13	13
1	0
17	0
12	7
13	13
14	0
11	11
4	0
4	0
12	4
1	0
12	0
12	10
17	0
17	0
17	0
17	0
17	3
1	0
16	16
13	13
2	0
5	5
16	0
2	2
13	0
13	0
13	13
13	13
13	0
8	0
8	0
8	0
8	0
8	0
8	0
8	0
8	0
8	0
8	0
8	0
8	0
8	0
8	0
8	0
8	0
8	0
8	0
8	0
8	0
8	0
8	0
8	0
8	0
8	0
8	0
8	0
8	0
8	0
8	0
8	0
8	0
8	0
8	0
8	0
8	0
8	0
8	0
8	0
8	0
8	0
8	0
8	0
16	0
8	0
8	0
8	0
8	0
8	0
8	0
8	0
8	0
8	0
8	0
8	0
16	0
13	0
8	0
8	0
1	0
12	1
8	0
8	0
8	0
8	8
13	13
6	6
12	0
8	0
8	0
8	8
13	13
13	0
1	0
1	0
1	0
1	0
8	0
8	0
1	0
1	0
1	0
1	0
1	0
1	0
1	0
16	0
16	0
1	0
1	0
8	0
8	0
8	0
1	0
1	0
1	0
1	0
1	0
1	0
8	0
1	0
1	0
1	0
1	0
1	0
1	0
1	0
1	0
1	0
1	0
16	0
1	0
1	0
1	0
1	0
8	0
12	0
3	7
13	13
3	0
16	3
3	0
2	2
2	0
6	0
6	6
8	0
8	8
13	0
13	17
1	0
8	0
8	0
8	16
2	3
3	0
3	3
17	0
1	3
17	0
5	5
3	3
13	13
13	0
1	0
1	0
1	0
1	0
1	0
1	0
1	0
1	0
1	0
16	0
1	0
16	0
1	0
1	0
1	0
1	0
17	0
16	0
1	0
1	0
1	0
1	0
1	0
16	0
2	0
1	0
1	0
1	0
1	0
8	0
1	0
1	0
17	0
17	17
12	0
12	0
12	12
17	0
17	17
17	0
17	17
17	0
17	17
17	0
17	0
17	17
17	0
17	0
17	17
17	0
17	17
17	0
1	0
1	0
1	1
8	0
8	8
2	0
2	2
8	0
8	0
8	0
8	0
8	0
8	8
13	13
8	0
8	0
8	8
17	0
9	11
8	0
8	8
4	4
13	13
13	13
13	0
1	0
16	0
16	0
17	0
17	0
17	0
17	0
17	0
17	0
17	0
17	0
17	0
17	0
17	0
17	0
12	0
17	0
17	0
17	0
12	11
4	0
4	0
4	4
1	0
1	1
13	13
13	0
1	0
1	0
16	0
16	0
1	0
1	0
8	0
16	0
16	0
16	0
1	0
16	0
16	0
16	0
16	0
16	0
3	0
1	0
1	0
16	0
1	0
1	0
1	0
16	0
16	0
1	0
16	0
16	0
16	0
16	0
1	0
1	0
16	0
1	0
1	0
16	0
16	0
16	0
16	0
16	0
16	0
3	0
1	0
16	0
16	0
1	0
1	0
1	0
12	0
1	0
1	1
4	0
4	0
4	4
8	0
17	0
17	0
17	0
12	3
8	0
8	8
16	0
3	4
13	0
13	17
1	0
1	0
1	1
8	0
8	8
3	0
11	4
2	0
6	0
6	2
8	0
8	0
8	0
8	8
16	0
16	16
13	13
11	11
3	0
3	0
1	11
1	0
11	0
12	0
12	0
12	16
16	0
5	5
1	0
1	0
16	0
16	16
16	0
4	0
4	4
13	13
3	0
3	0
1	0
1	2
1	0
12	0
13	0
12	0
12	0
4	0
12	4
12	0
12	0
12	0
17	3
3	0
3	0
12	0
2	3
1	0
12	0
17	0
12	0
12	0
1	0
12	16
13	13
13	0
8	0
8	0
8	0
8	0
8	0
8	0
16	0
8	0
8	0
8	0
1	0
1	0
1	0
1	0
1	0
1	0
1	0
8	0
8	0
8	0
1	0
8	0
1	0
1	0
8	0
8	0
12	0
12	0
8	0
8	0
12	0
8	0
8	0
8	0
1	0
1	0
1	0
1	0
1	0
12	0
12	7
13	13
13	0
1	0
1	0
1	0
12	0
12	0
12	0
1	0
1	0
16	0
12	0
12	0
12	0
12	0
8	0
1	0
12	0
12	0
12	0
12	0
12	0
12	0
12	0
1	0
12	0
12	0
12	0
1	0
1	0
1	0
12	0
12	0
12	0
12	0
1	0
1	0
1	0
12	0
12	0
12	0
12	0
12	0
16	0
12	0
12	0
12	0
12	0
1	0
1	0
12	0
12	0
12	0
12	0
1	0
1	0
12	0
12	0
12	0
8	0
12	6
12	0
16	0
16	1
8	8
2	0
2	2
8	0
8	0
8	0
8	0
8	8
12	0
12	6
12	0
8	8
16	0
16	0
16	16
13	13
13	0
1	0
8	0
1	0
1	0
1	0
1	0
8	0
1	0
8	0
8	0
16	0
12	0
12	0
12	0
12	0
8	0
1	0
1	0
1	0
1	0
1	0
8	0
1	0
1	0
8	0
12	0
12	0
8	0
16	0
3	0
1	0
1	0
8	0
8	0
8	0
8	0
12	0
12	0
17	0
17	0
12	16
1	0
3	0
3	3
16	0
17	0
4	10
11	0
17	11
17	0
11	0
1	16
3	0
1	0
3	3
1	0
1	0
1	0
16	16
13	13
13	0
1	0
1	0
17	0
16	0
16	0
16	0
8	0
1	0
17	0
17	0
1	0
1	0
1	0
1	0
1	0
1	0
16	0
1	0
16	0
16	0
8	0
1	0
1	0
16	0
16	0
16	0
16	0
16	0
16	0
16	0
16	0
17	0
1	0
17	0
17	0
17	0
12	0
11	0
11	0
3	4
1	0
3	0
1	0
1	1
1	0
2	0
2	0
1	0
16	16
4	0
17	4
13	0
11	11
3	0
3	0
3	3
1	0
1	0
1	0
16	16
4	0
4	0
4	0
2	14
11	0
11	11
8	8
16	0
4	0
4	10
3	3
3	0
3	0
1	0
3	0
1	0
1	1
4	0
11	4
13	13
13	0
1	0
1	0
16	0
1	0
1	0
1	0
16	0
1	0
1	0
1	0
1	0
16	0
1	0
1	0
3	0
17	0
17	0
11	11
17	0
11	4
1	0
1	0
1	0
1	0
1	0
1	0
1	1
17	0
17	0
4	10
17	6
17	0
1	1
17	0
17	0
8	0
8	8
3	11
17	0
17	0
17	16
17	0
2	2
8	0
8	0
8	8
5	0
11	16
3	11
17	0
11	0
4	10
3	3
1	0
1	0
1	1
1	0
2	0
1	0
16	16
4	0
4	4
5	3
12	0
12	0
9	11
13	13
1	0
5	5
1	0
1	0
1	0
1	0
1	1
13	0
12	0
3	0
5	0
5	5
8	0
8	0
8	0
8	8
3	11
16	0
11	11
16	0
2	0
4	10
16	0
16	0
4	0
4	16
4	0
16	16
13	13
3	11
2	6
8	0
8	0
8	8
17	0
2	0
2	0
17	4
2	0
2	2
8	0
8	0
8	8
4	0
4	0
11	14
2	0
11	0
11	6
8	0
8	0
8	8
16	0
2	0
4	10
1	2
8	0
8	0
8	8
16	0
16	16
16	0
16	0
4	0
4	16
13	13
13	0
3	0
12	0
3	11
1	2
1	0
3	0
1	0
1	0
1	1
13	13
1	0
1	1
8	0
8	0
8	0
8	8
17	0
2	0
2	0
1	16
17	0
17	16
13	13
6	6
3	0
3	0
1	1
8	8
13	13
5	0
3	0
14	0
9	2
2	0
3	0
3	0
3	1
8	0
8	0
8	0
8	0
8	8
13	13
8	0
8	0
8	0
8	8
8	0
5	5
8	0
8	0
8	0
8	8
13	13
11	0
3	3
17	0
17	0
17	16
1	2
13	0
12	0
5	5
12	0
12	0
12	12
4	0
11	4
3	0
6	0
6	11
1	0
3	2
1	0
1	0
1	0
1	0
1	0
1	0
1	0
1	1
8	0
8	0
8	0
8	8
1	2
12	0
12	0
8	12
13	13
13	0
1	0
1	0
1	0
1	0
1	0
1	0
1	0
1	0
1	0
1	0
1	0
1	0
1	0
1	0
1	0
1	0
1	0
1	0
12	0
16	0
3	0
16	0
3	0
3	0
1	0
8	0
1	0
1	0
1	0
1	0
12	0
5	5
3	0
12	6
12	0
12	0
8	12
4	0
11	4
1	0
1	0
1	0
1	0
1	0
1	0
3	3
17	0
12	0
4	10
3	3
3	0
1	0
1	0
1	1
1	0
3	3
2	2
8	0
8	0
8	0
8	8
13	13
13	0
1	0
1	0
1	0
1	0
1	0
1	0
1	0
1	0
1	0
1	0
1	0
1	0
1	0
1	0
1	0
1	0
12	0
12	0
3	0
1	0
1	0
1	0
1	0
1	0
1	0
1	0
1	0
12	0
5	5
1	2
1	11
17	0
6	6
6	0
17	0
1	16
3	0
6	6
8	8
6	6
8	0
8	0
8	8
1	0
16	0
16	0
16	16
5	5
14	0
6	14
17	0
12	6
12	0
12	0
8	8
1	0
12	0
17	0
8	16
3	0
1	11
4	0
4	0
4	4
3	0
2	2
2	0
11	11
1	0
16	0
1	16
5	5
6	11
8	0
8	0
8	8
1	0
3	0
1	3
4	0
4	4
13	13
13	0
1	0
1	0
1	0
8	0
12	0
5	5
3	0
3	0
2	0
3	0
3	3
16	0
16	0
16	16
11	0
11	0
11	11
12	0
12	6
12	0
8	8
13	13
13	0
1	0
1	0
8	0
16	0
8	0
8	0
1	0
1	0
8	0
16	0
16	0
8	0
8	0
8	0
12	0
1	0
8	0
12	0
8	0
8	0
3	0
12	0
8	0
8	0
8	0
8	0
8	0
1	0
3	0
3	0
3	0
2	0
16	0
8	0
16	0
16	0
3	0
8	0
8	0
12	0
1	0
13	0
2	0
2	2
8	0
8	0
8	8
16	2
3	0
9	9
8	0
8	8
1	0
1	0
1	0
1	16
17	0
2	2
12	12
13	13
13	0
8	0
8	0
8	0
8	0
8	0
8	0
8	0
3	0
1	0
16	0
8	0
8	0
1	0
1	0
1	0
8	0
8	0
8	0
8	0
8	0
8	0
8	0
8	0
8	0
8	0
8	0
8	0
2	0
1	0
1	0
1	0
16	0
16	0
16	0
1	0
8	0
8	0
1	0
1	0
1	0
12	0
12	0
12	0
12	0
12	16
13	13
14	0
14	2
8	0
8	0
8	8
1	0
1	0
1	0
1	16
2	10
3	0
2	2
12	12
12	12
13	13
6	0
6	3
1	0
1	0
1	0
1	0
1	16
12	0
12	6
12	0
8	8
16	0
2	10
8	0
2	0
2	2
12	12
5	5
1	0
3	0
1	0
1	16
8	0
2	0
2	2
1	0
1	9
8	0
8	0
8	8
13	13
11	0
11	0
5	3
1	0
1	0
1	0
1	16
13	0
3	0
3	0
17	0
17	14
17	0
17	0
17	16
1	0
1	0
1	0
1	16
17	0
1	0
1	0
1	4
1	0
1	0
1	0
1	0
1	0
1	0
3	3
1	0
1	0
1	0
1	1
13	13
5	0
5	5
4	4
4	0
12	0
16	0
1	16
2	0
6	11
8	0
8	0
8	0
8	8
1	0
1	0
1	0
1	1
2	0
2	0
2	2
3	0
12	6
12	8
11	0
11	4
13	13
13	0
1	0
3	0
1	0
1	0
1	0
1	0
12	0
5	5
12	0
11	11
4	4
1	0
3	0
3	3
17	0
1	0
17	11
1	0
1	0
1	2
1	6
17	0
8	0
12	8
12	0
12	0
12	0
12	0
8	0
8	8
5	5
8	0
8	0
8	12
2	2
12	0
12	12
13	13
13	0
1	0
1	0
16	0
8	0
1	0
1	0
1	0
1	0
1	0
8	0
8	0
16	0
1	0
8	0
16	0
12	0
3	0
3	0
1	0
1	0
1	0
1	0
1	0
1	0
1	0
1	0
1	0
12	0
3	8
13	13
6	6
8	8
4	0
11	4
1	0
2	3
3	0
1	0
1	0
1	0
1	0
1	3
3	0
3	0
1	0
1	1
13	13
13	0
1	0
1	0
1	0
1	0
1	0
1	0
1	0
1	0
1	0
8	0
1	0
1	0
1	0
8	0
1	0
1	0
1	0
1	0
1	0
1	0
1	0
1	0
8	0
1	0
1	0
1	0
1	0
16	0
1	0
1	0
8	0
1	0
1	0
1	0
8	0
1	0
1	0
1	0
8	0
13	0
1	0
12	0
12	0
1	0
1	0
12	0
1	0
12	0
12	0
12	0
8	0
8	0
8	0
8	0
8	0
12	0
8	0
8	17
13	0
17	0
13	13
17	0
17	0
11	7
13	0
17	0
13	13
1	0
1	0
1	0
1	0
1	0
1	0
1	0
1	0
1	7
13	13
13	0
1	0
1	0
16	0
16	0
16	0
3	0
16	0
17	0
1	0
1	0
1	0
1	0
1	0
1	0
1	0
1	0
1	0
1	0
1	0
1	0
1	0
12	0
13	13
13	0
8	0
8	0
8	0
8	0
8	0
8	0
8	0
8	0
8	0
8	0
8	0
8	0
8	0
8	0
8	0
8	0
8	0
8	0
8	0
8	0
8	0
8	0
8	0
8	0
8	0
8	0
8	0
8	0
8	0
8	0
8	0
8	0
8	0
8	0
8	0
8	0
8	0
8	0
8	0
8	0
8	0
8	0
8	0
8	0
8	0
8	0
8	0
8	0
8	0
8	0
8	0
8	0
8	0
8	0
8	0
8	0
8	0
12	0
17	6
8	0
8	0
8	0
8	8
17	0
17	0
17	0
12	16
17	3
17	0
17	0
17	1
17	0
17	10
13	13
13	0
17	0
16	0
17	0
17	0
17	0
17	0
16	0
17	0
17	0
16	0
17	0
16	0
16	0
17	0
17	0
17	0
17	0
17	0
17	0
17	0
17	0
17	0
16	0
17	0
17	0
17	0
17	0
1	0
1	0
1	0
1	0
17	0
17	0
17	0
17	0
17	0
16	0
17	0
17	0
17	0
17	0
17	0
8	0
13	0
13	0
13	13
13	0
8	0
8	0
8	0
8	0
8	0
8	0
8	0
8	0
16	0
8	0
8	0
8	0
8	0
8	0
8	0
16	0
8	0
8	0
8	0
8	0
8	0
8	0
8	0
8	0
8	0
8	0
8	0
8	0
8	0
16	0
8	0
8	0
8	0
8	0
8	0
8	0
8	0
8	0
8	0
8	0
8	0
8	0
8	0
8	0
8	0
8	0
8	0
8	0
8	0
8	0
8	0
8	0
8	0
8	0
16	0
12	0
1	0
12	0
12	7
13	13
17	0
11	11
1	0
1	0
16	0
3	16
16	0
16	3
17	0
17	0
17	11
12	0
12	10
13	13
13	0
17	0
17	0
17	0
12	0
12	0
12	0
12	0
12	0
16	0
1	0
8	0
1	0
1	0
17	0
17	0
17	0
12	0
12	0
12	0
12	0
16	0
17	0
17	0
12	0
12	0
12	0
12	0
12	0
12	0
12	0
16	0
16	0
16	0
1	0
1	0
1	0
1	0
1	0
17	0
17	0
13	0
3	3
4	0
4	0
14	0
14	14
6	6
2	2
6	6
8	0
8	0
8	0
8	8
1	0
1	0
16	3
3	0
1	0
1	0
1	0
3	0
1	0
1	1
4	0
4	4
13	13
12	0
12	11
12	0
12	16
13	13
13	0
3	0
1	0
1	0
16	0
16	0
16	0
16	0
16	0
1	0
1	0
1	0
1	0
16	0
16	0
16	0
1	0
16	0
4	0
4	0
16	0
8	0
1	0
1	0
8	0
8	0
1	0
1	0
1	0
12	0
1	0
17	0
16	16
17	0
12	11
13	13
13	0
1	0
8	0
17	0
1	0
1	0
8	0
1	0
1	0
17	0
17	0
17	0
1	0
1	0
8	0
8	0
8	0
17	0
1	0
17	0
1	0
1	0
1	0
1	0
1	0
1	0
1	0
1	0
1	0
1	0
17	0
1	0
1	0
1	0
1	0
1	0
1	0
1	0
17	0
1	0
17	0
17	0
17	0
17	0
17	0
1	0
1	0
1	0
1	0
1	0
17	0
1	0
1	0
17	0
17	17
17	0
17	0
17	12
17	0
17	17
17	17
17	17
17	0
17	0
17	0
17	17
17	0
17	0
17	1
17	0
8	8
13	13
17	0
17	0
1	1
8	0
8	8
13	13
13	0
17	0
17	0
17	0
17	0
17	0
17	0
17	0
17	0
17	0
17	0
17	0
17	0
17	0
17	0
17	0
17	0
17	0
17	0
17	0
17	0
17	0
17	0
17	0
17	0
17	0
17	0
17	0
17	0
17	0
17	0
17	0
17	0
17	0
17	0
12	0
12	7
13	13
16	0
11	11
16	4
16	0
11	2
6	6
8	0
8	0
8	0
8	8
17	0
12	0
12	0
12	16
13	13
13	0
17	0
17	0
16	0
12	0
1	0
1	0
16	0
16	0
16	0
16	0
16	0
1	0
1	0
8	0
17	0
12	0
12	0
12	0
16	0
16	0
1	0
17	0
16	0
16	0
1	0
16	0
1	0
16	0
16	0
16	0
16	0
16	0
16	0
16	0
16	0
16	0
1	0
8	0
8	0
17	0
12	0
12	0
12	0
12	7
13	13
13	0
1	0
1	0
1	0
1	0
1	0
1	0
1	0
1	0
1	0
1	0
1	0
1	0
1	0
1	0
1	0
1	0
1	0
1	0
1	0
1	0
1	0
1	0
1	0
1	0
1	0
1	0
1	0
1	0
1	0
1	0
1	0
1	0
1	0
1	0
1	0
1	0
1	0
1	0
1	0
1	0
1	0
1	0
1	0
1	0
1	0
1	0
1	0
1	0
1	0
1	0
1	0
1	0
1	0
1	0
1	0
12	0
16	0
4	4
2	0
2	2
8	0
8	0
8	0
8	8
2	0
2	2
8	0
8	0
8	8
13	13
13	13
17	0
17	0
17	0
17	17
17	0
17	0
17	17
17	0
17	17
13	13
13	13
13	0
8	0
8	0
1	0
1	0
1	0
8	0
8	0
1	0
17	0
17	0
16	0
1	0
1	0
17	0
17	0
17	0
17	0
17	0
17	0
16	0
1	0
2	0
1	0
1	0
8	0
8	0
8	0
1	0
1	0
1	0
8	0
1	0
13	0
17	0
17	0
17	0
17	17
17	0
17	0
17	17
4	0
4	4
8	0
8	0
8	8
13	13
13	0
17	0
1	0
1	0
1	0
1	0
1	0
1	0
17	0
1	0
1	0
17	0
1	0
1	0
1	0
1	0
1	0
1	0
1	0
1	0
1	0
17	0
1	0
1	0
1	0
1	0
1	0
1	0
8	0
1	0
1	0
8	0
1	0
17	0
17	0
17	0
17	0
17	0
17	0
1	0
1	0
1	0
1	0
1	0
1	0
1	0
12	0
14	0
11	11
17	0
17	0
17	16
16	0
2	3
3	0
17	0
3	3
6	6
8	0
12	12
3	3
8	0
12	0
8	0
12	8
8	0
12	0
12	4
8	0
12	0
8	8
16	0
12	0
16	0
16	0
16	16
13	13
11	0
4	14
6	6
8	0
8	12
3	3
1	0
3	0
3	3
8	0
8	0
8	8
16	0
16	16
13	13
5	5
2	2
1	0
6	0
1	0
1	8
8	0
8	0
8	8
16	0
16	8
12	0
11	6
13	0
12	0
1	0
8	0
1	0
17	0
1	0
8	8
13	13
13	0
1	0
1	0
1	0
8	0
1	0
1	0
1	0
1	0
1	0
1	0
1	0
8	0
1	0
1	0
1	0
1	0
1	0
1	0
1	0
8	0
8	0
1	0
1	0
8	0
1	0
1	0
1	0
1	0
1	0
1	0
1	0
8	0
8	0
1	0
1	0
1	0
1	0
1	0
1	0
1	0
1	0
1	0
1	0
8	0
8	0
1	0
1	0
1	0
1	0
1	0
1	0
13	0
12	0
3	7
13	13
13	0
8	0
8	0
1	0
8	0
1	0
1	0
8	0
8	0
1	0
1	0
1	0
1	0
1	0
8	0
1	0
1	0
1	0
1	0
1	0
1	0
8	0
8	0
1	0
1	0
1	0
1	0
1	0
8	0
1	0
16	0
1	0
1	0
1	0
1	0
8	0
1	0
1	0
1	0
1	0
1	0
1	0
1	0
16	0
1	0
1	0
1	0
8	0
1	0
16	0
1	0
1	0
1	0
1	0
1	0
16	0
13	0
1	0
8	0
8	0
8	0
8	0
8	0
8	0
8	0
8	0
8	8
13	13
13	0
1	0
1	0
1	0
8	0
8	0
1	0
1	0
1	0
8	0
8	0
8	0
8	0
8	0
8	0
1	0
8	0
8	0
8	0
8	0
8	0
1	0
1	0
1	0
1	0
8	0
1	0
1	0
8	0
8	0
8	0
8	0
8	0
8	0
1	0
1	0
1	0
1	0
8	0
8	0
8	0
8	0
1	0
8	0
8	0
8	0
1	0
1	0
13	0
2	6
8	0
8	0
8	0
8	8
8	0
9	2
8	0
8	8
2	2
1	0
1	0
1	0
1	1
8	0
8	0
8	8
13	13
3	6
1	0
1	0
1	0
1	0
1	0
1	0
1	0
1	8
13	13
3	0
3	0
1	0
1	0
1	1
13	13
13	0
1	0
1	0
8	0
16	0
1	0
1	0
1	0
1	0
8	0
1	0
16	0
1	0
1	0
8	0
8	0
1	0
8	0
8	0
8	0
16	0
1	0
1	0
1	0
1	0
17	0
17	0
17	0
12	10
13	13
17	0
17	0
17	3
17	0
17	2
1	6
17	0
17	0
8	8
13	13
13	0
17	0
17	0
17	0
17	0
17	0
17	0
17	0
17	0
1	0
17	0
17	0
17	0
17	0
17	0
17	0
17	0
17	0
17	0
8	0
8	0
17	0
1	0
17	0
17	0
17	0
17	0
8	0
17	0
17	0
1	0
17	0
17	0
17	0
12	0
17	0
17	0
17	0
17	0
17	0
17	0
17	0
17	0
17	0
8	0
13	0
11	0
11	11
4	0
4	4
3	0
2	2
2	0
6	0
6	6
8	0
8	0
8	8
1	0
1	0
16	16
13	13
2	0
2	0
6	2
8	8
13	13
4	4
11	8
12	16
2	0
2	0
2	0
6	2
8	0
8	0
8	0
8	0
8	0
8	8
8	0
16	16
13	13
3	0
11	11
4	0
4	4
3	0
3	0
3	3
3	0
3	3
3	0
2	0
3	0
3	3
1	0
1	1
2	0
2	6
8	0
8	8
17	0
12	0
13	0
12	0
5	5
3	0
4	0
4	0
14	3
1	0
1	4
3	0
2	0
2	2
8	0
8	0
8	8
1	0
12	16
5	5
13	13
3	0
3	0
1	0
1	3
3	3
1	0
1	1
13	13
13	0
1	0
1	0
16	0
1	0
16	0
16	0
16	0
1	0
1	0
16	0
16	0
16	0
1	0
1	0
1	0
16	0
1	0
1	0
1	0
1	0
1	0
3	0
16	0
16	0
16	0
1	0
1	0
16	0
1	0
1	0
16	0
16	0
1	0
12	0
17	4
3	0
3	0
3	0
16	3
5	6
13	13
8	0
8	0
8	8
13	13
5	0
3	4
3	0
3	11
3	0
3	3
4	0
4	4
3	10
1	0
1	0
1	0
1	16
5	5
17	0
12	11
17	0
11	4
3	0
3	0
1	0
1	3
1	0
1	1
17	0
12	0
12	4
13	13
13	0
3	0
1	0
1	0
17	0
17	0
1	0
1	0
1	0
1	0
1	0
1	0
1	0
1	0
1	0
1	0
16	0
17	0
16	0
1	0
13	0
17	3
17	0
17	0
17	1
17	0
9	6
8	0
8	8
2	0
3	16
17	0
2	2
12	12
16	0
4	0
4	16
13	13
13	0
1	0
16	0
16	0
16	0
16	0
16	0
16	0
8	0
1	0
17	0
8	0
3	0
8	0
3	0
8	0
16	0
16	0
16	0
16	0
16	0
1	0
16	0
16	0
16	0
16	0
16	0
16	0
1	0
17	0
17	0
17	0
17	0
16	0
1	0
8	0
8	0
3	0
8	0
3	0
8	0
16	0
13	0
1	0
1	0
1	16
3	11
3	3
13	13
13	0
1	0
16	0
16	0
16	0
16	0
1	0
1	0
16	0
16	0
16	0
16	0
16	0
16	0
1	0
16	0
16	0
16	0
16	0
16	0
16	0
16	0
16	0
16	0
16	0
16	0
1	0
16	0
1	0
16	0
16	0
16	0
16	0
16	0
16	0
16	0
16	0
16	0
16	0
16	0
1	0
1	0
16	0
16	0
1	0
1	0
1	0
1	0
16	0
16	0
16	0
1	0
1	0
11	0
16	0
11	11
4	0
11	4
3	3
8	0
8	0
8	8
3	0
3	14
3	16
13	13
1	0
1	0
1	0
1	0
16	0
16	3
13	13
13	0
1	0
1	0
1	0
1	0
1	0
1	0
16	0
1	0
1	0
1	0
1	0
1	0
1	0
1	0
1	0
1	0
1	0
1	0
1	0
1	0
1	0
1	0
1	0
1	0
1	0
16	0
16	0
3	0
16	0
1	0
1	0
1	0
1	0
1	0
1	0
1	0
1	0
1	0
1	0
17	0
17	6
17	0
8	8
3	11
3	0
3	0
9	0
9	1
2	2
12	0
12	0
8	0
12	8
16	2
12	6
12	0
12	8
1	0
3	0
1	0
1	0
1	0
16	0
1	16
5	5
16	0
11	11
11	0
11	4
11	0
6	6
1	0
12	0
1	0
1	3
3	0
3	3
1	0
1	1
13	13
6	6
8	0
8	8
2	0
3	4
3	0
3	10
1	1
2	2
12	0
12	0
12	12
12	0
12	0
12	4
13	13
13	0
1	0
16	0
13	0
14	0
11	11
1	0
12	16
3	0
3	3
16	0
16	0
16	10
1	0
2	0
16	0
1	0
1	16
5	0
16	5
11	0
11	4
1	1
2	0
12	10
1	0
11	16
13	13
11	0
11	4
16	0
2	3
3	0
4	0
2	0
2	3
6	0
1	9
8	0
8	0
8	0
8	8
2	3
13	13
13	13
14	0
14	0
14	0
14	2
8	0
8	8
3	0
6	10
1	0
1	0
1	0
1	16
3	11
5	6
8	0
8	0
8	0
13	0
17	0
5	5
3	0
17	0
3	16
3	0
3	0
3	3
16	0
4	0
4	10
16	0
3	0
2	2
16	0
11	11
6	6
3	0
1	0
1	8
17	0
12	0
12	16
3	0
11	0
14	0
11	14
2	2
12	12
3	0
3	3
4	0
4	0
4	4
13	13
1	0
12	6
12	0
8	8
3	11
2	2
12	12
3	0
3	3
4	0
4	0
4	4
4	0
11	4
2	0
6	0
14	0
3	14
3	6
17	0
1	0
1	1
8	0
17	0
13	0
11	0
5	0
3	3
3	3
5	5
1	0
3	0
3	0
1	0
1	0
1	8
13	13
3	0
14	0
14	0
14	14
2	0
2	2
8	0
8	8
3	0
1	0
2	0
16	16
13	13
4	0
4	4
3	0
3	0
3	0
3	0
1	1
2	2
11	0
11	11
5	5
3	0
3	0
1	0
1	0
1	16
11	0
11	11
16	0
4	0
4	10
3	0
2	0
14	0
2	14
11	11
3	0
6	0
6	6
3	8
3	0
3	0
1	0
1	5
13	0
13	0
3	0
5	5
3	0
3	0
3	3
3	0
3	0
11	0
1	1
13	13
13	0
16	0
1	0
1	0
16	0
16	0
16	0
16	0
16	0
16	0
1	0
1	0
1	0
16	0
16	0
16	0
16	0
1	0
1	0
1	0
1	0
1	0
1	0
1	0
16	0
16	0
16	0
16	0
16	0
1	0
1	0
1	0
1	0
1	0
16	0
16	0
16	0
16	0
16	0
16	0
3	0
3	0
1	0
1	0
1	0
1	0
1	0
16	0
16	0
16	0
16	0
11	11
16	0
16	16
3	0
11	6
3	0
1	0
3	3
6	6
8	0
8	0
8	0
8	8
3	0
12	10
12	0
1	16
13	13
13	0
16	0
16	0
1	0
1	0
12	0
1	0
16	0
16	0
16	0
16	0
1	0
1	0
1	0
16	0
16	0
1	0
1	0
12	0
1	0
16	0
16	0
16	0
1	0
12	0
12	0
16	0
16	0
16	0
16	0
16	0
16	0
8	0
8	0
16	0
1	0
8	0
1	0
1	0
8	0
13	0
11	0
11	11
4	0
11	0
11	4
3	3
1	0
11	0
1	1
13	13
13	0
1	0
1	0
1	0
1	0
1	0
1	0
16	0
1	0
1	0
1	0
1	0
1	0
1	0
16	0
1	0
1	0
1	0
1	0
1	0
1	0
1	0
1	0
1	0
1	0
1	0
1	0
16	0
16	0
1	0
1	0
1	0
1	0
1	0
1	0
16	0
16	0
8	0
16	0
16	0
1	0
1	0
1	0
1	0
1	0
1	0
1	0
1	0
1	0
12	0
1	0
17	0
16	16
11	0
11	11
13	13
13	0
1	0
1	0
1	0
1	0
1	0
8	0
8	0
1	0
1	0
1	0
1	0
1	0
1	0
8	0
8	0
1	0
1	0
1	0
1	0
1	0
1	0
1	0
1	0
1	0
1	0
1	0
1	0
1	0
16	0
1	0
1	0
1	0
8	0
1	0
1	0
1	0
1	0
1	0
8	0
1	0
16	0
1	0
1	0
1	0
8	0
1	0
8	0
1	0
1	0
1	0
1	0
1	0
12	0
17	17
12	0
12	0
12	12
12	4
17	0
16	3
3	3
2	0
1	1
2	0
6	0
3	14
12	2
12	0
12	0
12	0
12	12
2	0
6	0
3	0
3	3
3	3
3	3
17	3
1	0
1	0
1	2
8	0
8	0
8	0
8	0
8	8
2	0
1	0
1	0
1	0
1	16
2	0
2	0
2	0
3	0
3	16
13	13
13	0
1	0
1	0
17	0
17	0
1	0
1	0
8	0
16	0
1	0
17	0
1	0
1	0
1	0
1	0
12	0
11	0
16	4
3	0
1	3
1	0
3	0
1	0
1	3
1	6
8	8
16	0
2	0
4	10
16	0
11	0
17	0
2	16
17	0
2	2
9	0
9	0
8	0
8	0
17	0
12	12
16	0
12	0
12	0
17	16
13	13
13	0
3	0
16	0
16	0
16	0
16	0
8	0
8	0
16	0
12	0
1	0
9	0
8	0
16	0
1	0
8	0
16	0
12	0
8	0
1	0
3	0
16	0
1	0
1	0
8	0
1	0
16	0
16	0
16	0
12	0
17	0
6	3
1	0
1	16
8	0
8	0
8	0
8	0
8	0
8	0
8	0
8	8
16	0
1	16
13	13
13	0
1	0
1	0
1	0
1	0
16	0
16	0
1	0
1	0
16	0
1	0
1	0
1	0
1	0
1	0
8	0
16	0
16	0
16	0
16	0
1	0
1	0
1	0
16	0
1	0
1	0
16	0
16	0
1	0
1	0
16	0
8	0
1	0
1	0
1	0
1	0
1	0
1	0
8	0
8	0
8	0
16	0
16	0
16	0
13	0
3	0
11	8
3	5
13	13
12	0
12	7
13	13
13	0
1	0
1	0
1	0
1	0
16	0
1	0
16	0
1	0
1	0
1	0
1	0
12	0
1	0
1	0
1	0
1	0
1	0
1	0
12	0
12	0
12	0
1	0
1	0
8	0
1	0
1	0
1	0
16	0
1	0
1	0
1	0
1	0
12	0
1	0
1	0
1	0
1	0
1	0
1	0
1	0
16	0
1	0
1	0
1	0
12	0
1	0
1	0
1	0
1	0
1	0
1	0
13	0
8	0
1	0
1	0
1	0
8	8
13	13
13	0
1	0
1	0
1	0
8	0
1	0
1	0
1	0
1	0
1	0
1	0
1	0
1	0
1	0
1	0
1	0
1	0
1	0
1	0
1	0
1	0
1	0
1	0
1	0
8	0
1	0
1	0
1	0
1	0
1	0
1	0
8	0
1	0
8	0
1	0
1	0
1	0
1	0
1	0
1	0
1	0
1	0
1	0
1	0
8	0
8	0
1	0
1	0
1	0
1	0
1	0
1	0
1	0
13	0
1	0
1	0
1	0
8	0
8	8
4	0
4	0
4	4
3	0
6	0
1	1
1	2
12	0
12	0
12	0
12	12
13	13
13	0
1	0
8	0
16	0
16	0
16	0
16	0
1	0
1	0
8	0
16	0
8	0
3	0
8	0
1	0
1	0
8	0
8	0
8	0
16	0
16	0
1	0
16	0
16	0
1	0
16	0
16	0
16	0
1	0
1	0
1	0
1	0
16	0
16	0
16	0
3	0
3	0
3	0
1	0
1	0
1	0
1	0
13	0
1	8
8	0
12	0
12	0
17	0
8	16
13	13
13	0
8	0
8	0
8	0
8	0
1	0
1	0
1	0
17	0
12	0
17	0
16	0
8	0
1	0
1	0
1	0
12	0
17	0
17	0
16	0
8	0
12	0
17	0
8	0
8	0
1	0
1	0
1	0
16	0
12	0
8	0
17	0
8	0
8	0
8	0
8	0
1	0
8	0
16	0
16	0
1	0
12	0
17	0
17	0
8	0
8	0
8	0
8	0
1	0
1	0
1	0
1	0
13	0
11	0
11	4
8	0
8	0
8	0
8	8
16	0
16	0
16	0
16	16
1	0
3	0
3	3
3	3
3	0
6	6
12	0
12	0
8	0
8	8
13	13
13	0
1	0
1	0
12	0
1	0
1	0
1	0
16	0
1	0
3	0
1	0
3	0
3	0
1	0
1	0
1	0
12	0
1	0
1	0
1	0
1	0
1	0
1	0
12	0
12	0
16	0
1	0
1	0
8	0
8	0
8	0
8	0
16	0
3	0
3	0
3	0
3	0
1	0
12	0
11	0
6	11
1	0
1	0
1	0
1	16
3	3
1	0
1	0
1	0
1	0
1	16
1	0
12	6
8	0
8	0
8	0
8	0
8	8
12	0
12	10
4	4
4	0
11	14
3	0
11	11
3	0
3	11
16	0
16	0
16	0
16	16
13	13
3	0
3	3
17	0
2	11
1	0
1	0
1	0
2	3
13	13
13	0
1	0
1	0
8	0
16	0
3	0
1	0
1	0
1	0
1	0
1	0
3	0
1	0
1	0
1	0
1	0
1	0
12	0
17	0
11	11
3	0
16	16
16	0
4	0
4	10
3	0
3	3
12	0
12	6
12	0
12	0
12	0
12	12
13	13
13	0
1	0
16	0
8	0
16	0
16	0
16	0
1	0
16	0
16	0
16	0
16	0
16	0
8	0
1	0
12	0
12	0
12	0
16	0
16	0
8	0
1	0
12	0
16	0
8	0
16	0
16	0
16	0
1	0
16	0
16	0
8	0
16	0
16	0
16	0
16	0
16	0
3	0
8	0
1	0
12	0
12	0
12	0
12	0
3	0
11	11
4	0
4	4
17	0
11	0
4	10
2	6
1	0
6	0
1	0
1	1
8	0
8	0
8	0
8	8
3	11
8	8
16	0
17	0
2	0
17	4
17	0
2	2
8	0
8	0
8	0
8	8
5	5
8	0
8	0
8	0
8	8
13	13
13	0
1	0
1	0
1	0
1	0
16	0
17	0
17	0
1	0
17	0
1	0
16	0
16	0
1	0
3	0
1	0
1	0
16	0
1	0
1	0
1	0
1	0
1	0
1	0
8	0
13	0
1	0
1	0
1	0
1	0
1	0
1	1
8	0
8	0
8	8
13	13
13	0
1	0
1	0
8	0
1	0
16	0
1	0
1	0
1	0
1	0
1	0
8	0
8	0
16	0
1	0
1	0
1	0
1	0
8	0
8	0
8	0
1	0
1	0
1	0
1	0
8	0
16	0
1	0
1	0
1	0
1	0
8	0
8	0
8	0
16	0
1	0
1	0
1	0
1	0
1	0
1	0
1	0
1	0
8	0
16	0
8	0
1	0
1	0
1	0
12	0
11	0
11	4
17	0
12	6
12	0
17	0
1	0
1	1
13	0
4	0
17	0
14	14
17	11
17	0
8	11
13	13
1	0
12	0
2	2
13	13
1	0
12	0
8	0
8	0
8	0
8	0
8	0
8	0
12	0
8	1
12	0
12	0
1	0
16	16
5	5
12	0
12	6
12	0
8	0
8	0
8	0
8	8
1	0
16	0
16	0
16	16
5	5
3	0
4	0
17	0
2	11
17	11
17	0
6	0
6	11
17	0
17	2
17	0
13	0
12	0
12	11
1	1
16	0
16	0
16	16
4	0
11	0
1	4
13	13
1	1
1	0
1	0
1	0
1	0
1	0
16	16
4	0
11	0
1	4
13	13
13	0
8	0
1	0
1	0
1	0
1	0
1	0
1	0
1	0
1	0
1	0
1	0
1	0
1	0
1	0
1	0
1	0
1	0
1	0
1	0
1	0
1	0
8	0
1	0
1	0
1	0
12	0
12	0
12	0
1	0
8	0
8	0
1	0
1	0
1	0
1	0
1	0
1	0
1	0
14	0
14	0
6	0
6	11
1	2
3	0
3	0
1	6
8	0
8	0
8	0
8	0
8	0
8	8
2	0
2	2
3	0
6	0
1	6
8	0
8	8
2	0
16	0
16	0
16	16
4	0
4	0
4	4
4	0
4	14
11	0
11	0
11	11
3	0
16	0
2	4
3	0
6	16
1	0
1	0
1	0
1	16
13	13
13	0
1	0
8	0
1	0
14	0
3	0
3	0
1	0
1	0
1	0
1	0
1	0
1	0
1	0
1	0
1	0
16	0
12	0
5	5
3	0
4	0
12	0
14	3
16	2
8	0
12	8
16	0
16	0
16	16
4	0
11	0
2	4
13	13
2	2
3	0
2	2
9	9
8	8
2	2
8	8
13	13
13	0
3	0
3	0
8	0
8	0
1	0
8	0
16	0
16	0
1	0
8	0
1	0
8	0
8	0
3	0
3	0
8	0
8	0
1	0
8	0
8	0
8	0
1	0
8	0
3	0
12	0
3	0
16	0
16	0
8	0
3	0
16	0
16	0
16	0
3	0
8	0
12	0
1	0
11	11
16	0
16	0
16	16
3	0
11	11
1	0
1	0
4	10
13	13
13	0
1	0
1	0
8	0
8	0
8	0
1	0
1	0
1	0
16	0
1	0
8	0
1	0
8	0
16	0
1	0
1	0
16	0
8	0
8	0
8	0
1	0
1	0
1	0
8	0
1	0
1	0
16	0
8	0
1	0
1	0
1	0
1	0
1	0
1	0
16	0
8	0
8	0
8	0
8	0
8	0
1	0
1	0
1	0
8	0
8	0
1	0
1	0
11	0
3	0
11	11
1	0
1	0
1	16
1	0
16	0
16	0
16	3
3	0
3	3
1	0
6	6
8	8
13	13
13	0
1	0
1	0
8	0
8	0
8	0
8	0
1	0
1	0
3	0
3	0
3	0
16	0
16	0
3	0
3	0
1	0
1	0
8	0
8	0
8	0
1	0
1	0
1	0
8	0
8	0
8	0
8	0
1	0
3	0
3	0
1	0
1	0
1	0
1	0
1	0
8	0
1	0
8	0
3	0
3	0
1	0
1	0
1	0
12	0
3	0
11	11
4	0
4	16
16	0
11	0
4	10
1	0
1	0
2	16
2	0
6	0
17	0
11	14
17	0
11	0
4	10
1	0
1	0
1	1
17	0
11	4
1	0
12	0
1	0
1	0
1	16
4	0
12	10
11	0
17	4
13	13
13	0
1	0
3	0
16	0
1	0
16	0
1	0
16	0
16	0
16	0
1	0
1	0
1	0
1	0
16	0
3	0
16	0
16	0
16	0
16	0
16	0
1	0
1	0
16	0
16	0
16	0
8	0
12	0
3	0
6	0
6	6
8	8
2	2
8	0
8	0
8	8
4	0
11	4
1	0
1	0
1	0
1	1
5	5
3	0
3	16
3	0
3	0
3	0
1	0
1	3
1	0
1	0
1	0
1	0
1	0
1	1
16	0
12	0
12	4
13	13
13	0
1	0
1	0
1	0
1	0
1	0
1	0
1	0
1	0
1	0
1	0
1	0
1	0
1	0
1	0
1	0
1	0
1	0
1	0
1	0
16	0
16	0
1	0
1	0
3	0
1	0
1	0
13	0
3	0
16	3
16	0
4	0
4	10
6	6
3	0
1	0
1	1
8	0
8	0
8	8
13	13
16	0
5	5
3	0
3	3
13	13
13	0
1	0
1	0
1	0
8	0
1	0
1	0
1	0
1	0
1	0
1	0
1	0
1	0
16	0
16	0
16	0
16	0
1	0
1	0
1	0
1	0
1	0
16	0
1	0
1	0
1	0
1	0
1	0
3	0
16	0
16	0
16	0
16	0
8	0
8	0
1	0
1	0
1	0
16	0
16	0
16	0
12	0
16	0
5	5
8	0
2	2
12	0
12	6
12	0
12	0
8	0
8	8
14	0
6	14
17	0
12	6
12	0
12	0
8	0
8	8
2	2
8	0
8	0
8	0
8	0
8	8
1	0
1	0
1	2
8	0
8	0
8	0
8	0
8	0
8	8
12	0
12	16
1	0
1	0
1	0
1	0
3	0
1	0
16	16
4	0
4	4
3	0
4	0
2	0
2	14
8	0
8	8
1	0
16	0
16	16
4	0
11	0
4	4
17	0
17	0
13	0
13	0
13	13
17	0
17	0
12	10
13	13
17	0
11	0
1	1
17	0
17	0
17	16
17	0
17	0
17	11
11	0
11	0
2	0
2	0
2	0
16	0
16	16
13	13
13	0
13	0
8	0
16	0
16	0
16	0
16	0
17	0
8	0
17	0
16	0
16	0
8	0
1	0
1	0
1	0
16	0
16	0
16	0
16	0
13	0
1	0
1	0
16	0
16	0
1	0
1	0
1	0
17	0
17	0
17	0
17	0
17	0
17	0
17	0
17	0
17	0
13	0
8	0
8	8
16	0
16	0
16	0
16	0
16	16
8	0
8	0
8	0
8	0
8	8
13	13
3	0
5	5
13	0
4	0
14	0
14	11
11	0
6	6
8	0
8	0
8	0
8	8
1	0
1	0
1	0
1	0
1	1
4	0
4	4
13	13
3	0
14	0
5	0
14	3
11	0
11	4
3	0
11	11
1	0
1	0
1	0
1	0
1	0
1	0
1	1
13	13
13	13
13	0
13	0
1	0
8	0
1	0
1	0
1	0
3	0
3	0
12	0
11	0
17	0
12	16
16	0
4	0
4	10
13	13
11	0
11	11
16	0
16	0
16	16
6	0
11	11
1	3
3	0
2	2
12	0
8	0
8	8
13	13
13	0
1	0
1	0
1	0
1	0
16	0
1	0
16	0
1	0
16	0
16	0
3	0
3	0
8	0
1	0
1	0
1	0
1	0
1	0
1	0
1	0
1	0
1	0
1	0
1	0
16	0
16	0
16	0
16	0
16	0
16	0
1	0
1	0
3	0
16	0
16	0
3	0
3	0
12	0
3	0
11	11
17	0
17	0
17	0
2	4
2	0
6	6
8	0
8	0
8	8
3	0
1	6
8	0
8	0
8	8
17	0
2	2
6	6
8	0
8	0
8	0
8	8
5	5
3	0
3	0
3	3
3	0
3	0
3	3
13	13
6	0
3	0
3	0
3	0
3	0
1	0
1	3
8	0
8	0
8	0
8	0
8	0
8	8
13	13
13	0
16	0
3	0
16	0
1	0
16	0
16	0
1	0
1	0
1	0
16	0
16	0
1	0
1	0
12	0
1	0
1	0
8	0
1	0
8	8
4	0
4	0
4	4
11	0
2	2
8	0
8	8
8	0
8	0
8	0
16	0
16	0
16	16
13	13
3	0
11	11
11	0
11	4
5	6
8	0
8	0
8	8
13	13
6	0
6	6
8	0
8	0
8	0
8	0
8	0
8	0
8	0
8	8
13	13
13	0
1	0
3	0
1	0
1	0
1	0
1	0
1	0
1	0
1	0
1	0
1	0
16	0
1	0
3	0
1	0
1	0
1	0
1	0
1	0
13	0
8	0
8	0
8	8
11	0
6	11
8	0
8	0
8	8
16	0
2	0
2	0
2	4
12	0
12	6
12	0
12	0
12	8
3	0
2	14
8	8
8	0
12	0
12	0
12	0
8	16
13	13
13	0
1	0
8	0
16	0
16	0
16	0
1	0
1	0
12	0
12	0
16	0
16	0
1	0
1	0
1	0
1	0
8	0
12	0
1	0
1	0
1	0
8	0
16	0
16	0
16	0
1	0
8	0
16	0
16	0
16	0
16	0
1	0
12	0
13	0
3	0
1	0
16	0
16	0
16	0
3	16
3	0
6	0
3	0
3	6
3	0
3	0
1	11
6	0
6	14
8	0
8	0
8	0
8	1
8	0
8	8
1	0
2	0
2	0
1	0
1	0
16	0
16	0
16	16
13	13
1	1
1	0
1	0
1	0
16	0
16	0
16	16
13	13
1	0
1	0
1	0
16	0
16	16
13	13
1	0
1	0
16	16
4	0
4	0
4	4
13	13
13	0
3	0
3	0
3	0
3	0
1	0
3	0
3	0
13	0
14	0
14	0
14	0
14	2
8	8
3	0
11	11
16	0
3	0
4	10
16	0
1	0
16	0
16	0
16	0
1	16
13	13
3	0
16	0
16	16
5	5
8	0
8	8
13	13
1	0
16	0
16	16
5	5
8	8
13	13
13	0
16	0
16	0
1	0
16	0
16	0
1	0
1	0
1	0
16	0
16	0
16	0
8	0
8	0
1	0
16	0
1	0
16	0
1	0
1	0
1	0
8	0
16	0
16	0
1	0
1	0
1	0
1	0
16	0
13	0
4	0
4	14
13	13
8	8
17	0
3	0
16	16
11	0
11	11
17	0
17	0
1	4
1	0
1	0
1	0
1	0
16	16
13	13
13	0
1	0
8	0
8	0
8	0
1	0
16	0
1	0
8	0
8	0
8	0
8	0
17	0
17	0
17	0
1	0
1	0
1	0
1	0
1	0
1	0
8	0
8	0
8	0
8	0
1	0
16	0
1	0
16	0
16	0
1	0
3	0
8	0
8	0
8	0
8	0
8	0
17	0
17	0
17	0
1	0
12	0
12	0
11	11
4	0
6	4
8	0
8	0
8	8
17	0
12	6
12	0
8	8
1	0
1	0
2	0
16	0
16	16
13	13
13	0
1	0
1	0
8	0
8	0
16	0
16	0
1	0
1	0
16	0
8	0
8	0
12	0
12	0
1	0
1	0
1	0
1	0
16	0
16	0
1	0
1	0
8	0
1	0
1	0
8	0
16	0
1	0
16	0
16	0
16	0
16	0
1	0
1	0
8	0
8	0
12	0
12	0
12	0
1	0
1	0
1	0
11	0
11	0
11	11
16	0
1	0
11	0
4	16
4	0
11	0
4	10
11	11
4	4
13	13
13	0
1	0
1	0
16	0
16	0
16	0
16	0
1	0
16	0
16	0
16	0
16	0
16	0
16	0
16	0
16	0
16	0
16	0
16	0
16	0
16	0
1	0
8	0
16	0
16	0
16	0
1	0
16	0
16	0
16	0
16	0
16	0
16	0
16	0
16	0
8	0
16	0
16	0
16	0
16	0
16	0
4	0
16	0
16	0
16	0
16	0
1	0
1	0
3	0
1	0
1	14
8	0
8	0
8	0
8	0
8	0
8	0
8	8
4	0
16	0
16	0
14	0
2	16
17	0
6	0
3	3
1	0
1	0
2	0
2	16
1	0
2	0
2	0
1	0
1	16
17	0
2	2
17	0
17	0
11	0
2	6
8	0
8	0
8	0
8	8
3	0
3	10
1	0
1	16
5	5
3	0
2	0
1	0
1	0
8	16
16	0
12	0
4	10
5	0
12	0
11	0
2	2
6	11
8	0
8	0
8	16
13	0
12	0
12	0
12	6
12	0
12	0
8	8
2	0
6	0
6	2
1	0
1	0
1	1
8	8
4	0
11	4
3	0
1	0
1	1
5	5
12	0
12	6
12	0
1	0
8	0
8	8
2	0
2	0
3	0
2	2
1	0
13	0
1	0
1	0
1	0
1	0
1	1
8	0
8	8
13	13
13	0
12	0
1	0
12	0
1	0
8	0
8	0
12	0
12	0
1	0
12	0
12	0
8	0
1	0
1	0
1	0
1	0
1	0
8	0
16	0
3	0
12	0
3	0
3	11
1	0
1	0
1	0
1	16
17	0
2	11
1	0
12	0
1	0
1	0
1	16
4	0
4	4
3	0
6	14
17	0
2	0
11	0
11	6
8	0
8	0
8	8
8	0
8	0
8	0
8	0
8	0
8	8
16	0
16	0
16	4
13	13
13	0
1	0
1	0
8	0
17	0
1	0
12	0
1	0
1	0
3	0
1	0
8	0
16	0
3	0
1	0
1	0
1	0
16	0
1	0
1	0
1	0
1	0
1	0
1	0
1	0
12	0
5	5
3	0
6	11
1	0
1	0
1	0
9	16
17	0
12	0
12	11
1	0
16	0
16	16
13	13
13	0
1	0
1	0
1	0
1	0
8	0
1	0
1	0
8	0
1	0
1	0
1	0
1	0
1	0
1	0
1	0
1	0
1	0
16	0
8	0
8	0
1	0
8	0
1	0
1	0
8	0
1	0
1	0
1	0
1	0
8	0
8	0
3	0
3	0
1	0
1	0
1	0
1	0
17	0
1	0
8	0
1	0
16	0
1	0
8	0
12	0
8	0
8	0
8	0
8	8
4	0
2	2
8	0
8	0
8	0
8	0
8	8
3	0
2	0
1	0
1	0
1	1
16	0
16	16
13	13
13	0
1	0
1	0
16	0
16	0
16	0
8	0
8	0
8	0
8	0
8	0
16	0
1	0
1	0
1	0
1	0
16	0
16	0
16	0
1	0
16	0
1	0
1	0
1	0
1	0
16	0
16	0
8	0
8	0
8	0
16	0
16	0
8	0
8	0
8	0
16	0
16	0
1	0
1	0
1	0
12	0
1	0
1	0
1	0
8	0
8	0
8	0
8	0
8	8
16	0
16	16
11	0
12	0
12	11
3	0
6	10
12	0
1	0
1	16
13	13
13	0
1	0
1	0
1	0
12	0
1	0
8	0
1	0
3	0
3	0
8	0
11	0
12	0
12	0
1	0
1	0
12	0
12	0
1	0
8	0
8	0
1	0
1	0
12	0
1	0
8	0
8	0
1	0
1	0
1	0
1	0
8	0
8	0
3	0
3	0
1	0
12	0
12	0
12	0
1	0
12	0
12	0
1	0
12	16
13	13
13	0
8	0
16	0
16	0
16	0
8	0
8	0
8	0
16	0
16	0
16	0
16	0
8	0
8	0
8	0
8	0
16	0
16	0
16	0
8	0
8	0
8	0
16	0
16	0
16	0
8	0
8	0
8	0
8	0
16	0
16	0
16	0
8	0
8	0
8	0
8	0
8	0
16	0
16	0
8	0
8	0
8	0
16	0
16	0
16	0
8	0
8	0
8	0
16	0
16	0
8	0
8	0
8	0
8	0
16	0
12	0
12	0
17	0
17	0
12	8
2	0
3	8
16	0
16	16
1	0
2	2
11	0
11	11
5	5
11	0
11	11
16	0
4	0
4	0
16	16
11	0
11	0
11	0
11	6
8	0
8	8
3	3
16	0
16	0
16	16
13	13
13	0
1	0
8	0
16	0
16	0
8	0
1	0
8	0
16	0
3	0
12	0
8	0
8	0
1	0
8	0
8	0
1	0
1	0
1	0
8	0
8	0
8	0
1	0
1	0
1	0
1	0
8	0
8	0
16	0
13	0
17	0
16	0
17	16
17	0
11	11
13	13
13	0
1	0
17	0
17	0
1	0
16	0
1	0
17	0
17	0
17	0
17	0
17	0
1	0
16	0
17	0
17	0
16	0
17	0
1	0
17	0
1	0
16	0
16	0
16	0
1	0
1	0
1	0
1	0
17	0
16	0
17	0
8	0
8	0
8	0
1	0
17	0
17	0
16	0
17	0
17	0
17	0
17	0
16	0
17	0
1	0
1	0
1	0
1	0
1	0
16	0
16	0
1	0
16	0
13	0
12	12
12	12
13	13
12	12
13	13
12	12
12	12
17	12
8	0
8	0
8	1
3	0
9	9
8	0
8	0
8	8
2	2
12	12
12	12
16	0
16	16
13	13
13	0
1	0
1	0
1	0
8	0
16	0
16	0
16	0
16	0
16	0
16	0
1	0
8	0
8	0
8	0
1	0
12	0
12	0
16	0
16	0
16	0
8	0
8	0
12	0
1	0
12	0
8	0
16	0
12	0
16	0
16	0
16	0
16	0
16	0
16	0
16	0
1	0
12	0
3	0
1	0
1	0
1	1
1	2
1	0
1	9
1	0
1	0
1	1
8	0
8	0
8	8
2	0
6	0
6	2
1	0
1	0
1	1
8	0
8	0
8	0
8	8
4	0
11	4
3	0
12	6
12	0
12	0
8	0
8	0
8	0
8	0
1	8
2	0
2	0
16	0
2	2
1	0
3	3
1	0
1	0
1	1
8	8
2	2
12	0
12	0
12	12
13	13
13	0
1	0
1	0
1	0
1	0
1	0
1	0
8	0
8	0
1	0
13	0
8	0
12	8
13	13
13	0
1	0
1	0
8	0
8	0
16	0
1	0
1	0
1	0
8	0
1	0
16	0
16	0
16	0
1	0
1	0
1	0
8	0
8	0
16	0
16	0
16	0
1	0
1	0
8	0
16	0
1	0
16	0
1	0
1	0
1	0
8	0
16	0
1	0
1	0
1	0
1	0
8	0
8	0
8	0
16	0
1	0
1	0
1	0
8	0
16	0
1	0
1	0
1	0
1	0
8	0
16	0
16	0
1	0
1	0
1	0
13	0
3	6
8	0
8	0
8	0
8	8
13	13
6	6
8	0
8	0
8	8
13	13
1	0
1	1
8	0
8	0
8	8
13	13
1	6
8	0
8	0
8	0
8	0
8	8
13	0
13	0
13	13
13	0
16	0
1	0
8	0
8	0
16	0
1	0
1	0
1	0
1	0
16	0
12	0
16	0
1	0
16	0
1	0
8	0
8	0
16	0
12	0
1	0
1	0
8	0
8	0
16	0
1	0
1	0
8	0
8	0
8	0
16	0
1	0
1	0
12	0
16	0
11	11
3	4
17	0
9	2
8	0
8	0
8	8
17	0
17	0
11	9
12	0
12	0
12	4
13	13
13	0
1	0
17	0
16	0
1	0
16	0
16	0
16	0
16	0
16	0
17	0
16	0
16	0
16	0
16	0
16	0
12	0
12	0
16	0
16	0
12	0
1	0
16	0
12	0
16	0
8	0
16	0
16	0
1	0
16	0
16	0
16	0
16	0
16	0
16	0
17	0
1	0
16	0
17	0
16	0
16	0
12	0
12	0
12	0
13	0
2	2
12	12
12	12
13	0
13	13
13	0
1	0
1	0
16	0
16	0
1	0
1	0
1	0
1	0
1	0
16	0
16	0
12	0
12	0
1	0
1	0
1	0
16	0
16	0
12	0
12	0
1	0
1	0
1	0
16	0
12	0
3	0
1	0
1	0
1	0
12	0
16	0
12	0
12	0
1	0
1	0
1	0
1	0
16	0
16	0
1	0
1	0
1	0
16	0
16	0
12	0
1	0
1	0
1	0
16	0
16	0
3	0
1	0
1	0
12	0
12	11
17	0
1	16
11	11
2	0
3	4
2	2
12	0
12	0
12	12
4	0
4	0
4	0
2	14
1	6
8	8
12	0
12	6
12	0
12	0
8	8
2	2
2	0
11	0
11	6
8	0
8	0
8	8
2	0
2	2
8	8
16	0
16	0
16	0
16	0
16	16
13	13
3	2
1	0
1	0
1	0
1	0
1	0
1	1
8	0
8	0
8	0
8	8
13	13
17	0
17	0
17	0
1	17
17	0
17	0
17	17
17	17
17	0
13	0
12	0
5	0
8	0
2	4
3	0
1	1
17	0
12	0
12	4
12	0
4	0
17	0
16	0
11	14
17	0
4	0
4	10
1	0
8	0
8	0
17	0
8	16
2	0
2	0
2	4
13	13
13	0
8	0
8	0
8	0
16	0
16	0
12	0
8	0
16	0
16	0
16	0
16	0
1	0
16	0
16	0
16	0
16	0
16	0
1	0
16	0
1	0
16	0
16	0
8	0
8	0
1	0
16	0
8	0
12	0
17	0
16	0
16	0
12	0
16	0
13	0
2	8
16	0
11	9
1	0
11	4
1	0
3	0
1	0
1	3
11	0
2	2
12	12
12	12
16	0
16	16
13	13
8	0
8	0
8	0
8	0
8	0
8	0
8	8
13	13
8	0
8	8
13	0
13	0
13	13
11	6
16	6
8	0
8	0
8	0
8	0
8	0
8	0
8	0
8	8
13	13
13	0
1	0
16	0
16	0
16	0
8	0
16	0
16	0
16	0
16	0
1	0
1	0
1	0
1	0
1	0
1	0
1	0
1	0
1	0
12	0
12	0
12	0
12	3
8	0
8	0
8	0
8	0
8	0
8	8
2	2
8	0
12	0
8	12
13	13
13	0
1	0
1	0
1	0
16	0
16	0
16	0
1	0
16	0
1	0
8	0
8	0
8	0
16	0
16	0
8	0
8	0
1	0
8	0
8	0
8	0
1	0
1	0
8	0
8	0
8	0
16	0
16	0
1	0
16	0
1	0
16	0
8	0
8	0
16	0
16	0
8	0
16	0
16	0
16	0
16	0
1	0
1	0
8	0
16	0
17	0
17	17
17	0
17	0
17	0
17	0
17	17
17	0
17	0
17	0
17	17
13	13
13	0
17	0
17	0
17	0
17	0
17	0
17	0
17	0
17	0
17	0
17	0
17	0
17	0
17	0
17	0
17	0
17	0
17	0
17	0
17	0
17	0
17	0
17	0
17	0
17	0
17	0
17	0
17	0
17	0
17	0
17	0
17	0
17	0
17	0
17	0
17	0
17	0
17	0
17	0
17	0
17	0
17	0
17	0
17	0
17	0
17	0
17	0
17	0
17	0
17	17
17	0
17	0
17	0
17	17
4	0
4	4
3	3
1	0
1	1
5	5
12	0
11	6
12	0
12	0
8	0
8	0
8	8
13	13
13	0
1	0
1	0
1	0
1	0
16	0
16	0
1	0
1	0
1	0
1	0
1	0
17	0
1	0
1	0
1	0
1	0
1	0
1	0
16	0
16	0
1	0
1	0
1	0
1	0
16	0
1	0
1	0
17	0
1	0
8	0
8	0
1	0
1	0
1	0
1	0
1	0
17	0
1	0
1	0
12	0
17	17
12	17
8	0
8	0
8	0
8	0
8	8
4	0
4	4
3	6
1	0
1	0
1	1
8	0
8	0
8	0
8	8
2	0
2	2
8	0
8	8
13	13
13	0
1	0
1	0
1	0
1	0
1	0
1	0
1	0
1	0
1	0
1	0
1	0
1	0
1	0
1	0
1	0
1	0
1	0
8	0
16	0
1	0
1	0
1	0
1	0
1	0
1	0
1	0
1	0
8	0
3	0
3	0
3	0
1	0
1	0
1	0
1	0
1	0
12	0
2	2
12	0
12	17
16	0
16	0
16	0
16	16
8	0
8	0
8	0
8	8
3	11
2	0
1	0
1	1
8	0
8	8
17	0
17	0
17	0
12	4
5	5
3	0
12	6
12	0
8	0
8	0
8	0
8	0
8	8
2	2
2	0
6	0
6	6
8	0
8	0
8	0
8	12
8	0
8	8
13	13
13	0
1	0
1	0
1	0
12	0
16	0
1	0
3	0
16	0
16	0
1	0
1	0
8	0
8	0
16	0
16	0
16	0
16	0
13	0
5	0
5	5
13	13
13	0
1	0
1	0
1	0
8	0
8	0
1	0
1	0
1	0
1	0
16	0
8	0
8	0
1	0
1	0
1	0
1	0
1	0
8	0
8	0
8	0
1	0
1	0
1	0
8	0
8	0
1	0
1	0
1	0
1	0
1	0
1	0
8	0
1	0
1	0
1	0
1	0
1	0
1	0
8	0
1	0
1	0
1	0
16	0
8	0
8	0
1	0
1	0
1	0
1	0
1	0
1	0
1	0
1	0
1	0
16	0
13	0
8	0
8	0
8	12
13	13
8	12
12	12
5	0
12	3
17	0
17	0
17	0
2	4
12	0
8	0
8	0
8	0
8	8
16	0
16	0
16	2
2	6
8	0
8	0
8	0
8	0
8	8
13	13
13	0
8	0
8	0
8	0
16	0
16	0
1	0
1	0
1	0
16	0
16	0
16	0
16	0
16	0
16	0
1	0
1	0
16	0
16	0
16	0
8	0
8	0
8	0
16	0
8	0
12	0
8	0
17	0
17	0
17	0
17	0
16	0
13	0
8	0
12	1
12	0
12	8
13	13
13	0
8	0
8	0
8	0
8	0
16	0
1	0
8	0
12	0
12	0
8	0
8	0
1	0
8	0
8	0
8	0
8	0
12	0
8	0
16	0
1	0
8	0
8	0
8	0
8	0
8	0
1	0
8	0
8	0
8	0
12	0
8	0
16	0
8	0
8	0
8	0
8	0
8	0
12	0
8	0
12	0
12	0
12	0
12	0
12	0
8	0
8	0
8	0
8	0
8	0
8	0
1	0
1	0
8	0
8	0
8	0
8	8
3	3
2	0
2	2
8	0
8	8
17	0
2	2
12	12
12	12
13	13
13	0
1	0
8	0
16	0
12	0
16	0
16	0
8	0
8	0
16	0
16	0
16	0
16	0
1	0
1	0
17	0
16	0
1	0
16	0
16	0
12	0
1	0
8	0
16	0
16	0
12	0
16	0
16	0
16	0
8	0
16	0
16	0
16	0
16	0
8	0
16	0
16	0
16	0
1	0
8	0
17	0
16	0
8	0
12	0
16	0
12	0
1	0
12	0
6	6
8	0
8	8
2	2
8	17
5	5
8	0
8	8
16	0
16	0
16	4
1	0
1	0
1	0
1	3
8	0
8	0
8	8
13	13
12	0
12	0
12	7
13	13
13	13
13	13
13	0
1	0
1	0
8	0
16	0
16	0
16	0
1	0
1	0
1	0
1	0
8	0
1	0
8	0
1	0
12	0
12	0
8	0
8	0
8	0
16	0
1	0
16	0
16	0
16	0
1	0
1	0
8	0
16	0
16	0
16	0
16	0
1	0
1	0
12	0
12	12
12	12
4	0
11	4
17	0
17	13
17	0
17	1
17	0
2	2
17	0
17	6
8	8
13	13
13	0
1	0
17	0
1	0
1	0
1	0
1	0
1	0
17	0
1	0
1	0
1	0
12	0
12	0
17	0
17	0
17	0
1	0
1	0
8	0
8	0
17	0
8	0
17	0
1	0
12	0
12	0
8	0
1	0
17	0
1	0
1	0
1	0
3	0
17	0
1	0
1	0
12	0
12	0
17	0
17	0
17	0
1	0
1	0
1	0
12	0
3	0
1	0
3	14
2	2
12	0
8	8
2	0
2	0
2	0
1	0
1	1
16	0
16	16
8	0
8	0
8	0
8	0
8	0
8	0
12	8
17	0
2	16
13	13
13	0
1	0
1	0
1	0
1	0
1	0
1	0
8	0
16	0
1	0
1	0
1	0
1	0
1	0
1	0
1	0
1	0
1	0
1	0
1	0
1	0
1	0
1	0
1	0
1	0
16	0
16	0
1	0
1	0
1	0
16	0
1	0
1	0
3	0
1	0
1	0
12	0
12	0
8	0
3	14
16	0
16	3
2	0
6	0
6	2
1	0
1	0
1	0
1	0
1	1
8	0
8	0
8	8
2	0
2	2
8	0
8	0
8	8
13	13
8	0
8	0
8	0
8	8
13	13
8	0
8	0
8	0
8	0
8	0
8	0
8	0
8	0
8	8
5	0
12	0
8	0
8	16
13	13
11	0
11	0
11	4
5	5
5	6
8	0
8	8
11	2
8	0
8	0
8	8
13	13
13	0
1	0
1	0
1	0
1	0
1	0
11	0
3	11
1	0
1	0
1	0
1	16
11	0
2	2
12	0
6	6
12	0
8	8
5	5
11	11
4	0
11	4
1	0
1	1
2	2
8	0
8	0
8	0
8	8
13	13
5	0
5	5
3	0
3	11
4	0
11	4
3	0
3	0
1	0
1	0
1	3
1	0
1	0
1	0
1	0
1	1
13	13
13	0
1	0
1	0
1	0
1	0
3	0
1	0
1	0
1	0
1	0
1	0
1	0
8	0
1	0
1	0
1	0
16	0
16	0
16	0
11	0
11	11
4	0
11	4
5	5
3	0
1	0
1	0
1	14
11	0
11	6
17	0
17	0
17	0
1	1
17	0
17	0
1	11
1	0
1	0
1	0
1	0
1	0
16	0
16	16
13	13
13	0
1	0
1	0
1	0
1	0
1	0
1	0
1	0
1	0
1	0
1	0
1	0
1	0
1	0
1	0
1	0
1	0
1	0
1	0
1	0
1	0
1	0
1	0
1	0
1	0
1	0
1	0
1	0
1	0
1	0
1	0
1	0
17	0
1	0
12	0
3	2
12	0
8	0
8	8
16	0
17	0
16	0
12	16
12	0
12	0
12	0
12	0
12	8
13	13
3	0
1	0
3	0
1	3
2	2
1	0
6	0
1	0
1	0
1	0
1	0
1	1
8	0
8	0
8	8
2	2
3	0
3	0
1	3
1	0
1	0
1	0
1	1
8	0
8	0
8	0
8	8
13	13
5	5
3	6
12	0
12	8
13	13
16	0
11	6
1	0
1	0
16	0
16	0
16	0
16	0
3	1
8	0
8	0
13	0
13	0
17	0
5	5
1	3
17	11
17	0
17	0
17	0
17	16
17	0
17	0
1	10
13	13
13	0
1	0
17	0
17	0
1	0
1	0
17	0
17	0
17	0
17	0
17	0
17	0
17	0
17	0
17	0
17	0
17	0
17	0
17	0
17	0
17	0
1	0
1	0
17	0
1	0
1	0
1	0
17	0
17	0
17	0
17	0
17	0
1	0
1	0
17	0
17	0
17	0
17	0
17	0
17	0
17	0
17	0
17	0
17	0
17	0
17	0
1	0
13	0
17	0
12	16
16	0
1	0
16	0
16	16
13	13
8	0
12	16
12	0
16	16
13	13
13	0
8	0
8	0
8	0
16	0
1	0
1	0
8	0
1	0
8	0
1	0
1	0
16	0
1	0
8	0
8	0
8	0
1	0
16	0
1	0
16	0
1	0
8	0
8	0
16	0
16	0
1	0
1	0
8	0
1	0
8	0
16	0
1	0
1	0
8	0
16	0
1	0
1	0
1	0
1	0
8	0
1	0
16	0
16	0
16	0
1	0
1	0
13	0
4	0
4	16
8	0
12	0
12	0
12	8
2	2
11	0
11	11
3	0
2	0
1	0
2	3
3	0
1	2
17	12
17	12
16	0
16	16
13	13
13	0
1	0
1	0
1	0
16	0
16	0
16	0
16	0
3	0
1	0
3	0
1	0
1	0
1	0
1	0
1	0
1	0
8	0
16	0
16	0
16	0
1	0
1	0
1	0
16	0
16	0
16	0
16	0
16	0
8	0
16	0
16	0
1	0
1	0
1	0
1	0
1	0
1	0
1	0
12	0
4	0
12	16
12	0
12	0
8	8
1	0
1	0
1	1
5	2
3	6
8	0
8	8
16	0
4	16
13	13
13	0
1	0
1	0
8	0
16	0
16	0
16	0
16	0
1	0
16	0
16	0
16	0
16	0
16	0
1	0
1	0
16	0
16	0
16	0
16	0
16	0
1	0
16	0
16	0
16	0
16	0
16	0
16	0
1	0
1	0
16	0
16	0
16	0
16	0
16	0
16	0
16	0
16	0
1	0
1	0
1	0
16	0
16	0
16	0
12	0
12	4
17	0
17	0
17	0
17	0
17	0
17	1
17	0
17	0
12	4
13	13
13	0
12	0
12	0
12	0
12	0
12	0
17	0
17	0
17	0
17	0
17	0
17	0
12	0
17	0
17	0
17	0
17	0
17	0
17	0
17	0
12	0
12	0
12	0
1	0
1	0
12	0
12	0
17	0
17	0
17	0
12	0
17	0
17	0
12	0
17	0
17	0
17	0
17	0
17	0
17	0
17	0
17	0
17	0
17	0
17	0
12	0
12	0
17	0
3	0
3	3
3	0
1	6
8	0
8	0
8	0
8	0
8	0
8	0
8	0
8	0
8	0
8	8
13	13
5	5
3	0
14	2
12	0
17	0
12	8
2	0
2	2
8	8
2	0
3	4
1	0
1	1
3	0
3	3
13	13
13	0
1	0
16	0
16	0
16	0
16	0
16	0
16	0
3	0
12	0
16	0
16	0
1	0
16	0
16	0
8	0
1	0
16	0
16	0
1	0
1	0
1	0
1	0
1	0
1	0
1	0
8	0
8	0
16	0
11	0
11	11
4	0
11	4
8	0
17	0
17	10
1	0
1	0
1	0
1	0
1	0
1	1
13	0
11	0
14	14
5	6
8	0
8	0
8	0
8	0
8	8
2	0
2	2
12	0
8	0
8	8
16	0
16	0
16	16
13	13
13	0
1	0
16	0
16	0
16	0
16	0
1	0
1	0
1	0
16	0
16	0
16	0
1	0
1	0
8	0
16	0
3	0
1	0
1	0
1	0
1	0
1	0
1	0
1	0
1	0
1	0
1	0
1	0
1	0
13	0
11	11
4	0
11	4
1	0
1	0
1	0
1	3
13	13
13	0
1	0
1	0
1	0
1	0
1	0
1	0
1	0
1	0
1	0
1	0
1	0
1	0
1	0
1	0
1	0
1	0
1	0
1	0
1	0
1	0
1	0
1	0
1	0
1	0
1	0
1	0
1	0
1	0
1	0
1	0
1	0
1	0
1	0
1	0
1	0
1	0
1	0
1	0
1	0
1	0
1	0
1	0
1	0
1	0
1	0
1	0
1	0
1	0
1	0
1	0
17	0
17	0
12	17
12	2
6	0
9	0
1	1
8	8
1	0
12	4
3	0
2	2
9	0
8	0
9	17
1	0
1	17
13	13
13	0
1	0
1	0
1	0
1	0
1	0
1	0
1	0
1	0
1	0
1	0
1	0
1	0
16	0
17	0
17	0
8	0
8	0
1	0
1	0
1	0
8	0
1	0
8	0
1	0
1	0
1	0
1	0
1	0
1	0
1	0
16	0
16	0
16	0
1	0
1	0
1	0
1	0
16	0
17	0
17	0
8	0
13	0
11	11
4	0
11	4
3	3
1	0
1	0
1	0
1	1
13	13
13	0
1	0
1	0
1	0
1	0
1	0
1	0
1	0
1	0
1	0
1	0
1	0
1	0
1	0
1	0
1	0
1	0
1	0
1	0
1	0
1	0
1	0
1	0
1	0
1	0
1	0
1	0
1	0
1	0
1	0
1	0
1	0
1	0
1	0
1	0
1	0
1	0
16	0
1	0
1	0
1	0
1	0
1	0
1	0
1	0
1	0
1	0
1	0
1	0
1	0
12	0
11	11
1	0
1	0
1	0
16	0
16	16
17	0
11	3
13	13
5	5
14	0
11	11
16	0
16	0
1	0
16	16
11	0
11	11
17	3
17	2
17	6
8	8
3	0
3	11
1	0
1	0
16	16
4	0
11	4
13	13
5	5
16	0
11	11
11	0
11	4
1	0
3	0
1	0
1	3
13	0
13	13
1	0
3	0
3	0
1	0
1	0
1	0
1	1
13	13
13	0
16	0
3	0
1	0
1	0
1	0
16	0
16	0
16	0
16	0
13	0
1	0
8	0
1	0
1	9
8	0
8	0
8	0
8	8
13	13
1	0
3	0
1	0
1	3
1	0
1	0
1	0
1	0
1	16
13	13
2	0
3	0
3	0
9	0
2	2
2	2
8	0
8	0
8	8
13	13
13	0
1	0
1	0
1	0
1	0
1	0
1	0
1	0
1	0
1	0
8	0
16	0
1	0
16	0
16	0
16	0
1	0
1	0
1	0
1	0
1	0
1	0
8	0
8	0
16	0
1	0
1	0
1	0
1	0
1	0
12	0
5	0
5	5
11	0
11	11
4	0
4	4
1	0
1	0
1	0
1	0
1	3
1	0
2	0
4	10
1	0
1	0
1	0
1	3
3	0
3	3
8	0
8	0
8	8
13	13
11	0
11	11
4	0
4	4
8	0
8	0
8	0
8	8
13	13
13	0
1	0
8	0
1	0
8	0
1	0
1	0
1	0
1	0
1	0
1	0
1	0
16	0
16	0
16	0
16	0
8	0
1	0
1	0
1	0
1	0
1	0
1	0
1	0
1	0
1	0
13	0
8	0
8	0
1	0
8	8
13	13
8	0
8	0
1	0
8	8
13	13
8	0
8	0
1	0
8	8
13	13
12	0
12	0
8	0
8	8
13	13
13	0
8	0
1	0
8	0
8	0
8	0
8	0
8	0
8	0
8	0
8	0
1	0
8	0
8	0
8	0
1	0
1	0
8	0
8	0
8	0
8	0
1	0
8	0
1	0
8	0
8	0
8	0
8	0
8	0
8	0
8	0
8	0
8	0
8	0
8	0
1	0
1	0
8	0
8	0
12	0
5	0
5	5
11	0
11	11
4	0
4	4
1	0
1	0
1	0
1	0
1	3
5	0
11	0
4	10
3	0
3	3
6	6
1	0
1	0
1	0
1	9
8	0
8	8
13	13
11	0
11	11
4	0
4	4
1	6
8	0
8	0
8	8
3	11
2	0
2	2
1	0
1	0
1	0
1	1
8	0
8	0
8	0
8	8
2	0
11	0
11	6
8	0
8	0
8	8
1	0
1	0
16	16
1	0
4	0
2	0
1	4
13	13
16	0
13	0
13	0
6	6
3	0
3	0
1	1
8	0
8	8
13	13
16	6
3	0
3	0
3	1
8	0
8	0
8	0
8	0
8	0
8	8
13	13
8	0
8	8
5	5
8	0
8	0
8	8
13	13
13	0
16	0
16	0
16	0
16	0
16	0
1	0
16	0
16	0
16	0
1	0
1	0
16	0
16	0
1	0
8	0
16	0
8	0
8	0
16	0
16	0
16	0
1	0
1	0
1	0
16	0
16	0
16	0
16	0
16	0
16	0
1	0
1	0
1	0
12	0
8	11
4	0
4	4
1	6
8	0
8	0
8	8
17	0
17	3
12	0
12	0
12	4
13	13
14	0
2	2
8	0
8	0
8	0
8	8
13	13
1	2
8	0
8	8
5	5
1	2
8	0
8	0
8	8
13	13
14	0
11	14
17	0
12	0
12	11
1	0
12	16
3	0
3	3
1	0
1	0
16	0
16	0
16	16
13	13
13	0
1	0
3	0
3	0
1	0
1	0
1	0
1	0
1	0
1	0
12	0
12	0
12	0
12	0
16	0
11	0
3	0
8	0
12	0
12	0
12	8
4	0
11	4
3	0
3	0
1	0
1	16
8	0
2	2
6	6
1	0
1	0
1	1
8	8
13	13
13	0
1	0
1	0
1	0
1	0
1	0
8	0
1	0
1	0
1	0
1	0
8	0
1	0
8	0
8	0
1	0
1	0
1	0
1	0
8	0
8	0
1	0
1	0
1	0
1	0
8	0
8	0
1	0
1	0
16	0
16	0
16	0
1	0
1	0
1	0
1	0
8	0
8	0
8	0
8	0
12	0
12	16
17	0
11	4
12	0
12	0
12	4
13	13
2	0
14	2
8	0
8	0
8	12
17	0
2	2
8	12
1	2
9	0
9	0
8	0
9	0
9	1
8	0
8	0
8	8
13	13
6	0
6	3
5	6
9	0
9	0
8	0
8	0
8	0
1	0
1	1
8	0
8	0
8	8
2	0
2	2
8	0
8	0
8	0
8	0
8	8
5	5
17	0
6	0
3	3
9	9
8	0
8	0
8	8
17	0
2	2
12	12
13	13
13	0
8	0
12	0
3	0
12	8
16	0
16	0
16	4
6	0
6	0
3	3
3	0
9	9
8	0
8	0
8	8
8	0
8	0
8	0
8	0
8	8
5	0
3	4
11	11
3	0
3	2
1	0
1	0
1	1
8	0
8	0
8	8
1	0
2	0
1	0
1	0
1	0
1	0
16	16
5	0
4	0
16	4
3	0
6	0
3	14
2	0
2	0
3	0
2	2
3	0
1	0
6	0
1	0
1	1
1	1
8	8
2	2
12	12
1	0
2	0
16	0
13	0
12	0
6	6
1	0
3	0
1	0
1	8
17	0
17	0
17	0
17	4
17	0
17	0
12	16
17	0
17	0
16	2
2	6
3	0
9	9
8	0
8	0
8	8
8	0
8	0
8	0
8	0
8	8
5	5
14	6
17	0
6	0
6	11
17	0
17	0
17	0
2	4
2	0
11	6
8	0
8	0
8	0
8	0
8	0
8	8
2	0
2	2
12	12
3	11
17	0
17	3
3	0
1	0
1	1
1	0
1	16
11	0
11	4
1	0
1	0
13	0
13	0
1	0
1	0
1	1
8	0
8	0
8	0
8	0
8	8
13	13
1	0
3	0
1	0
1	0
1	1
13	13
13	0
1	0
1	0
1	0
1	0
1	0
1	0
1	0
1	0
1	0
1	0
8	0
8	0
8	0
1	0
1	0
1	0
1	0
1	0
1	0
1	0
1	0
1	0
1	0
1	0
8	0
1	0
1	0
1	0
1	0
1	0
1	0
1	0
1	0
1	0
1	0
8	0
8	0
8	0
1	0
1	0
1	0
1	0
1	0
12	0
11	0
11	2
11	0
4	8
16	0
16	0
16	16
8	0
8	8
2	2
12	0
12	0
12	8
13	13
3	0
3	7
13	13
13	0
1	0
8	0
8	0
8	0
8	0
8	0
1	0
3	0
16	0
16	0
16	0
8	0
8	0
1	0
12	0
8	0
8	0
12	0
12	0
1	0
3	0
16	0
16	0
8	0
8	0
8	0
1	0
1	0
3	0
16	0
12	0
16	0
16	0
16	0
1	0
8	0
8	0
12	0
1	0
12	0
8	0
12	0
3	0
16	0
2	4
2	3
1	0
1	16
3	0
4	0
14	0
14	14
6	6
17	0
17	0
17	1
8	8
3	0
2	0
3	2
3	0
11	11
16	0
2	0
4	10
16	0
4	0
4	16
17	0
3	0
3	4
5	5
11	0
11	4
1	0
2	0
9	2
3	0
9	9
3	0
1	0
1	16
1	0
16	0
17	11
3	0
3	3
1	0
2	0
3	16
5	5
3	3
3	0
1	0
3	0
1	16
16	0
2	0
11	0
9	2
13	0
13	0
13	13
13	13
13	0
8	0
8	0
8	0
8	0
8	0
8	0
8	0
8	0
8	0
8	0
8	0
8	0
8	0
8	0
8	0
8	0
8	0
8	0
8	0
8	0
8	0
8	0
8	0
8	0
8	0
8	0
8	0
8	0
8	0
8	0
8	0
8	0
8	0
8	0
8	0
8	0
8	0
8	0
8	0
8	0
8	0
8	0
8	0
16	0
8	0
8	0
8	0
8	0
8	0
8	0
8	0
8	0
8	0
8	0
8	0
16	0
12	0
3	0
2	2
8	0
12	0
8	8
16	0
16	0
16	0
16	17
16	0
5	5
8	0
8	8
2	2
12	0
12	0
12	8
13	13
17	0
14	2
8	8
17	0
1	3
8	0
8	8
13	13
8	0
8	8
2	2
12	0
12	0
12	8
5	5
3	0
2	2
8	0
8	0
8	8
13	13
3	0
3	0
16	0
3	7
13	13
8	0
8	8
2	2
12	0
12	0
12	8
5	5
1	0
1	1
8	0
8	0
8	0
8	8
13	13
13	0
13	0
17	0
11	0
5	3
2	0
2	2
8	0
12	0
12	8
17	0
2	2
12	12
13	13
3	0
3	0
3	9
3	0
1	0
1	0
1	16
17	0
17	16
13	13
3	0
3	0
1	0
3	7
13	13
8	0
8	8
2	2
12	0
12	0
12	8
13	13
13	0
1	0
1	0
1	0
1	0
1	0
1	0
16	0
1	0
16	0
1	0
1	0
16	0
8	0
8	0
8	0
8	0
8	0
8	0
17	0
8	0
1	0
1	0
1	0
1	0
13	0
11	0
11	11
4	0
4	16
3	0
3	0
1	3
1	0
3	0
1	0
1	0
1	1
13	13
13	0
1	0
1	0
1	0
1	0
1	0
1	0
1	0
1	0
1	0
1	0
1	0
1	0
1	0
1	0
1	0
1	0
1	0
1	0
1	0
1	0
1	0
1	0
1	0
1	0
1	0
1	0
1	0
1	0
1	0
1	0
1	0
16	0
1	0
8	0
16	0
3	0
3	0
1	0
1	0
1	0
1	0
1	0
1	0
1	0
1	0
1	0
1	0
1	0
1	0
1	0
1	0
16	3
13	13
3	3
1	0
16	0
16	0
16	1
11	0
11	0
11	4
2	3
3	0
1	0
1	3
3	3
12	0
12	0
12	4
13	13
13	0
1	0
8	0
12	0
12	0
1	0
1	0
3	0
1	0
1	0
1	0
8	0
8	0
1	0
8	0
8	0
1	0
12	0
12	0
12	0
12	0
8	0
1	0
8	0
12	0
8	0
1	0
1	0
3	0
3	0
1	0
16	0
8	0
1	0
11	0
12	0
3	0
10	0
3	0
3	3
16	0
11	4
2	2
12	12
13	13
5	5
11	0
11	11
4	0
11	4
1	0
2	0
1	0
1	0
1	0
1	0
1	0
1	3
12	0
1	0
1	1
5	5
3	0
1	0
1	0
1	1
5	5
2	2
12	0
12	0
12	12
13	13
13	0
16	0
8	0
1	0
1	0
8	0
1	0
8	0
1	0
1	0
1	0
16	0
16	0
16	0
16	0
12	0
1	0
12	0
8	0
16	0
16	0
16	0
1	0
11	0
4	4
3	0
3	0
1	0
3	3
2	3
12	0
12	0
4	10
3	3
3	0
3	0
3	3
1	0
1	0
1	0
1	16
2	0
3	5
11	0
11	11
11	0
11	4
1	0
3	0
3	0
1	0
1	0
1	3
1	0
2	0
1	0
1	1
13	13
13	0
1	0
1	0
1	0
1	0
16	0
8	0
3	0
1	0
1	0
1	0
1	0
16	0
1	0
16	0
1	0
1	0
1	0
1	0
1	0
1	0
3	0
3	0
1	0
1	0
12	0
12	11
17	0
17	0
17	0
17	4
3	3
5	5
8	0
8	0
8	0
8	0
8	0
8	0
8	0
8	0
8	0
8	0
8	0
8	8
17	2
17	0
3	0
2	17
12	12
1	0
1	0
1	3
3	0
12	6
12	0
1	0
1	8
2	0
2	2
1	0
1	0
1	1
8	0
8	8
12	0
12	0
12	0
12	0
1	0
12	16
1	0
1	2
3	0
6	11
17	0
3	0
9	6
8	0
8	8
1	0
1	0
1	0
1	0
13	0
12	0
3	0
4	4
16	0
2	3
2	0
2	0
11	0
2	2
1	0
1	0
1	0
1	0
1	1
8	0
8	8
13	13
3	0
4	0
1	14
3	2
12	6
8	8
1	0
1	0
1	0
1	0
16	16
13	13
3	0
3	3
12	0
12	6
12	0
12	8
16	0
16	16
13	13
13	0
11	0
5	3
4	0
11	0
4	0
3	4
16	0
1	0
16	0
16	16
13	13
13	13
13	0
3	0
16	0
1	0
1	0
1	0
16	0
1	0
8	0
12	0
11	0
12	0
11	6
8	8
8	0
2	0
2	2
6	6
8	0
8	8
16	0
12	0
16	0
16	0
16	16
3	3
1	0
11	10
13	13
13	0
3	0
1	0
1	0
1	0
1	0
1	0
1	0
1	0
1	0
8	0
8	0
16	0
16	0
16	0
16	0
3	0
1	0
1	0
1	0
1	0
1	0
3	0
8	0
1	0
1	0
1	0
1	0
1	0
1	0
1	0
8	0
1	0
1	0
1	0
8	0
8	0
16	0
16	0
16	0
12	0
8	0
8	0
8	3
3	0
4	0
16	4
8	0
8	0
8	0
8	0
8	8
16	2
8	0
8	8
5	5
8	0
8	0
8	0
8	8
5	5
1	6
8	0
8	0
12	8
13	13
3	0
3	3
2	3
8	0
8	0
12	8
5	5
6	0
6	0
5	3
6	6
8	0
8	8
2	0
1	2
8	0
8	8
3	0
1	0
1	0
1	0
1	0
1	16
2	0
2	0
2	0
2	1
8	0
8	0
8	0
8	8
17	0
11	2
13	0
12	0
12	0
12	0
12	16
13	0
13	17
12	17
12	0
12	0
12	12
8	0
12	17
13	13
13	0
12	0
8	0
8	0
12	0
12	0
1	0
1	0
8	0
12	0
16	0
8	0
1	0
1	0
17	0
17	0
17	0
12	0
12	0
12	0
12	0
12	0
8	0
8	0
8	0
12	0
12	0
1	0
1	0
8	0
8	0
1	0
8	0
1	0
8	0
8	0
8	0
8	0
12	0
17	0
17	0
12	0
12	0
12	0
12	0
12	0
12	0
13	0
8	0
8	0
8	0
8	0
8	0
8	0
8	8
2	2
12	0
12	0
12	12
2	0
2	2
12	12
13	13
13	0
1	0
8	0
16	0
8	0
16	0
16	0
16	0
8	0
8	0
8	0
8	0
16	0
16	0
16	0
8	0
16	0
16	0
1	0
16	0
16	0
8	0
8	0
16	0
8	0
8	0
16	0
16	0
16	0
8	0
1	0
1	0
8	0
8	0
8	0
8	0
8	0
16	0
16	0
16	0
8	0
16	0
16	0
16	0
8	0
9	9
8	0
8	0
8	8
13	13
13	0
8	0
8	0
8	0
8	0
8	0
8	0
1	0
1	0
8	0
8	0
8	0
8	0
8	0
1	0
1	0
8	0
8	0
8	0
8	0
8	0
1	0
1	0
8	0
8	0
8	0
8	0
1	0
1	0
8	0
8	0
8	0
8	0
8	0
8	0
8	0
1	0
8	0
8	0
8	0
1	0
8	0
8	0
8	0
8	0
8	0
8	0
1	0
8	0
8	0
8	0
8	0
1	0
1	0
13	0
12	17
13	13
13	0
1	0
1	0
1	0
8	0
1	0
1	0
1	0
1	0
1	0
16	0
16	0
1	0
1	0
1	0
1	0
16	0
8	0
8	0
1	0
1	0
1	0
1	0
1	0
8	0
16	0
1	0
1	0
1	0
1	0
8	0
16	0
16	0
1	0
1	0
1	0
1	0
8	0
8	0
8	0
1	0
1	0
1	0
1	0
16	0
16	0
1	0
1	0
1	0
1	0
8	0
16	0
1	0
1	0
1	0
1	0
16	0
13	0
12	12
13	13
12	12
12	0
12	0
12	0
12	0
12	17
9	9
8	0
8	0
8	8
1	0
16	4
2	0
6	0
3	0
3	3
2	2
12	12
13	13
13	0
1	0
1	0
1	0
8	0
1	0
12	0
16	0
1	0
8	0
8	0
1	0
16	0
16	0
1	0
1	0
1	0
1	0
1	0
12	0
8	0
16	0
1	0
1	0
3	0
12	0
16	0
8	0
16	0
12	0
12	0
16	0
1	0
1	0
8	0
1	0
1	0
16	0
13	0
5	5
3	0
3	2
1	0
1	0
8	0
8	0
1	8
13	13
13	0
1	0
1	0
1	0
8	0
8	0
1	0
1	0
1	0
1	0
1	0
8	0
8	0
8	0
1	0
1	0
1	0
1	0
3	0
8	0
8	0
1	0
1	0
1	0
8	0
8	0
1	0
1	0
1	0
1	0
1	0
1	0
8	0
8	0
8	0
1	0
1	0
1	0
3	0
3	0
1	0
1	0
1	0
1	0
8	0
1	0
1	0
1	0
1	0
8	0
13	0
16	0
11	11
16	0
1	0
16	16
12	12
13	13
13	0
16	0
16	0
16	0
16	0
16	0
16	0
16	0
1	0
16	0
16	0
16	0
16	0
16	0
16	0
16	0
1	0
16	0
16	0
16	0
16	0
16	0
16	0
16	0
8	0
16	0
16	0
16	0
16	0
1	0
16	0
16	0
16	0
16	0
16	0
16	0
16	0
16	0
16	0
16	0
16	0
16	0
16	0
1	0
16	0
16	0
16	0
16	0
16	0
16	0
16	0
16	0
12	0
11	0
11	11
4	4
3	0
3	3
17	3
17	0
1	0
17	3
17	0
17	0
17	11
17	0
17	0
17	0
17	16
13	13
5	0
5	5
16	0
11	11
3	0
1	16
8	0
8	0
8	8
5	5
8	0
8	0
8	0
8	8
11	11
16	0
1	0
16	0
16	16
3	0
11	11
3	0
3	0
1	0
1	3
13	13
3	3
14	0
11	0
2	0
11	2
8	0
8	0
8	0
8	0
8	0
8	8
16	0
11	0
11	3
13	13
13	0
12	0
12	0
11	11
4	0
11	4
1	0
1	0
1	0
1	0
1	0
1	0
3	0
1	3
12	0
1	0
1	1
5	5
2	2
12	0
12	0
12	12
5	5
17	0
17	0
11	0
2	2
12	17
17	0
17	0
2	4
17	0
17	0
16	16
17	6
17	0
11	0
1	0
1	1
8	0
8	0
8	0
8	8
17	6
8	8
13	13
13	0
1	0
16	0
3	0
16	0
16	0
1	0
1	0
1	0
1	0
1	0
1	0
1	0
1	0
1	0
12	0
13	13
13	0
8	0
8	0
8	0
8	0
8	0
8	0
8	0
8	0
8	0
8	0
8	0
8	0
8	0
8	0
8	0
8	0
8	0
8	0
8	0
8	0
8	0
8	0
8	0
8	0
8	0
8	0
8	0
8	0
8	0
8	0
8	0
8	0
8	0
8	0
8	0
8	0
8	0
8	0
8	0
8	0
8	0
8	0
8	0
8	0
8	0
8	0
8	0
8	0
8	0
8	0
8	0
8	0
8	0
8	0
8	0
8	0
8	0
12	0
9	9
8	0
8	0
8	8
8	0
8	0
8	0
8	0
8	0
8	0
8	8
4	0
4	4
16	0
3	0
4	10
3	3
6	6
8	0
8	0
8	0
8	0
8	0
8	8
13	13
14	6
1	0
1	0
1	1
1	6
8	0
8	0
8	8
4	0
2	4
17	0
2	2
9	0
9	8
17	0
5	5
9	0
9	8
8	0
8	8
17	0
12	0
9	4
13	13
13	0
1	0
8	0
1	0
1	0
1	0
8	0
3	0
3	0
1	0
12	0
1	0
1	2
1	0
1	0
1	1
8	8
16	0
12	0
16	4
8	0
8	0
8	0
8	0
8	8
17	0
12	2
8	0
8	0
8	0
8	8
5	0
3	4
13	13
5	5
1	0
8	3
5	6
8	0
8	0
8	8
17	0
12	3
4	0
11	4
3	6
3	0
1	0
1	1
8	0
8	0
8	8
5	5
8	0
8	0
8	0
8	0
8	0
8	8
2	0
2	2
8	0
8	0
8	8
2	2
1	0
12	0
12	0
12	0
13	0
12	0
16	0
17	0
5	0
3	3
1	0
1	0
1	0
1	1
8	0
8	0
8	8
5	5
13	13
13	0
16	0
16	0
16	0
16	0
16	0
1	0
16	0
16	0
16	0
16	0
16	0
16	0
1	0
16	0
1	0
8	0
8	0
8	0
16	0
1	0
16	0
8	0
8	0
16	0
16	0
1	0
1	0
16	0
16	0
16	0
16	0
16	0
16	0
16	0
16	0
16	0
16	0
1	0
1	0
8	0
8	0
8	0
8	0
16	0
1	0
17	0
17	17
17	0
17	0
17	0
17	17
13	13
17	0
17	0
17	0
17	0
17	0
17	0
17	8
17	0
17	0
17	0
17	0
17	4
17	0
6	11
8	0
17	0
17	0
12	0
12	16
13	13
17	0
12	6
17	0
17	0
17	1
17	0
17	11
1	0
1	0
3	0
17	1
17	0
17	16
13	13
13	0
17	0
17	0
17	0
16	0
17	0
17	0
17	0
17	0
17	0
17	0
8	0
1	0
1	0
1	0
17	0
17	0
17	0
17	0
17	0
17	6
17	0
17	0
17	1
12	0
8	0
12	8
13	13
17	17
17	0
17	0
17	17
17	17
17	17
17	0
17	17
13	13
17	0
17	0
17	7
17	3
17	3
17	0
17	0
17	11
13	13
17	0
17	0
17	17
17	0
17	0
17	17
17	17
17	17
17	17
17	17
17	0
17	0
17	0
17	17
13	13
17	7
13	13
13	0
17	0
17	0
17	0
17	0
17	0
17	0
17	0
17	0
17	0
17	0
17	0
17	0
17	0
17	0
17	0
17	0
17	17
13	13
13	0
17	0
17	0
17	0
17	0
17	0
17	0
17	0
17	0
17	0
17	0
17	0
17	0
17	0
17	0
17	0
17	0
8	0
8	0
17	0
17	0
17	0
17	0
17	0
17	0
17	0
17	0
17	0
17	0
17	0
17	0
17	0
17	0
17	0
17	0
17	0
17	0
17	0
8	0
8	0
17	0
17	0
17	0
17	0
17	0
17	0
17	0
17	0
17	0
17	0
8	0
17	0
17	0
17	0
17	0
17	0
17	0
13	0
17	0
8	17
13	13
13	0
1	0
1	0
17	0
8	0
1	0
1	0
1	0
1	0
17	0
17	0
8	0
1	0
1	0
1	0
1	0
1	0
8	0
8	0
8	0
1	0
1	0
1	0
1	0
8	0
8	0
1	0
1	0
1	0
1	0
17	0
8	0
8	0
1	0
1	0
1	0
1	0
1	0
1	0
8	0
1	0
1	0
1	0
17	0
8	0
8	0
1	0
1	0
1	0
17	0
8	0
1	0
1	0
1	0
1	0
17	0
13	0
13	13
3	0
11	11
16	0
16	0
16	0
16	16
2	2
8	0
8	0
8	0
8	8
3	2
2	0
2	0
6	6
8	0
8	8
3	0
12	10
12	0
1	0
1	16
5	5
14	6
3	0
6	0
9	1
8	0
8	0
8	8
2	0
2	2
8	0
8	0
8	0
8	8
4	0
11	4
3	0
4	0
2	0
14	14
1	0
3	11
17	11
8	8
16	16
13	13
13	0
3	0
3	0
1	0
1	0
1	0
8	0
1	0
3	0
3	0
12	0
1	0
2	0
1	0
1	0
1	0
12	0
12	1
4	0
4	0
4	4
2	6
8	0
8	0
8	0
8	0
8	0
8	0
8	8
1	0
2	0
16	0
16	16
13	13
16	0
11	11
3	4
16	0
1	1
17	0
17	2
11	0
11	11
13	13
13	0
1	0
16	0
1	0
1	0
1	0
1	0
1	0
1	0
16	0
16	0
16	0
16	0
1	0
1	0
1	0
1	0
1	0
16	0
1	0
8	0
3	0
3	0
1	0
1	0
1	0
12	0
1	0
12	6
12	0
4	8
4	0
11	4
6	6
8	0
8	0
8	0
8	0
8	0
8	8
13	13
3	3
3	0
4	0
14	0
14	14
2	6
8	0
12	0
8	0
8	8
1	0
1	0
1	0
1	0
1	0
1	0
16	0
1	1
4	0
4	4
13	13
2	0
5	5
1	0
1	0
6	0
1	0
1	0
3	0
3	0
3	0
3	1
1	0
1	0
1	1
16	0
11	6
12	0
12	8
3	3
5	5
2	2
12	0
12	0
13	0
12	0
8	0
8	0
8	0
8	0
8	0
8	0
8	0
8	0
8	0
8	8
16	0
4	0
4	16
11	0
2	0
11	11
3	0
3	3
17	0
17	0
9	2
8	0
8	0
8	8
5	5
8	0
8	8
13	13
13	0
1	0
16	0
16	0
16	0
16	0
16	0
3	0
8	0
1	0
1	0
17	0
17	0
1	0
3	0
8	0
1	0
1	0
17	0
1	0
1	0
1	0
1	0
8	0
1	0
8	0
8	0
16	0
16	0
16	0
2	0
12	0
13	0
6	0
14	0
2	14
12	0
6	10
12	0
1	0
1	0
1	1
8	0
8	8
16	0
16	0
12	16
17	0
2	0
3	0
2	2
8	8
8	0
12	0
16	0
17	0
12	0
12	16
2	0
2	0
2	0
3	0
1	0
1	0
16	1
9	9
12	0
8	8
13	13
11	11
1	0
1	0
1	3
16	0
1	1
4	0
11	4
13	13
13	0
1	0
1	0
1	0
1	0
1	0
1	0
1	0
1	0
1	0
8	0
16	0
16	0
12	0
17	6
1	0
1	0
1	1
8	8
5	5
2	2
2	0
2	2
12	0
8	0
8	8
16	0
16	0
16	0
1	16
2	0
6	0
6	2
8	0
8	0
8	8
3	11
16	0
11	11
17	0
2	2
3	0
17	0
17	1
13	13
17	0
14	0
3	0
1	3
1	0
1	0
1	0
1	0
16	0
1	1
8	0
8	0
8	0
8	8
1	0
2	0
1	0
16	0
16	16
13	13
16	0
11	0
11	0
14	11
8	0
8	0
8	8
13	0
12	0
17	0
12	0
9	6
8	0
8	0
8	0
8	8
4	0
11	4
17	0
2	0
4	10
3	3
3	0
1	0
1	0
1	0
1	0
1	0
1	1
13	13
8	0
8	8
16	0
17	0
1	0
1	0
1	16
13	13
17	0
3	7
13	13
2	0
3	5
3	2
17	0
17	0
1	3
17	0
1	0
1	1
17	0
17	2
17	0
11	0
4	10
3	3
3	0
1	0
1	0
1	1
8	0
8	0
8	0
8	0
8	0
8	0
8	0
13	0
3	0
3	0
1	0
1	0
16	0
16	1
8	0
8	8
1	0
1	0
1	16
8	2
3	0
1	0
1	1
2	2
8	0
8	0
8	0
8	8
3	0
2	0
3	0
2	0
3	0
3	0
3	16
13	13
11	11
11	0
11	0
5	3
1	0
1	0
1	0
1	1
3	0
3	5
2	3
8	0
8	0
8	0
8	0
8	8
5	5
3	0
1	0
3	0
3	3
1	0
1	0
1	0
1	0
1	1
4	0
4	4
13	13
13	0
3	0
1	0
17	0
17	17
12	0
12	0
12	12
17	0
17	17
17	0
17	17
17	0
17	11
4	0
4	4
3	6
17	0
1	0
1	1
3	8
3	3
1	0
1	1
2	0
2	0
2	2
12	0
8	0
8	0
8	8
16	0
16	16
13	0
13	17
17	0
11	11
11	0
11	4
1	0
3	0
1	0
1	3
3	0
3	3
6	6
8	0
8	0
8	0
8	0
8	0
8	8
12	0
12	0
12	0
12	4
13	13
13	0
3	0
3	0
3	0
3	0
1	0
17	0
12	0
11	11
4	0
4	4
2	0
6	2
8	0
8	8
1	0
1	16
13	13
3	0
3	11
17	6
8	0
8	8
3	0
3	0
3	3
1	0
17	0
1	0
17	0
16	16
1	0
17	4
13	13
5	5
4	0
4	4
17	0
12	0
12	3
1	0
1	0
1	16
3	0
3	0
3	3
1	0
11	2
1	0
1	0
1	6
17	0
8	8
17	0
17	0
12	8
17	0
12	16
4	0
4	4
17	0
4	0
17	14
17	0
12	0
13	0
12	0
5	5
3	3
1	1
6	6
8	0
8	0
8	8
3	3
4	0
4	4
13	13
14	0
11	0
11	11
4	0
4	4
3	0
3	11
3	3
3	0
1	3
1	0
1	0
1	1
2	0
3	0
3	16
5	5
8	0
8	0
8	8
12	0
2	11
12	0
12	8
16	0
17	0
17	0
16	16
13	13
1	0
3	0
3	0
16	0
16	1
2	0
2	2
8	0
8	8
16	0
1	0
16	0
4	16
5	5
16	0
11	6
8	0
8	8
13	0
17	0
17	0
17	0
12	10
13	13
17	0
17	0
17	10
17	6
17	0
17	0
17	8
4	0
4	4
3	3
12	0
12	8
13	13
1	0
1	0
1	0
1	0
1	0
1	1
3	5
1	6
17	0
8	0
8	8
1	2
8	0
8	0
8	8
3	0
3	0
1	0
1	3
3	0
3	3
3	0
1	0
1	1
5	5
3	0
3	0
1	0
1	1
4	0
4	4
13	13
2	0
5	5
6	6
8	0
8	0
8	0
8	8
3	0
1	16
13	0
12	0
12	0
11	11
4	0
4	4
5	0
3	3
2	0
2	0
2	0
2	2
1	0
1	0
3	0
1	0
1	1
8	0
8	0
8	0
8	0
8	0
8	0
8	0
8	8
2	2
2	0
6	6
8	0
8	8
13	13
13	0
1	0
1	0
1	0
1	0
1	0
1	0
1	0
1	0
1	0
1	0
1	0
1	0
1	0
1	0
1	0
1	0
1	0
1	0
1	0
3	0
1	0
1	0
1	0
1	0
1	0
1	0
1	0
1	0
1	0
13	0
9	9
8	0
8	0
8	8
13	13
2	0
2	0
1	3
9	0
9	1
2	2
9	0
9	1
13	13
4	0
4	4
2	0
2	2
17	0
2	11
17	0
6	3
1	0
1	0
1	0
1	0
1	0
1	16
5	5
1	0
17	4
13	13
8	0
8	8
13	13
12	0
12	6
12	0
8	8
5	5
8	0
8	0
8	0
8	0
8	0
8	0
8	0
8	8
3	11
3	0
3	0
1	0
3	16
11	0
11	4
1	0
2	0
2	0
13	0
12	0
3	10
13	13
3	0
11	11
4	4
11	0
11	6
12	0
1	0
1	1
3	8
3	0
1	0
1	3
8	0
8	0
8	8
1	2
17	0
8	8
5	0
3	4
13	13
16	0
11	11
16	0
16	0
16	16
13	13
13	0
3	0
1	0
1	0
16	0
1	0
16	0
16	0
1	0
1	0
1	0
1	0
16	0
16	0
16	0
16	0
1	0
1	0
16	0
16	0
16	0
3	0
1	0
1	0
12	0
12	0
3	0
1	0
1	0
1	0
13	0
13	13
13	0
8	0
8	0
8	0
8	0
1	0
8	0
8	0
8	0
8	0
8	0
1	0
1	0
1	0
8	0
8	0
8	0
8	0
8	0
1	0
8	0
8	0
8	0
8	0
8	0
1	0
1	0
1	0
8	0
8	0
8	0
8	0
1	0
1	0
1	0
8	0
8	0
8	0
1	0
8	0
1	0
8	0
8	0
8	0
8	0
1	0
1	0
1	0
8	0
8	0
8	0
1	0
1	0
8	0
8	0
8	0
8	0
1	0
12	0
6	6
8	0
8	0
8	8
4	0
4	4
3	0
3	0
3	3
1	0
1	1
8	0
8	0
12	8
17	0
8	0
8	8
13	13
3	0
11	11
17	0
11	4
1	0
1	3
3	3
1	0
1	1
17	0
12	0
12	4
5	0
17	0
3	3
8	8
2	0
2	16
2	0
6	14
17	0
12	6
8	0
8	8
1	0
1	2
8	0
8	0
8	8
1	0
8	0
8	16
4	0
4	4
13	13
13	0
1	0
1	0
1	0
1	0
1	0
3	0
3	3
1	0
1	1
8	0
8	8
5	5
8	0
8	0
8	0
8	0
8	0
8	0
8	8
13	13
13	0
1	0
1	0
3	0
8	0
16	0
8	0
16	0
1	0
1	0
8	0
8	0
8	0
8	0
8	0
8	0
8	0
8	0
8	0
16	0
8	0
1	0
1	0
8	0
8	0
8	0
1	0
8	0
16	0
1	0
3	0
3	0
16	0
1	0
16	0
16	0
8	0
8	0
8	0
8	0
8	0
8	0
8	0
8	0
16	0
17	0
16	0
17	0
11	11
16	0
16	4
17	0
11	6
17	0
17	1
17	0
17	0
17	0
1	0
1	1
8	0
8	0
8	8
2	2
17	0
17	0
12	3
17	0
12	4
5	5
17	11
17	0
17	0
17	4
1	0
1	0
16	16
5	5
6	0
6	0
17	0
17	4
1	6
1	0
1	0
1	0
8	0
1	0
8	0
8	1
3	0
3	11
3	0
3	4
13	13
13	0
17	0
3	0
17	0
17	0
17	0
1	0
17	0
17	0
1	0
12	0
14	0
11	0
11	11
17	0
6	0
16	4
1	0
1	2
8	8
8	0
8	0
8	0
16	0
16	16
5	5
3	0
11	11
4	4
1	2
12	0
12	0
8	0
12	8
17	0
17	0
17	0
1	16
3	0
6	0
17	0
3	14
3	0
17	0
1	0
17	0
12	3
17	0
1	1
1	0
16	16
17	4
13	13
13	0
3	0
16	0
17	0
16	0
16	0
16	0
1	0
1	0
1	0
1	0
1	0
1	0
1	0
1	0
16	0
16	0
12	0
5	5
6	6
3	0
6	0
9	1
8	0
8	0
8	8
17	0
12	3
4	0
11	4
16	0
12	0
12	0
12	4
3	0
6	0
17	0
14	14
16	0
11	11
1	0
1	0
1	0
1	16
1	0
17	4
17	0
2	14
17	0
11	0
11	11
17	0
1	3
17	0
17	3
1	0
17	0
17	0
17	16
13	0
13	13
13	0
17	0
1	0
16	0
3	0
1	0
1	0
1	0
12	0
1	0
8	0
1	0
16	0
16	0
16	0
16	0
12	0
5	6
1	0
12	0
12	0
1	0
1	1
8	0
8	0
8	8
12	4
4	0
2	6
8	0
8	0
8	0
8	0
8	0
8	8
3	0
3	0
1	0
1	16
5	5
6	0
6	0
3	4
2	0
11	6
8	0
8	0
8	8
1	0
1	1
8	8
5	5
17	0
17	4
17	0
17	0
17	10
17	0
17	0
17	2
8	8
16	0
2	16
17	0
13	13
13	0
12	0
17	0
1	0
17	0
16	0
3	0
8	0
1	0
1	0
1	0
12	0
17	0
6	11
17	0
3	4
17	0
3	0
1	3
3	3
1	0
1	0
17	0
1	11
5	5
13	13
17	0
17	0
17	0
17	16
17	0
17	0
17	10
17	0
17	10
17	6
12	8
16	16
17	0
17	10
13	0
13	13
13	0
17	0
17	0
1	0
1	0
12	0
17	0
8	0
16	0
17	0
17	0
17	0
17	0
17	0
17	0
17	0
17	0
17	0
17	0
17	0
16	0
17	0
1	0
1	0
1	0
1	0
1	0
1	0
17	0
13	0
13	13
1	0
1	0
1	0
1	0
16	16
5	5
3	0
11	11
17	0
6	0
5	3
3	0
3	0
1	16
3	0
3	4
1	0
1	1
1	0
1	0
1	0
1	16
2	2
1	11
2	0
6	6
8	0
8	0
8	8
1	0
8	4
12	0
12	0
12	0
12	0
12	16
16	0
11	0
11	11
17	0
17	0
17	0
16	0
17	16
17	0
17	0
17	0
17	11
3	0
1	16
13	0
13	0
13	13
13	0
13	0
16	0
3	0
1	0
12	0
12	0
11	11
4	4
3	0
3	0
3	3
16	16
3	0
6	0
3	14
1	6
8	0
8	0
8	8
3	0
17	0
1	16
1	0
1	0
1	0
1	1
1	0
2	0
2	0
1	0
16	16
17	0
4	0
17	14
17	0
17	0
17	10
17	0
17	0
17	0
17	16
1	0
1	0
1	0
1	16
5	5
1	0
1	0
1	0
17	16
13	13
13	0
3	0
3	0
1	0
1	0
1	0
3	0
1	0
3	0
1	0
1	0
8	0
8	0
12	0
3	0
3	5
16	0
17	0
12	10
13	13
13	0
1	0
16	0
16	0
16	0
16	0
16	0
16	0
16	0
16	0
16	0
16	0
12	0
16	0
16	0
16	0
16	0
16	0
16	0
16	0
16	0
1	0
16	0
16	0
12	0
16	0
16	0
16	0
16	0
16	0
16	0
1	0
1	0
1	0
1	0
1	0
16	0
16	0
16	0
16	0
16	0
16	0
16	0
16	0
12	0
12	0
1	0
16	0
16	0
16	0
16	0
16	0
16	0
12	0
1	0
16	3
1	0
3	4
8	0
8	0
8	8
5	5
8	0
8	8
17	0
17	0
17	0
16	16
17	0
3	0
3	4
3	0
2	0
1	16
1	0
1	0
1	0
1	16
5	5
1	0
8	16
4	0
4	0
17	14
17	0
11	11
3	3
1	0
1	0
1	0
1	16
1	0
3	4
13	13
13	0
1	0
1	0
16	0
1	0
1	0
1	0
16	0
16	0
16	0
16	0
1	0
1	0
1	0
8	0
16	0
16	0
16	0
16	0
12	0
1	0
12	6
1	0
12	0
12	0
12	0
1	0
1	1
12	0
12	0
12	8
4	0
11	4
3	3
3	0
1	3
2	0
2	2
11	0
6	11
1	0
1	0
1	0
1	0
1	0
1	16
5	5
11	4
1	0
3	0
1	0
1	3
3	0
3	0
1	0
1	0
1	1
1	0
3	0
1	0
16	0
16	16
16	0
5	5
3	3
13	13
13	0
1	0
1	0
1	0
8	0
1	0
1	0
1	0
1	0
8	0
1	0
3	0
1	0
17	0
17	0
12	6
12	0
12	0
12	8
4	0
4	4
17	11
17	0
3	3
3	0
1	0
1	0
1	0
1	0
1	1
2	0
3	5
14	0
11	0
11	11
1	0
17	0
17	0
17	16
3	3
17	10
17	0
17	16
11	0
17	0
17	11
1	0
17	16
1	0
3	4
17	0
2	14
3	0
11	11
6	0
6	0
3	3
3	2
17	0
2	0
11	0
11	6
1	0
1	0
1	0
1	1
12	0
12	8
1	0
17	0
16	0
1	16
13	0
12	0
12	0
12	11
17	0
6	0
5	3
12	0
8	0
8	8
12	0
12	0
12	4
17	0
11	4
3	0
3	14
3	0
1	0
17	0
1	16
17	0
11	4
17	0
12	6
12	0
17	0
12	1
8	0
8	0
12	8
3	11
3	3
1	0
17	0
1	2
3	0
6	11
1	0
1	0
1	16
17	0
11	4
3	0
1	0
16	16
13	13
1	0
12	0
12	1
3	0
1	0
3	0
1	16
1	0
1	0
16	16
13	13
11	0
11	0
13	0
12	0
11	0
11	11
16	0
16	16
3	0
2	2
3	0
3	0
3	11
13	13
13	0
1	0
12	0
8	0
8	0
8	0
1	0
8	0
12	0
8	0
8	0
3	0
8	0
16	0
8	0
8	0
12	0
8	0
8	0
8	0
8	0
1	0
12	0
12	0
8	0
8	0
1	0
8	0
8	0
8	0
8	0
8	0
3	0
8	0
16	0
16	0
12	0
16	0
16	0
3	0
8	0
8	0
8	0
8	0
8	0
8	0
1	0
12	0
12	0
12	0
3	0
5	5
3	0
11	11
11	0
11	4
6	6
1	0
1	0
1	0
1	1
8	0
8	0
8	8
3	0
3	11
3	3
1	0
12	0
12	11
16	0
16	0
16	16
11	4
13	13
13	0
1	0
1	0
16	0
1	0
1	0
1	0
1	0
8	0
16	0
16	0
1	0
1	0
1	0
1	0
3	0
1	0
16	0
1	0
3	0
1	0
1	0
16	0
16	0
3	0
3	0
1	0
1	0
1	0
1	0
1	0
1	0
1	0
8	0
13	0
17	0
11	11
17	0
17	4
17	0
17	0
17	10
3	0
3	3
1	0
1	0
1	0
1	1
5	5
1	0
1	0
1	0
1	1
5	5
1	0
1	0
1	1
13	13
17	0
4	14
17	0
6	11
17	0
17	0
17	10
17	0
17	16
17	0
17	0
1	0
1	0
17	16
11	0
11	14
6	6
8	0
8	0
8	8
2	2
8	0
8	0
8	0
8	8
16	0
16	16
13	13
1	6
2	0
11	0
3	2
2	6
8	0
8	0
13	0
13	0
1	0
5	5
3	0
11	0
3	14
6	0
6	6
8	0
8	0
8	8
16	0
16	0
16	0
16	0
16	16
13	13
13	0
1	0
1	0
1	0
1	0
1	0
1	0
1	0
1	0
1	0
1	0
1	0
1	0
8	0
1	0
1	0
1	0
16	0
1	0
16	0
1	0
1	0
1	0
1	0
1	0
1	0
16	0
1	0
1	0
1	0
1	0
16	0
16	0
16	0
3	0
1	0
1	0
1	0
1	0
1	0
1	0
16	0
16	0
12	0
3	0
5	5
3	0
11	11
4	0
4	0
16	4
6	6
8	0
8	0
8	0
8	8
16	0
11	0
9	3
1	0
3	0
2	0
1	0
16	16
13	13
13	0
1	0
1	0
1	0
1	0
16	0
16	0
1	0
1	0
1	0
16	0
16	0
1	0
1	0
1	0
1	0
1	0
1	0
1	0
16	0
16	0
1	0
1	0
1	0
1	0
16	0
16	0
16	0
16	0
3	0
3	0
1	0
1	0
1	0
8	0
8	0
16	0
1	0
12	0
5	5
16	0
11	11
1	0
3	16
3	0
3	3
2	0
6	0
6	6
1	0
1	0
1	0
1	0
1	0
16	16
16	0
11	11
6	0
3	3
3	10
3	0
1	0
1	0
1	16
5	5
16	0
11	11
1	0
1	3
5	6
8	0
8	8
3	10
16	0
1	16
5	5
5	6
8	0
8	0
8	0
8	8
10	0
2	0
16	10
13	13
13	0
16	0
16	0
16	0
16	0
16	0
16	0
16	0
8	0
8	0
1	0
1	0
1	0
17	0
12	0
11	11
16	16
17	0
1	3
17	0
11	11
1	0
17	0
1	0
1	0
17	16
1	6
17	0
6	6
17	0
8	0
8	8
17	0
17	0
17	10
13	13
5	0
5	5
17	0
12	6
12	0
12	0
12	8
4	0
11	4
3	3
13	13
3	0
1	3
14	14
3	0
11	0
11	11
1	0
2	3
8	0
11	0
2	0
16	0
16	16
16	0
5	5
17	0
17	0
17	10
13	13
13	0
1	0
1	0
1	0
1	0
1	0
17	0
13	0
5	5
3	0
14	0
14	0
14	14
3	3
17	0
17	3
3	11
4	0
11	4
13	13
6	0
17	3
17	0
17	0
17	10
17	0
17	0
17	0
17	16
17	0
12	11
12	0
17	6
3	0
3	0
3	3
17	0
1	1
17	0
17	10
17	0
17	16
13	0
13	13
13	13
13	0
16	0
17	0
16	0
16	0
17	0
17	0
12	0
17	0
16	0
16	0
16	0
16	0
1	0
12	0
17	0
17	0
1	0
1	0
1	0
17	0
17	0
17	0
17	17
17	0
17	0
17	12
17	17
17	17
17	0
17	0
17	0
17	17
17	0
17	0
17	0
17	17
17	0
17	7
13	13
3	0
11	11
4	0
4	4
16	0
2	3
2	2
12	0
12	12
12	12
17	0
17	16
13	13
17	0
11	0
4	10
12	0
12	12
12	12
5	5
1	0
17	0
12	16
13	13
3	0
3	3
16	0
17	0
1	0
3	3
1	0
11	0
1	1
17	0
17	3
13	13
13	13
13	13
13	0
17	0
17	0
17	0
16	0
2	0
2	2
9	0
1	0
8	0
8	0
8	0
8	0
1	1
8	0
8	0
8	0
8	0
8	8
13	13
13	0
1	0
8	0
8	0
8	0
16	0
8	0
8	0
8	0
8	0
8	0
8	0
8	0
1	0
1	0
1	0
8	0
8	0
8	0
8	0
8	0
8	0
8	0
8	0
8	0
8	0
8	0
8	0
8	0
8	0
8	0
8	0
8	0
8	0
8	0
8	0
8	0
8	0
1	0
1	0
16	0
8	0
8	0
8	0
13	0
5	5
11	0
11	11
16	0
4	0
4	16
3	3
1	0
1	0
1	0
1	1
5	0
1	5
11	0
11	4
13	13
14	0
3	0
2	2
8	0
8	0
8	0
8	8
2	2
1	0
1	0
1	1
8	0
8	0
8	0
8	8
5	5
17	17
17	0
17	17
17	17
5	5
17	0
12	0
12	8
17	6
9	9
8	8
13	13
5	0
3	0
3	3
16	0
16	0
4	0
4	16
12	0
12	0
12	0
12	8
3	0
1	3
1	0
13	0
12	0
4	0
4	14
13	13
14	0
14	0
14	0
14	2
8	8
1	0
1	0
1	0
16	16
11	0
11	4
3	0
3	0
3	0
3	0
1	0
1	1
5	5
3	0
3	0
3	0
1	0
1	1
13	13
13	0
1	0
1	0
1	0
1	0
1	0
1	0
1	0
1	0
1	0
1	0
1	0
1	0
1	0
1	0
1	0
1	0
1	0
1	0
16	0
16	0
16	0
16	0
14	0
3	0
1	0
1	0
1	0
1	0
1	0
8	0
1	0
17	0
1	6
8	0
8	0
8	8
16	0
1	16
16	0
2	10
13	13
11	0
6	0
6	3
8	0
12	8
2	0
2	0
3	2
1	1
8	0
8	0
8	8
4	0
11	4
3	0
3	0
3	6
1	0
1	0
1	0
1	0
1	0
1	16
13	13
16	0
17	7
13	13
17	0
12	6
12	0
12	8
13	13
1	0
1	0
17	0
17	0
12	16
17	0
17	0
17	10
13	13
3	7
17	0
6	0
1	0
1	6
13	13
1	0
1	0
13	0
12	0
3	0
3	5
3	0
4	0
4	0
4	3
13	13
3	0
3	3
3	0
3	3
6	0
6	0
6	6
8	0
8	0
8	8
13	13
6	0
6	0
5	3
3	0
2	0
16	0
1	16
1	6
12	0
12	8
1	0
1	0
1	3
5	5
13	13
1	0
3	0
1	0
1	0
1	7
13	13
1	0
1	0
1	0
1	0
1	0
1	0
1	0
1	0
1	0
1	17
13	13
12	0
12	8
3	0
3	0
1	0
1	0
1	0
1	0
13	0
17	0
12	0
11	11
4	0
4	4
2	0
2	2
1	0
1	1
8	0
8	8
2	0
2	2
8	0
8	8
2	0
1	0
16	0
16	16
13	13
6	4
8	0
8	8
16	0
16	16
13	13
13	0
11	0
5	3
11	0
11	4
12	8
16	0
16	16
13	13
13	0
11	0
5	3
4	0
4	4
6	11
1	0
3	2
1	0
1	0
1	0
1	0
1	1
8	8
3	10
1	0
1	0
1	0
16	16
5	5
3	6
17	0
8	0
8	8
13	0
3	0
1	0
5	5
3	3
13	13
13	0
1	0
16	0
1	0
1	0
1	0
1	0
1	0
16	0
16	0
1	0
1	0
1	0
1	0
16	0
16	0
16	0
1	0
8	0
1	0
1	0
1	0
16	0
1	0
1	0
1	0
1	0
1	0
16	0
16	0
16	0
1	0
1	0
1	0
1	0
1	0
1	0
16	0
1	0
1	0
1	0
16	0
16	0
1	0
1	0
3	0
1	0
1	0
1	0
1	0
1	0
1	0
1	0
16	0
16	0
12	0
12	0
12	16
16	0
4	0
4	10
3	3
3	0
3	3
1	0
1	0
1	0
1	16
13	13
3	2
17	0
3	3
1	0
1	0
1	0
1	0
1	0
1	0
16	16
12	0
12	0
12	4
5	0
1	2
12	0
12	0
12	8
8	0
8	0
8	8
1	0
2	0
2	0
3	16
13	13
13	0
1	0
1	0
16	0
16	0
16	0
12	0
3	0
12	0
16	0
1	0
1	0
1	0
1	0
1	0
1	0
1	0
1	0
1	0
1	0
16	0
12	0
12	0
12	0
12	3
13	13
14	0
14	2
8	0
12	0
12	0
12	0
12	8
17	0
17	0
17	0
17	16
2	0
2	0
11	11
3	0
3	3
1	0
9	2
3	0
3	14
8	0
8	0
8	0
8	0
8	0
8	0
8	8
5	5
8	0
8	0
8	0
8	8
2	0
2	2
8	0
8	0
8	8
16	0
16	16
13	13
13	0
1	0
16	0
16	0
16	0
1	0
16	0
1	0
1	0
16	0
8	0
16	0
3	0
16	0
12	0
16	0
17	0
5	0
3	3
1	0
1	0
1	0
1	1
13	13
16	0
12	7
3	7
13	13
5	5
3	0
4	0
4	10
11	0
11	10
1	0
1	0
1	16
8	0
8	8
2	2
8	0
8	8
5	5
16	0
11	6
6	0
1	0
1	6
8	0
8	0
8	8
13	13
13	0
1	0
1	0
1	0
16	0
1	0
16	0
16	0
16	0
16	0
16	0
16	0
16	0
16	0
1	0
1	0
16	0
16	0
16	0
16	0
12	0
3	0
12	0
12	0
3	5
3	0
4	0
4	0
4	3
3	0
3	5
3	0
4	0
4	0
4	3
1	0
1	4
17	0
17	16
5	5
13	13
17	0
17	17
17	17
17	17
13	13
17	0
11	11
16	0
4	0
16	4
12	0
8	8
13	13
13	0
1	0
1	0
1	0
16	0
16	0
8	0
16	0
17	0
17	0
17	0
1	0
16	0
16	0
3	0
17	0
8	0
16	0
16	0
16	0
16	0
8	0
16	0
16	0
16	0
1	0
1	0
1	0
12	0
13	13
3	0
1	3
3	4
2	3
8	0
8	0
8	8
13	13
2	0
5	5
3	0
3	0
1	0
1	0
3	3
1	0
17	0
12	11
13	13
16	0
11	11
4	4
3	0
3	0
3	2
3	0
1	0
1	0
9	0
9	9
8	0
8	0
8	0
8	8
3	0
3	0
3	3
3	0
3	3
17	0
17	0
9	4
3	0
6	11
8	0
8	8
1	0
3	4
12	4
5	5
14	0
11	11
11	4
3	3
16	16
3	0
6	0
13	0
12	0
1	0
11	11
4	0
11	4
11	0
11	6
2	0
1	0
2	1
8	0
8	8
3	0
3	11
3	0
3	0
3	0
3	0
3	16
13	13
3	3
3	0
14	0
14	14
12	6
12	0
12	0
8	8
8	0
12	3
9	9
8	0
8	8
1	0
1	1
16	0
5	5
1	0
11	3
11	0
4	0
4	0
1	1
4	0
4	4
5	5
3	0
6	6
12	0
8	0
8	0
8	0
8	0
8	8
2	0
2	2
8	0
8	0
8	0
13	0
17	0
14	0
3	0
3	16
16	0
16	0
17	0
3	3
17	0
3	3
17	0
16	16
13	13
13	0
16	0
1	0
1	0
1	0
16	0
16	0
16	0
1	0
1	0
1	0
16	0
16	0
17	0
1	0
17	0
1	0
1	0
16	0
1	0
16	0
1	0
16	0
1	0
1	0
1	0
16	0
16	0
17	0
1	0
1	0
8	0
1	0
16	0
16	0
16	0
3	0
16	0
17	0
1	0
17	0
1	0
1	0
16	0
16	0
1	0
1	0
13	0
1	0
3	5
13	13
13	0
1	0
1	0
1	0
16	0
1	0
1	0
1	0
1	0
1	0
1	0
16	0
1	0
1	0
1	0
1	0
1	0
1	0
1	0
1	0
1	0
1	0
1	0
1	0
1	0
16	0
1	0
1	0
1	0
1	0
1	0
1	0
16	0
1	0
1	0
1	0
1	0
1	0
1	0
16	0
1	0
1	0
1	0
1	0
16	0
16	0
1	0
1	0
1	0
1	0
16	0
16	0
1	0
1	0
1	0
1	0
13	0
1	0
3	5
13	13
13	0
1	0
1	0
1	0
16	0
1	0
1	0
1	0
1	0
1	0
1	0
16	0
1	0
1	0
1	0
1	0
1	0
1	0
1	0
1	0
1	0
1	0
1	0
1	0
1	0
16	0
1	0
1	0
1	0
1	0
1	0
1	0
16	0
1	0
1	0
1	0
1	0
1	0
1	0
16	0
1	0
1	0
1	0
1	0
16	0
16	0
1	0
1	0
1	0
1	0
16	0
16	0
1	0
1	0
1	0
1	0
12	0
17	17
13	13
13	0
17	0
8	0
8	0
12	0
12	0
12	0
8	0
8	0
8	0
12	0
12	0
12	0
12	0
8	0
8	0
8	0
12	0
12	0
12	0
12	0
12	0
8	0
12	0
12	0
12	0
12	0
12	0
8	0
8	0
8	0
12	0
12	0
12	0
12	0
8	0
8	0
8	0
12	0
12	0
12	0
8	0
8	0
8	0
12	0
12	0
12	0
12	0
8	0
8	0
12	0
12	0
12	0
8	0
8	0
8	0
12	0
12	0
12	17
13	13
13	0
8	0
8	0
8	0
8	0
8	0
8	0
8	0
8	0
1	0
8	0
8	0
8	0
8	0
8	0
8	0
8	0
8	0
8	0
8	0
8	0
8	0
8	0
8	0
8	0
8	0
8	0
8	0
8	0
8	0
8	0
8	0
8	0
8	0
8	0
8	0
8	0
8	0
8	0
8	0
8	0
8	0
8	0
8	0
8	0
8	0
8	0
8	0
8	0
8	0
8	0
8	0
8	0
8	0
1	0
8	0
8	0
12	0
12	0
12	17
13	13
13	0
8	0
8	0
17	0
8	0
8	0
8	0
1	0
1	0
17	0
17	0
8	0
8	0
8	0
1	0
8	0
17	0
17	0
8	0
8	0
8	0
1	0
8	0
17	0
8	0
8	0
8	0
8	0
1	0
17	0
17	0
8	0
8	0
8	0
1	0
8	0
8	0
17	0
8	0
8	0
8	0
1	0
1	0
17	0
8	0
8	0
8	0
8	0
17	0
17	0
8	0
8	0
1	0
1	0
1	0
17	0
13	0
1	0
3	0
3	0
12	0
1	0
1	0
1	7
13	13
13	0
1	0
1	0
1	0
1	0
16	0
1	0
1	0
1	0
1	0
1	0
1	0
1	0
16	0
1	0
1	0
1	0
1	0
1	0
1	0
1	0
1	0
1	0
1	0
1	0
1	0
1	0
1	0
1	0
1	0
1	0
1	0
1	0
16	0
16	0
1	0
1	0
1	0
1	0
1	0
1	0
1	0
1	0
1	0
1	0
1	0
1	0
1	0
1	0
1	0
1	0
12	0
16	0
11	11
3	4
17	0
12	0
12	3
1	0
1	2
17	0
1	0
1	0
16	8
3	0
3	5
16	0
11	11
12	0
12	0
12	16
17	0
12	0
4	10
17	0
3	0
3	0
3	3
1	0
1	0
1	16
3	0
3	3
5	5
1	0
3	0
1	1
3	10
1	0
1	0
1	0
1	16
4	0
4	14
14	0
11	6
1	1
6	0
3	0
3	0
3	3
1	0
1	0
2	0
1	0
1	0
16	16
2	0
6	14
1	0
13	0
12	0
1	0
11	11
4	0
11	4
13	13
3	3
5	5
1	0
1	0
1	0
1	1
13	13
1	0
1	0
1	0
1	1
13	13
13	0
1	0
1	0
1	0
1	0
1	0
1	0
1	0
1	0
1	0
1	0
1	0
1	0
1	0
1	0
1	0
1	0
1	0
1	0
1	0
1	0
1	0
1	0
1	0
1	0
1	0
1	0
1	0
1	0
1	0
8	0
1	0
1	0
1	0
1	0
1	0
1	0
1	0
1	0
1	0
1	0
1	0
13	0
1	0
1	0
1	1
13	13
13	0
1	0
1	0
1	0
1	0
1	0
1	0
1	0
1	0
1	0
1	0
1	0
1	0
1	0
1	0
3	0
1	0
1	0
1	0
1	0
1	0
1	0
1	0
1	0
1	0
1	0
1	0
1	0
1	0
1	0
1	0
1	0
1	0
1	0
1	0
1	0
1	0
1	0
1	0
1	0
1	0
1	0
1	0
1	0
1	0
1	0
1	0
1	0
1	0
1	0
1	0
1	0
1	0
1	0
1	0
13	0
13	13
13	13
3	0
11	11
2	2
6	6
8	0
8	0
8	0
8	0
8	8
1	0
1	0
1	16
16	0
16	16
13	13
1	0
3	0
1	0
1	0
1	1
4	0
4	0
4	4
13	13
13	0
1	0
1	0
16	0
16	0
16	0
1	0
1	0
8	0
16	0
16	0
16	0
1	0
1	0
1	0
1	0
16	0
16	0
4	0
1	0
1	0
16	0
14	0
14	0
3	0
1	0
1	0
8	0
8	0
8	0
1	0
1	0
1	0
1	0
1	3
13	13
3	0
1	0
1	1
8	0
8	0
8	8
13	13
13	0
1	0
1	0
1	0
1	0
1	0
1	0
1	0
1	0
1	0
1	0
1	0
1	0
1	0
1	0
1	0
1	0
1	0
1	0
1	0
1	0
1	0
1	0
1	0
1	0
1	0
1	0
1	0
1	0
1	0
1	0
1	0
1	0
1	0
1	0
1	0
1	0
1	0
1	0
1	0
1	0
1	0
1	0
1	0
1	0
1	0
1	0
1	0
1	0
1	0
17	0
12	0
5	5
12	0
11	11
16	0
1	0
16	0
16	16
5	14
1	0
2	0
17	0
17	0
17	16
12	0
12	8
17	0
12	0
12	6
17	0
17	0
8	8
17	0
17	0
17	0
12	3
1	0
1	0
1	0
1	1
3	5
1	0
11	11
1	0
1	6
1	0
16	16
5	5
3	0
3	0
1	0
1	0
1	0
1	3
16	0
17	0
17	16
11	0
11	6
1	6
3	0
3	0
3	3
1	0
1	0
1	0
1	0
1	1
13	0
12	0
3	0
11	11
4	0
4	0
4	0
4	4
3	3
3	0
11	2
8	0
8	0
8	0
8	8
2	3
1	0
2	0
1	0
1	0
1	0
1	1
2	0
6	0
6	2
1	0
17	0
17	0
17	0
12	17
17	0
8	0
8	8
2	0
3	3
13	13
1	0
1	0
3	3
13	13
1	0
1	0
9	10
13	13
5	5
1	0
4	0
4	10
13	13
13	0
3	0
16	0
16	0
3	0
3	0
1	0
1	0
1	0
1	0
1	0
1	0
1	0
3	3
3	0
1	1
4	0
11	0
1	0
1	4
3	3
1	0
11	0
4	10
1	6
8	0
8	0
8	0
8	0
8	8
3	0
12	10
1	0
1	0
1	16
13	13
13	0
3	0
1	0
1	0
12	0
8	0
8	0
3	0
1	0
1	0
1	0
16	0
16	0
16	0
16	0
1	0
1	0
12	0
1	0
1	0
8	0
1	0
1	0
1	0
1	0
1	0
1	0
1	0
1	0
1	0
1	0
1	0
12	0
1	0
3	0
1	0
12	0
17	0
12	7
8	8
13	13
13	0
8	0
8	0
1	0
8	0
12	0
8	0
8	0
17	0
12	0
12	0
8	0
8	0
12	0
17	0
17	0
17	0
12	0
8	0
12	0
12	0
8	0
17	0
12	0
8	0
8	0
12	0
8	0
17	0
17	0
12	0
8	0
12	0
12	0
12	0
8	0
8	0
8	0
12	0
8	0
12	0
17	0
17	0
12	0
8	0
8	0
12	0
8	0
17	0
12	0
8	0
8	0
12	0
17	0
17	0
17	0
17	0
17	17
17	17
17	17
13	13
13	0
17	0
17	0
17	0
17	0
17	0
17	0
17	0
17	0
17	0
17	0
17	0
17	0
17	0
17	0
17	0
17	0
17	0
17	0
17	0
17	0
17	0
17	0
17	0
17	0
17	0
17	0
17	0
17	0
17	0
17	0
17	0
17	0
17	0
17	0
17	0
17	0
17	0
17	0
17	0
17	0
17	0
17	0
17	0
17	0
17	0
17	0
17	0
17	0
17	0
17	0
17	0
17	0
17	0
17	0
17	0
17	0
17	17
17	0
17	17
17	0
17	0
17	17
13	13
13	0
17	0
17	0
17	0
17	0
17	0
17	0
17	0
17	0
17	0
17	0
17	0
17	0
17	0
17	0
17	0
17	0
17	0
17	0
17	0
17	0
17	0
17	0
17	0
17	0
17	0
12	0
17	0
17	0
17	0
17	0
17	0
17	0
17	0
17	0
17	0
17	0
17	0
17	0
17	0
17	0
17	0
17	0
17	0
17	0
17	0
17	0
17	0
17	0
17	0
17	0
5	0
3	3
13	13
3	0
3	0
5	0
17	3
17	0
3	3
16	0
16	0
17	16
5	5
3	0
1	0
1	0
1	1
11	0
12	10
1	0
1	0
1	0
1	16
17	0
17	4
17	8
17	10
13	13
13	0
1	0
1	0
1	0
1	0
1	0
1	0
1	0
1	0
17	0
17	0
1	0
12	0
1	0
1	0
17	0
17	0
17	0
12	0
8	0
1	0
1	0
1	0
1	0
17	0
1	0
8	0
1	0
1	0
1	0
1	0
17	0
17	17
17	17
17	0
17	17
17	17
17	0
17	0
17	12
17	17
17	17
17	0
17	17
17	17
17	17
17	0
17	17
17	0
17	17
13	13
13	0
17	0
17	0
17	0
17	0
17	0
17	0
17	0
17	0
17	0
17	0
17	0
17	0
17	0
17	0
17	0
17	0
17	0
17	0
17	0
17	0
17	0
17	0
17	0
17	0
17	0
17	0
17	0
17	0
17	0
17	0
17	0
17	0
17	0
17	0
17	0
17	0
17	0
17	0
17	0
12	0
12	0
12	11
16	0
16	0
16	16
6	6
8	0
8	8
13	13
13	0
1	0
1	0
1	0
1	0
1	0
1	0
1	0
1	0
1	0
1	0
8	0
8	0
1	0
1	0
3	0
1	0
1	0
8	0
8	0
8	0
1	0
1	0
1	0
1	0
1	0
1	0
1	0
1	0
1	0
1	0
1	0
8	0
8	0
1	0
3	0
3	0
3	0
3	0
3	0
16	0
1	0
1	0
8	0
8	0
1	0
1	0
1	0
1	0
1	0
12	0
12	0
11	11
4	0
4	4
2	0
2	2
8	0
8	0
8	8
2	0
17	0
6	2
8	8
17	0
1	16
3	11
8	0
8	0
8	0
8	0
8	8
5	0
17	0
16	0
4	16
3	0
3	0
1	0
1	3
16	0
9	0
9	4
13	13
1	0
1	16
5	5
1	0
1	0
1	0
1	16
5	5
1	0
11	11
1	0
2	0
1	0
16	16
5	5
3	0
3	0
1	0
1	3
8	0
8	0
8	8
17	0
17	0
9	4
13	0
11	0
1	0
11	11
4	0
11	4
3	0
3	0
12	0
3	3
1	0
1	0
1	1
5	0
3	5
1	0
1	1
4	0
11	4
2	2
6	0
6	0
6	6
8	0
8	0
8	8
16	0
16	10
2	0
12	10
12	0
12	0
12	4
13	13
2	0
5	0
14	2
4	0
1	16
13	13
1	0
1	0
1	0
1	16
13	13
1	0
1	16
5	5
3	0
3	0
1	0
1	16
1	0
11	11
1	0
1	0
1	0
1	0
1	0
1	16
13	0
12	0
12	0
11	11
4	0
4	4
2	0
2	0
2	0
2	2
8	0
8	0
8	0
8	0
8	8
2	0
2	0
3	0
2	2
1	0
1	0
1	0
1	0
1	0
1	1
8	8
3	11
1	0
3	0
1	0
1	0
1	1
8	0
8	0
8	0
8	0
8	0
8	0
8	8
2	0
2	0
16	0
16	16
13	13
12	0
8	0
8	0
8	0
8	8
4	0
11	4
3	0
3	3
3	0
9	6
8	0
8	8
2	2
3	0
1	0
13	0
17	0
12	0
12	6
8	0
8	0
8	0
8	8
16	0
1	0
1	0
1	0
1	16
2	0
2	2
12	12
5	5
4	0
4	4
17	0
11	0
4	10
17	0
1	3
17	0
1	1
17	0
3	3
13	13
11	0
4	0
4	4
3	0
3	3
3	0
3	0
3	0
1	0
3	3
1	0
2	0
4	10
1	0
16	0
16	0
16	16
13	13
13	0
1	0
1	0
1	0
16	0
16	0
1	0
1	0
16	0
1	0
1	0
1	0
1	0
1	0
12	0
6	6
8	0
8	0
8	8
16	0
4	0
17	0
17	4
2	6
8	0
8	8
13	13
13	0
1	0
1	0
8	0
8	0
16	0
16	0
1	0
16	0
16	0
1	0
8	0
16	0
16	0
16	0
16	0
16	0
1	0
1	0
1	0
1	0
1	0
1	0
8	0
1	0
8	0
16	0
16	0
16	0
16	0
16	0
1	0
8	0
16	0
1	0
8	0
8	0
16	0
16	0
16	0
16	0
16	0
1	0
1	0
1	0
1	0
1	0
12	0
12	0
12	0
12	0
16	16
13	13
16	0
11	0
11	11
1	0
1	0
16	0
16	0
16	16
3	3
2	2
12	12
17	3
17	2
2	0
11	0
11	6
8	0
8	0
8	8
13	13
13	0
16	0
16	0
16	0
16	0
16	0
16	0
16	0
16	0
8	0
1	0
8	0
16	0
1	0
2	0
16	0
1	0
1	0
8	0
8	0
2	0
2	0
16	0
16	0
16	0
16	0
16	0
16	0
16	0
16	0
16	0
16	0
16	0
16	0
12	0
14	0
11	0
11	11
16	0
4	0
17	0
4	4
2	6
8	0
12	0
8	8
2	0
11	0
11	6
8	8
1	0
1	1
17	0
3	10
1	0
1	16
13	13
16	0
11	0
11	11
16	0
16	0
17	0
17	4
2	6
8	0
8	0
8	8
17	0
2	2
8	0
8	8
13	13
13	0
3	0
12	0
16	0
1	0
1	0
16	0
16	0
16	0
16	0
16	0
16	0
16	0
16	0
17	0
1	0
1	0
16	0
16	0
2	0
1	0
17	0
13	0
13	0
14	0
14	14
2	0
2	2
8	0
8	8
2	0
2	0
2	0
1	0
16	16
4	0
4	0
4	4
4	0
4	0
17	0
3	16
2	2
8	0
8	0
8	0
8	8
3	0
1	0
8	0
1	16
5	5
3	0
16	7
1	0
11	0
11	11
1	0
17	0
17	0
17	0
17	0
17	16
17	0
12	3
13	13
13	0
3	0
3	0
16	0
16	0
3	0
1	0
16	0
1	0
1	0
1	0
1	0
1	0
1	0
16	0
12	0
5	5
3	0
4	0
14	0
14	3
3	3
12	0
8	0
8	8
11	0
11	10
1	0
1	0
16	16
13	13
3	0
12	6
12	0
12	0
12	0
8	8
3	3
16	0
16	0
16	1
2	0
2	2
8	0
8	0
8	8
2	0
2	2
8	0
8	0
8	8
13	13
2	0
4	2
12	0
12	0
8	8
3	0
3	11
16	0
2	0
2	0
2	4
8	0
2	0
11	0
2	16
8	0
8	0
8	0
1	8
8	0
8	0
8	0
13	0
12	0
14	0
11	11
17	0
17	0
17	16
17	0
16	3
17	0
17	0
4	10
5	5
11	0
11	11
17	0
11	0
1	16
1	0
1	0
1	0
1	16
5	5
1	0
3	0
1	0
1	3
3	3
3	0
3	0
1	0
16	0
16	16
13	13
13	0
16	0
16	0
1	0
16	0
1	0
1	0
1	0
1	0
1	0
1	0
1	0
1	0
1	0
16	0
16	0
16	0
1	0
16	0
1	0
1	0
16	0
16	0
16	0
1	0
1	0
1	0
12	0
12	0
11	11
4	0
4	4
3	0
9	0
3	3
2	0
6	0
6	2
8	0
8	0
8	0
8	0
8	8
13	13
5	5
3	0
12	11
12	0
11	4
3	0
6	0
6	11
1	0
3	2
1	0
1	0
1	0
1	1
8	0
8	0
8	0
8	8
2	2
11	0
6	6
8	0
8	0
8	8
12	0
12	0
12	4
13	13
13	0
1	0
1	0
3	0
1	0
1	0
3	0
1	0
16	0
16	0
1	0
1	0
1	0
8	0
16	0
12	0
6	6
8	0
8	0
8	8
16	0
17	0
17	0
12	4
1	3
1	0
1	0
16	11
13	13
13	0
1	0
1	0
16	0
16	0
16	0
1	0
16	0
16	0
1	0
1	0
16	0
16	0
17	0
17	0
17	0
1	0
1	0
1	0
1	0
1	0
1	0
1	0
1	0
16	0
16	0
16	0
16	0
16	0
16	0
1	0
1	0
16	0
1	0
8	0
8	0
16	0
16	0
17	0
16	0
16	0
1	0
1	0
1	0
1	0
1	0
12	0
16	0
11	11
8	0
8	8
3	0
2	2
8	0
8	0
8	0
8	8
13	13
1	6
8	0
8	0
8	8
13	13
11	0
11	6
1	6
8	0
8	8
13	13
13	0
16	0
16	0
16	0
1	0
8	0
8	0
8	0
8	0
1	0
1	0
1	0
1	0
16	0
16	0
16	0
16	0
1	0
8	0
8	0
16	0
16	0
16	0
16	0
8	0
16	0
16	0
16	0
16	0
1	0
1	0
8	0
16	0
16	0
1	0
1	0
1	0
1	0
5	5
3	3
4	0
4	4
1	0
1	0
1	0
1	1
13	13
3	0
3	0
3	0
1	16
1	0
1	0
1	0
1	3
13	13
13	0
1	0
1	0
1	0
1	0
1	0
1	0
1	0
1	0
8	0
1	0
1	0
1	0
1	0
1	0
1	0
1	0
1	0
1	0
1	0
1	0
1	0
1	0
1	0
1	0
1	0
1	0
1	0
8	0
3	0
3	0
3	0
3	0
1	0
1	0
1	0
1	0
1	0
1	0
1	0
1	0
11	0
3	0
11	11
17	0
17	0
2	0
9	4
8	0
8	0
8	2
1	0
16	0
1	0
16	0
16	16
5	5
1	0
12	0
8	0
8	16
5	5
3	0
2	2
8	0
8	0
8	8
1	0
12	0
16	0
1	3
4	0
16	0
16	0
16	16
13	13
13	0
1	0
1	0
1	0
16	0
16	0
1	0
3	0
1	0
1	0
8	0
8	0
16	0
3	0
8	0
1	0
17	0
16	0
1	0
1	0
1	0
1	0
1	0
1	0
16	0
12	0
11	0
11	11
4	4
2	3
3	3
1	0
12	0
12	11
3	3
1	0
1	0
1	1
1	0
16	0
16	0
16	16
5	0
3	5
8	0
8	0
8	0
8	8
2	0
2	0
3	0
2	2
12	0
8	0
8	8
13	13
16	0
11	2
1	0
1	1
8	0
8	8
5	5
1	0
1	1
8	0
8	0
8	0
8	8
13	13
16	0
12	0
14	0
2	2
8	0
8	0
8	8
2	0
6	2
1	0
1	0
1	1
8	8
13	13
13	0
3	0
8	0
12	0
12	0
8	0
8	12
1	0
1	0
1	0
1	8
4	0
4	4
3	3
3	0
3	0
1	0
1	0
1	1
13	13
13	0
1	0
1	0
1	0
1	0
1	0
1	0
1	0
1	0
1	0
8	0
8	0
8	0
1	0
1	0
1	0
1	0
1	0
1	0
1	0
1	0
1	0
1	0
1	0
1	0
1	0
1	0
1	0
1	0
1	0
1	0
1	0
1	0
1	0
1	0
8	0
8	0
8	0
1	0
3	0
1	0
12	0
5	5
16	0
11	11
1	0
3	16
3	0
3	3
3	0
6	0
6	11
1	0
1	0
1	0
1	0
1	0
1	16
1	0
12	0
12	11
17	0
17	0
16	2
6	6
8	0
8	0
8	0
8	8
3	0
12	10
1	0
1	0
1	0
1	0
1	16
13	13
13	0
1	0
1	0
16	0
8	0
16	0
16	0
16	0
1	0
1	0
8	0
16	0
16	0
16	0
16	0
1	0
1	0
16	0
16	0
1	0
1	0
1	0
1	0
1	0
12	0
1	0
11	11
4	0
11	4
3	0
3	0
9	6
8	0
8	0
8	0
8	0
8	8
13	13
13	0
1	0
1	0
8	0
1	0
1	0
8	0
1	0
8	0
16	0
1	0
3	0
3	0
3	0
8	0
1	0
8	0
8	0
1	0
1	0
1	0
1	0
1	0
1	0
8	0
8	0
1	0
1	0
1	0
8	0
1	0
1	0
16	0
12	0
3	0
16	0
3	0
3	0
1	0
1	0
1	0
8	0
1	0
8	0
1	0
1	0
1	0
3	5
3	0
1	3
3	8
4	0
4	0
2	4
1	0
3	3
1	0
1	0
16	0
16	16
5	5
3	0
1	0
1	0
2	3
11	0
11	11
16	0
16	0
16	0
16	16
13	13
13	13
3	0
3	0
3	11
16	16
8	8
3	3
1	0
1	0
1	11
3	0
2	0
2	2
13	13
13	13
13	0
1	0
1	0
16	0
16	0
8	0
8	0
1	0
3	0
8	0
8	0
3	0
8	0
1	0
1	0
1	0
1	0
16	0
8	0
13	0
5	5
14	6
3	0
1	0
1	0
1	1
8	0
8	0
8	8
4	0
4	4
13	13
4	0
3	3
16	0
1	4
8	0
12	11
8	13
8	11
10	0
10	0
2	10
13	13
13	0
1	0
1	0
8	0
1	0
16	0
1	0
1	0
1	0
16	0
16	0
1	0
1	0
1	0
1	0
1	0
8	0
16	0
1	0
16	0
16	0
8	0
12	0
14	0
1	0
1	0
1	0
1	0
1	0
1	0
1	0
1	0
1	0
1	0
16	0
13	0
17	0
6	0
5	0
2	2
8	0
8	0
8	8
4	0
2	4
17	0
12	3
13	13
13	0
1	0
1	0
1	0
12	0
1	0
8	0
8	0
8	0
1	0
1	0
1	0
1	0
16	0
8	0
16	0
1	0
1	0
12	0
1	0
1	0
1	0
17	0
1	0
1	0
1	0
1	0
8	0
1	0
8	0
1	0
1	0
1	0
17	0
17	0
8	0
3	0
1	0
1	0
16	0
16	0
1	0
1	0
1	0
1	0
1	0
1	0
12	0
5	5
16	0
11	11
1	0
17	0
17	0
1	16
17	0
17	0
17	0
12	3
5	0
17	0
2	5
6	6
12	0
8	0
8	8
4	0
4	4
11	0
11	11
2	0
2	2
8	0
8	0
8	8
2	0
6	10
1	0
1	0
1	0
1	0
1	16
1	0
17	11
8	2
2	0
6	0
6	11
1	0
1	0
1	1
8	0
8	0
8	8
12	0
12	11
8	0
8	0
8	0
8	0
8	16
2	0
3	3
1	0
1	0
1	16
13	0
17	0
17	17
12	0
12	0
12	12
17	17
17	0
17	17
17	17
17	17
17	3
9	9
8	0
8	0
8	8
5	5
17	0
11	11
17	4
17	0
17	0
1	3
1	2
12	0
12	0
12	0
12	12
13	13
13	0
17	0
17	0
17	0
17	0
17	0
17	0
17	0
16	0
17	0
16	0
17	0
17	0
17	0
17	0
1	0
17	0
17	0
17	0
17	0
17	0
17	0
17	0
17	0
17	0
17	0
17	0
17	0
17	0
17	0
17	0
8	0
13	0
5	0
5	5
16	0
11	11
4	0
11	4
1	0
12	6
1	0
1	0
1	0
1	1
13	13
1	0
1	0
1	0
1	0
1	0
1	0
1	0
1	0
1	1
13	13
1	0
1	0
1	0
1	0
1	1
5	5
3	0
1	0
1	0
1	0
1	0
1	0
1	1
8	0
8	0
8	0
8	0
8	8
13	13
13	0
1	0
1	0
16	0
16	0
16	0
16	0
16	0
16	0
1	0
1	0
1	0
1	0
1	0
1	0
1	0
1	0
11	0
16	0
11	11
16	0
16	0
16	16
16	0
11	11
3	3
3	0
2	2
17	0
11	11
1	11
5	5
1	0
1	0
1	0
1	0
1	3
1	0
1	16
3	3
8	0
8	0
8	8
5	0
3	3
17	0
1	3
17	0
12	10
12	0
12	0
12	4
13	13
13	0
1	0
1	0
1	0
1	0
1	0
16	0
1	0
1	0
1	0
16	0
16	0
16	0
16	0
16	0
12	0
12	0
1	0
1	0
1	0
17	0
17	0
1	0
1	0
12	0
11	11
11	11
1	0
17	0
12	4
4	0
11	4
13	13
11	11
3	11
3	0
11	11
1	0
16	0
16	16
1	0
4	0
4	4
13	13
1	11
6	11
8	0
8	8
3	11
3	0
12	6
12	0
12	0
8	0
8	8
11	4
6	0
11	0
1	0
3	16
1	0
1	0
1	0
1	0
1	0
1	0
1	16
5	5
3	0
3	0
1	0
1	3
3	0
3	0
1	0
3	0
1	16
16	0
4	0
4	4
13	13
1	11
6	6
13	0
12	0
8	11
4	0
4	4
4	0
2	2
12	0
8	0
8	12
1	0
16	16
13	13
16	0
11	6
8	0
12	0
8	0
8	8
2	2
12	12
13	13
13	0
3	0
16	0
1	0
16	0
16	0
16	0
8	0
1	0
1	0
1	0
16	0
16	0
16	0
1	0
1	0
1	0
16	0
16	0
16	0
16	0
1	0
1	0
16	0
16	0
16	0
8	0
8	0
3	0
3	0
1	0
8	0
8	0
1	0
1	0
1	0
16	0
16	0
1	0
12	0
12	0
12	0
12	12
4	0
11	4
1	0
1	0
1	1
5	5
12	0
8	0
8	8
4	0
4	0
4	4
1	0
16	0
16	0
16	16
5	5
1	0
3	0
16	0
16	0
16	16
13	13
13	0
1	0
1	0
1	0
1	0
1	0
1	0
1	0
1	0
1	0
1	0
1	0
1	0
1	0
1	0
1	0
1	0
1	0
1	0
1	0
1	0
1	0
3	0
16	0
1	0
1	0
1	0
1	0
1	0
1	0
8	0
16	0
1	0
12	0
8	11
4	0
4	4
2	0
2	0
6	2
8	8
2	0
2	2
6	6
8	0
8	0
8	0
8	0
8	0
8	0
8	8
13	13
13	0
1	0
1	0
1	0
16	0
16	0
16	0
1	0
1	0
1	0
1	0
1	0
8	0
8	0
8	0
1	0
1	0
1	0
16	0
16	0
16	0
8	0
1	0
1	0
1	0
16	0
16	0
1	0
1	0
16	0
1	0
8	0
3	0
8	0
1	0
1	0
8	0
8	0
8	0
8	0
1	0
12	0
2	2
2	0
6	0
6	6
8	0
8	0
8	0
8	8
16	0
4	0
16	0
11	4
1	0
1	6
8	0
8	0
8	0
8	0
8	8
5	5
3	0
11	11
1	0
1	0
1	0
17	0
1	0
1	4
12	0
12	0
8	8
5	5
8	0
8	0
8	8
2	0
16	16
13	13
13	0
1	0
1	0
3	0
1	0
1	0
1	0
16	0
16	0
8	0
1	0
8	0
1	0
8	0
8	0
16	0
16	0
16	0
16	0
3	0
1	0
12	0
16	0
11	11
3	0
1	0
16	16
16	0
11	11
4	0
11	4
3	0
6	0
6	6
1	0
1	2
1	0
1	0
1	1
8	0
8	8
17	0
12	0
17	4
6	6
8	0
8	0
8	8
17	0
12	10
12	0
12	0
17	0
12	16
13	13
16	0
3	0
14	0
2	2
17	0
1	0
1	1
8	0
8	8
13	13
1	0
1	0
1	0
1	0
1	0
1	0
1	0
16	1
13	13
1	0
1	0
1	0
16	1
5	5
3	3
13	0
12	0
11	0
12	6
12	0
8	0
8	8
3	0
3	11
16	0
16	0
16	16
4	0
11	4
12	0
12	6
12	8
1	0
12	0
2	0
1	0
1	16
13	13
3	0
16	0
16	16
12	0
12	0
12	11
13	13
13	0
3	0
16	0
1	0
1	0
1	0
12	0
1	0
1	0
1	0
1	0
1	0
1	0
1	0
16	0
1	0
1	0
12	0
12	0
1	0
12	0
12	0
16	0
16	0
1	0
1	0
1	0
1	0
1	0
1	0
1	0
12	0
2	2
6	0
6	0
6	6
17	0
17	0
17	8
17	0
17	0
8	8
12	0
12	10
1	0
1	0
1	0
1	16
11	0
11	4
3	3
1	0
1	0
1	0
1	0
1	0
1	1
8	0
8	0
8	8
5	5
3	3
3	0
4	0
13	0
14	0
14	14
1	0
3	0
1	1
11	0
11	4
16	0
11	0
4	10
3	0
3	0
3	16
2	0
6	10
1	0
1	0
1	16
1	2
1	0
1	0
1	0
1	1
8	0
8	8
13	0
12	0
5	6
1	0
12	0
12	0
1	0
1	1
12	0
8	0
12	8
17	4
17	0
17	6
17	0
17	0
17	8
17	2
17	0
11	11
17	0
11	16
13	13
5	5
3	0
3	14
16	0
11	11
3	0
3	0
3	3
3	2
8	0
8	8
17	0
17	0
17	0
1	16
16	0
16	0
16	4
13	13
1	11
6	6
8	0
8	8
3	11
3	2
2	0
2	0
11	6
1	0
1	0
12	0
1	0
1	1
1	0
1	0
1	1
8	0
13	0
12	0
16	11
17	4
8	0
8	0
8	0
8	0
8	0
8	0
8	8
17	0
17	0
12	3
12	0
12	4
5	5
2	0
2	0
3	0
14	14
8	0
12	11
12	0
12	6
8	0
8	0
8	8
1	0
2	0
1	0
1	16
16	0
16	0
12	4
1	0
8	0
2	4
11	0
11	6
3	6
8	0
8	0
8	0
8	0
8	0
8	0
8	8
1	0
12	0
2	0
16	0
16	16
5	5
11	0
12	10
1	0
1	0
1	0
1	16
13	0
13	0
5	0
5	5
4	0
4	6
1	0
2	0
11	8
13	13
13	0
1	0
1	0
1	0
1	0
8	0
8	0
8	0
1	0
1	0
1	0
1	0
1	0
1	0
8	0
8	0
1	0
1	0
1	0
1	0
1	0
1	0
1	0
1	0
1	0
1	0
8	0
8	0
8	0
1	0
1	0
1	0
1	0
1	0
1	0
8	0
1	0
1	0
16	0
8	0
8	0
1	0
1	0
1	0
1	0
1	0
1	0
1	0
1	0
1	0
1	0
13	0
6	6
8	0
8	0
8	8
16	0
4	0
4	16
3	0
11	11
3	3
1	0
1	0
1	1
13	0
13	13
13	0
12	0
16	0
16	0
16	0
16	0
16	0
12	0
1	0
16	0
16	0
16	0
16	0
16	0
3	0
1	0
1	0
16	0
16	0
16	0
12	0
12	0
16	0
16	0
16	0
16	0
12	0
16	0
12	0
1	0
1	0
1	0
8	0
8	0
16	0
16	0
16	0
16	0
3	0
3	0
1	0
1	0
1	0
16	0
13	0
16	0
11	11
16	0
16	0
16	16
5	5
16	0
16	0
16	16
3	0
6	14
8	8
3	0
3	3
5	5
3	0
3	3
3	2
2	0
4	6
8	0
8	0
8	0
8	8
1	0
1	0
16	16
13	13
14	0
11	0
14	14
5	0
11	0
11	0
2	11
8	0
8	0
8	8
1	0
1	0
1	0
1	0
16	16
5	5
14	0
11	0
14	14
3	0
11	6
8	0
8	0
8	8
3	0
1	1
1	0
16	0
16	0
16	16
13	0
13	0
11	0
11	14
16	0
11	0
11	11
16	0
11	2
6	0
6	6
8	0
8	0
8	0
8	0
8	0
8	8
16	0
11	0
2	0
16	16
13	13
13	0
16	0
16	0
16	0
16	0
16	0
16	0
16	0
16	0
1	0
1	0
8	0
8	0
1	0
16	0
16	0
16	0
16	0
16	0
16	0
16	0
16	0
16	0
16	0
16	0
16	0
16	0
16	0
16	0
16	0
16	0
16	0
16	0
1	0
1	0
1	0
1	0
1	0
16	0
12	0
8	0
8	0
8	0
8	16
4	0
3	0
3	3
16	0
1	0
12	1
5	5
3	0
1	1
4	0
4	4
13	13
8	0
8	8
3	0
3	0
3	0
3	3
3	0
3	10
1	0
1	1
4	0
4	4
5	5
2	0
2	0
2	1
9	0
8	0
9	8
1	0
1	0
3	16
4	0
4	0
11	14
16	0
11	11
3	0
3	0
3	3
1	0
1	0
1	0
16	0
16	0
16	0
16	16
13	13
13	0
1	0
1	0
1	0
16	0
11	0
17	0
11	11
17	0
17	0
17	16
17	0
6	0
17	0
17	14
1	0
1	0
1	1
4	0
4	4
5	0
11	5
1	0
1	3
17	0
6	0
1	0
3	11
17	0
17	0
4	10
17	0
4	0
17	0
17	0
17	16
3	3
1	0
1	0
1	1
4	0
4	0
4	16
5	5
16	0
11	11
1	0
3	0
1	0
1	0
1	0
1	16
2	0
3	5
16	0
11	11
4	0
11	0
4	4
16	0
4	0
4	10
3	0
3	0
13	0
12	0
11	11
1	0
1	0
3	16
16	0
4	0
4	10
3	0
3	0
6	3
8	0
8	0
8	8
1	2
8	0
8	8
5	5
8	0
8	8
3	0
3	3
4	0
4	16
3	0
11	0
11	11
16	0
4	0
4	10
2	2
1	0
1	1
8	0
8	8
17	0
4	0
17	0
5	0
2	16
17	0
17	0
17	0
1	16
13	13
11	0
11	11
4	0
4	0
4	4
17	0
11	0
4	10
3	0
3	0
6	3
8	0
8	0
8	8
13	0
12	0
8	11
12	0
12	10
1	0
1	0
1	0
1	16
1	0
1	0
1	0
16	16
8	0
8	8
13	13
13	0
1	0
1	0
1	0
1	0
8	0
8	0
8	0
1	0
1	0
1	0
1	0
8	0
8	0
8	0
8	0
1	0
1	0
1	0
8	0
8	0
1	0
1	0
1	0
8	0
8	0
8	0
8	0
1	0
1	0
1	0
16	0
16	0
1	0
1	0
12	0
1	0
8	0
8	0
8	0
8	0
1	0
1	0
1	0
8	0
12	0
8	0
8	0
8	0
12	8
13	13
8	0
8	0
8	8
13	13
17	0
17	0
9	6
8	0
8	0
8	8
17	0
5	5
2	0
6	6
8	8
2	0
6	0
6	2
1	0
1	1
8	0
8	0
8	0
8	8
13	13
13	0
1	0
1	0
1	0
8	0
16	0
16	0
16	0
16	0
1	0
8	0
16	0
8	0
8	0
8	0
1	0
8	0
8	0
8	0
8	0
8	0
8	0
8	0
8	0
16	0
16	0
1	0
1	0
1	0
11	0
5	0
5	5
3	0
11	11
4	0
4	4
3	0
3	0
1	0
1	3
3	0
3	3
1	0
1	0
3	0
1	0
1	1
8	0
8	0
8	0
8	3
13	13
13	0
1	0
1	0
1	0
1	0
1	0
1	0
1	0
3	0
3	0
1	0
1	0
1	0
1	0
1	0
1	0
1	0
8	0
8	0
1	0
1	0
1	0
1	0
1	0
16	0
16	0
1	0
8	0
8	0
3	0
3	0
3	0
3	0
3	0
3	0
1	0
1	0
11	0
11	11
4	0
11	4
17	0
2	0
9	6
8	0
8	0
8	0
8	8
17	0
17	0
2	2
17	6
1	1
17	0
12	10
12	0
11	0
16	16
13	13
16	0
11	11
4	0
11	4
17	0
2	0
9	6
8	0
8	0
8	0
8	8
2	0
2	0
11	11
2	2
2	0
11	0
11	6
8	0
8	0
8	8
3	0
3	10
1	0
1	0
1	0
1	16
5	5
16	0
11	11
11	0
11	4
17	0
2	0
9	6
8	0
8	0
13	0
12	0
11	11
4	0
11	4
1	6
8	0
8	0
8	0
8	8
3	11
8	8
17	0
2	11
3	3
3	0
2	0
12	0
1	0
1	0
1	1
17	0
17	0
12	16
17	0
17	0
17	4
13	13
13	0
3	0
1	0
1	0
1	0
1	0
8	0
1	0
1	0
1	0
1	0
1	0
1	0
1	0
1	0
17	0
1	0
17	0
17	0
1	0
3	0
16	0
1	0
1	0
1	0
8	0
8	0
1	0
1	0
17	0
17	0
12	0
1	0
12	0
11	11
2	0
16	0
16	0
16	0
16	0
16	16
4	0
11	0
4	10
3	0
3	0
3	0
3	3
2	0
2	2
9	9
3	8
2	0
2	6
8	0
8	8
2	0
2	0
2	2
8	8
5	5
8	0
8	0
8	0
8	0
8	0
8	8
2	2
12	6
12	0
8	8
13	13
13	0
1	0
1	0
8	0
8	0
8	0
8	0
1	0
8	0
16	0
16	0
16	0
16	0
16	0
16	0
16	0
8	0
3	0
3	0
3	0
3	0
13	0
1	6
8	0
8	0
8	0
8	0
8	8
13	0
13	0
13	17
12	3
13	13
14	0
11	11
16	0
16	0
16	16
3	3
2	0
2	0
6	2
8	0
8	8
13	13
13	0
11	0
5	3
14	0
3	0
12	16
12	6
8	0
8	8
3	3
3	0
3	3
1	0
1	0
16	0
16	16
13	0
13	0
13	13
13	0
1	0
16	0
16	0
1	0
16	0
16	0
1	0
16	0
16	0
16	0
17	0
1	0
16	0
16	0
16	0
16	0
13	0
12	4
17	0
3	3
3	6
1	0
16	0
16	1
8	0
8	8
13	13
14	3
3	0
6	0
3	0
3	3
17	0
17	0
12	3
2	6
12	0
12	0
12	8
17	0
12	16
4	0
4	4
5	5
14	0
11	11
3	0
6	0
3	0
3	3
2	3
1	6
1	0
1	0
1	0
1	0
1	1
1	0
1	0
1	0
1	0
8	17
5	5
8	0
8	0
8	0
8	0
8	8
5	0
3	3
4	0
4	4
13	0
13	0
13	13
13	0
12	0
12	7
13	13
12	0
12	6
8	0
8	0
8	4
16	0
16	0
16	0
16	16
3	0
2	2
8	0
8	0
8	0
8	0
8	8
2	2
12	12
12	12
13	13
13	0
1	0
1	0
1	0
1	0
12	0
1	0
1	0
16	0
1	0
3	0
1	0
1	0
1	0
3	0
1	0
3	0
1	0
12	0
8	0
3	0
8	0
8	0
1	0
1	0
16	0
12	0
12	0
1	0
8	0
8	0
8	0
16	0
3	0
1	0
1	0
1	0
3	0
6	6
8	0
8	8
3	11
3	0
16	0
1	16
1	0
1	0
1	0
1	0
16	0
16	16
3	0
1	0
1	16
1	0
3	0
3	0
1	0
1	0
1	3
1	0
11	0
2	2
8	0
8	0
8	0
8	8
3	3
3	0
2	0
2	2
8	0
8	0
8	0
8	0
8	8
13	13
13	0
3	0
16	0
16	0
16	0
1	0
1	0
16	0
1	0
16	0
16	0
1	0
1	0
1	0
1	0
1	0
1	0
1	0
16	0
16	0
12	0
5	5
16	0
11	11
11	0
6	4
1	6
17	0
1	0
1	1
8	0
8	0
8	8
12	0
12	0
12	4
13	13
13	0
1	0
12	0
12	0
12	0
12	0
1	0
1	0
16	0
16	0
1	0
1	0
1	0
1	0
1	0
12	0
12	0
12	0
12	0
1	0
1	0
12	0
1	0
12	0
1	0
12	0
12	0
1	0
1	0
1	0
16	0
16	0
16	0
16	0
1	0
1	0
1	0
1	0
1	0
1	0
12	0
12	0
12	0
12	0
3	0
5	5
11	11
11	0
11	11
1	0
1	0
1	0
1	0
1	3
3	3
16	16
4	0
4	0
4	4
2	2
12	12
13	13
13	0
3	0
1	0
8	0
8	0
12	0
3	0
16	0
1	0
1	0
1	0
1	0
1	0
1	0
1	0
8	0
4	0
3	0
3	0
12	0
8	0
1	0
1	0
1	0
1	0
12	0
8	0
1	0
1	0
3	0
16	0
11	0
16	0
1	0
1	0
1	0
1	0
1	0
1	0
1	0
1	0
17	0
17	0
12	11
1	0
17	0
17	0
17	16
17	0
17	0
17	10
17	0
17	0
1	0
1	3
1	0
17	0
2	11
1	0
1	16
13	13
1	11
17	0
17	0
17	16
17	1
17	0
1	1
2	0
6	0
6	2
8	0
8	0
8	8
17	0
1	16
13	0
13	0
13	13
13	0
13	0
17	0
17	0
1	0
1	0
12	0
1	0
17	0
17	0
17	0
1	0
1	0
8	0
8	0
17	0
17	0
17	0
1	0
17	0
17	0
1	0
12	0
5	5
3	3
4	0
4	4
8	8
5	5
8	8
1	0
16	0
1	16
13	13
13	0
1	0
3	0
3	0
1	0
1	0
1	0
8	0
1	0
8	0
1	0
1	0
1	0
1	0
1	0
1	0
1	0
8	0
1	0
1	0
1	0
1	0
1	0
3	0
1	0
1	0
1	0
1	0
8	0
1	0
8	0
1	0
1	0
1	0
1	0
3	0
3	0
3	0
3	0
3	0
1	0
1	0
1	0
1	0
1	0
1	0
1	0
1	0
12	0
1	0
3	0
3	0
3	0
3	3
3	0
6	0
4	0
2	4
1	0
1	0
17	0
12	0
12	1
13	0
17	0
13	13
13	0
11	0
5	3
4	0
4	0
12	4
5	6
12	8
1	0
8	0
16	0
16	16
13	13
11	6
4	0
4	0
4	4
1	0
11	0
17	0
12	0
16	16
13	13
14	0
11	11
1	0
3	0
12	16
16	0
16	0
1	2
1	6
8	0
8	8
16	10
13	13
11	0
3	11
1	0
16	16
4	0
13	0
12	0
4	0
4	4
3	0
3	3
3	0
3	0
1	3
3	0
1	0
1	0
16	16
5	5
11	0
12	10
1	0
1	0
1	1
17	2
6	6
8	0
8	0
8	8
17	0
12	0
1	16
13	13
4	7
4	7
13	0
13	0
13	17
8	6
1	0
1	0
1	1
8	0
8	8
4	0
11	4
1	0
1	16
12	0
12	0
12	4
13	13
16	0
11	11
4	0
4	4
2	3
8	0
8	0
8	0
8	8
3	0
9	0
11	2
2	0
13	0
12	0
12	7
13	13
3	0
3	11
3	0
16	0
16	3
11	0
11	10
1	0
1	0
1	1
17	0
11	0
12	4
4	4
13	13
4	0
4	0
14	0
14	4
6	0
6	0
3	3
1	0
1	0
1	0
1	16
8	0
8	0
8	8
16	0
1	0
16	16
13	13
3	11
3	0
1	0
1	16
5	0
3	3
1	0
3	0
1	0
16	16
13	13
13	0
1	0
1	0
1	0
1	0
16	0
1	0
1	0
12	0
1	0
1	0
16	0
12	0
13	0
17	0
11	0
5	3
4	0
4	0
11	4
3	0
3	5
2	3
3	0
1	0
1	0
1	16
8	0
8	0
8	8
3	0
16	0
16	0
16	0
16	16
13	13
5	3
13	13
5	0
5	3
13	0
13	13
13	0
16	0
8	0
1	0
1	0
16	0
16	0
8	0
8	0
16	0
16	0
16	0
16	0
16	0
16	0
16	0
12	0
16	0
16	0
16	0
3	0
8	0
16	0
11	0
8	0
8	0
8	0
1	0
1	0
1	0
1	0
13	0
3	0
2	2
2	0
6	6
8	8
17	0
17	0
17	10
1	0
1	0
16	0
16	16
5	5
3	0
6	0
3	0
3	3
2	0
4	0
1	4
6	0
6	0
3	0
1	3
8	0
8	0
8	0
8	8
2	0
2	2
1	0
1	1
8	0
8	0
8	8
13	13
3	0
3	11
3	0
1	0
1	0
1	0
1	2
1	0
6	0
6	6
8	0
8	0
8	8
3	3
4	0
11	0
4	4
4	4
13	13
13	0
1	0
1	0
16	0
12	0
8	6
12	0
12	0
8	8
12	0
17	0
16	0
16	0
16	0
16	0
16	16
2	2
2	6
12	12
12	12
13	13
13	0
8	0
8	0
8	0
8	0
8	0
8	0
8	0
8	0
8	0
8	0
1	0
1	0
16	0
3	0
3	0
3	0
8	0
12	0
8	0
8	0
8	0
8	0
8	0
1	0
8	0
8	0
8	0
8	0
12	0
12	0
12	0
8	0
8	0
8	0
1	0
16	0
16	0
16	0
3	0
3	0
3	0
8	0
12	0
3	2
1	0
1	0
1	1
8	8
4	0
11	0
11	4
11	0
6	0
3	3
5	0
3	3
1	0
1	16
17	0
2	2
12	0
12	12
5	5
17	0
12	12
12	0
12	12
12	12
13	13
13	0
16	0
16	0
1	0
1	0
1	0
1	0
1	0
8	0
1	0
1	0
1	0
12	0
8	0
1	0
1	0
8	0
17	0
12	0
12	0
1	0
1	0
1	0
1	0
16	0
16	0
16	0
3	0
3	0
3	0
3	0
3	0
3	0
13	0
3	7
3	0
3	0
3	3
4	0
11	4
11	0
6	0
3	3
2	3
6	6
8	0
8	8
12	0
12	16
2	2
11	0
6	6
8	0
8	0
8	8
13	0
13	0
13	13
13	0
1	0
16	0
1	0
3	0
16	0
16	0
1	0
1	0
1	0
1	0
16	0
16	0
1	0
1	0
1	0
8	0
1	0
16	0
8	0
13	0
16	0
1	0
1	0
1	0
1	0
16	0
3	0
3	0
3	0
1	0
1	0
1	0
1	0
1	0
13	0
3	0
10	0
3	0
3	3
4	0
4	0
4	4
3	0
3	3
13	13
11	0
11	11
11	0
11	4
8	0
8	0
8	8
5	5
16	0
11	11
16	4
17	0
2	2
8	0
8	0
8	8
3	3
12	0
12	0
12	4
13	0
13	0
13	13
13	0
16	0
16	0
16	0
12	0
16	0
16	0
16	0
3	0
17	0
1	0
8	0
16	0
16	0
16	0
16	0
16	0
16	0
12	0
16	0
16	0
16	0
16	0
16	0
16	0
16	0
12	0
17	0
11	4
17	3
17	0
17	0
1	0
1	1
17	0
17	0
17	0
17	2
4	0
17	6
12	0
8	8
17	0
17	0
17	16
13	13
17	0
17	0
17	16
17	0
17	0
17	0
17	16
13	0
13	0
13	17
12	0
12	6
12	0
8	8
4	0
11	4
17	0
17	0
17	0
17	1
5	5
17	6
8	0
8	8
2	3
13	13
14	3
17	0
17	3
4	0
4	0
17	4
3	3
3	0
17	0
3	8
13	0
13	0
13	13
13	0
12	0
17	0
12	12
12	0
12	12
12	12
4	0
11	4
1	0
1	0
1	3
1	0
1	1
13	13
6	0
3	0
3	0
3	3
1	0
11	0
1	1
5	5
1	0
11	3
3	3
3	0
16	1
13	13
13	0
1	0
1	0
1	0
1	0
1	0
1	0
1	0
1	0
1	0
1	0
1	0
1	0
1	0
1	0
1	0
1	0
1	0
1	0
1	0
12	0
17	0
12	0
16	0
1	0
1	0
1	0
3	0
1	0
1	0
1	0
1	0
17	0
17	10
17	0
17	16
4	0
4	0
17	4
3	3
3	0
3	3
8	0
8	0
8	0
8	16
13	13
13	0
1	0
1	0
1	0
3	0
1	0
8	0
1	0
8	0
8	0
3	0
3	0
3	0
8	0
8	0
8	0
8	0
8	0
16	0
16	0
8	0
8	0
8	0
1	0
1	0
1	0
1	0
8	0
1	0
1	0
8	0
17	0
17	0
17	0
17	0
8	0
3	0
3	0
1	0
1	0
8	0
8	0
8	0
16	0
16	0
12	0
3	0
10	0
3	0
3	3
17	0
11	4
17	0
12	3
3	3
2	3
17	0
17	3
17	0
17	0
17	0
1	3
8	0
8	8
5	5
12	3
4	0
4	0
4	0
17	4
17	0
17	0
17	3
17	6
3	0
3	0
1	1
8	8
1	0
1	0
1	0
16	16
13	13
13	0
1	0
1	0
3	0
17	0
17	0
1	0
1	0
1	0
3	0
16	0
16	0
1	0
12	0
17	0
17	0
17	0
12	0
12	0
17	0
17	0
17	0
12	0
5	0
5	3
17	16
17	0
17	3
17	0
17	3
17	0
17	16
5	5
17	0
6	0
5	3
16	0
16	0
17	16
8	0
8	8
2	0
2	2
1	0
1	1
8	8
13	13
14	0
5	0
14	0
14	0
14	14
3	3
17	0
12	0
12	3
17	0
1	6
8	0
8	0
8	8
4	0
4	0
4	4
13	13
13	0
1	0
1	0
1	0
16	0
16	0
16	0
17	0
1	0
12	0
12	0
1	0
1	0
1	0
16	0
16	0
16	0
11	0
3	7
3	0
11	11
16	0
16	4
3	3
13	13
6	0
6	6
12	0
8	8
4	0
11	4
3	0
3	0
3	3
17	0
17	0
17	10
1	0
1	0
1	0
1	0
1	0
1	0
1	0
1	0
16	1
13	13
13	0
1	0
1	0
3	0
1	0
1	0
1	0
1	0
1	0
1	0
1	0
1	0
1	0
1	0
1	0
1	0
1	0
16	0
16	0
16	0
16	0
16	0
16	0
1	0
1	0
6	0
8	0
16	0
3	0
1	0
13	0
6	0
12	6
12	0
12	0
8	8
4	0
11	4
3	0
3	3
1	0
1	0
1	1
13	13
5	0
5	5
2	2
3	0
6	0
3	0
3	3
4	0
4	0
4	4
8	0
8	8
12	6
12	0
8	8
3	0
3	3
3	0
1	0
16	0
16	16
13	13
13	0
3	0
1	0
1	0
3	0
3	0
1	0
4	0
1	0
1	0
1	0
3	0
1	0
12	0
1	0
16	0
1	0
1	0
3	0
1	0
1	0
1	0
1	0
1	0
12	0
11	0
8	0
3	8
3	0
2	2
8	0
8	8
1	0
16	0
16	0
1	0
16	0
16	16
13	13
13	0
1	0
1	0
1	0
1	0
1	0
8	0
1	0
1	0
16	0
16	0
16	0
1	0
1	0
1	0
1	0
1	0
1	0
16	0
16	0
8	0
1	0
1	0
1	0
1	0
1	0
16	0
8	0
1	0
1	0
1	0
1	0
16	0
16	0
16	0
16	0
3	0
1	0
1	0
1	0
1	0
1	0
1	0
16	0
16	0
12	0
3	4
2	2
3	0
9	9
1	0
1	0
1	0
1	1
8	8
12	2
8	0
8	0
8	8
13	0
13	0
13	17
8	0
8	3
17	0
16	0
16	16
2	3
3	0
9	9
17	0
1	0
17	17
17	0
12	16
13	0
13	0
13	13
13	0
8	0
8	0
8	0
1	0
8	0
8	0
8	0
17	0
8	0
1	0
1	0
8	0
8	0
8	0
8	0
8	0
1	0
8	0
8	0
8	0
8	0
1	0
8	0
8	0
8	0
8	0
12	0
1	3
1	0
1	0
16	16
13	13
13	0
1	0
1	0
1	0
1	0
1	0
1	0
1	0
1	0
1	0
1	0
1	0
1	0
1	0
1	0
1	0
1	0
1	0
1	0
1	0
1	0
1	0
1	0
1	0
1	0
8	0
1	0
1	0
1	0
1	0
1	0
1	0
1	0
1	0
1	0
1	0
1	0
1	0
1	0
1	0
1	0
1	0
1	0
1	0
1	0
1	0
1	0
1	0
1	0
1	0
1	0
1	0
1	0
1	0
12	0
5	0
3	7
13	13
6	0
6	14
3	0
1	4
1	6
1	0
1	0
1	1
8	0
8	0
8	8
12	0
12	0
12	4
13	0
13	0
13	13
13	0
12	0
16	0
12	0
16	0
12	0
12	0
12	0
1	0
1	0
1	0
1	0
8	0
16	0
16	0
16	0
12	0
16	0
12	0
12	0
13	0
16	0
16	0
16	0
16	0
12	0
12	0
1	0
16	0
16	0
16	0
1	0
1	0
1	0
1	0
1	0
1	0
8	0
16	0
12	0
2	2
3	0
3	3
13	13
12	0
12	12
12	0
12	12
12	0
12	12
12	12
5	5
12	0
12	0
12	12
12	0
11	11
4	4
2	0
6	0
3	0
3	3
1	6
8	0
8	8
1	2
8	0
8	8
5	5
3	0
3	3
17	0
11	4
17	0
12	6
12	0
12	0
12	0
12	8
1	0
2	3
13	13
13	0
1	0
1	0
1	0
1	0
1	0
1	0
1	0
1	0
1	0
16	0
16	0
8	0
12	0
1	0
12	0
12	0
16	0
3	4
3	0
1	0
1	0
1	0
1	0
16	3
16	0
3	3
5	0
3	3
1	0
2	2
8	0
8	0
8	8
2	3
5	5
16	0
11	6
16	0
16	0
16	0
16	0
1	16
12	1
2	3
13	13
13	0
1	0
16	0
16	0
16	0
1	0
1	0
1	0
1	0
16	0
16	0
16	0
3	0
16	0
16	0
16	0
16	0
16	0
16	0
1	0
1	0
1	0
16	0
16	0
16	0
16	0
16	0
16	0
1	0
1	0
1	0
13	0
5	0
5	3
2	0
2	2
17	6
1	1
8	0
8	0
8	8
4	0
11	0
11	4
2	3
3	3
1	0
12	6
12	0
1	0
1	1
5	5
14	0
11	11
1	16
17	0
1	0
1	0
1	0
1	0
3	3
3	0
3	0
1	0
1	3
3	3
3	0
1	0
16	16
13	13
4	0
11	14
12	0
12	6
12	0
12	0
8	8
3	0
17	0
1	0
3	3
16	0
16	0
16	16
13	0
13	0
13	13
13	0
16	0
16	0
1	0
12	0
5	0
5	5
11	0
11	11
16	16
1	3
12	0
12	0
8	8
3	11
13	13
13	0
1	0
1	0
1	0
1	0
1	0
3	0
1	0
1	0
8	0
8	0
3	0
1	0
1	0
3	0
3	0
8	0
8	0
1	0
1	0
1	0
1	0
1	0
16	0
8	0
1	0
1	0
3	0
1	0
8	0
8	0
8	0
1	0
1	0
1	0
16	0
16	0
8	0
8	0
8	0
1	0
8	0
3	0
3	0
3	0
1	0
1	0
1	0
12	0
5	0
5	5
2	0
2	2
1	0
1	0
1	1
8	0
8	0
8	8
16	0
11	4
2	2
8	0
8	0
8	12
12	0
12	0
12	4
13	13
13	0
8	0
1	0
8	0
12	0
12	0
16	0
16	0
1	0
16	0
16	0
16	0
1	0
8	0
1	0
8	0
12	0
12	0
12	0
16	0
12	0
8	0
8	0
12	0
12	0
12	0
16	0
3	0
3	0
3	0
16	0
1	0
1	0
8	0
16	0
16	0
16	0
1	0
8	0
12	0
6	6
8	8
4	0
11	4
6	6
12	0
8	8
13	13
3	0
1	6
1	0
1	1
5	5
3	3
2	2
17	0
12	12
12	0
12	12
12	12
13	13
13	0
1	0
1	0
12	0
12	0
12	0
12	0
8	0
1	0
1	0
1	0
1	0
8	0
8	0
1	0
1	0
12	0
12	0
12	0
12	0
16	0
1	0
8	0
8	0
12	0
1	0
8	0
16	0
1	0
1	0
1	0
8	0
3	0
1	0
1	0
1	0
1	0
8	0
12	0
17	0
11	3
4	0
4	0
12	4
11	0
11	0
3	3
2	3
3	0
11	0
6	0
6	3
8	0
8	8
17	0
17	0
17	0
16	16
13	13
12	0
12	0
12	0
16	16
3	0
12	0
3	16
12	0
12	0
12	12
13	13
13	0
1	0
12	0
8	0
16	0
16	0
16	0
12	0
1	0
1	0
1	0
8	0
16	0
1	0
16	0
1	0
8	0
8	0
1	0
1	0
1	0
1	0
8	0
8	0
1	0
1	0
1	0
1	0
13	0
8	0
8	3
2	0
16	1
13	13
13	0
1	0
1	0
1	0
1	0
1	0
1	0
1	0
8	0
1	0
1	0
1	0
1	0
1	0
1	0
1	0
1	0
1	0
1	0
1	0
1	0
1	0
1	0
1	0
1	0
1	0
1	0
1	0
1	0
1	0
1	0
1	0
1	0
1	0
1	0
1	0
1	0
1	0
1	0
1	0
1	0
1	0
1	0
1	0
1	0
16	0
1	0
1	0
1	0
1	0
1	0
1	0
1	0
1	0
12	0
6	2
8	8
4	0
4	0
4	0
3	4
2	3
8	0
12	0
8	0
8	16
2	0
2	2
8	0
8	0
8	0
8	0
8	8
12	10
1	0
1	0
1	0
1	0
16	16
13	13
13	0
1	0
8	0
1	0
8	0
8	0
8	0
8	0
1	0
8	0
1	0
16	0
1	0
1	0
1	0
1	0
1	0
1	0
1	0
16	0
1	0
1	0
8	0
8	0
1	0
3	0
8	0
1	0
1	0
8	0
3	0
3	0
8	0
1	0
12	0
8	13
12	12
13	13
13	0
12	0
8	0
16	0
12	0
12	0
12	0
12	0
8	0
12	0
12	0
12	0
12	0
12	0
8	0
8	0
8	0
12	0
12	0
12	0
12	0
8	0
8	0
16	0
8	0
12	0
12	0
12	0
1	0
8	0
8	0
12	0
12	0
12	0
12	0
8	0
8	0
8	0
12	0
12	0
12	0
8	0
8	0
12	0
12	0
12	0
12	0
12	0
8	0
8	0
12	0
12	0
12	0
12	0
8	0
12	0
11	0
4	0
4	4
3	3
3	2
17	0
1	11
17	0
17	0
17	0
17	16
16	0
16	16
13	0
13	0
13	13
13	0
1	0
3	0
16	0
1	0
16	0
16	0
1	0
1	0
1	0
1	0
1	0
1	0
1	0
1	0
8	0
16	0
16	0
16	0
16	0
13	0
8	0
1	0
1	0
16	0
1	0
16	0
16	0
1	0
3	0
3	0
4	0
3	0
3	0
3	0
1	0
1	0
1	0
1	0
1	0
8	0
16	0
16	0
16	0
11	0
5	0
5	5
14	0
11	11
3	4
17	0
17	0
17	10
17	0
16	16
13	13
4	0
4	4
3	0
11	0
3	0
3	3
8	0
8	0
8	8
16	0
3	4
12	0
5	5
3	3
2	6
8	0
8	0
8	8
16	0
5	5
3	3
13	13
13	0
16	0
16	0
16	0
8	0
1	0
1	0
16	0
16	0
16	0
16	0
1	0
8	0
16	0
16	0
16	0
16	0
1	0
1	0
1	0
1	0
16	0
16	0
16	0
3	0
16	0
1	0
3	0
16	3
12	0
12	0
12	16
3	3
2	3
13	13
13	0
1	0
16	0
1	0
1	0
8	0
16	0
16	0
16	0
16	0
16	0
3	0
1	0
3	0
16	0
16	0
16	0
16	0
3	0
1	0
1	0
1	0
8	0
1	0
1	0
1	0
16	0
16	0
16	0
16	0
16	0
1	0
1	0
1	0
1	0
3	0
1	0
16	0
16	0
16	0
16	0
3	0
3	0
1	0
1	0
1	0
1	0
3	0
1	0
16	0
3	0
17	0
3	7
3	0
11	11
16	0
16	4
3	3
16	0
1	2
3	0
6	6
8	0
8	8
13	13
13	0
1	0
1	0
1	0
16	0
16	0
16	0
16	0
16	0
16	0
16	0
16	0
16	0
16	0
16	0
16	0
16	0
1	0
1	0
8	0
8	0
16	0
1	0
1	0
16	0
16	0
16	0
16	0
16	0
16	0
16	0
1	0
16	0
16	0
16	0
16	0
16	0
16	0
16	0
16	0
16	0
1	0
1	0
1	0
8	0
8	0
12	0
12	0
8	0
8	0
8	16
2	3
1	0
12	0
12	0
12	0
12	0
8	16
3	0
3	3
13	13
14	0
11	0
14	14
3	0
2	2
8	0
8	0
8	8
1	16
16	0
16	16
13	13
13	0
1	0
1	0
1	0
16	0
16	0
16	0
16	0
16	0
8	0
1	0
16	0
1	0
1	0
1	0
1	0
1	0
1	0
1	0
1	0
1	0
1	0
8	0
16	0
1	0
1	0
1	0
1	0
1	0
16	0
16	0
16	0
1	0
12	0
11	11
4	0
11	4
3	0
2	2
8	0
8	8
3	0
2	0
1	0
1	3
8	0
8	0
8	0
8	8
2	2
12	0
12	12
13	13
17	0
1	4
17	0
11	0
1	3
1	6
1	0
17	0
17	0
17	1
17	0
8	0
8	8
13	13
13	0
1	0
1	0
1	0
1	0
1	0
1	0
1	0
16	0
1	0
1	0
1	0
1	0
16	0
16	0
1	0
1	0
1	0
1	0
1	0
1	0
1	0
1	0
1	0
1	0
1	0
12	0
2	3
1	0
1	0
16	16
13	0
13	0
13	13
13	0
1	0
8	0
8	0
8	0
1	0
1	0
1	0
1	0
1	0
8	0
8	0
8	0
1	0
1	0
1	0
8	0
8	0
8	0
8	0
8	0
1	0
8	0
8	0
8	0
1	0
1	0
1	0
1	0
8	0
8	0
8	0
1	0
8	0
1	0
1	0
1	0
1	0
1	0
1	0
1	0
1	0
1	0
8	0
12	0
8	0
1	0
1	0
1	0
8	0
1	0
1	0
16	0
16	0
12	0
12	16
12	0
11	0
3	3
3	0
3	3
13	13
13	0
1	0
16	0
16	0
16	0
16	0
16	0
16	0
16	0
16	0
16	0
1	0
16	0
16	0
16	0
16	0
16	0
3	0
16	0
1	0
16	0
16	0
1	0
1	0
16	0
16	0
16	0
16	0
1	0
16	0
3	0
16	0
1	0
16	0
16	0
16	0
16	0
16	0
16	0
16	0
16	0
16	0
3	0
16	0
16	0
16	0
16	0
1	0
16	0
16	0
13	0
3	11
17	0
16	0
16	0
16	4
3	0
3	3
3	3
3	6
17	0
1	0
1	1
17	0
17	0
12	8
13	13
13	0
3	0
3	0
8	0
3	0
1	0
8	0
8	0
3	0
3	0
3	0
3	0
3	0
1	0
1	0
1	0
1	0
17	0
17	0
8	0
8	0
1	0
8	0
8	0
3	0
1	0
8	0
8	0
1	0
3	0
3	0
3	0
16	0
1	0
3	0
3	0
3	0
3	0
1	0
1	0
1	0
1	0
1	0
13	0
17	0
12	12
12	0
12	12
12	12
5	5
12	0
12	0
12	12
12	0
12	0
12	0
12	1
12	0
12	0
12	8
2	2
17	0
12	12
12	0
12	12
12	12
12	3
4	0
4	4
2	3
3	6
1	0
1	0
1	1
8	0
8	0
8	8
2	0
2	2
17	0
12	12
12	0
12	12
12	12
13	13
13	0
1	0
3	0
1	0
12	0
12	0
12	0
12	0
12	0
12	0
1	0
12	0
16	0
16	0
12	0
12	0
16	0
16	0
12	0
17	0
12	12
12	0
12	12
12	12
9	17
12	0
12	12
8	0
12	3
3	0
11	11
4	0
4	4
1	0
1	0
1	0
1	0
1	0
1	3
2	0
2	2
12	0
12	12
1	0
1	16
13	13
13	0
1	0
1	0
1	0
1	0
1	0
1	0
1	0
1	0
1	0
1	0
1	0
1	0
1	0
1	0
1	0
1	0
12	0
1	0
8	0
17	0
17	0
12	0
16	0
16	0
1	0
5	0
1	0
16	0
1	0
16	0
3	0
13	0
16	4
2	0
6	0
3	0
3	3
1	0
3	3
17	0
11	0
11	2
17	0
2	6
12	0
8	0
8	8
2	3
13	13
13	0
3	0
3	0
16	0
1	0
1	0
8	0
3	0
3	0
16	0
1	0
1	0
1	0
1	0
3	0
1	0
1	0
8	0
8	0
8	0
1	0
1	0
16	0
1	0
1	0
1	0
1	0
1	0
3	0
16	0
16	0
16	0
3	0
3	0
3	0
1	0
1	0
12	0
1	0
3	0
1	0
1	0
13	0
1	0
8	0
8	3
1	0
1	4
17	0
2	2
8	0
8	8
17	0
2	2
12	0
12	0
8	0
8	8
12	10
16	0
16	0
16	0
16	16
13	13
13	0
8	0
1	0
1	0
1	0
16	0
1	0
8	0
8	0
8	0
1	0
16	0
12	0
12	0
16	0
16	0
1	0
1	0
16	0
16	0
8	0
12	0
16	0
1	0
1	0
1	0
1	0
16	0
1	0
16	0
16	0
1	0
8	0
8	0
8	0
17	0
1	0
12	0
13	0
11	11
4	0
4	4
3	0
3	0
1	0
1	3
6	6
12	0
8	8
12	0
12	0
12	4
13	0
13	0
13	13
13	0
16	0
1	0
1	0
16	0
1	0
12	0
13	0
16	0
1	0
1	0
1	0
1	0
1	0
16	0
16	0
16	0
16	0
12	0
12	0
13	0
16	0
16	0
16	0
1	0
12	0
12	0
12	0
1	0
3	0
3	0
16	0
1	0
3	0
1	0
1	0
1	0
1	0
1	0
16	0
16	0
16	0
1	0
13	0
12	0
1	3
1	0
1	0
1	0
1	1
8	0
8	0
8	8
5	5
17	0
17	0
16	6
3	0
3	3
5	5
17	2
17	0
17	0
17	11
13	13
13	0
1	0
1	0
1	0
17	0
1	0
1	0
1	0
1	0
1	0
1	0
16	0
16	0
1	0
1	0
16	0
1	0
17	0
1	0
1	0
1	0
1	0
1	0
17	0
17	0
1	0
1	0
16	0
1	0
1	0
1	0
1	0
8	0
16	0
1	0
17	0
17	0
16	0
11	0
12	6
12	0
12	0
12	8
3	0
11	11
16	0
16	16
4	0
4	4
13	13
3	0
3	0
3	0
1	4
2	3
3	0
3	11
1	0
1	0
1	0
16	16
13	13
13	0
1	0
1	0
1	0
1	0
16	0
16	0
16	0
1	0
3	0
1	0
1	0
1	0
1	0
1	0
1	0
1	0
1	0
16	0
16	0
1	0
1	0
1	0
1	0
12	0
16	0
4	0
1	0
1	0
16	0
16	0
16	0
4	0
3	0
3	0
1	0
13	0
3	0
3	3
4	0
11	0
11	4
8	0
8	8
2	3
1	2
1	0
1	0
1	3
8	0
8	0
8	0
13	0
17	0
17	0
17	8
17	0
17	0
17	4
17	17
17	17
12	0
12	0
12	8
5	5
3	0
3	0
3	3
4	0
4	4
12	0
12	11
12	13
12	11
3	0
16	16
13	0
13	0
13	17
12	0
12	12
16	0
16	0
16	16
4	0
11	4
2	0
16	1
13	13
5	0
5	5
11	0
11	11
4	0
4	0
13	0
1	0
1	0
1	0
8	8
4	0
4	0
4	0
11	4
3	3
3	0
3	0
3	0
3	3
3	0
3	0
3	10
3	3
1	0
1	11
5	5
3	0
11	11
11	0
11	4
1	0
1	0
1	1
3	3
13	13
13	0
1	0
1	0
3	0
3	0
1	0
1	0
1	0
1	0
1	0
1	0
1	0
1	0
3	0
1	0
1	0
1	0
1	0
1	0
8	0
8	0
8	0
16	0
3	0
8	0
8	0
1	0
3	0
1	0
3	0
3	0
11	0
5	0
5	5
6	0
6	0
3	0
3	3
4	0
4	0
4	0
3	4
3	3
3	0
12	0
12	3
1	1
16	0
16	0
16	0
16	0
16	16
13	13
13	0
1	0
1	0
16	0
16	0
16	0
16	0
1	0
16	0
3	0
16	0
3	0
3	0
1	0
16	0
16	0
16	0
16	0
16	0
16	0
16	0
16	0
16	0
16	0
16	0
16	0
16	0
1	0
1	0
16	0
3	0
16	0
16	0
16	0
3	0
16	0
16	0
16	0
12	0
12	0
12	12
12	0
12	0
12	12
12	2
12	0
12	12
16	0
12	2
4	0
4	0
1	4
2	3
5	6
8	0
8	0
8	0
8	8
2	0
2	2
8	0
12	0
12	12
1	0
16	16
13	13
13	0
8	0
3	0
16	0
1	0
1	0
1	0
1	0
1	0
8	0
1	0
16	0
16	0
16	0
1	0
1	0
8	0
1	0
1	0
16	0
1	0
12	0
16	0
12	0
16	0
12	0
16	0
12	0
16	0
16	0
1	0
8	0
11	0
11	0
11	4
1	0
1	1
1	0
1	0
1	1
16	0
12	0
12	4
13	13
11	0
11	14
2	0
6	0
6	2
8	0
8	0
8	8
1	0
1	16
4	0
4	4
13	13
13	0
3	0
1	0
16	0
16	0
16	0
1	0
1	0
1	0
1	0
1	0
1	0
1	0
1	0
1	0
1	0
1	0
1	0
16	0
16	0
1	0
1	0
16	0
16	0
16	0
16	0
16	0
16	0
16	0
16	0
16	0
16	0
1	0
1	0
1	0
11	0
3	0
11	11
4	0
4	0
1	4
11	0
6	0
3	3
1	0
1	0
16	0
16	16
13	13
5	0
2	14
2	0
2	2
11	0
11	0
1	11
9	9
8	0
8	0
8	8
4	0
16	0
16	16
4	0
11	3
13	13
13	0
1	0
8	0
1	0
1	0
3	0
3	0
8	0
11	0
3	0
1	0
1	0
8	0
8	0
8	0
1	0
1	0
8	0
8	0
1	0
3	0
3	0
8	0
1	0
1	0
16	0
16	0
8	0
3	0
12	0
3	3
4	0
4	0
16	4
11	0
11	0
11	0
6	6
1	0
1	0
1	1
8	0
8	0
8	8
16	0
3	4
13	13
13	0
16	0
8	0
1	0
16	0
16	0
16	0
1	0
16	0
16	0
1	0
1	0
1	0
1	0
1	0
1	0
16	0
16	0
16	0
16	0
16	0
1	0
16	0
8	0
16	0
16	0
16	0
16	0
1	0
3	0
16	0
16	0
3	0
3	0
3	0
8	0
1	0
1	0
1	0
1	0
1	0
16	0
12	0
3	0
3	0
3	12
4	0
11	4
1	0
11	0
3	0
3	3
12	3
17	0
17	1
13	13
2	0
5	5
2	0
2	2
12	0
12	8
12	0
8	12
12	0
12	12
17	6
1	1
17	0
8	0
8	8
17	16
1	0
3	0
3	0
1	0
1	0
1	3
2	3
17	0
1	3
17	0
17	0
1	0
1	1
17	0
12	4
13	13
13	0
3	0
3	0
8	0
1	0
16	0
1	0
1	0
17	0
1	0
1	0
17	0
1	0
1	0
12	0
17	0
12	0
3	0
12	3
4	0
4	0
4	0
17	4
17	0
6	3
17	0
17	0
17	0
17	3
17	3
17	0
17	6
17	0
8	0
8	8
13	13
13	0
1	0
1	0
1	0
1	0
16	0
16	0
8	0
8	0
8	0
17	0
17	0
17	0
17	0
17	0
17	0
1	0
1	0
17	0
16	0
16	0
17	0
1	0
1	0
1	0
1	0
1	0
1	0
8	0
8	0
8	0
3	0
8	0
8	0
17	0
17	0
17	0
17	0
12	0
5	0
5	5
8	0
12	0
12	12
4	0
11	4
3	0
3	0
1	0
1	0
1	1
2	2
2	6
8	0
8	0
8	8
2	3
3	0
1	0
17	0
17	0
1	0
1	1
12	0
12	0
12	4
17	0
3	14
3	0
17	0
1	0
17	16
13	13
2	0
2	2
11	0
11	11
16	0
1	2
3	0
11	14
13	13
6	0
8	8
3	0
2	0
3	0
3	3
2	0
2	2
8	0
8	0
8	8
12	0
12	0
12	4
4	0
13	0
12	0
12	0
12	0
8	0
12	0
12	0
12	8
16	0
16	0
16	0
3	16
16	0
16	0
16	3
5	0
3	3
2	0
2	2
12	0
8	0
8	12
13	13
11	0
11	14
3	0
3	3
3	2
8	0
8	0
8	8
4	0
4	4
13	0
13	0
13	13
13	0
1	0
1	0
1	0
1	0
1	0
1	0
1	0
1	0
1	0
1	0
1	0
1	0
1	0
8	0
1	0
1	0
1	0
8	0
1	0
3	0
1	0
1	0
1	0
1	0
13	0
3	0
8	0
3	12
8	0
8	0
8	0
8	3
2	2
17	0
12	12
12	0
12	7
2	0
6	0
3	0
3	3
3	0
3	4
1	0
3	3
1	1
3	0
3	0
3	10
17	2
8	8
13	0
13	0
13	13
13	0
1	0
1	0
16	0
16	0
12	0
16	0
12	0
1	0
1	0
1	0
1	0
1	0
16	0
1	0
1	0
1	0
1	0
1	0
16	0
1	0
8	0
16	0
16	0
16	0
12	0
12	0
12	0
16	0
16	0
13	0
3	4
16	0
4	3
3	3
1	0
1	0
1	0
1	0
16	1
13	0
13	0
13	17
12	0
8	0
8	16
3	3
1	0
2	2
8	8
3	0
3	16
5	5
3	0
2	2
8	0
8	8
16	0
1	0
16	3
5	5
11	0
6	0
5	3
3	3
1	0
1	0
1	0
1	16
13	0
13	0
13	13
13	0
1	0
16	0
1	0
8	0
8	0
16	0
16	0
1	0
16	0
16	0
8	0
16	0
16	0
13	0
3	0
1	0
1	0
12	0
12	0
12	0
12	10
13	13
16	0
11	11
3	4
5	0
3	3
3	0
3	0
1	3
16	0
16	16
1	0
1	2
9	9
8	0
8	0
8	8
13	13
13	0
1	0
1	0
1	0
8	0
1	0
8	0
16	0
16	0
1	0
1	0
1	0
1	0
3	0
1	0
1	0
1	0
8	0
1	0
8	0
8	0
1	0
1	0
1	0
8	0
1	0
1	0
1	0
16	0
16	0
16	0
16	0
1	0
16	0
1	0
1	0
1	0
1	0
12	0
6	6
8	0
8	8
4	0
4	4
3	3
1	3
3	0
1	11
3	3
13	13
3	2
6	0
11	0
11	11
3	0
3	11
3	3
3	0
1	0
1	3
16	0
11	0
12	4
4	4
13	13
13	0
1	0
1	0
1	0
1	0
1	0
16	0
1	0
1	0
1	0
1	0
1	0
1	0
1	0
1	0
1	0
16	0
1	0
1	0
1	0
1	0
1	0
1	0
1	0
1	0
1	0
1	0
1	0
1	0
1	0
14	0
14	0
1	0
12	0
3	0
3	0
3	0
3	1
8	0
8	8
16	0
16	0
16	0
16	0
16	0
11	16
11	0
11	0
3	3
3	0
3	3
3	0
3	0
3	3
3	0
3	3
1	0
11	10
13	13
13	0
3	0
16	0
16	0
16	0
16	0
16	0
16	0
3	0
3	0
1	0
8	0
8	0
16	0
16	0
16	0
1	0
1	0
1	0
8	0
1	0
1	0
1	0
16	0
16	0
1	0
16	0
16	0
16	0
16	0
16	0
16	0
11	0
3	0
11	0
5	0
5	3
3	0
11	0
11	0
3	3
16	0
11	0
11	4
2	3
1	0
1	1
1	0
2	2
8	0
8	0
8	0
8	8
13	13
13	0
1	0
1	0
8	0
8	0
16	0
16	0
16	0
16	0
1	0
16	0
8	0
8	0
1	0
1	0
1	0
1	0
8	0
8	0
8	0
16	0
1	0
1	0
8	0
8	0
8	0
16	0
1	0
16	0
16	0
16	0
16	0
16	0
16	0
1	0
16	0
8	0
8	0
1	0
1	0
12	0
3	2
8	0
8	0
8	0
8	8
4	0
4	0
3	4
3	0
9	9
8	8
2	2
8	0
8	8
8	0
16	0
16	0
16	16
13	13
13	0
1	0
1	0
8	0
16	0
16	0
16	0
1	0
1	0
3	0
1	0
1	0
1	0
8	0
8	0
8	0
8	0
16	0
16	0
16	0
8	0
8	0
8	0
8	0
16	0
16	0
8	0
1	0
1	0
8	0
8	0
8	0
3	0
3	0
3	0
3	0
1	0
1	0
3	0
8	0
12	0
11	11
4	0
11	4
3	0
3	0
3	3
1	0
1	1
8	0
8	0
8	0
8	8
12	0
12	0
12	4
13	13
13	0
1	0
16	0
1	0
8	0
8	0
1	0
1	0
16	0
16	0
16	0
1	0
1	0
1	0
8	0
12	0
12	0
12	0
12	0
1	0
1	0
16	0
16	0
8	0
1	0
8	0
8	0
8	0
1	0
3	0
16	0
16	0
1	0
3	0
3	0
1	0
1	0
1	0
8	0
8	0
12	0
12	0
12	0
12	0
6	6
1	0
1	1
8	8
8	0
12	0
12	3
2	0
2	0
2	0
6	2
8	8
13	13
13	0
8	0
16	0
16	0
16	0
16	0
16	0
16	0
16	0
16	0
16	0
16	0
16	0
16	0
16	0
16	0
2	0
1	0
1	0
1	0
8	0
8	0
16	0
1	0
16	0
8	0
16	0
16	0
16	0
16	0
16	0
16	0
16	0
8	0
1	0
16	0
16	0
16	0
16	0
16	0
16	0
2	0
1	0
1	0
16	0
8	0
12	0
3	0
5	5
16	0
11	11
4	0
4	4
8	0
8	0
8	0
13	0
1	0
1	0
1	0
1	0
1	0
1	8
17	0
17	0
17	0
17	16
13	0
13	0
13	17
12	4
3	3
3	0
3	3
6	0
6	6
8	0
8	0
8	0
8	8
1	0
17	0
17	0
17	16
16	0
16	16
13	13
13	0
1	0
1	0
1	0
8	0
8	0
16	0
16	0
16	0
16	0
3	0
1	0
1	0
1	0
1	0
8	0
1	0
1	0
1	0
12	0
1	0
3	0
3	3
16	0
1	4
17	0
2	2
5	6
1	3
1	0
1	1
8	8
8	0
8	0
8	16
5	5
4	0
4	4
17	0
11	3
2	3
17	0
12	0
12	3
17	10
1	0
1	0
1	0
1	0
1	16
13	13
13	0
1	0
1	0
1	0
1	0
1	0
1	0
1	0
1	0
8	0
1	0
17	0
17	0
17	0
1	0
8	0
1	0
1	0
1	0
1	0
1	0
1	0
1	0
1	0
1	0
1	0
1	0
1	0
12	0
8	3
3	0
3	14
17	0
2	2
8	0
8	0
8	8
12	0
12	0
12	4
4	0
4	4
12	0
12	0
12	4
3	0
3	0
3	16
1	0
1	0
1	16
13	13
13	0
1	0
1	0
1	0
1	0
8	0
1	0
8	0
1	0
1	0
1	0
16	0
1	0
1	0
1	0
1	0
1	0
1	0
1	0
1	0
1	0
1	0
1	0
1	0
1	0
1	0
1	0
1	0
8	0
12	0
12	0
12	0
12	0
12	0
1	0
17	0
12	0
5	0
5	5
11	0
11	4
17	0
3	3
17	3
17	1
17	0
17	0
12	4
13	13
13	0
1	0
17	0
1	0
12	0
1	0
1	0
16	0
1	0
1	0
17	0
17	0
16	0
16	0
16	0
1	0
17	0
17	0
17	0
17	0
12	0
1	0
1	0
17	0
17	0
12	0
1	0
1	0
1	0
1	0
1	0
17	0
1	0
1	0
16	0
16	0
16	0
1	0
1	0
1	0
1	0
17	0
17	0
17	0
12	0
12	0
1	0
11	0
11	11
4	0
4	0
4	4
11	0
11	11
3	0
3	0
1	0
1	0
1	3
16	0
16	0
16	0
16	16
13	13
13	0
16	0
16	0
1	0
1	0
16	0
16	0
16	0
16	0
16	0
3	0
1	0
1	0
1	0
1	0
1	0
16	0
16	0
16	0
16	0
16	0
16	0
16	0
16	0
1	0
1	0
16	0
16	0
1	0
3	0
3	0
16	0
16	0
16	0
3	0
1	0
1	0
1	0
1	0
1	0
1	0
16	0
16	0
12	0
17	0
17	0
16	3
8	0
12	8
16	0
16	0
16	16
12	0
12	6
12	12
5	5
17	0
17	3
17	0
17	0
16	16
17	0
6	0
3	3
3	0
16	0
16	3
17	0
2	2
12	0
12	12
13	13
13	0
1	0
12	0
12	0
12	0
16	0
16	0
1	0
1	0
1	0
1	0
1	0
8	0
1	0
16	0
8	0
1	0
1	0
8	0
16	0
16	0
16	0
12	0
16	0
16	0
12	0
12	0
12	0
16	0
12	0
12	0
13	0
11	0
14	3
16	0
11	16
3	3
2	3
1	0
1	0
1	1
8	0
8	0
8	8
4	4
13	13
13	0
16	0
16	0
16	0
16	0
1	0
1	0
16	0
1	0
16	0
8	0
8	0
8	0
1	0
1	0
1	0
1	0
16	0
16	0
16	0
16	0
16	0
16	0
16	0
16	0
16	0
1	0
8	0
16	0
1	0
16	0
16	0
16	0
16	0
16	0
16	0
1	0
8	0
1	0
1	0
1	0
1	0
16	0
16	0
16	0
13	0
3	7
5	5
3	0
3	3
1	0
1	0
1	11
13	13
13	0
1	0
1	0
16	0
1	0
16	0
8	0
16	0
16	0
16	0
16	0
1	0
1	0
16	0
3	0
16	0
1	0
1	0
1	0
16	0
1	0
1	0
1	0
1	0
1	0
1	0
1	0
8	0
16	0
1	0
1	0
1	0
1	0
1	0
1	0
1	0
16	0
16	0
1	0
16	0
3	0
3	0
1	0
1	0
1	0
1	0
1	0
1	0
1	0
16	0
1	0
13	0
12	0
12	0
12	0
12	17
12	0
12	0
12	0
12	0
12	17
13	13
12	0
8	12
17	0
11	11
1	0
1	0
16	16
16	0
2	3
3	0
11	11
11	0
11	4
11	0
1	0
16	3
13	0
13	0
13	13
13	0
16	0
16	0
16	0
16	0
16	0
16	0
16	0
16	0
16	0
16	0
16	0
1	0
16	0
1	0
1	0
16	0
16	0
16	0
16	0
16	0
16	0
16	0
16	0
16	0
16	0
16	0
16	0
16	0
16	0
13	0
11	11
16	0
1	4
13	13
13	0
16	0
16	0
16	0
16	0
16	0
1	0
1	0
16	0
16	0
16	0
16	0
16	0
16	0
16	0
16	0
16	0
16	0
16	0
16	0
1	0
16	0
16	0
16	0
16	0
16	0
1	0
1	0
1	0
16	0
16	0
16	0
16	0
1	0
1	0
1	0
16	0
16	0
16	0
16	0
16	0
16	0
16	0
16	0
16	0
1	0
1	0
1	0
16	0
16	0
16	0
16	0
16	0
16	0
16	0
4	0
2	2
3	0
3	3
3	3
13	13
13	0
16	0
16	0
16	0
16	0
16	0
16	0
16	0
16	0
16	0
16	0
16	0
16	0
16	0
16	0
16	0
16	0
16	0
16	0
16	0
16	0
16	0
16	0
16	0
16	0
16	0
1	0
16	0
16	0
16	0
16	0
16	0
16	0
16	0
16	0
16	0
16	0
16	0
16	0
16	0
16	0
16	0
16	0
16	0
16	0
16	0
16	0
16	0
16	0
16	0
16	0
16	0
16	0
16	0
12	0
8	4
4	0
11	11
3	0
3	3
6	6
1	0
1	1
8	0
8	0
8	0
8	8
3	0
6	16
1	0
16	16
13	13
13	0
3	0
1	0
16	0
16	0
16	0
8	0
16	0
16	0
16	0
16	0
1	0
1	0
8	0
16	0
1	0
1	0
16	0
16	0
8	0
16	0
16	0
16	0
1	0
1	0
1	0
8	0
8	0
3	0
16	0
16	0
16	0
16	0
16	0
1	0
1	0
1	0
8	0
8	0
16	0
16	0
1	0
13	0
8	0
8	8
12	0
12	0
12	12
13	17
12	0
12	0
12	12
13	17
12	0
12	12
13	17
12	0
8	0
12	12
12	3
13	13
14	3
5	0
3	3
3	3
11	0
11	6
1	6
12	0
12	0
12	1
17	8
13	13
13	0
12	0
12	0
1	0
16	0
16	0
1	0
12	0
1	0
16	0
1	0
16	0
16	0
1	0
1	0
16	0
1	0
16	0
16	0
16	0
1	0
12	0
12	0
1	0
1	0
12	0
1	0
12	0
1	0
12	0
11	0
11	4
3	3
3	0
3	3
3	0
3	3
16	0
16	0
16	3
1	6
8	0
8	8
1	0
16	0
1	16
13	13
1	0
17	0
1	0
1	3
13	0
13	0
13	13
12	0
12	0
12	12
4	0
11	4
1	0
1	3
12	1
12	0
12	0
12	4
13	13
13	0
12	0
12	0
12	0
12	0
1	0
1	0
1	0
1	0
16	0
16	0
3	0
16	0
1	0
1	0
12	0
1	0
1	0
1	0
1	0
1	0
12	0
1	0
12	0
17	2
17	0
17	3
1	0
12	4
5	0
3	3
17	0
2	2
12	0
12	0
12	12
13	13
5	6
8	0
8	8
3	11
17	6
17	0
8	8
17	17
17	0
17	17
17	0
12	8
13	13
3	3
3	0
3	0
1	0
1	0
16	0
16	16
11	4
13	13
13	0
1	0
1	0
1	0
17	0
17	0
17	0
17	0
1	0
16	0
17	0
17	0
16	0
8	0
1	0
16	0
8	0
17	0
17	0
12	0
12	0
12	0
12	0
17	0
11	0
17	0
5	5
17	0
11	3
4	0
11	4
17	0
17	0
17	0
17	3
17	0
12	6
17	0
8	0
8	0
8	0
8	0
8	0
8	8
12	0
12	16
13	13
11	0
11	14
11	0
11	0
12	11
17	0
1	3
11	0
12	10
12	1
2	0
2	0
2	0
16	0
16	0
16	16
4	0
4	0
4	4
13	13
13	0
1	0
1	0
16	0
17	0
16	0
16	0
16	0
16	0
17	0
1	0
17	0
17	0
1	0
17	0
12	0
12	0
12	0
17	0
5	5
12	0
12	6
12	0
8	8
4	0
11	4
3	3
2	3
17	0
17	3
3	0
17	0
3	10
12	1
12	0
12	0
12	4
13	13
12	0
16	2
12	0
12	8
13	13
13	0
16	0
3	0
1	0
1	0
1	0
1	0
1	0
1	0
1	0
1	0
1	0
12	0
12	0
16	0
1	0
1	0
1	0
1	0
16	0
16	0
16	0
1	0
12	0
12	0
12	0
16	0
1	0
1	0
1	0
3	0
1	0
1	0
1	0
12	0
17	0
6	0
5	3
4	0
4	0
2	4
17	0
11	0
17	11
17	0
17	0
17	0
17	3
9	9
8	8
17	0
17	0
17	0
17	16
1	0
1	0
2	0
16	0
16	16
13	13
5	0
3	0
3	14
2	0
2	6
8	0
8	0
8	0
8	0
8	0
8	8
17	0
17	2
17	6
6	0
3	0
3	0
1	1
8	8
17	0
17	0
17	16
17	0
17	0
17	16
13	13
13	0
17	0
1	0
1	0
1	0
17	0
1	0
1	0
12	0
5	0
5	5
3	0
2	2
8	0
8	0
8	0
8	8
4	0
4	0
6	4
8	0
8	16
13	13
13	0
1	0
8	0
8	0
8	0
8	0
8	0
8	0
8	0
1	0
1	0
1	0
8	0
8	0
8	0
3	0
3	0
8	0
8	0
16	0
16	0
8	0
8	0
8	0
8	0
8	0
8	0
16	0
8	0
8	0
1	0
1	0
8	0
8	0
8	0
3	0
1	0
8	0
8	0
8	0
3	0
3	0
8	0
8	0
8	0
12	0
11	11
4	0
4	4
2	0
17	0
3	0
3	3
2	0
17	0
6	2
17	3
17	0
1	1
8	0
8	0
8	0
8	8
12	0
12	16
13	13
12	0
12	12
13	13
13	0
12	0
17	0
1	0
12	0
1	0
1	0
1	0
17	0
1	0
1	0
17	0
17	0
1	0
1	0
12	0
1	0
12	0
17	0
12	0
1	0
12	0
12	0
3	0
16	0
1	0
3	0
17	0
3	0
1	0
17	0
1	0
1	0
17	0
1	0
1	0
12	0
3	0
3	3
1	0
11	3
4	0
4	0
4	0
11	4
8	0
12	0
8	8
13	0
13	0
13	17
6	6
12	12
5	5
8	0
2	6
12	12
4	0
4	0
4	4
1	0
3	0
3	3
12	0
12	6
12	0
12	0
12	0
12	8
17	0
17	0
17	0
1	16
3	0
3	3
1	0
3	0
16	0
16	16
13	13
3	3
16	0
11	0
11	0
11	11
4	0
4	0
4	0
17	4
1	0
1	0
1	16
13	13
5	0
5	5
13	0
11	0
11	0
11	11
4	0
4	4
1	0
3	0
1	0
1	3
1	0
3	0
3	0
3	0
3	3
2	3
12	0
12	0
12	3
2	0
6	2
8	0
8	0
8	8
11	0
11	16
13	13
13	0
1	0
8	0
16	0
16	0
1	0
1	0
8	0
1	0
12	0
12	0
16	0
8	0
1	0
1	0
8	0
8	0
8	0
16	0
16	0
8	0
1	0
8	0
8	0
1	0
3	0
1	0
1	0
3	0
1	0
1	0
1	0
3	0
3	0
12	0
3	3
4	0
4	0
4	4
11	0
11	0
11	11
6	0
6	0
3	3
1	0
1	2
5	6
9	9
1	0
1	0
1	0
1	0
1	1
8	0
8	0
8	0
8	8
2	2
12	0
12	8
1	0
2	0
16	0
16	0
16	16
13	13
13	0
3	0
3	0
1	0
1	0
12	0
1	0
1	0
1	0
8	0
8	0
8	0
1	0
12	0
3	0
1	0
3	0
8	0
3	0
12	0
1	0
3	0
3	0
3	0
1	0
8	0
1	0
12	0
5	0
5	5
11	0
11	11
4	0
11	4
1	0
1	3
1	0
1	1
17	0
17	0
12	4
13	13
13	0
1	0
1	0
1	0
1	0
1	0
1	0
1	0
1	0
1	0
16	0
16	0
1	0
1	0
1	0
1	0
1	0
17	0
1	0
1	0
1	0
16	0
1	0
1	0
1	0
1	0
1	0
1	0
1	0
1	0
1	0
1	0
16	0
16	0
16	0
16	0
16	0
3	0
1	0
1	0
1	0
1	0
1	0
1	0
1	0
12	0
11	0
11	11
4	0
4	4
3	0
3	0
3	0
3	3
3	3
2	3
6	6
3	0
1	0
1	1
8	0
8	0
13	0
3	0
3	8
16	0
3	4
13	0
13	0
13	17
3	2
12	12
4	0
11	11
4	0
4	0
4	4
3	0
11	3
3	0
2	2
3	3
3	0
1	0
1	0
16	16
5	5
6	6
12	12
16	0
11	11
4	0
4	0
4	4
2	0
2	2
8	0
8	0
8	8
3	3
1	0
1	0
16	16
13	0
13	0
12	0
5	0
5	5
12	0
12	6
12	0
8	8
2	2
8	0
8	0
8	0
8	8
5	5
8	0
8	0
8	0
8	0
8	0
8	8
4	0
11	4
3	0
3	0
1	0
1	3
12	3
12	1
13	13
13	0
1	0
1	0
1	0
1	0
1	0
1	0
1	0
1	0
1	0
1	0
1	0
1	0
1	0
1	0
1	0
1	0
1	0
1	0
1	0
8	0
1	0
1	0
12	0
1	0
8	0
8	0
8	0
8	0
8	0
8	0
1	0
11	0
2	0
2	2
6	0
6	6
8	0
8	0
8	0
8	8
4	0
4	0
4	4
11	0
6	0
3	3
3	3
1	6
8	0
8	0
8	0
12	8
16	0
16	16
5	5
4	0
4	4
3	0
6	0
3	0
3	3
2	2
12	0
12	0
12	12
1	0
1	0
16	0
16	0
16	16
13	13
11	11
14	0
2	2
6	6
1	0
1	0
1	1
8	0
8	8
2	3
3	1
1	0
2	0
1	0
16	0
16	0
16	0
16	16
5	5
13	0
12	0
1	3
1	0
1	0
16	16
13	13
13	0
1	0
1	0
1	0
1	0
1	0
1	0
1	0
1	0
1	0
1	0
1	0
1	0
1	0
1	0
1	0
1	0
1	0
1	0
1	0
1	0
1	0
1	0
1	0
1	0
8	0
1	0
1	0
1	0
1	0
1	0
1	0
1	0
1	0
1	0
1	0
1	0
1	0
1	0
1	0
1	0
1	0
1	0
1	0
1	0
1	0
1	0
1	0
1	0
1	0
1	0
1	0
1	0
1	0
13	0
8	0
12	0
12	0
12	8
16	0
16	0
16	0
1	16
2	3
13	13
4	0
4	4
12	0
12	6
12	0
8	8
17	0
17	0
17	10
17	0
17	3
13	0
13	0
13	13
2	2
17	0
2	3
12	0
12	12
12	0
12	0
12	8
12	3
5	5
3	3
17	0
1	0
16	0
16	4
1	0
3	3
17	6
1	0
1	0
1	0
1	0
1	1
8	0
12	0
12	0
12	8
13	0
13	0
13	13
13	0
12	0
16	0
12	0
12	0
12	0
3	0
5	4
3	3
3	3
17	0
16	3
17	6
12	12
5	5
12	0
12	6
12	12
3	0
3	0
2	3
13	13
3	6
1	0
1	1
8	0
8	0
8	0
8	0
8	0
8	8
13	13
13	0
1	0
8	0
12	0
12	0
12	0
12	0
1	0
1	0
1	0
1	0
12	0
1	0
1	0
1	0
1	0
1	0
1	0
1	0
1	0
1	0
1	0
8	0
1	0
12	0
16	0
12	0
12	0
12	0
12	0
12	0
12	0
1	0
13	0
11	11
3	3
1	0
17	0
17	0
17	11
17	0
17	3
4	0
11	0
4	4
17	0
17	3
17	0
17	4
13	13
14	0
11	11
1	0
17	0
17	0
1	16
3	0
6	0
3	0
3	3
3	0
6	0
3	3
16	0
16	3
5	6
8	0
8	8
1	0
1	0
16	16
5	5
11	0
6	0
5	3
3	0
3	0
3	0
9	16
3	0
2	2
12	6
8	8
17	0
2	2
12	0
12	12
12	12
5	5
12	0
12	6
12	12
13	0
12	0
2	2
17	12
17	0
8	12
16	0
16	16
3	0
3	5
17	0
2	0
3	0
1	3
12	0
12	6
12	0
12	0
12	12
5	5
12	0
12	12
13	13
3	0
3	11
4	0
4	0
12	4
3	3
2	2
17	0
12	12
17	0
12	12
12	12
1	0
1	0
1	0
1	0
16	0
16	0
16	16
13	13
13	0
1	0
3	0
1	0
3	0
3	0
1	0
12	0
16	0
12	0
12	0
3	0
1	0
17	0
3	0
1	0
12	0
12	0
12	0
12	2
12	0
12	0
12	12
4	0
4	0
4	0
17	4
17	0
2	0
9	3
3	3
17	0
1	6
8	0
8	0
8	0
8	8
13	13
13	0
1	0
1	0
1	0
16	0
16	0
16	0
1	0
8	0
8	0
8	0
3	0
3	0
3	0
1	0
1	0
1	0
17	0
8	0
16	0
1	0
8	0
8	0
1	0
1	0
16	0
16	0
1	0
1	0
12	0
8	0
8	0
8	0
3	0
3	0
17	0
3	0
3	0
3	0
1	0
13	0
6	6
8	0
8	8
4	0
4	4
17	0
3	3
3	3
1	0
17	0
1	1
2	3
13	0
13	0
13	17
8	0
5	5
16	0
11	11
16	0
11	16
12	0
6	0
5	3
3	0
1	0
1	0
1	0
3	3
1	0
3	3
2	3
6	6
12	1
12	0
12	0
12	12
13	13
8	0
8	0
8	0
8	8
13	13
16	0
16	0
16	0
16	16
13	0
13	0
13	13
2	2
3	0
3	3
13	13
2	2
17	8
3	2
17	6
13	0
13	0
17	0
17	12
17	0
17	12
12	12
12	0
12	2
12	0
12	0
12	12
5	5
12	0
12	12
13	13
13	0
1	0
16	0
1	0
16	0
16	0
16	0
16	0
12	0
16	0
16	0
16	0
16	0
16	0
16	0
12	0
16	0
12	0
12	0
12	0
12	0
12	0
12	0
16	0
12	0
16	0
16	0
8	0
1	0
12	0
1	0
16	0
17	0
17	0
17	0
12	0
16	0
16	0
16	0
16	0
12	0
16	0
12	0
16	0
12	0
13	0
6	11
3	0
1	4
1	0
3	0
1	0
1	0
1	0
1	0
1	3
11	11
3	0
3	11
4	0
4	4
1	2
8	0
8	0
12	0
8	8
13	0
13	0
13	13
13	0
1	0
1	0
1	0
16	0
12	0
16	0
16	0
1	0
16	0
16	0
16	0
3	0
1	0
1	0
1	0
1	0
16	0
16	0
8	0
13	0
1	0
8	0
1	0
16	0
16	0
1	0
1	0
1	0
1	0
1	0
16	0
16	0
1	0
16	0
16	0
12	0
8	0
12	0
12	17
12	0
12	12
12	0
12	12
12	12
12	2
2	0
2	2
12	0
12	0
12	12
12	0
12	7
13	13
5	5
3	0
3	0
3	0
3	0
3	0
16	16
13	13
4	0
11	0
4	4
11	0
11	11
2	3
3	0
3	0
3	0
1	0
1	0
1	0
3	0
1	3
9	9
8	0
8	0
8	8
2	0
2	2
12	0
12	0
12	12
16	0
16	16
13	13
13	0
1	0
16	0
16	0
1	0
1	0
1	0
1	0
13	0
11	0
6	3
8	0
8	8
16	0
2	2
9	0
9	8
1	0
1	0
1	0
1	0
1	16
13	0
13	0
13	13
13	0
16	0
16	0
16	0
8	0
8	0
12	0
16	0
17	0
16	0
16	0
8	0
8	0
8	0
1	0
1	0
16	0
16	0
1	0
12	0
13	0
16	0
16	0
16	0
8	0
8	0
16	0
12	0
16	0
16	0
16	0
16	0
16	0
16	0
16	0
16	0
8	0
8	0
1	0
1	0
1	0
16	0
16	0
12	0
11	11
16	0
16	0
16	16
11	0
11	11
17	0
3	3
1	0
1	0
1	1
13	13
4	14
17	0
12	6
12	12
13	13
8	0
12	8
2	0
2	2
12	0
12	12
13	13
3	3
3	0
3	3
3	3
2	2
12	0
12	0
12	12
4	0
4	4
13	13
13	0
16	0
1	0
16	0
8	0
17	0
1	0
1	0
1	0
8	0
8	0
17	0
16	0
16	0
16	0
1	0
1	0
1	0
1	0
1	0
1	0
1	0
3	0
3	0
11	0
13	0
11	0
14	14
11	11
16	0
16	16
13	13
11	0
11	0
3	4
2	2
12	0
12	0
8	12
2	3
3	0
2	2
12	0
12	0
12	12
17	0
2	2
12	0
12	12
2	0
3	3
3	0
16	16
5	5
2	2
17	0
17	12
12	12
12	0
12	0
12	0
12	12
17	2
12	12
12	0
12	12
1	0
12	2
12	0
8	0
8	8
13	13
13	0
16	0
16	0
16	0
1	0
16	0
16	0
16	0
16	0
12	0
1	0
1	0
13	0
16	0
11	11
16	0
16	0
1	16
16	0
11	11
1	0
3	3
13	13
4	14
6	6
8	8
2	2
12	0
12	0
12	0
12	12
13	13
3	0
3	11
17	3
16	0
1	0
16	16
13	13
3	3
1	1
4	0
4	4
13	13
13	0
1	0
1	0
1	0
1	0
1	0
1	0
1	0
3	0
16	0
3	0
1	0
1	0
1	0
1	0
16	0
1	0
16	0
1	0
16	0
16	0
16	0
1	0
16	0
16	0
16	0
8	0
1	0
12	0
11	11
1	0
1	0
1	0
1	1
5	5
3	3
13	13
16	0
1	7
17	0
1	7
13	0
13	0
13	13
13	0
1	0
16	0
1	0
1	0
1	0
1	0
1	0
16	0
16	0
1	0
16	0
1	0
1	0
16	0
17	0
17	0
17	0
12	0
12	0
13	0
1	0
17	0
1	0
1	0
1	0
12	0
1	0
1	0
16	0
16	0
16	0
1	0
1	0
1	0
1	0
1	0
1	0
16	0
16	0
17	0
17	0
17	0
1	0
13	0
13	0
13	0
13	17
12	7
17	0
17	0
17	0
1	16
17	0
17	0
1	0
17	3
2	0
2	2
11	0
11	11
2	0
2	0
2	2
8	0
8	0
8	0
13	0
1	0
8	0
8	8
2	2
12	0
12	0
8	8
13	13
13	0
8	0
16	0
16	0
8	0
8	0
8	0
16	0
1	0
1	0
8	0
8	0
8	0
8	0
1	0
8	0
8	0
1	0
16	0
16	0
1	0
1	0
1	0
1	0
17	0
17	0
17	0
16	0
12	0
5	0
5	5
17	6
17	8
8	0
12	4
2	2
12	0
12	0
8	12
5	5
3	0
3	0
1	0
1	1
17	0
12	4
13	13
13	0
1	0
16	0
8	0
8	0
17	0
12	0
12	0
16	0
16	0
1	0
12	0
16	0
1	0
1	0
1	0
1	0
16	0
16	0
12	0
12	0
1	0
1	0
16	0
8	0
12	0
12	0
12	0
16	0
16	0
16	0
16	0
16	0
16	0
12	0
1	0
12	0
16	0
1	0
1	0
3	0
12	0
5	0
5	5
3	0
16	0
16	16
3	0
1	0
1	0
1	1
12	0
8	0
8	8
5	5
2	3
3	6
1	0
1	0
1	1
8	0
8	0
8	0
8	8
2	2
12	12
12	0
12	0
12	0
12	16
12	0
6	0
3	3
3	3
3	0
3	0
2	3
13	13
13	0
1	0
1	0
8	0
12	0
8	0
8	0
1	0
1	0
12	0
16	0
16	0
16	0
1	0
3	0
1	0
1	0
1	0
1	0
1	0
1	0
12	0
16	0
13	0
5	0
5	14
6	6
8	8
3	0
9	11
1	0
9	3
4	4
1	0
11	0
17	0
1	0
16	0
1	16
17	0
17	3
3	0
3	0
1	10
1	0
1	0
1	1
17	0
11	10
13	13
13	0
3	0
3	0
1	0
1	0
1	0
1	0
1	0
1	0
1	0
1	0
1	0
1	0
1	0
1	0
1	0
1	0
1	0
1	0
1	0
1	0
1	0
1	0
1	0
1	0
1	0
1	0
8	0
1	0
1	0
1	0
1	0
1	0
13	0
12	7
5	5
12	0
12	6
12	0
8	0
8	8
13	13
11	0
11	0
14	14
3	0
3	0
1	3
2	2
8	0
8	0
8	12
4	4
13	13
12	0
1	4
1	0
3	0
3	3
2	3
3	6
3	0
3	0
6	1
8	0
8	0
8	0
8	0
8	0
8	0
8	0
8	8
2	0
3	3
5	5
8	0
12	0
17	0
17	0
17	3
12	3
2	2
12	12
17	0
17	0
17	11
17	10
17	0
17	0
17	0
17	0
17	16
13	0
12	0
3	0
5	5
11	0
11	0
3	14
13	13
16	0
11	0
2	10
6	0
6	11
8	0
12	0
12	16
3	0
3	3
3	0
3	3
1	0
2	0
16	0
1	0
16	16
13	13
5	0
3	3
8	8
13	13
16	0
2	0
4	2
12	12
13	13
13	0
8	0
16	0
1	0
1	0
1	0
1	0
1	0
1	0
1	0
1	0
1	0
1	0
1	0
16	0
16	0
16	0
16	0
16	0
16	0
16	0
16	0
16	0
1	0
1	0
8	0
13	0
5	0
5	5
11	11
3	0
2	2
12	0
12	0
8	12
3	0
17	0
3	0
3	16
1	0
1	0
1	0
16	3
2	3
3	0
1	0
1	0
1	16
13	13
13	0
1	0
1	0
1	0
16	0
1	0
8	0
16	0
3	0
16	0
16	0
1	0
16	0
16	0
16	0
1	0
1	0
1	0
1	0
8	0
8	0
8	0
1	0
1	0
16	0
16	0
16	0
16	0
8	0
8	0
16	0
16	0
3	0
3	0
16	0
1	0
1	0
3	0
3	7
3	3
2	3
6	0
6	6
17	0
8	0
12	0
8	0
8	8
2	0
2	2
12	0
12	0
12	0
12	12
13	13
13	0
16	0
1	0
16	0
16	0
16	0
16	0
16	0
1	0
1	0
1	0
1	0
8	0
16	0
16	0
1	0
1	0
1	0
1	0
16	0
16	0
1	0
1	0
1	0
16	0
16	0
16	0
16	0
16	0
16	0
16	0
8	0
1	0
1	0
8	0
1	0
16	0
8	0
16	0
16	0
1	0
1	0
12	0
8	0
10	0
10	0
8	0
13	0
12	0
12	0
17	0
17	0
17	0
17	0
17	0
12	0
17	0
17	0
12	12
8	0
12	3
2	2
1	0
2	3
13	0
12	0
13	13
12	0
12	12
12	0
12	0
12	0
12	12
12	3
13	13
16	0
11	11
3	0
16	0
16	16
11	0
11	11
2	0
2	2
8	0
8	0
8	0
8	12
13	13
13	0
16	0
1	0
16	0
16	0
16	0
8	0
8	0
1	0
1	0
1	0
17	0
12	0
12	0
12	4
2	0
2	0
3	0
16	0
16	3
1	0
3	3
11	0
11	6
1	6
8	0
8	8
16	0
1	0
1	0
1	0
1	0
16	0
16	16
2	3
13	13
2	0
2	0
2	2
11	0
11	11
5	0
3	0
3	3
1	0
11	6
8	0
8	0
8	8
13	13
13	0
1	0
1	0
16	0
16	0
16	0
8	0
16	0
2	0
16	0
16	0
1	0
1	0
16	0
1	0
16	0
16	0
1	0
1	0
1	0
1	0
1	0
3	0
12	0
12	0
12	0
12	12
13	13
13	0
1	0
12	0
12	0
8	0
16	0
1	0
1	0
12	0
12	0
12	0
8	0
8	0
1	0
1	0
12	0
12	0
12	0
8	0
16	0
8	0
1	0
12	0
12	0
8	0
16	0
8	0
1	0
1	0
12	0
12	0
12	0
16	0
12	0
1	0
1	0
12	0
12	0
12	0
8	0
16	0
1	0
12	0
12	0
12	0
8	0
1	0
1	0
12	0
12	0
12	0
8	0
1	0
1	0
12	0
12	0
5	0
5	5
3	0
6	0
3	0
3	3
17	0
16	3
4	0
2	4
3	0
2	0
3	0
3	3
1	0
1	0
1	0
1	1
1	0
2	0
2	0
16	0
16	16
4	0
17	4
2	2
12	12
12	0
12	0
12	0
12	12
13	13
13	0
1	0
1	0
1	0
1	0
1	0
1	0
1	0
1	0
1	0
1	0
1	0
1	0
1	0
16	0
8	0
16	0
16	0
1	0
3	0
1	0
8	0
1	0
3	0
17	0
17	0
3	0
11	0
11	11
4	0
11	4
3	0
1	3
3	0
3	0
3	11
1	0
1	1
5	5
11	0
11	11
1	0
2	0
1	0
1	0
16	0
16	0
16	16
4	0
4	4
13	13
13	0
1	0
1	0
16	0
16	0
1	0
1	0
1	0
1	0
1	0
1	0
1	0
1	0
1	0
16	0
1	0
16	0
16	0
4	0
4	0
16	0
16	0
16	0
16	0
16	0
1	0
3	0
3	0
1	0
3	0
1	0
1	0
1	0
1	0
1	0
1	0
13	0
3	0
1	0
1	3
16	0
11	6
8	0
8	0
13	0
1	0
1	0
12	0
12	8
5	5
3	0
3	3
1	3
1	0
1	0
1	0
1	0
1	1
13	13
13	0
1	0
1	0
1	0
16	0
1	0
1	0
1	0
1	0
1	0
8	0
3	0
3	0
3	0
1	0
1	0
1	0
1	0
1	0
1	0
1	0
1	0
1	0
1	0
1	0
1	0
16	0
16	0
16	0
16	0
16	0
8	0
1	0
1	0
1	0
1	0
3	0
11	0
11	11
11	0
11	11
3	0
6	0
3	0
3	3
3	0
3	5
17	0
12	0
12	3
17	0
12	6
12	0
12	8
1	0
1	0
1	0
1	0
16	0
16	16
13	13
13	0
16	0
16	0
16	0
1	0
16	0
16	0
16	0
12	0
12	0
1	0
12	0
12	0
1	0
1	0
1	0
16	0
1	0
16	0
16	0
16	0
1	0
16	0
16	0
16	0
16	0
16	0
16	0
3	0
3	0
3	0
16	0
17	0
17	0
17	0
12	0
11	0
3	4
11	11
3	1
16	0
16	0
16	16
16	0
3	4
13	13
11	0
11	14
11	11
3	0
2	2
8	0
8	8
4	0
4	4
3	0
1	16
1	0
2	0
1	0
16	16
13	13
3	0
14	0
14	14
1	0
16	16
13	13
13	0
1	0
1	0
1	0
16	0
16	0
16	0
1	0
1	0
1	0
1	0
1	0
16	0
16	0
1	0
1	0
16	0
1	0
1	0
16	0
16	0
16	0
16	0
16	0
3	0
3	0
3	0
1	0
11	0
2	0
3	2
8	0
8	8
2	2
12	12
13	13
4	0
11	14
11	0
11	6
17	0
12	0
12	0
12	8
17	16
17	10
17	0
17	0
17	0
17	0
17	16
13	13
3	0
3	11
2	0
2	0
6	2
8	0
12	12
2	0
2	2
9	9
8	0
8	0
8	8
2	2
12	0
12	0
8	12
1	0
1	0
1	0
1	0
16	0
16	0
16	16
4	0
4	4
13	13
13	0
1	0
1	0
8	0
16	0
3	0
1	0
1	0
17	0
13	0
5	0
5	5
16	0
11	11
16	0
16	0
16	0
16	16
13	13
11	0
11	11
16	0
16	16
3	6
2	0
12	0
12	0
12	1
8	0
8	0
8	0
8	8
5	5
16	0
11	11
16	0
2	0
11	0
11	16
3	3
2	3
1	6
17	0
8	0
17	8
17	0
8	0
8	8
3	0
3	14
1	0
6	0
1	0
1	16
16	0
16	16
13	13
13	0
16	0
16	0
1	0
1	0
1	0
16	0
16	0
16	0
16	0
16	0
16	0
13	0
17	6
12	0
12	1
8	0
8	8
4	0
11	4
3	0
3	0
3	0
3	3
1	0
1	0
1	0
1	3
13	13
11	11
4	0
11	0
4	4
1	0
1	0
1	0
1	16
16	0
5	5
1	0
1	0
1	0
16	16
13	13
13	0
1	0
1	0
1	0
16	0
1	0
1	0
16	0
16	0
1	0
1	0
1	0
1	0
1	0
1	0
1	0
1	0
1	0
1	0
1	0
3	0
16	0
16	0
16	0
3	0
1	0
1	0
1	0
13	0
6	11
3	0
1	0
1	0
1	16
16	0
6	0
3	0
3	3
17	0
2	2
8	8
17	10
1	0
17	0
1	0
1	0
17	16
13	0
13	0
13	13
13	0
13	0
16	0
16	0
16	0
16	0
16	0
16	0
16	0
16	0
8	0
17	0
1	0
1	0
1	0
17	0
1	0
16	0
16	0
12	0
13	0
16	0
1	0
16	0
16	0
1	0
16	0
16	0
1	0
8	0
16	0
16	0
3	0
3	0
1	0
8	0
17	0
1	0
13	0
1	0
8	0
8	8
13	13
14	0
11	11
16	0
16	16
4	0
11	11
17	0
17	0
17	10
13	0
13	0
13	17
5	0
12	3
3	0
11	11
17	0
1	4
3	3
13	13
3	3
5	0
3	3
13	13
17	0
11	0
11	0
2	2
1	0
1	0
1	1
8	0
8	0
8	8
13	13
13	13
2	0
5	5
3	0
6	6
8	0
8	8
4	0
4	4
4	0
12	7
12	0
12	6
12	0
8	8
13	13
13	0
1	0
1	0
1	0
12	0
17	0
17	0
12	17
17	0
17	0
17	17
12	0
12	12
12	0
12	12
12	17
12	0
12	0
12	0
12	12
12	0
12	0
12	12
12	0
12	0
12	0
12	0
12	0
12	12
12	0
12	0
12	0
12	12
12	12
12	0
12	0
12	0
12	12
12	7
2	0
16	0
16	3
8	0
12	6
12	8
2	2
2	0
11	11
13	0
12	0
13	13
12	0
12	4
1	0
3	0
1	0
1	0
1	0
1	1
2	0
1	0
1	0
1	0
13	0
12	0
8	4
12	0
1	1
8	0
8	0
8	8
16	0
16	0
16	16
1	0
1	0
3	0
1	16
5	5
3	0
12	6
12	0
12	0
12	8
17	0
11	4
12	3
1	0
1	0
3	0
1	0
1	0
1	11
2	3
13	13
13	0
1	0
1	0
1	0
1	0
1	0
1	0
12	0
1	0
3	0
1	0
3	0
1	0
1	0
1	0
1	0
1	0
1	0
1	0
1	0
1	0
8	0
16	0
3	0
3	0
1	0
1	0
1	0
1	0
1	0
11	0
3	3
4	0
11	0
11	4
1	0
3	3
1	6
8	0
8	8
3	0
3	11
3	3
3	4
13	13
13	0
1	0
1	0
1	0
1	0
1	0
1	0
1	0
16	0
1	0
1	0
1	0
1	0
1	0
1	0
1	0
1	0
1	0
1	0
1	0
1	0
1	0
1	0
1	0
1	0
1	0
1	0
1	0
1	0
16	0
16	0
16	0
16	0
16	0
16	0
3	0
1	0
1	0
1	0
1	0
1	0
1	0
1	0
1	0
12	0
11	11
4	0
4	0
4	4
11	0
6	0
6	0
6	11
8	0
8	16
2	2
2	0
6	0
6	6
8	0
8	8
13	13
5	0
5	5
4	4
3	3
17	0
1	3
1	0
3	0
1	0
1	0
1	0
1	0
16	16
13	13
13	0
1	0
1	0
1	0
1	0
1	0
1	0
1	0
3	0
1	0
1	0
8	0
1	0
1	0
3	0
1	0
16	0
3	0
3	0
8	0
1	0
8	0
8	0
8	0
8	0
2	0
1	0
1	0
12	0
3	3
17	0
11	4
3	0
3	3
1	0
17	0
1	0
1	3
8	0
8	0
8	8
3	0
3	14
1	0
1	3
17	0
12	10
1	0
1	16
13	13
13	0
1	0
1	0
1	0
1	0
12	0
1	0
1	0
1	0
1	0
8	0
1	0
1	0
1	0
1	0
1	0
1	0
1	0
12	0
1	0
1	0
1	0
1	0
1	0
12	0
16	0
16	0
1	0
1	0
1	0
1	0
1	0
1	0
1	0
1	0
8	0
1	0
1	0
12	0
1	0
1	0
8	0
3	3
4	0
4	0
17	4
12	6
8	0
8	0
8	0
8	0
8	8
2	2
12	12
17	0
2	2
6	6
8	0
8	0
8	8
1	0
1	0
16	16
5	5
17	16
17	0
6	0
5	3
2	3
17	0
17	0
1	0
17	0
12	3
17	0
17	3
17	0
12	4
13	13
13	0
12	0
17	0
12	0
8	0
12	0
1	0
1	0
8	0
8	0
17	0
17	0
1	0
1	0
1	0
8	0
8	0
8	0
1	0
12	0
17	16
17	7
17	0
17	0
17	10
17	0
17	11
2	3
11	11
1	0
3	0
1	16
2	2
17	0
2	2
12	12
13	13
13	0
8	0
8	0
1	0
8	0
8	0
8	0
1	0
1	0
16	0
1	0
1	0
1	0
1	0
1	0
1	0
1	0
1	0
8	0
8	0
8	0
1	0
8	0
8	0
1	0
8	0
8	0
8	0
1	0
17	0
17	0
17	0
17	0
17	0
3	0
1	0
8	0
1	0
1	0
1	0
1	0
1	0
12	0
3	2
8	0
8	0
1	8
4	0
11	4
3	0
1	3
2	3
12	0
11	11
8	0
8	0
8	0
8	8
2	2
12	12
5	5
12	0
12	11
17	0
4	0
17	0
12	4
1	0
1	0
1	16
2	3
3	0
12	10
12	0
1	16
13	13
13	0
1	0
12	0
12	0
1	0
1	0
12	0
12	0
12	0
1	0
12	0
1	0
12	0
12	0
1	0
1	0
1	0
1	0
1	0
8	0
1	0
8	0
1	0
1	0
1	0
8	0
12	0
3	3
16	0
16	0
16	16
13	13
17	0
16	0
16	16
3	0
3	3
2	3
3	0
3	0
1	0
3	3
1	0
17	0
1	11
1	0
1	0
17	0
17	0
1	16
17	0
2	14
1	0
17	0
1	16
13	13
13	0
1	0
1	0
1	0
1	0
1	0
1	0
1	0
1	0
8	0
1	0
1	0
1	0
1	0
1	0
1	0
1	0
1	0
1	0
1	0
1	0
8	0
16	0
16	0
16	0
3	0
3	0
1	0
1	0
1	0
12	0
12	4
12	0
12	0
12	6
16	0
16	0
16	16
17	0
17	16
13	13
5	0
5	5
11	0
11	11
4	0
11	4
1	3
1	0
1	0
1	1
13	13
13	0
1	0
1	0
1	0
1	0
1	0
16	0
1	0
1	0
1	0
16	0
16	0
16	0
16	0
1	0
3	0
1	0
1	0
1	0
1	0
1	0
3	0
1	0
1	0
1	0
16	0
12	0
12	0
12	0
12	0
1	0
1	0
1	0
1	0
1	0
16	0
16	0
16	0
12	0
12	4
16	0
16	0
3	3
3	3
3	0
1	0
16	0
16	16
16	0
17	0
1	0
1	16
5	5
2	2
6	6
8	0
8	8
5	5
3	0
2	6
8	0
8	0
8	0
8	0
8	8
16	0
12	0
3	0
1	16
13	13
13	0
1	0
1	0
16	0
1	0
1	0
8	0
16	0
16	0
1	0
1	0
1	0
1	0
1	0
16	0
16	0
16	0
16	0
16	0
16	0
1	0
1	0
1	0
1	0
1	0
1	0
1	0
1	0
12	0
5	0
5	5
3	0
16	0
16	3
11	0
11	4
3	0
6	0
3	0
3	3
17	0
17	3
1	0
17	0
17	1
17	0
12	0
12	4
3	0
3	14
1	0
1	0
1	0
1	0
1	16
13	13
13	0
1	0
1	0
3	0
1	0
1	0
1	0
1	0
1	0
1	0
12	0
12	0
8	0
1	0
1	0
1	0
1	0
17	0
8	0
1	0
1	0
1	0
1	0
1	0
3	0
1	0
1	0
1	0
3	0
3	0
1	0
1	0
12	0
12	4
16	1
1	0
12	0
12	0
12	16
2	2
6	6
8	0
8	8
2	0
16	0
2	16
13	13
3	0
3	0
1	0
1	3
17	0
17	0
17	10
17	0
1	1
17	0
17	0
17	0
1	16
13	13
5	0
5	5
3	0
11	11
11	0
1	0
1	4
17	0
6	0
3	3
3	0
1	1
12	0
12	0
12	4
13	13
13	0
1	0
3	0
1	0
1	0
1	0
3	0
1	0
1	0
1	0
1	0
1	0
1	0
1	0
1	0
17	0
16	0
4	4
17	0
1	1
8	0
8	8
3	3
13	13
4	0
4	4
17	0
1	0
1	0
1	3
1	0
1	0
1	2
8	0
8	8
1	0
1	0
1	0
1	16
3	0
3	11
1	0
1	0
1	1
4	0
4	4
13	13
5	0
5	5
16	0
1	2
3	0
11	11
2	4
1	0
3	3
2	3
17	0
17	1
13	13
13	0
1	0
1	0
16	0
16	0
1	0
1	0
1	0
1	0
12	0
3	0
3	0
1	0
1	0
1	0
12	0
5	0
3	3
3	11
17	0
17	0
3	16
5	0
3	3
3	6
1	0
1	0
1	1
8	0
8	0
8	8
5	5
17	0
6	0
5	3
16	0
16	4
17	0
17	0
17	16
17	11
5	0
3	3
17	0
11	2
12	12
13	13
11	0
14	0
14	0
14	14
8	0
8	0
8	8
4	0
4	4
13	13
13	0
1	0
16	0
16	0
16	0
17	0
16	0
16	0
16	0
1	0
16	0
3	0
3	0
1	0
1	0
1	0
1	0
1	0
12	0
12	4
3	0
16	0
16	0
16	3
11	0
11	6
1	3
1	0
1	0
1	0
1	1
8	0
8	0
8	8
13	13
13	0
1	0
1	0
16	0
1	0
1	0
8	0
1	0
16	0
16	0
16	0
16	0
1	0
1	0
1	0
1	0
1	0
1	0
8	0
8	0
8	0
8	0
1	0
16	0
1	0
1	0
1	0
8	0
1	0
1	0
16	0
3	0
16	0
16	0
16	0
3	0
1	0
1	0
1	0
1	0
1	0
1	0
1	0
13	0
2	2
3	0
2	3
12	0
12	12
13	13
12	0
12	4
2	0
3	0
3	0
16	0
1	3
2	3
1	2
12	12
12	0
12	0
12	0
1	0
16	0
16	16
13	13
12	12
12	0
12	0
12	0
12	12
1	0
1	1
8	0
8	8
2	0
16	16
8	0
12	0
8	8
2	0
2	0
2	2
11	0
11	6
8	0
8	0
8	0
8	8
13	13
13	0
1	0
1	0
8	0
16	0
12	0
1	0
1	0
1	0
1	0
8	0
1	0
13	0
1	13
8	0
8	0
8	8
2	0
2	2
8	0
8	8
13	13
13	0
1	0
1	0
16	0
16	0
16	0
1	0
1	0
16	0
16	0
16	0
1	0
8	0
16	0
8	0
2	0
2	0
2	0
1	0
8	0
16	0
16	0
1	0
1	0
16	0
16	0
16	0
8	0
8	0
16	0
1	0
1	0
8	0
8	0
16	0
1	0
1	0
16	0
16	0
16	0
16	0
16	0
1	0
1	0
8	0
8	0
1	0
1	0
1	0
16	0
12	0
12	0
3	7
13	13
16	0
11	11
16	0
16	0
16	16
13	13
11	11
2	0
3	4
8	0
2	0
2	10
1	0
1	0
1	0
1	0
1	0
1	16
2	0
2	2
1	0
1	0
1	8
5	5
16	0
17	0
3	14
3	10
13	13
13	0
11	0
5	3
3	0
1	0
1	16
1	0
2	0
17	0
17	0
2	3
12	0
12	0
12	1
8	0
8	0
8	0
8	8
17	0
17	0
12	16
17	0
2	2
17	6
1	1
8	0
13	0
12	0
17	13
12	0
12	17
13	13
13	0
12	0
12	0
12	0
12	0
12	0
12	0
12	0
12	0
12	0
12	0
12	0
12	0
12	0
12	0
12	0
12	0
12	0
12	0
12	0
12	0
12	0
12	0
12	0
12	0
12	0
12	0
12	0
12	0
12	0
12	0
12	0
12	0
12	0
12	0
12	0
12	0
12	0
12	0
12	0
12	0
12	0
12	0
12	0
12	0
12	0
12	0
12	0
12	0
12	0
12	0
12	0
12	0
17	0
12	0
17	0
17	0
14	0
14	0
3	7
13	13
3	7
3	0
11	11
17	0
11	4
17	0
1	3
17	0
17	0
9	6
8	0
8	8
5	5
14	0
11	0
14	14
11	0
11	11
17	0
3	6
8	0
8	0
8	8
3	0
16	0
16	0
16	16
4	0
4	4
13	13
16	0
16	0
17	0
17	4
2	6
8	8
3	11
17	0
17	0
17	16
13	13
13	0
17	0
16	0
17	0
16	0
1	0
16	0
8	0
17	0
17	0
1	0
17	0
17	0
12	0
16	0
17	0
12	10
12	0
17	0
1	0
17	0
12	1
13	13
11	0
11	4
1	0
1	3
1	0
1	0
1	0
1	0
1	3
1	0
1	3
2	0
2	0
3	0
3	0
1	0
1	1
2	0
2	2
6	0
6	6
8	0
8	0
8	0
8	8
2	0
2	2
8	0
8	0
8	8
16	0
4	0
17	0
17	16
13	13
3	0
1	0
1	14
3	3
17	0
17	0
17	0
17	0
17	0
17	1
4	0
11	4
13	13
13	0
1	0
13	0
8	13
12	12
13	13
13	0
1	0
1	0
16	0
12	0
12	0
12	0
1	0
8	0
16	0
16	0
12	0
12	0
12	0
8	0
8	0
16	0
16	0
12	0
12	0
12	0
8	0
8	0
8	0
16	0
12	0
12	0
1	0
1	0
8	0
16	0
16	0
12	0
12	0
1	0
8	0
8	0
8	0
16	0
12	0
12	0
8	0
8	0
16	0
12	0
12	0
12	0
1	0
8	0
16	0
16	0
12	0
12	0
1	0
8	0
16	0
12	0
1	0
12	0
17	0
1	7
1	0
16	16
3	0
3	3
13	13
3	10
3	0
17	4
1	0
3	3
17	0
2	2
8	0
8	0
8	0
8	8
13	13
11	3
1	0
12	0
2	2
8	0
8	8
16	0
11	11
17	0
6	0
5	3
17	0
17	16
17	10
17	0
1	0
16	16
13	13
3	0
11	11
17	0
11	4
3	6
1	0
1	0
1	0
1	1
17	0
8	0
8	8
13	13
13	0
3	0
3	0
3	0
1	0
3	0
1	0
13	0
8	0
8	8
4	0
11	4
1	1
13	13
8	8
3	0
2	0
1	0
1	16
1	0
1	0
1	3
1	0
1	0
1	16
17	0
17	0
17	0
16	16
13	0
17	0
13	13
13	0
13	0
13	17
17	0
12	7
5	5
3	3
17	0
16	0
3	16
8	0
12	0
12	0
12	8
13	13
12	6
8	0
8	8
16	0
17	0
16	16
3	3
1	0
2	0
2	10
3	3
1	0
1	0
1	1
13	13
13	0
1	0
1	0
1	0
1	0
12	0
3	6
1	0
1	0
1	1
8	0
8	0
8	0
8	8
4	0
4	4
2	2
6	6
12	12
17	0
5	5
17	0
2	6
12	12
17	17
17	0
1	0
1	0
17	17
13	13
13	0
1	0
1	0
1	0
1	0
1	0
1	0
1	0
8	0
8	0
17	0
8	0
1	0
1	0
8	0
1	0
1	0
1	0
1	0
17	0
1	0
12	0
1	0
1	0
1	0
1	0
1	0
1	0
8	0
8	0
1	0
1	0
1	0
8	0
8	0
13	0
12	0
12	0
12	12
17	17
17	17
17	0
17	9
8	0
8	8
1	0
3	16
1	0
1	1
3	3
3	0
3	0
1	0
1	0
1	0
3	0
3	3
2	0
16	0
16	16
13	13
13	0
1	0
1	0
1	0
8	0
1	0
1	0
1	0
1	0
1	0
1	0
1	0
1	0
1	0
1	0
1	0
1	0
1	0
1	0
16	0
1	0
17	0
17	0
17	0
17	0
17	0
1	0
1	0
1	0
17	0
3	0
3	0
3	0
1	0
17	0
17	17
17	0
17	0
17	17
17	0
17	0
17	1
17	0
8	0
8	0
8	8
17	0
17	2
12	0
12	0
12	12
13	13
13	0
17	0
17	0
17	0
17	0
17	0
17	0
17	0
17	0
17	0
17	0
17	0
17	0
16	0
17	0
17	0
17	0
17	0
17	0
17	0
17	0
17	0
17	0
16	0
17	0
17	0
17	0
17	0
17	0
17	0
17	0
17	0
17	0
17	0
17	0
17	0
17	0
17	0
16	0
17	0
17	0
17	0
12	0
1	0
12	6
1	0
1	0
1	1
8	8
8	0
8	0
8	0
8	8
5	5
3	0
1	1
4	0
4	0
4	0
3	4
3	0
4	0
4	0
1	0
1	3
1	0
1	0
16	1
13	0
13	0
13	13
13	0
1	0
1	0
1	0
1	0
1	0
8	0
1	0
1	0
1	0
16	0
1	0
1	0
16	0
1	0
1	0
1	0
1	0
1	0
12	0
12	0
12	0
1	0
1	0
1	0
1	0
1	0
1	0
3	0
1	0
1	0
13	0
14	0
14	0
14	14
16	0
2	0
3	0
2	2
8	0
8	8
12	0
12	0
12	4
4	4
13	13
1	0
1	16
3	11
3	0
1	3
16	0
4	0
4	10
11	0
11	10
12	0
16	0
16	16
13	13
13	0
16	0
16	0
16	0
16	0
16	0
1	0
16	0
16	0
12	0
1	0
1	0
16	0
16	0
16	0
1	0
1	0
12	0
16	0
16	0
16	0
16	0
16	0
1	0
16	0
8	0
16	0
16	0
16	0
1	0
1	0
17	0
17	3
17	0
17	0
17	0
17	0
17	0
17	16
17	0
11	11
3	0
3	3
17	0
17	3
3	3
1	0
12	0
12	1
13	13
13	0
1	0
16	0
1	0
1	0
17	0
1	0
17	0
16	0
16	0
16	0
16	0
3	0
17	0
1	0
1	0
1	0
1	0
1	0
1	0
1	0
16	0
1	0
16	0
1	0
1	0
1	0
1	0
17	0
17	0
17	0
17	0
17	0
16	0
16	0
16	0
16	0
3	0
1	0
3	0
1	0
17	0
1	6
8	0
8	0
13	0
8	8
4	0
11	4
2	3
1	0
12	0
4	10
17	0
17	3
3	3
3	0
6	11
17	0
17	11
17	16
17	0
17	1
2	0
16	0
16	16
13	13
13	0
1	0
1	0
1	0
1	0
1	0
1	0
1	0
1	0
1	0
8	0
8	0
1	0
1	0
8	0
8	0
8	0
1	0
1	0
1	0
1	0
1	0
1	0
8	0
8	0
8	0
3	0
1	0
1	0
1	0
17	0
1	0
17	0
1	0
13	0
1	0
12	0
8	16
16	0
11	11
8	0
8	0
13	0
12	0
12	0
8	0
12	8
17	0
2	10
17	0
12	0
5	5
12	0
17	0
12	0
12	16
12	0
12	0
12	0
12	0
12	16
5	5
3	0
3	0
1	16
3	0
3	0
3	3
17	0
1	3
1	0
11	16
5	5
3	0
6	6
8	0
8	8
4	0
4	4
1	6
8	8
13	0
13	0
13	17
1	0
1	3
4	0
17	4
3	3
17	0
3	3
1	3
2	0
13	0
12	0
5	5
3	0
11	0
14	14
16	0
4	0
4	10
4	0
2	0
2	0
4	2
8	0
8	8
13	13
13	0
11	0
5	3
2	2
6	6
8	0
8	0
8	0
8	8
8	0
2	0
2	2
12	12
13	13
13	0
16	0
1	0
16	0
16	0
16	0
16	0
16	0
16	0
8	0
16	0
8	0
8	0
16	0
16	0
8	0
8	0
2	0
8	0
16	0
16	0
16	0
16	0
16	0
16	0
4	0
16	0
16	0
16	0
1	0
16	0
13	0
9	0
1	1
2	2
9	0
1	1
8	0
8	8
16	0
16	0
16	0
3	16
2	0
2	0
2	0
6	2
8	0
8	0
8	0
8	8
13	13
5	2
8	0
8	0
8	0
8	0
8	8
13	13
13	0
8	0
8	0
3	0
3	0
3	0
8	0
1	0
1	0
8	0
8	0
8	0
8	0
13	0
1	0
1	0
8	0
8	0
8	0
8	0
8	0
8	0
8	0
8	0
8	0
16	0
16	0
16	0
3	0
3	0
2	0
2	0
13	0
13	0
8	0
13	17
13	13
1	0
9	0
1	2
8	0
8	0
8	0
8	0
12	0
12	0
12	0
12	12
13	13
3	0
3	0
3	3
2	0
2	0
2	0
2	0
2	3
12	0
12	0
12	12
5	5
3	0
3	2
8	0
8	0
8	8
12	0
12	12
13	0
13	0
13	13
13	0
12	0
1	0
2	0
2	0
8	0
8	0
16	0
1	0
8	0
8	0
1	0
8	0
1	0
1	0
1	0
1	0
1	0
8	0
8	0
8	0
12	0
1	0
12	0
12	7
5	5
11	6
1	0
1	0
1	0
1	8
2	0
2	2
8	0
8	0
8	8
13	13
8	0
8	0
8	0
8	0
8	12
13	13
13	0
12	0
1	0
12	0
8	0
8	0
1	0
16	0
8	0
16	0
8	0
1	0
8	0
12	0
1	0
8	0
1	0
8	0
12	0
8	0
16	0
8	0
1	0
8	0
5	0
16	0
1	0
12	0
8	0
8	0
8	0
1	0
8	0
8	0
16	0
8	0
1	0
8	0
3	0
3	0
3	0
3	3
1	3
8	0
8	0
8	0
8	0
8	8
1	0
2	0
16	0
16	0
16	16
3	3
2	2
12	0
12	0
12	12
17	0
17	3
17	0
17	10
5	5
3	0
11	11
2	3
3	6
3	0
3	0
1	1
8	8
13	13
3	0
3	3
1	0
1	0
1	2
1	0
1	0
1	1
8	0
8	8
13	13
3	0
5	5
1	0
1	0
1	0
1	1
13	13
13	0
1	0
1	0
3	0
3	0
16	0
16	0
16	0
11	0
3	0
11	11
16	0
16	0
1	0
16	0
16	16
11	11
17	0
17	3
17	0
3	3
13	13
14	0
11	0
14	14
1	0
17	0
17	0
17	3
17	0
11	6
12	0
12	0
12	0
12	8
2	2
2	0
6	6
8	0
8	0
8	0
8	0
8	0
8	0
8	8
17	0
17	0
17	0
3	16
16	0
16	16
13	13
13	0
1	0
1	0
3	0
8	0
8	0
1	0
1	0
8	0
8	0
8	0
1	0
1	0
1	0
1	0
1	0
12	0
14	0
11	11
17	0
16	0
16	0
16	16
3	0
3	3
13	0
13	0
8	17
5	5
2	3
12	6
1	0
1	0
1	0
3	1
8	0
8	0
8	0
8	8
13	13
13	0
16	0
1	0
16	0
1	0
8	0
8	0
8	0
8	0
8	0
8	0
8	0
1	0
1	0
16	0
1	0
1	0
1	0
1	0
8	0
16	0
1	0
16	0
16	0
3	0
3	0
16	0
1	0
3	0
1	0
3	0
8	0
8	0
8	0
8	0
12	0
12	0
3	0
12	2
1	0
16	0
16	1
8	0
8	0
8	0
8	8
12	0
17	0
17	16
2	3
2	2
12	0
12	0
12	12
5	6
1	0
12	0
1	0
1	1
8	0
8	0
8	0
8	0
8	0
8	0
8	0
8	8
13	13
8	0
8	0
8	0
8	8
5	5
1	3
1	0
1	16
1	0
2	2
6	6
6	0
1	0
1	0
1	16
13	13
13	0
8	0
1	0
1	0
1	0
8	0
16	0
16	0
16	0
1	0
3	0
1	0
17	0
17	17
17	0
17	0
17	17
17	0
12	0
8	0
8	8
16	0
16	0
16	16
3	0
6	11
1	0
17	0
17	0
17	0
1	1
2	0
2	0
11	2
1	0
1	0
1	1
8	0
8	0
8	0
8	8
13	13
13	0
17	0
17	0
17	0
1	0
1	0
17	0
17	0
17	0
3	0
2	0
1	0
1	0
1	0
17	0
1	0
2	0
17	0
17	0
17	0
17	0
17	0
1	0
17	0
17	0
17	0
16	0
3	0
3	0
1	0
17	0
17	17
17	17
17	17
17	17
13	0
13	0
13	13
13	0
17	0
17	0
17	0
17	0
17	0
17	0
17	0
17	0
17	0
17	0
17	0
17	0
17	0
17	0
17	0
17	0
17	0
17	0
17	0
17	0
17	0
17	0
17	0
17	0
17	0
17	0
17	0
17	0
17	0
17	0
17	0
17	0
17	0
17	0
17	0
17	0
17	0
17	0
17	0
17	0
17	0
17	0
17	0
17	0
17	0
17	0
17	0
17	0
17	0
17	0
17	0
12	0
5	5
3	0
1	0
1	0
1	3
16	0
16	0
16	16
17	0
11	0
3	0
3	3
11	0
11	6
1	0
1	1
8	0
8	0
8	8
13	0
13	0
13	17
5	0
3	7
13	13
6	6
8	0
8	0
8	0
8	8
8	0
2	0
2	4
1	0
17	0
17	0
12	3
1	0
1	1
1	0
1	0
1	0
1	0
16	16
13	13
14	0
14	2
8	0
8	0
8	8
2	0
2	0
2	4
8	0
8	0
8	0
8	0
8	8
13	0
12	0
3	3
17	0
17	0
17	4
12	6
12	0
8	8
12	0
12	0
12	3
16	0
17	0
16	16
1	0
1	0
1	0
3	16
13	13
4	0
4	0
12	4
1	0
1	1
8	0
17	0
2	10
3	3
1	0
1	1
1	0
17	0
16	0
16	16
13	13
2	0
5	5
3	0
6	0
11	0
3	3
3	0
3	3
5	0
3	3
1	0
1	0
16	16
5	5
1	0
1	0
1	16
13	13
13	0
1	0
1	0
1	0
12	0
1	0
1	0
12	0
5	5
3	0
16	0
12	3
4	0
11	4
3	0
6	0
3	0
3	3
12	0
1	0
12	0
17	0
12	3
2	3
8	0
8	0
8	0
8	8
12	0
12	0
12	4
5	5
3	2
17	6
1	0
6	0
1	11
1	0
12	0
12	0
8	0
8	16
3	3
2	3
12	0
12	0
12	3
1	0
1	0
1	1
1	0
2	0
2	0
2	0
1	0
1	0
1	16
5	5
6	6
8	0
8	0
8	0
8	8
12	0
8	0
8	16
13	0
12	0
12	0
12	6
12	12
5	5
12	0
11	11
8	0
17	0
2	0
12	4
1	0
1	0
1	0
1	0
16	16
1	0
1	0
16	0
1	0
1	16
3	0
2	0
3	0
3	0
2	10
13	13
14	0
6	0
3	14
11	0
11	0
11	11
17	0
6	0
5	3
17	0
6	3
5	0
3	3
1	0
1	11
3	0
3	0
1	0
1	0
1	10
8	0
17	0
17	0
17	4
13	13
16	0
3	7
13	13
16	0
17	0
9	10
8	0
13	0
12	0
3	0
4	0
11	0
4	16
11	11
1	0
1	16
1	0
1	11
4	0
4	0
4	0
4	16
5	5
3	0
11	0
14	0
14	14
1	0
1	0
1	1
1	0
4	0
16	16
13	13
11	0
11	0
3	4
16	0
2	0
16	0
16	0
16	16
13	13
3	0
16	7
12	0
12	12
13	13
13	0
3	0
1	0
1	0
1	0
1	0
16	0
16	0
14	0
16	0
1	0
1	0
1	0
1	0
16	0
16	0
16	0
16	0
4	0
16	0
1	0
5	5
3	0
16	3
1	0
1	3
1	0
1	11
13	13
13	0
1	0
1	0
1	0
8	0
1	0
16	0
1	0
1	0
1	0
1	0
1	0
8	0
1	0
1	0
1	0
1	0
1	0
1	0
1	0
1	0
1	0
1	0
1	0
1	0
1	0
1	0
16	0
1	0
1	0
1	0
1	0
1	0
1	0
1	0
1	0
1	0
1	0
8	0
16	0
16	0
1	0
1	0
1	0
1	0
1	0
1	0
1	0
1	0
1	0
8	0
12	0
16	0
11	11
4	4
3	0
12	0
11	3
2	2
8	0
8	0
8	8
2	2
8	0
8	8
5	5
12	0
12	8
17	0
8	0
8	0
8	0
8	16
13	13
14	0
11	11
4	0
4	0
4	4
3	0
11	11
3	0
1	0
1	0
3	3
3	3
1	0
1	1
5	5
3	0
3	0
1	0
1	1
1	0
1	0
1	0
1	0
1	1
1	0
16	0
16	16
13	13
3	0
14	0
14	0
14	14
11	0
6	0
5	3
8	0
13	0
12	0
12	0
12	6
12	0
12	8
16	0
16	16
5	5
1	0
1	0
1	0
1	0
1	0
8	16
16	16
2	6
8	0
8	0
8	8
13	0
13	0
13	13
13	0
1	0
1	0
1	0
8	0
12	0
1	0
1	0
1	0
1	0
1	0
8	0
8	0
1	0
1	0
1	0
8	0
8	0
1	0
8	0
13	0
1	0
1	0
8	0
1	0
12	0
1	0
12	0
8	0
1	0
1	0
1	0
1	0
1	0
1	0
1	0
8	0
8	0
13	0
1	0
11	11
4	0
4	4
2	0
2	0
3	3
1	0
12	6
12	0
1	0
1	1
8	8
2	0
2	0
1	0
1	11
8	0
12	0
1	0
1	16
1	0
1	0
16	0
16	16
13	13
16	0
11	11
4	0
3	4
2	2
12	0
12	0
12	12
13	0
13	0
13	13
13	0
16	0
16	0
16	0
16	0
16	0
16	0
16	0
16	0
16	0
3	0
3	0
3	0
1	0
12	0
1	0
1	0
12	0
12	0
12	0
1	0
1	0
17	0
11	11
16	0
1	16
3	0
3	0
3	3
2	2
12	12
2	2
8	0
8	0
8	8
13	0
13	0
13	13
13	0
1	0
1	0
8	0
8	0
1	0
8	0
1	0
1	0
1	0
1	0
1	0
8	0
1	0
8	0
1	0
8	0
16	0
8	0
12	0
1	0
1	0
8	0
8	0
16	0
8	0
17	0
1	0
1	0
1	0
8	0
1	0
1	0
8	0
8	0
1	0
1	0
8	0
1	0
8	0
8	0
8	0
16	0
8	0
12	0
17	0
14	0
14	7
16	0
17	7
3	7
5	5
3	6
1	0
1	0
17	0
17	4
17	0
12	6
12	12
2	3
11	0
11	6
8	8
8	0
16	16
13	13
13	0
1	0
8	0
1	0
1	0
1	0
16	0
1	0
1	0
1	0
8	0
12	0
12	0
12	0
16	0
12	0
1	0
1	0
1	0
16	0
16	0
12	0
1	0
1	0
17	0
16	0
16	0
16	0
16	0
1	0
1	0
1	0
1	0
1	0
1	0
8	0
17	0
13	0
3	3
4	0
4	0
4	4
2	3
11	0
11	6
8	0
8	0
8	0
8	0
8	0
8	8
13	13
13	0
8	0
8	0
16	0
16	0
16	0
16	0
16	0
3	0
8	0
8	0
8	0
8	0
11	0
1	0
1	0
8	0
8	0
16	0
16	0
16	0
3	0
8	0
16	0
1	0
8	0
8	0
1	0
16	0
16	0
3	0
16	0
16	0
16	0
4	0
3	0
11	0
1	0
8	0
1	0
1	0
16	0
8	0
16	0
16	0
12	0
5	5
2	3
1	0
12	9
13	13
3	0
3	14
1	0
1	3
1	0
17	0
17	1
12	0
12	0
12	4
4	0
11	4
5	5
3	14
1	6
8	0
8	8
2	3
3	0
3	0
3	1
12	0
12	0
12	4
4	0
11	4
13	13
13	0
1	0
1	0
1	0
1	0
1	0
1	0
1	0
1	0
1	0
1	0
1	0
1	0
1	0
1	0
1	0
1	0
1	0
1	0
1	0
1	0
1	0
1	0
1	0
1	0
12	0
12	0
17	0
13	0
14	0
14	0
17	14
3	0
3	3
1	0
2	0
1	0
1	0
1	0
1	2
1	0
8	8
2	3
8	0
8	0
8	8
4	0
4	4
13	13
16	0
12	0
12	0
12	16
17	0
17	0
3	3
3	0
3	3
16	0
16	0
16	16
13	13
13	0
1	0
1	0
8	0
8	0
16	0
16	0
3	0
16	0
16	0
12	0
8	0
3	0
16	0
3	0
3	0
1	0
1	0
1	0
1	0
1	0
1	0
1	0
1	0
8	0
12	0
5	5
3	0
1	3
1	0
1	0
1	0
5	16
11	0
11	11
12	0
12	0
12	3
2	0
2	0
6	2
8	8
16	0
16	0
1	0
16	0
16	16
13	13
13	0
1	0
1	0
1	0
1	0
1	0
16	0
1	0
1	0
1	0
1	0
1	0
1	0
1	0
1	0
1	0
1	0
1	0
1	0
16	0
1	0
1	0
1	0
1	0
1	0
1	0
1	0
1	0
1	0
1	0
1	0
1	0
1	0
1	0
1	0
1	0
1	0
12	0
3	6
1	6
3	0
9	9
4	0
4	4
2	0
11	0
1	0
3	3
2	0
11	0
6	0
9	6
12	0
13	0
12	0
12	0
17	0
12	8
13	13
13	0
1	0
1	0
1	0
1	0
1	0
1	0
1	0
8	0
3	0
3	0
3	0
1	0
1	0
1	0
1	0
2	0
1	0
1	0
1	0
1	0
8	0
1	0
8	0
8	0
1	0
8	0
8	0
8	0
8	0
1	0
3	0
3	0
1	0
1	0
3	0
3	0
1	0
12	0
16	0
17	0
12	7
16	0
17	0
17	7
5	5
2	2
3	0
3	3
13	0
12	0
1	0
12	0
1	0
1	0
1	0
1	0
1	0
8	0
8	0
12	0
8	0
1	0
16	0
16	0
16	0
12	0
12	0
12	0
1	0
1	0
8	0
12	0
1	0
1	0
1	0
1	0
16	0
8	0
12	0
12	0
12	0
1	0
1	0
1	0
16	0
1	0
8	0
8	0
16	0
8	0
12	0
12	0
3	0
1	0
1	0
1	0
1	0
13	0
16	0
11	11
3	0
16	0
3	0
3	16
8	0
2	0
2	2
6	6
1	0
1	0
1	0
1	1
9	9
17	0
17	8
2	2
17	0
12	0
12	12
5	5
16	0
11	11
16	0
16	0
16	0
1	16
3	0
11	3
1	0
3	3
13	0
13	13
13	0
12	0
1	0
8	0
1	0
12	0
12	0
17	0
16	0
16	0
16	0
17	0
16	0
16	0
16	0
16	0
1	0
1	0
1	0
1	0
1	0
1	0
1	0
1	0
1	0
12	0
17	0
11	11
4	0
11	4
1	0
1	0
1	0
1	3
1	6
17	0
17	0
17	0
1	0
1	1
16	0
16	8
13	13
13	0
17	0
1	0
8	0
1	0
1	0
1	0
1	0
1	0
17	0
1	0
1	0
1	0
1	0
1	0
1	0
1	0
1	0
1	0
1	0
1	0
1	0
1	0
1	0
1	0
1	0
1	0
1	0
16	0
12	0
3	0
16	0
1	0
3	0
1	0
1	0
1	0
1	0
1	0
1	0
17	0
1	0
11	0
11	0
11	11
16	0
16	16
3	3
3	0
1	0
3	0
3	3
3	0
1	0
3	0
11	11
5	5
11	0
11	11
4	0
11	0
4	4
4	0
11	0
11	11
3	3
1	0
3	0
1	1
13	13
13	0
1	0
1	0
1	0
1	0
1	0
16	0
16	0
16	0
16	0
16	0
16	0
16	0
16	0
16	0
8	0
1	0
1	0
3	0
16	0
8	0
16	0
16	0
3	0
3	0
3	0
1	0
3	0
1	0
1	0
1	0
1	0
13	0
16	0
11	11
11	4
6	6
1	0
1	0
1	0
1	0
1	1
1	0
8	8
5	5
6	6
1	0
1	0
1	0
1	0
1	1
8	0
2	0
16	8
2	3
17	0
13	13
13	0
12	0
8	0
8	0
12	0
8	0
8	0
16	0
16	0
8	0
16	0
12	0
12	0
1	0
8	0
8	0
8	0
8	0
8	0
12	0
12	0
8	0
16	0
16	0
16	0
1	0
1	0
1	0
1	0
1	0
8	0
8	0
16	0
16	0
8	0
17	0
17	11
17	0
17	0
17	0
16	16
3	0
17	6
1	0
1	0
1	0
1	0
1	8
5	5
17	6
1	0
1	0
1	0
1	1
1	0
17	8
13	13
13	0
17	0
17	0
17	0
17	0
17	0
17	0
17	0
1	0
1	0
17	0
17	0
17	0
17	0
1	0
1	0
17	0
1	0
1	0
17	0
17	0
1	0
17	0
1	0
17	0
17	0
17	0
17	0
16	0
17	0
17	0
1	0
1	0
1	0
1	0
1	0
17	0
1	0
12	0
13	13
13	0
8	0
8	0
8	0
8	0
8	0
8	0
8	0
8	0
8	0
8	0
8	0
8	0
8	0
8	0
8	0
8	0
8	0
8	0
8	0
8	0
8	0
8	0
8	0
8	0
8	0
8	0
8	0
8	0
8	0
8	0
8	0
8	0
8	0
8	0
8	0
8	0
8	0
8	0
8	0
8	0
8	0
8	0
8	0
8	0
8	0
8	0
8	0
8	0
8	0
8	0
8	0
8	0
8	0
8	0
8	0
8	0
8	0
17	0
17	0
17	2
17	8
17	0
17	4
17	3
1	0
1	0
1	0
1	0
17	1
17	3
13	0
13	13
13	0
17	0
17	0
17	0
17	0
17	0
17	0
17	0
17	0
17	0
17	0
17	0
17	0
17	0
17	0
17	0
17	0
17	0
17	0
17	0
17	0
17	0
17	0
17	0
17	0
17	0
17	0
17	0
17	0
17	0
17	0
17	0
17	0
17	0
17	0
17	0
17	0
17	0
17	0
1	0
17	0
17	0
17	0
17	0
17	0
3	0
3	3
17	0
3	8
1	0
1	0
1	0
1	8
13	13
13	0
1	0
1	0
1	0
16	0
16	0
1	0
1	0
1	0
1	0
1	0
16	0
1	0
1	0
1	0
1	0
1	0
1	0
1	0
1	0
1	0
1	0
1	0
1	0
1	0
16	0
1	0
1	0
16	0
1	0
1	0
1	0
1	0
1	0
1	0
1	0
1	0
1	0
1	0
1	0
1	0
1	0
1	0
1	0
1	0
1	0
1	0
1	0
1	0
16	0
16	0
17	0
3	0
5	5
12	0
12	6
12	0
12	8
4	0
11	4
17	0
11	0
3	0
3	3
17	0
17	0
17	10
1	0
1	0
1	0
1	1
13	0
13	13
13	0
17	0
17	0
12	0
1	0
1	0
12	0
1	0
3	0
17	0
3	0
1	0
17	0
17	0
1	0
1	0
1	0
1	0
1	0
1	0
12	0
12	0
1	0
1	0
1	0
12	0
1	0
12	0
12	0
12	0
16	0
16	0
17	0
3	0
17	0
3	0
17	0
1	0
17	0
17	0
12	6
12	0
17	0
17	0
12	8
16	0
16	0
16	0
16	16
3	0
1	0
3	3
11	0
11	6
3	0
1	0
3	8
5	5
3	0
3	14
3	0
16	0
16	1
11	4
11	0
11	4
3	3
17	2
17	0
6	0
6	6
17	0
17	8
17	0
11	6
12	0
12	8
17	0
5	5
1	0
3	0
1	3
5	6
1	0
1	0
1	1
1	0
17	8
13	13
13	0
3	0
1	0
1	0
1	0
1	0
1	0
1	0
1	0
12	0
13	13
13	0
8	0
8	0
8	0
8	0
8	0
8	0
8	0
8	0
8	0
8	0
8	0
8	0
8	0
8	0
8	0
8	0
8	0
8	0
8	0
8	0
8	0
8	0
8	0
8	0
8	0
8	0
8	0
8	0
8	0
8	0
8	0
8	0
8	0
8	0
8	0
8	0
8	0
8	0
8	0
8	0
8	0
8	0
8	0
8	0
8	0
8	0
8	0
8	0
8	0
8	0
8	0
8	0
8	0
8	0
8	0
8	0
8	0
13	0
13	0
13	17
12	0
11	11
16	0
16	0
16	16
3	0
3	5
3	0
3	0
2	0
3	0
3	3
6	0
11	14
17	6
1	0
1	0
1	0
1	0
1	8
1	0
3	3
1	0
17	0
12	16
13	0
13	13
13	0
16	0
16	0
16	0
8	0
13	0
16	0
1	0
8	0
8	0
1	0
1	0
8	0
8	0
1	0
1	0
1	0
1	0
16	0
16	0
16	0
3	0
3	0
3	0
3	0
3	0
3	0
2	0
2	0
2	0
17	0
17	0
11	3
17	0
17	4
17	3
17	0
17	3
17	0
1	0
1	1
2	3
13	0
13	13
13	0
17	0
17	0
17	0
17	0
17	0
17	0
17	0
17	0
17	0
17	0
17	0
17	0
17	0
17	0
17	0
17	0
1	0
17	0
17	0
17	0
17	0
16	0
1	0
17	0
12	0
17	0
17	0
17	0
17	0
17	0
17	0
17	0
17	0
8	0
8	0
17	0
17	0
17	0
17	0
17	0
17	0
1	0
17	0
17	0
17	0
12	0
5	5
14	0
11	11
8	0
17	16
17	2
17	0
17	17
17	17
17	10
16	0
4	0
4	16
13	13
13	0
16	0
16	0
16	0
16	0
16	0
16	0
16	0
16	0
16	0
16	0
16	0
16	0
17	0
17	0
16	0
16	0
16	0
16	0
16	0
16	0
16	0
16	0
16	0
16	0
16	0
16	0
16	0
16	0
16	0
16	0
16	0
14	0
14	0
16	0
16	0
16	0
17	0
17	0
17	0
16	0
16	0
16	0
16	0
16	0
12	0
13	13
13	0
8	0
8	0
8	0
8	0
8	0
8	0
8	0
8	0
8	0
8	0
8	0
8	0
8	0
8	0
8	0
8	0
8	0
8	0
8	0
8	0
8	0
8	0
8	0
8	0
8	0
8	0
8	0
8	0
8	0
8	0
8	0
8	0
8	0
8	0
8	0
8	0
8	0
8	0
8	0
8	0
8	0
8	0
8	0
8	0
8	0
8	0
8	0
8	0
8	0
8	0
8	0
8	0
8	0
8	0
8	0
8	0
8	0
13	0
13	0
13	17
8	0
8	8
9	9
8	2
8	0
8	8
13	13
9	0
1	0
9	0
1	0
8	17
17	0
17	4
17	3
17	0
17	16
13	0
13	13
13	0
17	0
17	0
17	0
17	0
17	0
17	0
17	0
16	0
17	0
9	0
17	0
17	0
17	0
17	0
17	0
17	0
17	0
17	0
17	0
17	0
17	0
17	0
17	0
17	0
17	0
1	0
1	0
16	0
16	0
16	0
1	0
8	0
1	0
17	0
9	0
17	0
17	0
13	0
2	2
11	0
11	6
8	0
8	8
5	5
1	0
1	0
1	6
12	0
8	0
8	0
8	8
13	13
16	0
11	0
11	11
16	0
16	0
16	16
9	9
8	0
8	8
5	5
1	0
1	0
1	0
1	16
2	2
11	0
11	11
3	0
17	0
1	3
17	0
12	6
12	0
8	8
12	0
12	10
13	13
13	13
13	0
1	0
16	0
16	0
16	0
1	0
1	0
8	0
1	0
1	0
1	0
1	0
1	0
1	0
1	0
8	0
16	0
12	0
2	0
2	2
9	9
8	0
8	0
8	8
8	0
8	8
4	0
16	4
3	0
9	0
6	0
3	3
17	0
2	2
8	0
8	8
12	0
12	0
12	0
12	4
5	5
4	0
4	4
3	0
3	0
3	3
3	0
3	3
17	3
17	2
8	8
3	0
11	16
13	0
13	13
13	0
12	0
8	0
12	0
8	0
8	0
8	0
12	0
8	0
12	0
1	0
1	0
1	0
16	0
1	0
16	0
16	0
3	0
3	0
3	0
17	0
8	0
12	0
12	0
12	7
1	0
1	1
13	0
13	13
13	0
17	0
12	0
1	0
1	0
17	0
17	0
12	0
12	0
1	0
1	0
1	0
12	0
17	0
17	0
12	0
12	0
1	0
17	0
12	0
12	0
17	0
12	0
1	0
1	0
17	0
17	0
17	0
12	0
12	0
1	0
1	0
12	0
12	0
17	0
12	0
12	0
12	0
1	0
17	0
17	0
12	0
12	0
1	0
1	0
17	0
17	0
17	0
12	0
1	0
1	0
17	0
17	0
12	0
11	0
11	0
16	0
16	3
11	0
11	4
2	0
2	2
8	0
8	0
8	0
8	0
8	8
17	3
17	0
17	0
17	0
17	16
9	0
13	0
9	9
8	0
8	0
8	8
3	0
3	0
1	16
3	0
3	14
11	0
2	2
6	6
8	0
8	8
12	0
12	16
12	0
13	13
13	0
12	0
17	0
1	0
17	0
12	0
12	0
12	0
17	0
3	0
16	0
1	0
3	0
8	0
1	0
8	0
8	0
8	0
1	0
12	0
3	0
12	0
12	0
12	1
13	0
13	0
13	13
13	0
1	0
1	0
16	0
12	0
1	0
1	0
1	0
16	0
16	0
12	0
12	0
12	0
1	0
1	0
1	0
17	0
16	0
12	0
12	0
12	0
1	0
12	0
16	0
12	0
1	0
1	0
1	0
1	0
16	0
16	0
12	0
17	0
12	0
1	0
1	0
1	0
16	0
16	0
12	0
1	0
1	0
17	0
16	0
12	0
12	0
1	0
1	0
16	0
16	0
16	0
12	0
1	0
1	0
13	0
13	0
13	17
8	0
8	14
17	0
6	3
17	0
17	0
17	3
17	0
2	3
12	0
12	0
12	4
4	0
4	4
11	0
3	4
5	6
3	0
3	0
3	3
5	6
1	1
8	0
8	0
8	0
8	0
8	8
1	0
12	4
3	11
3	0
2	0
2	2
3	0
11	14
11	11
2	0
2	6
8	0
8	0
8	8
8	0
8	16
17	4
1	0
1	0
1	3
2	2
17	0
17	11
1	0
17	0
17	0
17	16
17	4
13	0
13	0
17	0
11	11
11	4
16	0
16	0
16	16
2	2
3	11
3	0
6	0
3	14
1	0
8	0
8	16
5	5
11	11
4	0
2	6
8	0
8	0
8	8
4	0
4	4
13	0
13	13
13	0
16	0
16	0
16	0
1	0
1	0
1	0
1	0
1	0
1	0
1	0
1	0
16	0
1	0
1	0
8	0
1	0
1	0
1	0
1	0
17	0
16	0
1	0
16	0
16	0
16	0
16	0
3	0
3	0
1	0
1	0
1	0
1	0
1	0
1	0
12	0
12	0
12	7
4	0
11	4
3	3
11	11
1	0
1	1
5	5
1	0
1	0
1	1
13	0
13	13
13	0
17	0
16	0
1	0
1	0
1	0
12	0
1	0
12	0
16	0
16	0
16	0
1	0
1	0
1	0
1	0
1	0
1	0
1	0
17	0
17	0
17	0
1	0
1	0
1	0
1	0
1	0
12	0
17	0
1	0
1	0
16	0
1	0
12	0
16	0
16	0
3	0
3	0
1	0
1	0
1	0
1	0
1	0
1	0
17	0
17	0
2	0
5	5
6	0
6	6
8	0
8	8
16	0
17	0
17	16
3	3
1	1
2	2
3	0
6	11
17	0
17	0
17	3
17	0
17	3
17	0
12	16
4	0
4	4
13	13
13	0
1	0
1	0
1	0
1	0
16	0
1	0
1	0
1	0
1	0
1	0
1	0
1	0
1	0
1	0
1	0
17	0
1	0
1	0
1	0
1	0
1	0
1	0
16	0
16	0
1	0
1	0
16	0
16	0
16	0
16	0
3	0
3	0
3	0
1	0
13	0
13	0
13	17
8	0
8	0
3	3
16	0
2	0
11	4
2	0
6	0
6	2
8	8
3	0
2	2
8	8
13	0
13	0
13	13
13	0
13	0
16	0
1	0
8	0
16	0
8	0
13	0
13	0
16	0
16	0
16	0
1	0
1	0
16	0
1	0
16	0
16	0
16	0
8	0
13	0
13	0
1	0
16	0
16	0
8	0
13	0
8	0
13	0
1	0
1	0
8	0
16	0
16	0
16	0
16	0
3	0
1	0
1	0
16	0
16	0
12	0
17	0
12	0
12	6
8	0
8	0
8	8
4	0
11	4
5	6
16	0
11	0
16	0
3	3
3	0
3	0
3	0
3	0
1	1
8	0
8	8
16	0
12	0
12	4
3	11
6	0
6	6
8	0
8	0
8	8
8	0
8	0
8	8
16	4
16	0
16	0
1	0
4	16
13	0
13	13
13	0
17	0
16	0
16	0
16	0
16	0
12	0
17	0
16	0
1	0
1	0
16	0
16	0
16	0
1	0
16	0
16	0
16	0
16	0
16	0
12	0
4	0
12	7
13	0
13	13
13	0
12	0
1	0
12	0
12	0
12	0
12	0
1	0
1	0
1	0
12	0
12	0
12	0
12	0
1	0
1	0
1	0
12	0
12	0
12	0
12	0
12	0
1	0
1	0
12	0
12	0
12	0
12	0
1	0
1	0
1	0
12	0
12	0
12	0
12	0
1	0
1	0
1	0
12	0
12	0
12	0
1	0
1	0
12	0
12	0
12	0
12	0
1	0
1	0
12	0
12	0
12	0
12	0
1	0
1	0
13	0
17	0
17	0
17	17
17	17
17	0
12	0
12	12
13	0
13	13
13	0
17	0
17	0
17	0
17	0
17	0
17	0
17	0
17	0
17	0
17	0
17	0
17	0
17	0
17	0
17	0
17	0
17	0
17	0
17	0
17	0
17	0
17	0
17	0
17	0
17	0
17	0
17	0
17	0
17	0
17	0
17	0
17	0
17	0
17	0
17	0
17	0
17	0
17	0
17	0
17	0
17	0
17	0
17	0
17	0
17	0
17	0
17	0
17	0
17	0
12	0
2	0
4	2
16	0
4	0
1	0
1	1
8	8
16	0
12	0
12	4
17	0
6	6
12	10
12	12
17	0
2	0
1	0
1	16
13	0
13	13
13	0
12	0
17	0
1	0
1	0
8	0
8	0
12	0
16	0
16	0
16	0
17	0
8	0
1	0
1	0
1	0
1	0
1	0
8	0
8	0
12	0
12	0
16	0
1	0
12	0
8	0
12	0
1	0
16	0
16	0
1	0
16	0
16	0
16	0
16	0
16	0
17	0
8	0
1	0
17	0
17	0
12	0
11	0
12	6
8	8
17	0
17	0
1	16
17	0
17	3
17	0
2	2
17	12
17	12
13	0
13	13
13	0
17	0
17	0
12	0
12	0
12	0
12	0
12	0
17	0
17	0
17	0
17	0
17	0
17	0
17	0
17	0
17	0
17	0
17	0
12	0
12	0
17	0
17	0
17	0
17	0
12	0
12	0
12	0
17	0
12	0
12	0
17	0
8	0
1	0
16	0
16	0
17	0
17	0
17	0
17	0
17	0
17	0
17	0
13	0
17	0
17	0
12	3
3	0
2	0
3	0
3	3
3	0
2	2
8	0
8	0
8	0
8	8
13	0
13	13
13	0
12	0
17	0
17	0
12	0
12	0
12	0
17	0
17	0
17	0
17	0
17	0
17	0
3	0
1	0
1	0
8	0
8	0
8	0
8	0
12	0
17	0
12	0
12	0
12	0
8	0
12	0
12	0
12	0
17	0
17	0
17	0
17	0
16	0
12	0
16	0
3	0
3	0
1	0
1	0
1	0
8	0
8	0
8	0
13	0
17	0
2	2
1	0
1	1
8	8
17	0
12	0
12	4
17	10
17	0
17	16
13	0
13	13
13	0
12	0
1	0
12	0
17	0
17	0
17	0
17	0
17	0
17	0
1	0
8	0
17	0
17	0
17	0
17	0
17	0
17	0
17	0
17	0
17	0
17	0
12	0
1	0
17	0
17	0
17	0
17	0
17	0
17	0
12	0
16	0
17	0
17	0
16	0
1	0
1	0
17	0
17	0
17	0
17	0
17	0
17	0
17	0
17	0
17	0
13	0
12	0
11	11
4	0
11	4
1	3
5	6
8	0
8	8
8	0
2	0
2	2
3	0
6	6
8	8
13	0
13	13
13	0
1	0
1	0
1	0
8	0
8	0
8	0
12	0
16	0
16	0
1	0
1	0
8	0
1	0
8	0
1	0
1	0
8	0
8	0
8	0
12	0
16	0
16	0
1	0
1	0
8	0
12	0
12	0
12	0
12	0
16	0
16	0
16	0
1	0
1	0
1	0
1	0
8	0
1	0
8	0
1	0
1	0
1	0
13	0
1	0
6	6
8	0
8	8
2	0
2	2
11	11
13	0
13	0
13	13
13	0
16	0
1	0
8	0
8	0
13	0
16	0
16	0
16	0
16	0
8	0
8	0
8	0
13	0
16	0
16	0
16	0
1	0
8	0
12	0
12	0
13	0
16	0
1	0
16	0
8	0
13	0
16	0
16	0
16	0
16	0
8	0
8	0
8	0
13	0
16	0
16	0
16	0
8	0
8	0
16	0
16	0
8	0
8	0
13	0
8	0
16	0
16	0
1	0
13	0
12	0
5	0
12	12
13	13
12	0
12	0
12	12
13	13
12	0
12	12
13	13
12	0
12	12
13	13
12	0
12	12
13	13
12	0
12	0
12	12
13	0
13	13
13	0
12	0
12	0
12	0
12	0
12	0
12	0
12	0
12	0
12	0
12	0
12	0
12	0
12	0
12	0
12	0
12	0
12	0
12	0
12	0
12	0
12	0
12	0
12	0
12	0
12	0
12	0
12	0
12	0
12	0
12	0
12	0
12	0
12	0
12	0
12	0
12	0
13	0
5	5
3	3
4	0
3	1
13	0
2	0
13	13
13	0
1	0
1	0
1	0
1	0
1	0
3	0
1	0
1	0
1	0
1	0
16	0
3	0
3	0
3	0
1	0
1	0
1	0
1	0
1	0
1	0
1	0
1	0
1	0
1	0
1	0
1	0
1	0
1	0
1	0
1	0
1	0
1	0
1	0
1	0
1	0
1	0
1	0
1	0
3	0
3	0
1	0
1	0
16	0
3	0
1	0
1	0
1	0
1	0
1	0
1	0
3	0
12	0
3	11
16	0
1	16
1	0
1	0
1	0
1	3
17	0
17	0
17	10
3	0
3	3
5	5
17	0
17	3
8	8
17	0
17	0
2	0
1	16
13	0
13	13
13	0
12	0
17	0
1	0
12	0
1	0
16	0
17	0
17	0
3	0
3	0
1	0
1	0
1	0
8	0
17	0
1	0
17	0
16	0
16	0
12	0
1	0
12	0
17	0
16	0
16	0
1	0
1	0
1	0
1	0
17	0
17	0
3	0
3	0
3	0
3	0
3	0
13	0
13	0
13	17
12	0
8	2
16	0
4	0
6	0
1	1
8	0
8	8
16	0
12	0
2	4
17	0
6	3
2	3
11	11
17	0
12	0
12	3
17	10
17	0
17	0
17	0
17	16
13	13
13	0
1	0
1	0
1	0
16	0
1	0
16	0
16	0
16	0
8	0
8	0
1	0
1	0
1	0
17	0
1	0
17	0
1	0
1	0
1	0
1	0
1	0
1	0
1	0
16	0
1	0
1	0
1	0
16	0
16	0
3	0
1	0
16	0
12	0
13	13
13	0
8	0
8	0
8	0
8	0
8	0
8	0
8	0
8	0
8	0
8	0
8	0
8	0
8	0
8	0
8	0
8	0
8	0
8	0
8	0
8	0
8	0
8	0
8	0
8	0
8	0
8	0
8	0
8	0
8	0
8	0
8	0
8	0
8	0
8	0
8	0
8	0
8	0
8	0
8	0
8	0
8	0
8	0
8	0
8	0
8	0
8	0
8	0
8	0
8	0
8	0
8	0
8	0
8	0
8	0
8	0
8	0
8	0
13	0
17	17
17	17
13	13
12	17
17	17
13	13
12	17
12	0
12	17
13	13
12	17
12	17
13	13
17	0
17	3
17	0
16	0
17	0
17	0
17	16
17	0
11	11
3	0
1	0
1	0
3	3
3	0
3	3
16	0
17	0
17	10
13	0
13	13
13	0
12	0
16	0
12	0
12	0
16	0
17	0
16	0
17	0
8	0
1	0
16	0
17	0
8	0
8	0
16	0
16	0
8	0
12	0
17	0
16	0
16	0
12	0
17	0
12	0
17	0
17	0
17	0
3	0
3	3
17	0
16	0
1	0
16	0
16	0
17	0
3	16
17	0
2	1
8	0
8	8
13	13
1	0
1	0
1	0
16	0
1	1
8	0
8	0
8	0
8	8
5	5
17	0
17	0
17	16
17	0
17	0
17	10
17	11
17	0
6	6
11	11
16	0
16	0
17	3
17	3
17	0
17	0
17	16
17	0
17	0
12	4
17	0
13	13
13	0
17	0
17	0
17	0
17	0
17	0
17	0
17	0
17	0
1	0
1	0
1	0
13	0
5	5
16	0
11	0
11	11
4	0
4	4
3	0
2	0
2	0
1	0
1	0
3	3
1	0
1	0
1	0
1	0
1	0
1	1
5	5
5	0
17	0
14	16
17	0
11	11
17	0
2	2
8	0
8	0
8	8
13	0
13	13
13	0
1	0
1	0
16	0
1	0
1	0
1	0
1	0
1	0
16	0
16	0
1	0
1	0
1	0
1	0
16	0
16	0
16	0
3	0
3	0
3	0
1	0
3	0
3	0
1	0
3	0
1	0
1	0
13	0
11	6
1	0
2	0
1	0
1	8
1	0
1	0
1	0
1	0
1	16
13	0
13	13
13	0
1	0
1	0
8	0
8	0
1	0
17	0
1	0
1	0
1	0
1	0
8	0
8	0
1	0
1	0
1	0
1	0
8	0
8	0
8	0
12	0
12	0
1	0
1	0
8	0
8	0
12	0
1	0
1	0
1	0
1	0
8	0
16	0
16	0
1	0
1	0
1	0
1	0
1	0
1	0
1	0
1	0
8	0
8	0
8	0
12	0
12	0
12	0
3	0
1	0
16	8
16	0
3	16
3	0
6	6
1	0
1	0
1	0
1	8
17	0
8	3
13	13
13	0
1	0
16	0
16	0
8	0
16	0
1	0
16	0
1	0
16	0
16	0
16	0
16	0
1	0
1	0
1	0
1	0
8	0
8	0
8	0
8	0
3	0
1	0
8	0
8	0
8	0
8	0
1	0
8	0
1	0
16	0
16	0
3	0
3	0
16	0
16	0
16	0
8	0
1	0
1	0
1	0
1	0
8	0
8	0
8	0
12	0
13	0
13	17
12	11
4	0
4	4
3	3
2	2
6	6
8	0
8	0
8	8
17	0
2	2
17	12
17	12
16	0
2	0
16	3
13	0
13	13
13	0
13	0
12	0
16	0
8	0
8	0
8	0
12	0
12	0
8	0
8	0
17	0
1	0
1	0
1	0
16	0
16	0
8	0
8	0
8	0
13	0
12	0
1	0
16	0
8	0
8	0
13	0
12	0
3	0
8	0
3	0
3	0
8	0
8	0
8	0
8	0
17	0
1	0
17	0
17	0
17	0
2	3
16	0
2	0
11	4
1	0
1	1
1	0
1	2
17	0
17	0
17	0
17	17
17	17
17	17
1	0
1	0
1	16
13	13
13	0
3	0
1	0
1	0
1	0
1	0
16	0
16	0
16	0
1	0
1	0
1	0
17	0
17	0
17	0
8	0
17	0
17	0
1	0
16	0
16	0
1	0
1	0
1	0
16	0
16	0
16	0
3	0
16	0
16	0
1	0
1	0
1	0
1	0
1	0
1	0
1	0
17	0
17	0
17	0
13	0
11	0
11	11
4	0
11	4
3	0
3	5
3	0
2	0
3	0
3	3
3	0
1	0
1	1
13	0
13	13
13	0
12	0
1	0
1	0
1	0
1	0
1	0
12	0
3	0
1	0
1	0
1	0
3	0
3	0
3	0
1	0
1	0
1	0
1	0
1	0
12	0
1	0
1	0
1	0
1	0
1	0
1	0
1	0
12	0
1	0
16	0
16	0
16	0
16	0
16	0
3	0
1	0
3	0
3	0
3	0
1	0
1	0
1	0
1	0
12	0
4	0
4	0
11	4
11	0
6	11
17	0
17	0
17	3
1	0
1	0
1	1
5	5
1	0
1	0
1	0
1	2
1	0
1	0
1	1
2	0
2	0
2	0
16	0
16	0
16	16
13	13
13	0
16	0
17	0
1	0
8	0
1	0
1	0
1	0
16	0
8	0
8	0
8	0
1	0
17	0
16	0
1	0
1	0
8	0
8	0
16	0
16	0
16	0
3	0
8	0
17	0
17	0
8	0
8	0
1	0
1	0
1	0
1	0
1	0
8	0
13	0
8	17
12	2
17	12
17	12
17	0
11	4
5	6
12	0
5	0
12	0
12	12
8	0
8	8
13	0
13	0
13	13
13	0
8	0
17	0
8	0
8	0
12	0
12	0
12	0
17	0
8	0
8	0
8	0
12	0
12	0
12	0
12	0
8	0
16	0
12	0
12	0
12	0
1	0
8	0
17	0
8	0
8	0
12	0
12	0
8	0
8	0
12	0
12	0
12	0
17	0
8	0
8	0
8	0
12	0
12	0
12	0
12	0
12	0
13	0
9	0
13	0
1	0
1	0
1	0
1	8
5	5
1	0
1	1
2	2
12	0
5	0
12	0
12	12
16	2
1	0
1	0
1	6
8	0
8	8
5	5
8	0
8	8
3	0
3	11
16	0
11	11
3	0
1	0
3	3
3	0
3	16
3	3
12	0
12	0
12	0
12	8
3	0
3	0
3	0
16	0
16	0
16	16
13	0
13	0
13	13
13	0
3	0
1	0
1	0
16	0
16	0
16	0
1	0
3	0
1	0
1	0
1	0
12	0
12	0
12	0
3	7
11	11
8	0
2	0
2	0
1	2
1	0
1	0
1	0
1	1
8	0
8	0
8	8
13	0
13	13
13	0
1	0
17	0
8	0
8	0
8	0
12	0
12	0
17	0
17	0
1	0
1	0
1	0
1	0
1	0
1	0
1	0
8	0
8	0
12	0
12	0
1	0
1	0
1	0
1	0
8	0
12	0
12	0
12	0
1	0
1	0
12	0
1	0
8	0
1	0
1	0
1	0
1	0
1	0
1	0
1	0
1	0
1	0
13	0
16	16
3	0
2	0
3	0
3	3
12	0
8	0
8	8
13	13
13	0
3	0
3	0
3	0
8	0
1	0
3	0
1	0
3	0
1	0
8	0
8	0
8	0
1	0
3	0
1	0
1	0
8	0
8	0
8	0
8	0
1	0
3	0
3	0
8	0
8	0
1	0
1	0
1	0
1	0
8	0
8	0
8	0
8	0
1	0
3	0
3	0
8	0
3	0
3	0
3	0
1	0
8	0
8	0
8	0
1	0
3	0
3	0
3	0
8	0
17	0
6	2
8	8
16	0
17	0
1	4
2	3
17	3
17	0
17	0
17	0
17	4
13	0
13	13
13	0
17	0
17	0
17	0
17	0
17	0
17	0
17	0
17	0
17	0
17	0
16	0
16	0
16	0
17	0
17	0
17	0
17	0
17	0
17	0
17	0
17	0
17	0
17	0
17	0
17	0
17	0
17	0
17	0
17	0
17	0
16	0
1	0
16	0
16	0
16	0
16	0
17	0
17	0
17	0
17	0
17	0
17	0
17	0
17	0
17	0
13	0
11	6
11	0
11	4
1	3
1	0
1	1
13	0
13	13
13	0
1	0
1	0
1	0
1	0
1	0
16	0
16	0
1	0
1	0
1	0
1	0
12	0
17	0
16	0
16	0
1	0
1	0
1	0
1	0
12	0
17	0
12	0
1	0
1	0
8	0
16	0
16	0
1	0
1	0
1	0
1	0
12	0
12	0
17	0
16	0
16	0
16	0
8	0
16	0
16	0
3	0
1	0
1	0
12	0
12	0
17	0
1	0
1	0
16	0
8	0
17	0
17	0
17	0
17	10
3	3
17	0
17	1
3	0
3	5
1	3
1	0
1	1
1	0
16	16
11	11
13	13
13	0
1	0
1	0
16	0
16	0
1	0
3	0
1	0
3	0
17	0
16	0
17	0
17	0
3	0
1	0
1	0
1	0
1	0
1	0
1	0
1	0
3	0
1	0
17	0
17	0
17	0
1	0
3	0
1	0
17	0
17	0
17	0
17	0
17	0
17	0
17	0
17	0
17	0
3	0
1	0
1	0
1	0
1	0
1	0
11	0
11	11
11	4
1	6
3	0
1	1
8	0
8	0
8	0
13	0
8	8
16	0
16	16
5	5
3	0
16	3
11	4
3	3
1	0
12	0
1	1
16	0
2	0
2	3
16	0
4	0
1	0
4	16
13	13
14	0
6	0
14	14
3	0
11	11
1	0
11	0
11	11
11	4
16	0
4	0
1	0
4	16
1	0
1	0
1	0
1	0
16	16
13	13
13	0
1	0
1	0
1	0
1	0
1	0
8	0
8	0
1	0
16	0
16	0
16	0
13	0
11	11
17	0
11	4
1	3
1	1
17	0
17	0
12	4
13	0
13	0
13	13
13	0
1	0
1	0
1	0
12	0
13	0
1	0
1	0
17	0
17	0
1	0
1	0
12	0
1	0
17	0
17	0
17	0
17	0
12	0
12	0
12	0
13	0
3	0
1	0
1	0
12	0
13	0
17	0
17	0
17	0
17	0
12	0
12	0
12	0
1	0
1	0
1	0
1	0
1	0
17	0
17	0
17	0
12	0
12	0
12	0
12	0
13	0
3	0
13	0
1	0
1	0
8	0
14	3
6	0
6	4
1	3
1	0
1	0
1	1
8	0
8	0
8	0
8	8
5	0
3	4
3	0
3	11
6	4
1	0
1	0
1	0
1	16
8	0
8	0
8	8
16	0
16	16
13	13
13	0
1	0
1	0
1	0
16	0
16	0
1	0
16	0
1	0
1	0
1	0
1	0
1	0
1	0
1	0
8	0
1	0
1	0
1	0
1	0
16	0
8	0
8	0
1	0
1	0
1	0
1	0
1	0
1	0
16	0
13	0
11	11
2	2
6	6
8	0
8	0
8	0
8	8
4	0
11	4
11	0
3	0
3	3
3	0
3	0
3	16
3	0
3	3
8	0
2	0
2	2
8	0
8	0
8	8
12	0
12	0
12	0
12	4
13	0
13	13
13	0
1	0
1	0
1	0
1	0
12	0
1	0
17	0
1	0
1	0
1	0
1	0
3	0
12	0
8	0
17	0
1	0
1	0
8	0
1	0
1	0
1	0
16	0
16	0
16	0
16	0
3	0
16	0
3	0
3	0
13	0
11	4
3	0
3	3
3	2
3	0
3	3
3	0
3	0
3	16
5	5
3	3
3	0
16	0
1	3
17	0
17	0
17	10
17	0
11	0
11	10
13	0
13	0
13	13
13	0
16	0
16	0
16	0
1	0
16	0
12	0
1	0
1	0
1	0
1	0
1	0
17	0
17	0
16	0
17	0
1	0
8	0
8	0
12	0
13	0
16	0
16	0
16	0
16	0
3	0
3	0
1	0
1	0
3	0
1	0
1	0
3	0
3	0
1	0
1	0
13	0
13	0
13	17
12	6
8	0
8	0
8	8
4	0
11	4
2	0
3	5
2	2
3	0
11	3
6	6
17	17
17	17
13	0
13	0
13	13
13	0
13	0
1	0
1	0
16	0
16	0
13	0
13	0
16	0
16	0
1	0
1	0
1	0
3	0
1	0
1	0
1	0
16	0
16	0
13	0
13	0
3	0
16	0
1	0
1	0
13	0
13	0
13	0
1	0
1	0
1	0
8	0
16	0
1	0
1	0
1	0
1	0
1	0
3	0
1	0
17	0
3	3
5	6
6	0
1	0
1	1
1	0
1	0
1	1
8	8
3	0
2	0
3	0
3	3
2	0
6	0
6	2
8	0
8	8
4	0
11	4
1	3
16	0
1	1
13	0
13	13
13	0
1	0
1	0
1	0
1	0
1	0
16	0
3	0
1	0
1	0
1	0
1	0
1	0
3	0
16	0
1	0
1	0
1	0
1	0
1	0
1	0
1	0
1	0
1	0
1	0
1	0
1	0
1	0
8	0
8	0
1	0
16	0
3	0
2	0
13	0
14	0
11	11
1	0
1	0
1	16
1	0
11	11
3	0
11	3
3	0
3	3
13	0
13	0
14	0
14	14
6	0
6	3
8	0
1	0
1	0
1	1
4	0
4	0
4	4
5	5
14	0
11	11
6	0
6	3
17	0
17	16
17	10
16	0
4	0
4	16
5	5
1	0
16	0
16	0
16	0
16	16
13	0
13	0
13	13
13	0
16	0
16	0
16	0
16	0
16	0
16	0
16	0
17	0
17	0
17	0
8	0
1	0
16	0
16	0
17	0
17	0
11	11
4	4
3	3
17	0
3	3
17	10
17	0
17	0
17	16
3	11
17	6
8	0
8	8
17	0
11	4
13	0
13	0
13	13
13	0
3	0
3	0
1	0
1	0
1	0
1	0
17	0
17	0
17	0
17	0
17	0
1	0
1	0
1	0
1	0
1	0
1	0
1	0
1	0
13	0
17	0
1	0
1	0
1	0
1	0
12	0
16	0
3	0
3	0
3	0
17	0
17	0
17	0
17	0
17	0
17	0
17	0
1	0
1	0
12	0
14	0
12	0
11	11
4	0
11	4
2	0
2	2
9	0
8	17
8	17
1	0
1	0
1	2
8	0
8	0
8	0
8	8
5	5
3	11
17	0
17	0
17	16
2	0
2	0
3	2
6	0
3	0
1	0
1	1
8	0
8	0
8	8
1	0
2	0
2	0
1	0
16	16
13	0
13	13
13	0
16	0
16	0
1	0
1	0
1	0
3	0
16	0
16	0
3	0
3	0
16	0
1	0
1	0
8	0
1	0
1	0
1	0
1	0
1	0
12	0
16	0
16	16
3	0
3	0
1	0
1	3
11	6
1	0
1	0
1	0
1	16
8	0
17	0
2	10
2	0
6	6
8	0
8	0
8	8
16	0
16	0
16	16
13	13
13	0
3	0
3	0
8	0
8	0
8	0
8	0
8	0
8	0
8	0
8	0
8	0
1	0
1	0
16	0
8	0
8	0
16	0
16	0
8	0
8	0
3	0
8	0
3	0
16	0
1	0
1	0
1	0
8	0
8	0
8	0
8	0
8	0
8	0
8	0
8	0
12	0
13	0
12	17
17	4
17	0
6	3
17	0
17	0
17	3
17	10
17	0
17	0
17	16
5	0
17	5
3	2
2	0
2	0
2	3
1	0
12	0
17	0
17	0
16	0
16	16
13	0
13	13
13	0
12	0
17	0
17	0
17	0
17	0
12	0
12	0
12	0
1	0
1	0
12	0
12	0
17	0
1	0
8	0
1	0
16	0
8	0
8	0
12	0
12	0
17	0
17	0
17	0
17	0
17	0
17	0
17	0
17	0
17	0
17	0
17	0
13	0
11	11
3	0
3	3
8	8
13	0
13	0
13	13
13	0
1	0
16	0
8	0
16	0
16	0
16	0
16	0
1	0
1	0
8	0
8	0
8	0
1	0
16	0
1	0
1	0
8	0
8	0
8	0
8	0
1	0
8	0
8	0
16	0
1	0
16	0
16	0
16	0
16	0
8	0
8	0
12	0
8	0
1	0
16	0
16	0
16	0
16	0
16	0
16	0
1	0
1	0
8	0
12	0
8	0
1	0
16	0
16	0
16	0
16	0
16	0
17	0
16	0
16	16
1	0
3	0
1	0
1	3
17	0
11	14
11	0
11	11
17	0
3	3
17	3
1	6
1	0
1	1
8	0
8	0
8	8
17	4
13	0
13	13
13	0
12	0
1	0
16	0
16	0
16	0
16	0
16	0
16	0
17	0
1	0
1	0
1	0
1	0
1	0
8	0
8	0
16	0
16	0
16	0
12	0
1	0
1	0
16	0
16	0
16	0
1	0
1	0
1	0
16	0
16	0
16	0
8	0
8	0
17	0
1	0
1	0
12	0
3	0
11	11
11	0
11	4
1	0
3	0
1	0
1	3
1	0
3	0
1	0
1	0
1	1
5	0
3	5
12	0
12	0
12	0
8	8
17	0
6	0
17	0
17	14
17	3
17	4
13	13
13	0
3	0
1	0
1	0
1	0
1	0
1	0
1	0
1	0
1	0
1	0
1	0
1	0
16	0
16	0
1	0
17	0
17	0
17	0
1	0
3	0
3	0
16	0
1	0
1	0
1	0
1	0
1	0
1	0
1	0
1	0
1	0
1	0
13	0
13	0
13	17
17	4
17	3
3	10
17	0
17	0
16	16
3	11
17	0
6	14
17	6
8	0
8	0
8	0
8	0
8	0
8	0
8	17
17	0
11	4
13	13
13	0
1	0
1	0
1	0
1	0
1	0
1	0
1	0
1	0
1	0
1	0
1	0
1	0
1	0
1	0
1	0
1	0
8	0
1	0
1	0
1	0
1	0
16	0
8	0
13	0
1	0
1	0
17	0
17	0
17	0
17	0
1	0
1	0
1	0
1	0
1	0
1	0
12	0
11	0
11	11
3	0
16	0
16	0
16	16
2	0
6	3
1	0
1	0
1	2
8	0
8	0
8	8
2	2
12	0
12	0
12	12
13	0
13	13
13	0
12	0
12	0
12	0
12	0
12	0
12	0
12	0
1	0
1	0
1	0
8	0
8	0
8	0
16	0
12	0
12	0
12	0
12	0
8	0
12	0
12	0
12	0
1	0
12	0
8	0
16	0
16	0
16	0
16	0
16	0
16	0
1	0
1	0
1	0
1	0
8	0
8	0
8	0
17	0
11	0
3	0
3	3
17	0
17	16
17	0
11	11
17	0
17	0
17	10
17	0
17	0
17	16
17	0
11	14
17	0
11	11
17	3
2	2
12	12
17	4
17	0
17	3
13	13
13	0
17	0
1	0
1	0
1	0
1	0
17	0
1	0
16	0
1	0
16	0
8	0
1	0
17	0
1	0
1	0
12	0
1	0
17	0
17	0
16	0
1	0
1	0
17	0
17	0
17	0
17	0
1	0
1	0
1	0
8	0
17	0
17	0
17	0
8	0
13	0
11	11
8	0
8	0
8	0
8	0
8	0
8	8
16	0
2	3
13	0
13	13
13	0
1	0
1	0
1	0
8	0
12	0
12	0
1	0
1	0
16	0
16	0
16	0
3	0
12	0
8	0
16	0
16	0
16	0
8	0
8	0
12	0
12	0
1	0
16	0
1	0
3	0
12	0
8	0
16	0
16	0
16	0
16	0
16	0
3	0
1	0
16	0
1	0
1	0
8	0
8	0
16	0
16	0
8	0
8	0
8	0
12	0
12	0
1	0
12	0
3	0
3	0
3	3
3	0
1	0
3	1
8	0
8	8
5	5
6	0
6	6
8	0
8	8
16	0
12	16
8	0
8	0
8	8
13	0
13	13
13	0
12	0
1	0
3	0
16	0
8	0
3	0
12	0
8	0
16	0
1	0
1	0
16	0
16	0
16	0
16	0
16	0
1	0
8	0
16	0
12	0
12	0
1	0
16	0
16	0
8	0
3	0
3	0
16	0
16	0
1	0
1	0
8	0
16	0
16	0
1	0
1	0
1	0
16	0
12	0
16	0
16	16
3	0
3	11
3	0
3	3
8	0
8	8
13	0
13	13
13	0
3	0
8	0
8	0
1	0
1	0
12	0
3	0
1	0
1	0
1	0
8	0
8	0
1	0
3	0
1	0
1	0
8	0
8	0
8	0
12	0
12	0
3	0
1	0
1	0
8	0
12	0
3	0
1	0
1	0
1	0
8	0
8	0
8	0
1	0
3	0
16	0
3	0
3	0
1	0
1	0
1	0
1	0
8	0
12	0
12	0
1	0
3	0
1	0
12	0
4	0
3	7
13	0
2	0
13	13
13	0
1	0
1	0
1	0
12	0
12	0
1	0
1	0
1	0
1	0
1	0
12	0
12	0
12	0
1	0
1	0
1	0
1	0
12	0
12	0
12	0
1	0
1	0
1	0
12	0
12	0
1	0
1	0
1	0
1	0
1	0
12	0
13	0
12	0
1	0
1	0
1	0
1	0
1	0
12	0
1	0
1	0
1	0
1	0
12	0
12	0
1	0
1	0
1	0
1	0
1	0
1	0
1	0
1	0
13	0
17	17
17	17
17	17
13	0
13	0
13	13
13	0
17	0
17	0
17	0
17	0
17	0
17	0
17	0
17	0
17	0
17	0
17	0
17	0
17	0
17	0
17	0
17	0
17	0
17	0
17	0
17	0
17	0
17	0
17	0
17	0
17	0
17	0
17	0
17	0
17	0
17	0
17	0
17	0
17	0
17	0
17	0
17	0
17	0
17	0
17	0
17	0
17	0
17	0
17	0
17	0
17	0
17	0
17	0
17	0
17	0
17	0
17	0
17	0
12	0
12	0
12	7
13	0
13	13
13	0
12	0
12	0
12	0
12	0
12	0
12	0
1	0
12	0
12	0
12	0
12	0
12	0
12	0
1	0
12	0
12	0
12	0
12	0
12	0
12	0
12	0
12	0
12	0
12	0
12	0
12	0
12	0
1	0
12	0
12	0
12	0
12	0
12	0
12	0
1	0
1	0
12	0
12	0
12	0
12	0
12	0
12	0
12	0
12	0
12	0
12	0
1	0
1	0
12	0
12	0
12	0
12	0
1	0
1	0
17	0
17	0
6	6
17	0
17	16
17	0
1	3
2	3
17	3
17	0
17	6
8	0
8	8
13	0
13	13
13	0
17	0
16	0
16	0
16	0
17	0
17	0
17	0
17	0
1	0
16	0
16	0
17	0
17	0
17	0
17	0
1	0
1	0
8	0
12	0
17	0
17	0
1	0
1	0
16	0
17	0
17	0
17	0
17	0
17	0
16	0
16	0
17	0
17	0
17	0
17	0
16	0
17	0
17	0
17	0
1	0
1	0
1	0
16	0
12	0
12	0
1	0
2	2
2	0
6	6
8	8
16	0
16	0
16	16
3	0
6	11
3	0
3	0
1	0
1	3
11	11
3	3
2	2
12	12
12	12
13	13
13	0
1	0
3	0
1	0
1	0
12	0
12	0
3	0
16	0
3	0
3	0
1	0
1	0
3	0
8	0
3	0
3	0
1	0
12	0
12	0
1	0
3	0
3	0
1	0
12	0
12	0
1	0
1	0
8	0
1	0
1	0
16	0
16	0
3	0
3	0
3	0
1	0
1	0
1	0
12	0
12	6
12	0
12	0
8	0
8	0
8	8
5	5
3	3
16	0
16	0
16	3
11	11
13	0
13	13
13	0
12	0
1	0
1	0
1	0
12	0
12	0
12	0
16	0
16	0
16	0
16	0
16	0
16	0
3	0
16	0
16	0
3	0
1	0
12	0
12	0
12	0
16	0
16	0
3	0
8	0
12	0
12	0
12	0
1	0
16	0
16	0
16	0
16	0
16	0
16	0
16	0
16	0
3	0
3	0
16	0
16	0
1	0
1	0
12	0
17	0
17	11
4	0
2	16
3	7
13	0
13	13
13	0
17	0
17	0
17	0
17	0
17	0
8	0
8	0
17	0
17	0
17	0
17	0
17	0
17	0
8	0
8	0
17	0
17	0
17	0
12	0
17	0
17	0
17	0
12	0
12	0
17	0
8	0
8	0
8	0
16	0
17	0
17	0
17	0
17	0
17	0
8	0
8	0
16	0
17	0
8	0
8	0
17	0
17	0
12	0
12	0
17	0
17	0
8	0
16	0
16	0
17	0
8	0
8	0
13	0
12	12
4	0
11	4
12	0
12	6
8	8
2	2
2	6
1	0
1	0
1	0
1	0
1	0
1	1
8	0
1	0
8	0
8	0
8	0
8	0
8	0
8	8
13	0
13	13
13	0
12	0
3	0
16	0
1	0
1	0
1	0
1	0
1	0
1	0
1	0
1	0
12	0
1	0
1	0
1	0
1	0
8	0
8	0
8	0
12	0
1	0
3	0
12	0
12	0
12	0
12	0
8	0
8	0
1	0
1	0
1	0
1	0
1	0
1	0
3	0
16	0
5	5
3	3
13	0
13	0
13	13
13	0
1	0
1	0
3	0
1	0
1	0
16	0
16	0
16	0
3	0
3	0
3	0
3	0
1	0
16	0
16	0
3	0
3	0
3	0
3	0
16	0
1	0
16	0
3	0
1	0
1	0
16	0
16	0
16	0
1	0
3	0
3	0
3	0
1	0
1	0
16	0
16	0
3	0
3	0
16	0
16	0
16	0
3	0
3	0
3	0
1	0
1	0
16	0
1	0
3	0
3	0
3	0
1	0
12	0
3	0
12	0
12	7
13	0
13	0
13	13
13	0
12	0
8	0
1	0
12	0
12	0
1	0
1	0
1	0
1	0
1	0
1	0
12	0
1	0
1	0
1	0
1	0
1	0
12	0
12	0
12	0
12	0
12	0
1	0
12	0
12	0
12	0
1	0
1	0
1	0
1	0
12	0
12	0
12	0
1	0
1	0
1	0
1	0
1	0
1	0
1	0
1	0
1	0
12	0
12	0
12	0
12	0
1	0
1	0
1	0
1	0
12	0
1	0
13	0
17	0
17	0
17	17
17	0
17	17
17	17
17	17
17	17
13	0
13	13
13	0
17	0
17	0
17	0
17	0
17	0
17	0
17	0
17	0
17	0
17	0
17	0
17	0
17	0
17	0
17	0
17	0
17	0
17	0
17	0
17	0
13	0
17	0
17	0
17	0
17	0
13	0
17	0
17	0
17	0
17	0
17	0
17	0
17	0
17	0
17	0
17	0
17	0
17	0
17	0
17	0
17	0
17	0
17	0
17	0
17	0
13	0
17	0
17	0
13	0
9	0
17	17
17	17
17	0
8	0
8	17
9	9
8	0
12	17
17	17
13	0
13	0
13	0
13	13
13	0
17	0
16	0
17	0
12	0
13	0
16	0
17	0
17	0
17	0
17	0
17	0
16	0
17	0
17	0
16	0
16	0
17	0
13	0
13	0
13	0
8	0
8	0
16	0
13	0
13	0
13	0
16	0
17	0
8	0
17	0
17	0
17	0
8	0
17	0
17	0
17	0
16	0
16	0
17	0
16	0
16	0
17	0
17	0
13	0
11	0
11	0
11	11
4	4
3	0
1	0
16	3
3	2
6	6
8	0
8	8
1	0
1	16
5	5
4	0
4	4
11	0
11	11
3	0
1	0
3	3
1	0
1	0
1	0
1	0
16	0
16	16
13	13
13	0
1	0
1	0
1	0
16	0
16	0
3	0
3	0
3	0
1	0
1	0
1	0
1	0
1	0
1	0
1	0
1	0
1	0
1	0
1	0
3	0
1	0
1	0
1	0
1	0
1	0
1	0
1	0
1	0
1	0
1	0
1	0
12	0
3	2
8	0
8	8
4	0
4	4
2	6
12	0
12	8
5	5
12	6
12	0
8	0
8	0
8	8
3	0
1	0
16	0
16	16
13	13
14	0
11	0
11	11
16	0
3	4
3	0
2	2
1	0
1	0
1	1
8	0
8	0
8	0
8	8
16	0
16	0
16	0
4	16
1	0
1	0
2	16
2	0
2	0
2	2
1	0
1	0
1	0
1	0
1	0
1	0
1	1
8	0
8	0
8	0
8	0
8	0
8	8
13	13
5	5
13	0
8	0
2	0
6	0
6	2
8	8
13	13
13	0
1	0
1	0
1	0
8	0
16	0
8	0
16	0
1	0
1	0
16	0
16	0
8	0
16	0
8	0
16	0
1	0
1	0
8	0
16	0
8	0
16	0
1	0
1	0
16	0
16	0
8	0
16	0
1	0
1	0
1	0
8	0
16	0
8	0
1	0
8	0
8	0
16	0
1	0
8	0
8	0
1	0
1	0
1	0
1	0
8	0
16	0
1	0
1	0
1	0
1	0
8	0
16	0
16	0
13	0
16	0
11	11
16	0
16	0
16	0
3	16
16	0
11	11
13	0
13	0
13	13
13	0
16	0
16	0
16	0
8	0
13	0
16	0
16	0
16	0
16	0
16	0
16	0
8	0
16	0
16	0
16	0
16	0
16	0
8	0
12	0
12	0
13	0
16	0
16	0
16	0
12	0
13	0
16	0
16	0
16	0
16	0
16	0
16	0
8	0
16	0
16	0
16	0
16	0
16	0
16	0
16	0
16	0
16	0
8	0
12	0
12	0
13	0
16	0
12	0
8	8
16	0
16	16
2	2
12	12
12	12
4	0
11	4
8	0
8	0
8	8
13	0
13	13
13	0
12	0
16	0
8	0
8	0
12	0
16	0
16	0
1	0
1	0
16	0
16	0
16	0
16	0
16	0
1	0
1	0
8	0
8	0
8	0
12	0
12	0
8	0
16	0
12	0
12	0
12	0
16	0
16	0
1	0
1	0
16	0
16	0
16	0
16	0
16	0
8	0
12	0
1	0
1	0
1	0
8	0
8	0
8	0
8	0
12	0
13	0
2	0
2	2
8	0
8	0
8	0
8	0
8	8
2	2
4	0
4	0
9	4
3	3
6	6
13	13
1	0
1	1
13	13
8	0
8	8
16	0
3	4
13	0
13	0
13	13
13	0
16	0
16	0
16	0
16	0
16	0
16	0
8	0
8	0
8	0
8	0
16	0
12	0
1	0
16	0
16	0
16	0
16	0
16	0
12	0
13	0
8	0
16	0
1	0
1	0
16	0
16	0
16	0
16	0
8	0
3	0
3	0
3	0
3	0
8	0
12	0
3	0
6	3
11	0
11	4
5	6
1	0
1	8
8	0
12	0
12	0
12	4
13	0
13	13
13	0
17	0
1	0
12	0
12	0
17	0
16	0
16	0
8	0
16	0
1	0
8	0
1	0
1	0
8	0
16	0
8	0
16	0
16	0
12	0
12	0
12	0
16	0
16	0
12	0
12	0
12	0
8	0
8	0
8	0
16	0
16	0
16	0
16	0
1	0
1	0
1	0
1	0
1	0
8	0
16	0
16	0
16	0
16	0
12	0
12	0
12	0
4	0
4	4
11	0
11	0
1	0
1	3
16	16
13	0
13	13
13	0
12	0
3	0
16	0
16	0
12	0
12	0
8	0
1	0
8	0
8	0
16	0
16	0
12	0
8	0
8	0
8	0
8	0
8	0
16	0
8	0
12	0
3	0
8	0
16	0
8	0
12	0
12	0
16	0
8	0
8	0
8	0
16	0
16	0
12	0
3	0
8	0
8	0
3	0
3	0
3	0
8	0
8	0
16	0
16	0
12	0
12	0
3	0
3	0
16	0
12	0
17	0
17	0
17	7
3	7
17	6
17	0
17	0
17	0
17	16
3	3
17	0
17	1
17	0
11	10
13	13
13	0
17	0
17	0
17	0
17	0
17	0
8	0
17	0
17	0
17	0
17	0
17	0
17	0
17	0
16	0
17	0
17	0
17	0
17	0
17	0
12	0
1	0
16	0
8	0
17	0
17	0
17	0
12	0
1	0
8	0
17	0
17	0
17	0
17	0
17	0
17	0
17	0
17	0
17	0
17	0
17	0
17	0
17	0
17	0
12	0
12	0
12	0
12	7
13	0
12	0
13	13
13	0
12	0
8	0
8	0
8	0
1	0
1	0
1	0
1	0
12	0
12	0
12	0
12	0
1	0
1	0
1	0
8	0
1	0
12	0
12	0
8	0
1	0
1	0
8	0
8	0
12	0
1	0
1	0
1	0
12	0
1	0
12	0
12	0
8	0
12	0
1	0
1	0
8	0
1	0
1	0
16	0
1	0
16	0
12	0
12	0
12	0
12	0
1	0
1	0
8	0
1	0
1	0
1	0
17	0
17	0
17	0
12	0
12	10
17	0
17	4
17	0
17	0
17	10
17	0
17	0
17	4
13	13
13	0
17	0
17	0
17	0
17	0
17	0
17	0
17	0
17	0
17	0
17	0
17	0
17	0
17	0
17	0
17	0
17	0
17	0
17	0
17	0
17	0
17	0
17	0
17	0
17	0
17	0
17	0
17	0
17	0
17	0
17	0
17	0
17	0
17	0
17	0
17	0
17	0
17	0
17	0
17	0
17	0
17	0
17	0
17	0
17	0
17	0
13	0
12	0
12	4
17	0
17	0
17	3
2	0
17	10
1	0
17	0
17	0
17	16
5	5
4	0
4	4
2	0
11	0
11	11
17	0
12	6
12	0
12	0
8	8
1	0
17	0
1	16
17	0
17	11
17	0
2	0
2	2
17	0
17	0
17	16
2	2
12	0
12	0
12	12
13	13
13	0
1	0
12	0
1	0
8	0
12	0
8	0
1	0
12	0
8	0
16	0
1	0
1	0
8	0
1	0
1	0
1	0
1	0
8	0
8	0
3	0
13	0
3	11
16	0
16	0
16	16
11	11
11	0
11	11
13	13
13	13
17	0
17	0
17	17
17	17
13	13
13	0
13	0
17	0
17	0
17	0
17	0
17	0
13	0
13	0
17	0
11	0
11	0
11	0
3	0
3	0
13	0
17	0
17	0
17	0
17	0
13	0
13	0
17	0
17	0
17	0
17	0
1	0
13	0
13	0
1	0
17	0
1	0
3	0
16	0
16	0
11	0
11	0
11	0
3	0
1	0
17	0
17	0
17	0
17	0
17	0
13	0
13	13
8	7
13	0
13	0
13	13
13	0
1	0
8	0
8	0
12	0
13	0
16	0
1	0
8	0
16	0
12	0
12	0
12	0
13	0
1	0
8	0
8	0
1	0
12	0
13	0
12	0
1	0
8	0
8	0
12	0
13	0
12	0
1	0
1	0
8	0
16	0
12	0
13	0
12	0
12	0
1	0
1	0
8	0
12	0
12	0
17	0
1	0
8	0
16	0
12	0
12	0
12	0
1	0
8	0
8	0
12	0
12	0
1	0
1	0
13	0
1	6
8	0
8	0
8	8
13	13
13	0
1	0
1	0
1	0
8	0
16	0
1	0
1	0
1	0
1	0
8	0
8	0
8	0
1	0
1	0
1	0
1	0
1	0
8	0
8	0
8	0
1	0
1	0
1	0
8	0
1	0
1	0
1	0
1	0
1	0
8	0
8	0
1	0
1	0
1	0
1	0
1	0
1	0
1	0
8	0
1	0
1	0
8	0
8	0
8	0
8	0
1	0
1	0
1	0
1	0
1	0
8	0
1	0
1	0
12	0
13	13
13	0
8	0
8	0
8	0
8	0
8	0
8	0
8	0
8	0
8	0
8	0
8	0
8	0
8	0
8	0
8	0
8	0
8	0
8	0
8	0
8	0
8	0
8	0
8	0
8	0
8	0
8	0
8	0
8	0
8	0
8	0
8	0
8	0
8	0
8	0
8	0
8	0
8	0
8	0
8	0
8	0
8	0
8	0
8	0
8	0
8	0
8	0
8	0
8	0
8	0
8	0
8	0
8	0
8	0
8	0
8	0
8	0
8	0
13	0
13	0
13	17
11	0
11	3
4	0
2	16
11	11
11	11
3	0
17	0
17	16
17	0
17	0
17	10
3	11
3	0
11	11
11	0
4	4
13	0
13	13
13	0
16	0
16	0
1	0
1	0
1	0
16	0
12	0
17	0
3	0
17	0
17	0
1	0
16	0
16	0
1	0
1	0
1	0
1	0
1	0
13	0
16	0
16	0
1	0
1	0
1	0
1	0
1	0
3	0
8	0
16	0
16	0
3	0
17	0
3	0
17	0
17	0
17	0
12	0
11	11
16	0
16	0
12	16
2	2
12	0
12	12
5	5
11	11
16	0
16	0
3	16
16	0
11	11
17	0
17	0
17	10
17	0
11	2
2	2
12	0
12	0
12	12
13	0
13	13
13	0
17	0
12	0
12	0
12	0
17	0
16	0
16	0
16	0
1	0
16	0
17	0
17	0
17	0
16	0
1	0
12	0
12	0
12	0
16	0
17	0
1	0
12	0
12	0
16	0
16	0
8	0
16	0
16	0
16	0
16	0
16	0
16	0
16	0
13	0
3	11
14	0
6	0
3	14
6	0
6	3
17	0
17	0
17	0
17	0
17	16
1	3
16	0
16	16
13	0
13	0
13	13
13	0
16	0
16	0
16	0
16	0
16	0
12	0
13	0
16	0
16	0
1	0
17	0
17	0
17	0
1	0
1	0
1	0
16	0
16	0
12	0
13	0
16	0
16	0
8	0
1	0
16	0
12	0
16	0
16	0
16	0
16	0
16	0
16	0
8	0
8	0
1	0
17	0
17	0
17	0
1	0
1	0
1	0
12	0
8	0
12	0
12	0
12	7
12	0
8	8
13	0
13	13
13	0
12	0
12	0
12	0
8	0
12	0
12	0
12	0
17	0
12	0
12	0
12	0
12	0
12	0
17	0
12	0
12	0
12	0
12	0
12	0
12	0
12	0
12	0
12	0
12	0
12	0
12	0
12	0
1	0
12	0
12	0
12	0
12	0
12	0
12	0
12	0
12	0
8	0
12	0
12	0
12	0
12	0
12	0
12	0
12	0
12	0
12	0
12	0
1	0
8	0
8	0
16	0
11	0
11	4
6	11
8	0
8	0
8	8
16	0
5	5
11	0
11	11
13	13
13	0
16	0
16	0
1	0
8	0
16	0
16	0
16	0
16	0
16	0
16	0
1	0
8	0
16	0
16	0
16	0
16	0
16	0
1	0
1	0
8	0
16	0
1	0
16	0
1	0
8	0
16	0
16	0
16	0
16	0
16	0
16	0
1	0
8	0
16	0
16	0
16	0
16	0
1	0
8	0
16	0
16	0
16	0
1	0
1	0
8	0
16	0
1	0
12	0
13	0
12	17
8	0
8	0
8	0
8	0
12	0
12	3
16	0
16	4
17	0
6	3
2	2
1	0
1	16
5	5
1	0
1	0
1	16
3	3
17	3
17	0
17	0
1	0
17	16
13	0
13	0
13	13
13	0
16	0
16	0
1	0
8	0
1	0
1	0
1	0
16	0
1	0
1	0
8	0
1	0
1	0
1	0
1	0
1	0
8	0
1	0
1	0
12	0
8	0
16	0
16	0
16	0
16	0
16	0
16	0
3	0
1	0
1	0
13	0
5	0
5	5
4	0
4	4
2	0
11	0
11	11
11	0
11	6
6	0
1	0
1	1
8	0
8	0
8	0
8	8
16	0
16	16
16	0
13	13
13	0
3	0
3	0
16	0
16	0
16	0
16	0
3	0
8	0
8	0
3	0
1	0
1	0
1	0
16	0
1	0
16	0
16	0
16	0
16	0
12	0
3	0
16	0
8	0
16	0
16	0
16	0
3	0
3	0
16	0
3	0
8	0
11	0
8	0
8	0
3	0
1	0
1	0
1	0
12	0
14	3
11	4
11	11
11	0
11	11
3	0
3	3
11	6
12	0
12	0
12	0
12	8
1	0
1	0
16	0
16	0
16	0
16	16
5	5
11	0
11	4
2	0
2	0
3	2
1	0
1	1
8	0
8	0
8	8
1	0
1	0
16	0
16	16
13	0
13	13
13	0
3	0
16	0
16	0
3	0
3	0
3	0
16	0
1	0
1	0
1	0
16	0
16	0
16	0
3	0
1	0
1	0
16	0
1	0
1	0
1	0
1	0
1	0
1	0
13	0
11	11
8	8
11	11
1	0
3	16
1	0
1	0
16	0
16	16
13	0
13	13
13	0
12	0
1	0
16	0
16	0
12	0
3	0
3	0
1	0
1	0
1	0
1	0
1	0
1	0
1	0
1	0
1	0
1	0
16	0
1	0
12	0
12	0
1	0
1	0
16	0
16	0
12	0
3	0
3	0
1	0
1	0
16	0
16	0
16	0
3	0
1	0
16	0
1	0
1	0
1	0
1	0
16	0
1	0
16	0
3	0
12	0
12	0
1	0
13	0
1	0
3	0
1	0
1	0
1	1
13	0
13	13
13	0
1	0
1	0
1	0
1	0
1	0
1	0
1	0
1	0
1	0
1	0
1	0
1	0
1	0
1	0
1	0
1	0
1	0
1	0
1	0
1	0
1	0
1	0
1	0
1	0
1	0
1	0
1	0
1	0
1	0
1	0
1	0
1	0
1	0
1	0
1	0
1	0
1	0
1	0
1	0
1	0
1	0
1	0
1	0
1	0
3	0
1	0
1	0
1	0
1	0
1	0
1	0
13	0
3	0
3	0
2	14
3	2
6	6
8	0
8	8
17	0
17	16
4	4
11	4
11	0
11	11
12	6
12	12
13	13
2	6
8	0
8	0
8	8
3	0
11	0
1	0
1	3
3	3
11	0
2	0
2	2
8	0
8	8
16	0
2	0
16	0
16	0
16	0
16	0
16	16
5	5
16	0
11	11
4	0
4	4
16	0
16	0
16	16
2	0
11	14
1	0
1	2
11	0
11	11
17	3
3	0
3	3
9	9
13	0
13	0
13	13
13	0
12	0
1	0
1	1
8	0
8	0
8	8
3	3
3	0
3	0
3	0
3	0
3	16
13	0
13	13
13	0
17	0
17	0
12	0
12	0
12	0
12	0
1	0
3	0
1	0
1	0
16	0
16	0
16	0
1	0
3	0
3	0
3	0
3	0
12	0
12	0
17	0
1	0
3	0
12	0
12	0
12	0
1	0
1	0
3	0
3	0
16	0
16	0
16	0
16	0
16	0
16	0
16	0
16	0
1	0
3	0
3	0
3	0
3	0
12	0
12	0
13	0
17	0
11	11
4	0
11	4
5	0
3	3
3	0
3	0
3	3
3	0
3	3
1	0
11	6
8	0
8	0
8	0
8	0
8	0
8	0
8	8
13	0
13	0
13	13
13	0
16	0
16	0
16	0
1	0
16	0
1	0
16	0
1	0
1	0
1	0
1	0
16	0
8	0
1	0
8	0
8	0
1	0
1	0
8	0
13	0
16	0
8	0
16	0
16	0
16	0
3	0
3	0
3	0
3	0
1	0
1	0
1	0
1	0
1	0
1	0
12	0
3	0
11	11
4	0
4	0
17	4
17	0
17	0
17	3
1	3
3	0
3	3
17	0
17	0
17	10
17	0
16	0
16	16
13	13
13	0
3	0
3	0
8	0
16	0
1	0
16	0
3	0
17	0
3	0
17	0
8	0
1	0
17	0
17	0
1	0
1	0
1	0
1	0
16	0
1	0
17	0
17	0
17	0
8	0
16	0
16	0
3	0
3	0
3	0
8	0
17	0
17	0
17	0
8	0
3	0
3	0
1	0
17	0
17	0
17	0
12	0
12	0
12	7
13	0
13	13
13	0
12	0
12	0
12	0
12	0
12	0
12	0
1	0
12	0
12	0
12	0
12	0
12	0
12	0
1	0
1	0
12	0
12	0
12	0
12	0
12	0
12	0
12	0
12	0
12	0
12	0
12	0
12	0
1	0
1	0
12	0
12	0
12	0
12	0
12	0
1	0
1	0
12	0
12	0
12	0
12	0
1	0
12	0
12	0
12	0
12	0
12	0
1	0
1	0
12	0
12	0
12	0
12	0
1	0
1	0
13	0
4	0
4	4
11	0
11	11
6	0
11	3
3	0
1	11
1	0
1	0
16	0
16	0
16	16
5	5
4	4
11	0
11	3
3	0
3	3
2	0
3	3
1	0
12	2
12	0
12	8
5	5
4	0
4	4
11	0
11	11
3	0
1	3
2	0
2	0
6	2
8	0
8	0
8	8
5	0
1	0
16	0
16	16
13	0
13	13
13	0
3	0
3	0
16	0
16	0
16	0
3	0
8	0
8	0
1	0
1	0
1	0
16	0
16	0
8	0
12	0
13	0
11	3
4	0
4	4
11	0
6	3
2	3
3	6
1	1
8	0
8	0
8	8
3	3
1	0
12	16
5	5
4	0
4	4
11	0
11	0
11	11
1	0
1	0
1	16
1	0
1	0
16	16
13	13
13	0
1	0
1	0
8	0
1	0
1	0
1	0
1	0
16	0
1	0
3	0
3	0
1	0
1	0
1	0
1	0
1	0
3	0
1	0
3	0
3	0
16	0
3	0
8	0
1	0
1	0
1	0
1	0
1	0
1	0
1	0
13	0
3	4
16	2
17	0
6	6
8	0
8	8
17	0
17	0
1	0
1	3
3	0
3	3
17	3
17	0
1	3
17	0
1	0
1	1
5	5
1	0
1	0
1	0
1	0
1	0
16	1
12	0
12	0
12	0
12	4
13	0
13	13
13	0
12	0
17	0
1	0
12	0
1	0
1	0
12	0
1	0
1	0
1	0
1	0
1	0
17	0
1	0
3	0
16	0
16	0
1	0
12	0
1	0
17	0
17	0
16	0
16	0
16	0
17	0
17	0
13	0
4	0
4	4
5	0
3	3
17	3
17	2
17	0
8	8
17	0
11	16
13	13
13	0
17	0
1	0
1	0
16	0
1	0
1	0
3	0
17	0
17	0
17	0
17	0
16	0
17	0
17	0
17	0
17	0
17	0
16	0
16	0
16	0
1	0
16	0
16	0
1	0
16	0
1	0
1	0
1	0
17	0
17	0
1	0
16	0
16	0
3	0
17	0
16	0
17	0
17	0
17	0
17	0
17	0
17	0
16	0
16	0
16	0
3	0
17	0
12	0
17	0
6	10
1	0
1	0
1	0
1	1
17	0
16	3
2	0
2	0
6	2
1	0
1	0
1	0
1	1
8	0
8	0
8	8
4	0
2	3
12	0
12	8
17	0
12	2
12	0
12	0
12	0
12	12
13	13
13	0
1	0
1	0
1	0
1	0
1	0
1	0
1	0
1	0
8	0
1	0
16	0
1	0
1	0
17	0
1	0
17	0
1	0
1	0
1	0
1	0
1	0
8	0
8	0
1	0
1	0
1	0
1	0
1	0
1	0
13	0
16	4
11	0
6	3
3	3
3	0
3	3
3	3
1	2
8	0
8	8
13	0
13	0
13	13
13	0
1	0
1	0
16	0
8	0
13	0
16	0
1	0
1	0
1	0
1	0
1	0
1	0
1	0
1	0
1	0
1	0
1	0
8	0
12	0
12	0
16	0
1	0
1	0
16	0
8	0
12	0
1	0
1	0
1	0
1	0
1	0
16	0
16	0
3	0
8	0
8	0
3	0
1	0
1	0
1	0
1	0
1	0
8	0
12	0
12	0
11	0
3	0
5	5
1	0
1	0
16	16
4	0
4	0
4	4
1	0
3	3
1	0
2	0
4	10
1	0
1	0
1	0
4	16
13	13
13	0
1	0
16	0
16	0
16	0
16	0
16	0
1	0
1	0
1	0
8	0
8	0
1	0
1	0
16	0
1	0
1	0
16	0
16	0
16	0
16	0
8	0
16	0
16	0
8	0
16	0
16	0
1	0
1	0
1	0
1	0
1	0
8	0
8	0
8	0
3	0
8	0
1	0
1	0
16	0
1	0
17	0
12	10
12	0
12	0
12	3
17	0
17	14
17	0
17	0
17	10
17	0
17	0
17	0
17	1
17	0
17	0
17	4
4	4
17	0
5	5
3	3
13	0
13	0
13	13
13	0
17	0
17	0
17	0
17	0
17	0
12	0
17	0
17	0
17	0
17	0
17	0
17	0
17	0
17	0
17	0
17	0
1	0
1	0
12	0
13	0
17	0
17	0
17	0
17	0
17	0
17	0
17	0
17	0
17	0
17	0
17	0
17	0
17	0
17	0
17	0
12	0
3	0
11	11
4	0
4	4
3	3
3	6
1	0
1	0
1	0
1	1
17	0
2	0
3	0
3	0
2	1
8	0
8	8
2	0
2	2
8	0
8	8
3	11
1	0
1	0
1	0
1	0
1	1
8	0
8	0
8	8
16	16
13	0
13	13
13	0
3	0
8	0
16	0
16	0
17	0
1	0
8	0
8	0
3	0
1	0
1	0
1	0
3	0
3	0
3	0
3	0
3	0
3	0
1	0
1	0
8	0
8	0
8	0
17	0
3	0
12	0
11	0
11	11
1	0
3	0
16	0
16	16
5	5
16	0
16	0
16	0
16	0
16	16
3	6
3	0
3	0
1	1
8	0
8	0
8	8
13	0
13	13
13	0
12	0
1	0
8	0
8	0
8	0
8	0
3	0
16	0
16	0
16	0
3	0
3	0
1	0
1	0
1	0
1	0
8	0
8	0
8	0
12	0
12	0
1	0
8	0
8	0
8	0
16	0
16	0
16	0
16	0
3	0
3	0
3	0
16	0
16	0
16	0
3	0
3	0
17	0
3	11
16	0
16	0
4	0
4	16
11	0
11	0
11	16
3	3
3	0
1	0
1	16
1	0
6	0
6	11
1	0
3	0
3	3
17	0
3	3
3	11
2	6
8	0
8	0
8	8
16	0
16	0
16	0
16	16
13	0
13	0
13	13
13	0
16	0
8	0
8	0
16	0
1	0
8	0
16	0
8	0
8	0
1	0
8	0
8	0
8	0
8	0
16	0
16	0
16	0
16	0
16	0
3	0
3	0
3	0
16	0
3	0
3	0
8	0
13	0
8	0
17	0
8	8
13	0
13	0
13	13
13	0
1	0
8	0
8	0
8	0
1	0
8	0
1	0
8	0
8	0
8	0
8	0
8	0
17	0
8	0
1	0
8	0
8	0
8	0
8	0
8	0
12	0
8	0
8	0
8	0
1	0
1	0
1	0
8	0
8	0
8	0
8	0
12	0
12	0
1	0
8	0
1	0
8	0
16	0
8	0
8	0
8	0
8	0
8	0
8	0
17	0
1	0
1	0
1	0
16	0
1	0
1	0
1	0
13	0
12	4
17	0
17	0
17	3
3	0
17	0
17	0
1	0
3	3
17	0
17	0
17	10
17	0
17	3
17	0
17	0
17	0
17	0
17	16
17	6
17	0
1	1
8	8
13	0
13	0
13	13
13	0
17	0
17	0
17	0
17	0
17	0
17	0
17	0
17	0
17	0
17	0
12	0
12	0
17	0
8	0
17	0
1	0
8	0
17	0
12	0
16	0
17	0
17	0
17	0
17	0
17	0
17	0
17	0
17	0
17	0
17	0
17	0
17	0
13	0
3	2
1	0
1	0
1	0
1	1
8	8
4	0
16	4
11	0
6	3
2	2
6	6
8	0
8	0
8	8
2	2
12	17
17	17
13	0
13	0
13	13
13	0
1	0
1	0
1	0
8	0
16	0
12	0
13	0
8	0
8	0
8	0
1	0
1	0
1	0
1	0
1	0
1	0
8	0
16	0
12	0
13	0
1	0
1	0
12	0
8	0
1	0
1	0
1	0
1	0
1	0
8	0
16	0
3	0
8	0
8	0
1	0
1	0
1	0
12	0
12	0
12	6
12	0
12	0
8	8
11	4
1	0
1	0
1	16
5	5
11	0
11	11
4	0
11	4
1	3
1	0
1	1
17	0
12	0
12	4
17	0
17	3
13	0
13	13
13	0
17	0
12	0
1	0
1	0
8	0
16	0
3	0
16	0
3	0
1	0
1	0
1	0
16	0
17	0
17	0
16	0
8	0
8	0
8	0
17	0
17	0
16	0
12	0
12	0
12	0
16	0
1	0
1	0
1	0
1	0
16	0
16	0
16	0
3	0
3	0
3	0
3	3
3	3
16	0
1	0
16	1
3	0
11	0
3	14
3	3
3	0
1	11
1	0
1	0
1	16
5	5
14	0
3	3
6	6
3	0
3	0
1	1
8	8
2	0
11	3
1	0
12	0
12	4
4	4
13	13
13	0
1	0
1	0
1	0
1	0
1	0
16	0
1	0
1	0
1	0
8	0
1	0
1	0
8	0
16	0
1	0
8	0
3	0
1	0
1	0
1	0
16	0
1	0
3	0
3	0
3	0
1	0
1	0
1	0
12	0
17	0
8	0
8	3
17	0
17	0
17	16
3	0
3	3
3	0
3	0
3	3
17	0
17	0
17	1
17	3
13	0
13	13
13	0
17	0
17	0
17	0
17	0
12	0
12	0
12	0
17	0
16	0
16	0
16	0
3	0
17	0
17	0
17	0
17	0
17	0
17	0
12	0
17	0
17	0
17	0
17	0
17	0
17	0
12	0
12	0
12	0
16	0
16	0
8	0
16	0
16	0
16	0
3	0
3	0
3	0
3	0
17	0
17	0
17	0
12	0
12	11
12	0
4	0
4	16
3	3
2	2
12	12
12	12
3	3
3	0
3	0
1	0
1	3
17	0
17	0
17	10
17	0
12	10
12	0
17	3
8	0
8	8
16	0
16	0
16	16
13	13
13	0
1	0
1	0
3	0
3	0
1	0
1	0
1	0
1	0
17	0
1	0
17	0
17	0
12	0
1	0
17	0
8	0
16	0
17	0
12	0
1	0
12	0
12	0
3	0
3	0
12	0
12	0
3	0
3	0
1	0
1	0
1	0
1	0
13	0
17	4
3	3
17	0
17	0
17	10
17	2
12	0
12	0
12	0
12	12
13	0
13	13
13	0
12	0
8	0
12	0
12	0
12	0
12	0
1	0
17	0
12	0
17	0
12	0
12	0
17	0
1	0
1	0
1	0
12	0
12	0
12	0
12	0
12	0
1	0
16	0
12	0
12	0
12	0
1	0
1	0
8	0
12	0
8	0
12	0
1	0
17	0
17	0
17	0
17	0
17	0
1	0
12	0
12	0
12	0
12	0
12	0
12	0
12	0
13	0
3	0
6	11
12	0
8	0
8	8
4	0
4	4
3	0
3	3
2	3
1	0
1	0
1	0
1	0
1	0
1	0
1	1
8	0
8	0
8	8
13	0
13	0
13	13
13	0
1	0
1	0
8	0
1	0
1	0
1	0
1	0
1	0
1	0
1	0
1	0
1	0
1	0
1	0
1	0
1	0
16	0
16	0
8	0
12	0
1	0
1	0
1	0
1	0
1	0
1	0
8	0
8	0
3	0
3	0
1	0
1	0
1	0
1	0
1	0
13	0
13	0
13	17
12	4
3	0
11	11
16	0
4	0
4	3
8	0
8	8
2	3
3	0
1	11
2	2
6	6
1	1
8	0
8	0
8	8
5	0
2	0
16	0
16	16
5	5
4	0
4	4
3	0
3	0
3	3
3	6
1	0
1	8
3	0
3	0
3	3
1	0
1	0
2	8
13	0
13	13
13	0
13	0
1	0
1	0
8	0
16	0
16	0
1	0
16	0
16	0
16	0
16	0
16	0
1	0
1	0
1	0
3	0
3	0
1	0
12	0
12	6
8	0
8	0
8	8
4	0
11	4
16	0
11	2
12	12
5	5
4	0
2	6
8	8
16	0
11	2
12	12
13	0
13	13
13	0
16	0
1	0
16	0
1	0
8	0
12	0
12	0
16	0
16	0
16	0
1	0
8	0
1	0
8	0
16	0
16	0
1	0
1	0
12	0
12	0
16	0
16	0
16	0
16	0
8	0
12	0
12	0
1	0
1	0
1	0
16	0
1	0
16	0
1	0
1	0
1	0
8	0
1	0
8	0
16	0
17	0
5	5
3	3
12	0
17	0
11	11
4	0
4	4
1	3
1	0
1	0
1	1
13	0
13	13
13	0
17	0
1	0
1	0
1	0
17	0
1	0
1	0
1	0
1	0
1	0
1	0
1	0
1	0
3	0
3	0
1	0
1	0
1	0
1	0
12	0
17	0
1	0
1	0
1	0
1	0
12	0
1	0
1	0
1	0
1	0
1	0
1	0
3	0
3	0
1	0
1	0
1	0
8	0
3	0
1	0
1	0
1	0
1	0
1	0
12	0
13	0
11	0
11	4
1	0
16	0
16	0
17	0
3	3
17	3
17	0
17	0
17	10
17	0
17	0
1	0
1	1
13	13
17	0
17	0
2	2
3	3
17	0
17	6
8	0
8	0
8	8
17	3
17	0
12	10
12	0
12	0
12	4
13	0
13	13
13	0
17	0
12	0
17	0
17	0
17	0
17	0
17	0
17	0
1	0
17	0
17	0
17	0
17	0
3	0
3	0
12	0
17	0
12	0
12	0
17	0
17	0
17	0
17	0
17	0
17	0
17	0
2	6
12	0
8	8
4	0
11	4
2	3
3	0
3	3
17	0
17	0
17	10
3	3
1	0
1	1
3	0
3	0
3	5
1	0
1	0
1	0
1	3
1	0
17	0
1	0
16	16
4	0
4	4
13	0
13	13
13	0
17	0
1	0
1	0
1	0
12	0
12	0
1	0
1	0
1	0
1	0
1	0
1	0
1	0
1	0
8	0
8	0
1	0
8	0
8	0
3	0
17	0
3	0
3	0
17	0
17	0
17	0
1	0
1	0
1	0
12	0
4	0
4	4
3	0
3	0
3	0
3	3
8	0
8	8
5	5
16	0
11	6
1	0
3	1
8	0
8	8
13	0
13	13
13	0
12	0
16	0
16	0
8	0
8	0
8	0
12	0
16	0
1	0
1	0
8	0
8	0
16	0
16	0
1	0
8	0
16	0
8	0
8	0
12	0
16	0
1	0
1	0
16	0
16	0
8	0
12	0
3	0
16	0
16	0
3	0
3	0
3	0
1	0
1	0
16	0
16	0
16	0
16	0
1	0
1	0
3	0
3	0
3	3
6	6
3	0
1	0
1	0
1	1
8	0
8	8
8	0
4	0
4	0
14	4
17	0
3	10
1	0
1	0
1	0
1	1
8	0
11	0
2	0
6	2
8	0
8	8
16	0
16	0
16	0
16	16
13	0
13	0
13	13
13	0
16	0
16	0
16	0
16	0
16	0
16	0
8	0
8	0
1	0
1	0
1	0
8	0
8	0
8	0
3	0
8	0
8	0
13	0
16	0
8	0
8	0
16	0
16	0
16	0
16	0
17	0
12	0
8	0
5	0
13	17
11	0
8	3
16	0
16	8
4	0
4	0
2	4
6	0
6	3
1	0
12	6
12	0
1	1
8	8
8	0
8	8
13	0
13	13
13	0
12	0
1	0
1	0
16	0
16	0
16	0
3	0
3	0
3	0
8	0
1	0
1	0
12	0
12	0
1	0
1	0
1	0
16	0
16	0
12	0
12	0
1	0
1	0
16	0
16	0
8	0
12	0
1	0
3	0
8	0
8	0
8	0
3	0
3	0
8	0
1	0
1	0
11	0
11	4
3	3
1	0
1	0
16	0
16	1
5	5
3	0
11	11
4	0
4	0
4	4
5	5
16	0
16	0
16	16
3	0
11	0
3	14
3	6
1	0
1	0
1	0
1	1
8	0
8	0
8	8
4	0
4	4
13	0
13	13
13	0
3	0
3	0
16	0
16	0
16	0
16	0
16	0
3	0
3	0
3	0
1	0
3	0
1	0
3	0
3	0
1	0
1	0
16	0
16	0
1	0
16	0
16	0
16	0
16	0
16	0
16	0
3	0
12	0
5	5
16	0
16	3
17	0
4	0
17	0
17	16
17	0
17	0
17	16
13	0
13	0
13	13
13	0
1	0
8	0
8	0
1	0
13	0
8	0
8	0
1	0
1	0
8	0
1	0
17	0
1	0
17	0
1	0
1	0
17	0
8	0
12	0
12	0
1	0
1	0
8	0
1	0
12	0
13	0
1	0
8	0
1	0
1	0
8	0
8	0
8	0
16	0
16	0
16	0
17	0
1	0
1	0
1	0
1	0
1	0
8	0
12	0
12	0
13	0
12	7
13	0
12	0
13	13
13	0
1	0
1	0
16	0
12	0
12	0
1	0
1	0
16	0
16	0
12	0
12	0
12	0
1	0
1	0
1	0
16	0
16	0
12	0
12	0
12	0
1	0
1	0
16	0
12	0
12	0
1	0
1	0
1	0
16	0
16	0
12	0
12	0
12	0
1	0
1	0
1	0
16	0
12	0
12	0
12	0
16	0
16	0
16	0
12	0
12	0
1	0
1	0
1	0
16	0
12	0
12	0
1	0
1	0
16	0
12	0
12	0
12	0
12	7
3	0
3	0
3	0
3	3
16	0
16	16
6	0
11	3
1	6
8	0
8	0
8	0
8	8
17	0
17	0
1	3
2	10
13	13
13	0
1	0
1	0
1	0
1	0
1	0
1	0
3	0
3	0
8	0
8	0
8	0
1	0
8	0
1	0
1	0
1	0
1	0
1	0
1	0
1	0
1	0
1	0
1	0
1	0
12	0
12	0
12	0
16	0
16	0
3	0
3	0
16	0
3	0
8	0
8	0
1	0
1	0
13	0
13	0
13	17
8	0
8	0
8	0
8	1
8	8
13	0
13	13
13	0
1	0
1	0
1	0
16	0
1	0
1	0
1	0
1	0
16	0
16	0
16	0
16	0
1	0
16	0
8	0
1	0
13	0
1	0
16	0
8	0
1	0
1	0
1	0
1	0
8	0
1	0
16	0
16	0
1	0
1	0
16	0
16	0
16	0
1	0
8	0
8	0
13	0
1	0
1	0
16	0
16	0
16	0
1	0
8	0
8	0
1	0
8	0
1	0
1	0
17	0
17	0
17	0
17	0
17	17
13	13
9	0
9	17
17	17
17	0
8	0
8	17
9	9
17	17
17	0
17	0
17	17
13	0
13	0
13	13
13	0
17	0
17	0
17	0
17	0
17	0
17	0
17	0
17	0
17	0
17	0
17	0
17	0
17	0
17	0
17	0
17	0
17	0
17	0
17	0
17	0
17	0
17	0
17	0
17	0
17	0
17	0
17	0
17	0
17	0
17	0
8	0
17	0
17	0
17	0
17	0
17	0
17	0
17	0
17	0
12	0
11	0
11	11
4	0
4	4
5	6
8	0
8	0
8	0
8	8
16	1
4	0
11	10
16	0
16	16
13	0
13	13
13	0
1	0
1	0
1	0
8	0
16	0
16	0
12	0
1	0
1	0
8	0
3	0
8	0
1	0
3	0
1	0
12	0
16	0
16	0
16	0
12	0
12	0
1	0
16	0
8	0
16	0
16	0
12	0
12	0
1	0
3	0
3	0
3	0
1	0
1	0
8	0
8	0
8	0
1	0
3	0
1	0
12	0
1	0
12	0
4	0
4	4
1	6
1	0
1	1
8	0
8	0
8	8
16	0
3	4
13	13
1	6
1	0
1	1
8	0
8	0
8	0
8	0
8	8
13	13
14	6
1	0
1	1
8	0
8	0
8	8
16	0
16	0
16	16
1	0
1	0
16	16
5	5
11	0
3	3
5	6
8	0
8	0
8	0
8	8
1	0
1	0
1	1
13	13
3	0
1	0
1	1
8	0
8	8
2	0
16	0
16	0
16	0
16	16
13	13
13	0
1	0
1	0
1	0
17	0
17	0
11	11
3	0
16	0
16	16
3	0
11	11
11	0
11	4
1	0
17	0
1	0
1	3
17	0
1	1
17	3
2	2
12	12
12	12
13	13
13	0
1	0
17	0
1	0
17	0
12	0
12	0
16	0
3	0
1	0
1	0
1	0
1	0
1	0
17	0
1	0
1	0
1	0
12	0
12	0
1	0
17	0
1	0
17	0
12	0
12	0
16	0
16	0
16	0
16	0
1	0
3	0
17	0
17	0
1	0
1	0
1	0
1	0
1	0
13	0
13	0
13	17
8	0
12	3
13	0
13	13
13	0
12	0
16	0
8	0
16	0
12	0
12	0
13	0
1	0
8	0
8	0
8	0
8	0
13	0
13	0
1	0
1	0
8	0
8	0
8	0
8	0
12	0
1	0
8	0
8	0
12	0
12	0
13	0
1	0
8	0
8	0
8	0
8	0
12	0
12	0
13	0
1	0
16	0
8	0
8	0
13	0
1	0
1	0
8	0
8	0
12	0
12	0
1	0
1	0
8	0
8	0
8	0
13	0
16	0
1	6
1	0
1	1
8	0
8	0
8	8
13	0
13	0
13	13
13	0
16	0
8	0
1	0
8	0
12	0
16	0
1	0
1	0
8	0
8	0
16	0
8	0
16	0
16	0
8	0
8	0
8	0
8	0
12	0
12	0
12	0
8	0
8	0
1	0
1	0
16	0
16	0
1	0
8	0
16	0
8	0
12	0
8	0
12	0
8	0
1	0
1	0
1	0
1	0
1	0
8	0
16	0
8	0
12	0
8	0
16	0
16	0
1	0
1	0
12	0
3	0
11	11
4	0
4	4
17	0
17	0
17	0
11	0
11	16
17	0
2	2
1	0
1	1
9	0
9	8
17	0
17	3
17	0
17	0
9	4
17	0
13	13
13	0
12	0
17	0
17	0
12	0
8	0
3	0
17	0
1	0
1	0
1	0
1	0
8	0
8	0
17	0
8	0
17	0
12	0
12	0
16	0
12	0
17	0
17	0
17	0
8	0
3	0
3	0
4	0
3	0
17	0
17	0
16	0
17	0
3	0
1	0
17	0
17	0
12	0
14	3
16	0
11	11
1	0
17	0
12	10
1	0
1	0
1	3
1	0
1	0
1	0
1	0
16	0
16	16
4	4
5	0
3	0
3	5
3	0
2	2
6	6
8	0
8	8
1	0
16	0
17	16
17	4
11	0
11	11
1	0
6	0
6	6
2	2
3	6
1	1
8	0
8	0
8	8
1	2
1	0
1	0
1	6
8	8
1	0
1	0
16	0
16	0
16	16
13	13
3	11
2	3
3	2
6	6
8	0
8	8
16	0
1	16
13	0
12	0
5	6
12	0
8	8
13	13
17	17
17	0
17	0
17	0
17	17
13	13
13	0
13	13
13	0
12	0
17	0
12	0
12	0
12	0
17	0
17	0
17	0
17	0
17	0
8	0
12	0
17	0
17	0
17	0
17	0
17	0
17	0
12	0
17	0
17	0
12	0
12	0
16	0
12	0
12	0
17	0
17	0
17	0
17	0
17	0
8	0
12	0
1	0
12	0
8	0
17	0
17	0
17	0
17	0
17	0
17	0
17	0
12	0
17	0
12	0
17	0
3	2
8	0
8	8
17	0
11	4
1	0
1	3
1	0
1	0
1	0
16	16
13	0
13	13
13	0
12	0
16	0
8	0
8	0
1	0
1	0
1	0
1	0
8	0
16	0
8	0
8	0
8	0
1	0
1	0
16	0
16	0
16	0
17	0
12	0
12	0
16	0
16	0
16	0
8	0
1	0
1	0
1	0
1	0
1	0
8	0
1	0
1	0
8	0
16	0
8	0
8	0
8	0
1	0
1	0
16	0
16	0
16	0
17	0
12	0
12	0
5	5
3	0
11	11
4	0
4	4
11	0
11	3
3	0
2	2
6	6
12	0
12	0
8	8
16	0
16	16
13	0
13	13
13	0
1	0
1	0
1	0
8	0
1	0
1	0
1	0
3	0
1	0
8	0
8	0
8	0
8	0
1	0
8	0
1	0
1	0
16	0
16	0
12	0
1	0
1	0
1	0
1	0
8	0
1	0
1	0
1	0
1	0
3	0
3	0
3	0
3	0
8	0
8	0
8	0
8	0
8	0
1	0
8	0
1	0
12	0
11	11
4	0
11	4
5	6
1	3
3	0
6	0
1	0
3	0
1	1
8	0
8	8
13	13
13	0
1	0
1	0
1	0
1	0
16	0
1	0
1	0
1	0
1	0
1	0
1	0
1	0
1	0
1	0
1	0
1	0
1	0
1	0
8	0
8	0
1	0
1	0
1	0
1	0
1	0
16	0
1	0
1	0
1	0
1	0
1	0
16	0
16	0
1	0
1	0
1	0
1	0
1	0
1	0
1	0
1	0
1	0
1	0
8	0
8	0
12	0
17	0
12	6
12	0
1	0
1	0
1	8
1	0
17	11
3	0
11	11
1	0
2	0
16	0
16	16
13	4
17	0
11	4
17	0
12	0
12	4
14	14
17	6
8	0
8	0
8	8
11	0
2	0
16	0
16	1
4	0
4	4
5	5
14	0
3	14
3	0
6	6
8	0
8	0
8	8
4	0
4	4
13	0
13	13
13	0
12	0
16	0
16	0
16	0
12	0
1	0
16	0
16	0
16	0
16	0
3	0
1	0
1	0
1	0
16	0
12	0
17	0
12	7
12	0
12	0
12	7
17	0
13	13
13	0
12	0
12	0
12	0
12	0
12	0
12	0
12	0
12	0
12	0
12	0
12	0
12	0
12	0
12	0
12	0
12	0
12	0
12	0
12	0
12	0
12	0
12	0
12	0
12	0
12	0
17	0
12	0
12	0
12	0
12	0
12	0
12	0
12	0
12	0
12	0
12	0
12	0
12	0
17	0
12	0
12	0
12	0
12	0
12	0
12	0
12	0
12	0
12	0
12	0
12	0
12	0
17	0
12	0
17	7
14	0
6	11
17	0
17	0
17	4
17	0
17	0
17	3
2	3
12	6
1	0
1	1
8	0
8	8
3	11
3	0
11	11
1	0
2	0
1	0
1	11
4	0
4	0
4	0
4	4
16	0
16	0
16	16
13	0
13	13
13	0
17	0
17	0
17	0
12	0
17	0
17	0
17	0
1	0
1	0
17	0
8	0
16	0
1	0
1	0
16	0
16	0
17	0
17	0
17	0
17	0
17	0
17	0
12	0
1	0
1	0
1	0
12	0
13	0
5	0
13	17
12	0
8	2
8	0
8	8
4	0
4	0
2	4
1	0
1	0
1	0
1	3
8	0
1	0
11	0
11	0
11	16
5	6
1	0
1	0
1	1
8	8
16	0
16	16
13	13
3	0
3	14
3	6
8	0
8	8
3	0
2	0
3	10
13	0
13	13
13	0
12	0
1	0
1	0
1	0
1	0
1	0
8	0
16	0
1	0
8	0
12	0
12	0
1	0
16	0
16	0
3	0
1	0
3	0
1	0
1	0
1	0
12	0
3	0
3	0
3	3
4	0
4	0
17	4
17	3
17	0
17	6
8	8
17	0
12	4
2	2
11	0
1	6
8	0
8	0
8	8
13	0
13	13
13	0
12	0
1	0
1	0
16	0
8	0
17	0
17	0
17	0
1	0
1	0
16	0
16	0
1	0
1	0
1	0
1	0
16	0
8	0
8	0
12	0
17	0
17	0
1	0
8	0
8	0
12	0
3	0
3	0
3	0
17	0
17	0
17	0
17	0
1	0
17	0
16	0
16	0
12	0
13	0
4	4
16	0
2	2
9	0
1	1
8	0
8	8
3	2
9	9
1	0
13	13
13	0
8	0
8	0
16	0
8	0
8	0
8	0
8	0
8	0
16	0
16	0
16	0
8	0
1	0
8	0
8	0
3	0
3	0
8	0
8	0
8	0
13	0
8	0
16	0
1	0
8	0
8	0
8	0
1	0
16	0
16	0
16	0
8	0
8	0
3	0
16	0
2	0
3	0
8	0
8	0
8	0
3	0
1	0
8	0
8	0
8	0
8	0
3	0
12	0
3	2
9	0
9	8
4	0
2	4
6	0
6	3
1	0
1	0
1	1
17	0
12	0
12	4
2	2
6	0
6	6
5	5
4	0
4	4
3	2
12	6
8	0
8	0
8	8
16	0
16	0
4	0
4	16
13	0
13	13
13	0
12	0
16	0
16	0
16	0
12	0
12	0
16	0
16	0
3	0
3	0
1	0
16	0
8	0
16	0
1	0
3	0
12	0
8	0
8	0
16	0
8	0
1	0
8	0
8	0
17	0
12	0
12	0
1	0
13	0
1	6
8	0
8	0
8	8
4	0
4	4
1	1
13	0
13	13
13	0
1	0
1	0
1	0
1	0
1	0
8	0
1	0
1	0
1	0
1	0
1	0
1	0
1	0
8	0
1	0
1	0
1	0
1	0
1	0
1	0
17	0
1	0
1	0
1	0
12	0
1	0
3	0
1	0
1	0
1	0
1	0
1	0
1	0
1	0
1	0
1	0
1	0
8	0
8	0
16	0
1	0
1	0
1	0
1	0
12	0
17	0
1	0
1	0
1	0
13	0
3	0
16	0
16	3
2	6
12	0
12	0
8	0
8	8
13	0
13	13
13	0
1	0
3	0
8	0
8	0
1	0
1	0
1	0
1	0
1	0
8	0
8	0
8	0
1	0
1	0
1	0
8	0
8	0
8	0
8	0
12	0
12	0
3	0
3	0
8	0
16	0
1	0
1	0
1	0
8	0
8	0
8	0
8	0
12	0
1	0
3	0
16	0
16	0
16	0
1	0
1	0
8	0
8	0
8	0
12	0
12	0
1	0
3	0
3	0
12	0
5	6
8	8
13	13
9	9
8	0
8	0
8	0
8	8
13	13
5	6
12	0
12	0
1	8
13	13
1	0
1	0
1	0
1	0
1	0
1	0
1	0
1	1
13	13
5	5
11	11
16	0
16	0
16	16
1	0
1	0
1	0
8	0
8	0
8	8
1	0
1	0
2	0
1	1
13	0
13	13
13	0
12	0
8	0
8	0
16	0
8	0
8	0
8	0
8	0
1	0
1	0
8	0
8	0
8	0
1	0
1	0
1	0
8	0
8	0
13	0
12	0
17	7
13	0
13	0
13	13
13	0
1	0
12	0
12	0
12	0
1	0
1	0
17	0
17	0
12	0
12	0
12	0
1	0
1	0
17	0
17	0
12	0
12	0
12	0
12	0
12	0
17	0
17	0
12	0
12	0
1	0
1	0
17	0
17	0
12	0
12	0
12	0
1	0
1	0
1	0
12	0
12	0
12	0
12	0
1	0
17	0
17	0
12	0
12	0
12	0
12	0
1	0
17	0
12	0
12	0
12	0
1	0
1	0
17	0
12	0
12	13
13	13
5	6
13	13
12	0
12	1
13	13
12	0
12	0
8	0
8	8
12	0
12	17
13	13
1	6
12	0
12	0
12	0
12	8
5	5
1	6
8	0
8	0
12	0
8	0
8	0
8	8
13	13
13	0
1	0
1	0
12	0
12	0
12	0
12	0
1	0
12	0
12	0
12	0
12	0
12	0
1	0
12	0
12	0
8	0
12	0
8	0
8	0
8	0
1	0
1	0
1	0
1	0
1	0
8	0
16	0
12	0
12	0
12	0
12	0
8	0
12	0
17	0
12	7
13	0
13	13
13	0
12	0
8	0
8	0
12	0
1	0
1	0
1	0
1	0
12	0
12	0
1	0
12	0
12	0
1	0
1	0
1	0
12	0
12	0
12	0
12	0
12	0
12	0
12	0
12	0
12	0
12	0
1	0
1	0
17	0
12	0
12	0
12	0
12	0
12	0
17	0
1	0
1	0
1	0
1	0
1	0
1	0
17	0
12	0
12	0
12	0
12	0
1	0
1	0
1	0
1	0
1	0
1	0
12	0
5	5
17	6
17	0
6	0
17	0
9	1
8	0
8	0
8	0
8	8
13	13
3	11
2	2
11	0
11	11
17	0
17	2
8	0
8	8
17	0
1	16
13	13
16	0
11	0
4	0
16	16
3	3
1	0
1	0
1	0
1	0
1	0
1	3
3	0
1	0
1	3
3	3
1	0
11	2
5	5
17	0
12	6
12	12
2	2
17	17
17	17
17	17
17	17
17	0
17	17
13	13
13	0
1	0
12	0
12	0
1	0
1	0
16	0
1	0
12	0
12	3
3	0
1	1
13	0
13	13
13	0
12	0
1	0
12	0
8	0
12	0
12	0
8	0
8	0
1	0
1	0
1	0
12	0
12	0
12	0
8	0
1	0
1	0
8	0
12	0
12	0
12	0
12	0
1	0
8	0
12	0
12	0
12	0
8	0
1	0
1	0
8	0
12	0
12	0
12	0
12	0
8	0
1	0
8	0
8	0
12	0
8	0
1	0
1	0
1	0
12	0
12	0
12	0
1	0
1	0
12	0
12	0
12	0
8	0
17	0
17	11
17	0
17	4
17	0
17	0
17	0
17	0
17	16
17	11
17	0
4	0
4	16
17	10
17	0
6	6
8	0
8	8
16	0
1	0
16	16
2	2
2	6
8	8
5	5
3	0
16	0
16	0
16	16
17	0
11	3
17	0
2	0
2	10
17	0
13	13
13	0
17	0
16	0
16	0
17	0
16	0
17	0
17	0
8	0
3	0
16	0
1	0
17	0
17	0
17	0
17	0
17	0
17	0
17	0
3	0
16	0
17	0
17	0
17	0
17	0
3	0
16	3
17	4
3	3
17	0
17	11
17	0
12	6
12	0
17	0
17	0
1	0
1	1
17	0
17	0
11	11
17	0
17	4
17	6
1	0
17	1
12	12
13	13
13	0
17	0
17	0
17	0
17	0
17	0
12	0
12	0
17	0
17	0
17	0
17	0
1	0
3	0
17	0
17	0
17	0
17	0
1	0
17	0
17	0
17	0
17	0
17	0
17	0
17	0
17	0
17	0
17	0
17	0
12	0
12	0
12	0
17	0
17	0
17	0
13	0
13	0
13	17
12	11
4	0
4	4
1	3
3	0
12	3
1	0
1	1
13	0
13	13
13	0
12	0
1	0
8	0
12	0
12	0
12	0
1	0
1	0
1	0
1	0
1	0
3	0
1	0
1	0
1	0
1	0
1	0
12	0
12	0
12	0
13	0
1	0
3	0
12	0
12	0
13	0
12	0
1	0
1	0
1	0
1	0
12	0
12	0
13	0
1	0
3	0
3	0
1	0
1	0
1	0
1	0
1	0
1	0
12	0
12	0
12	0
12	0
5	5
12	0
11	11
16	16
1	3
8	0
8	0
8	8
1	2
8	0
8	8
13	0
13	13
13	0
12	0
3	0
8	0
8	0
12	0
8	0
8	0
8	0
3	0
16	0
3	0
3	0
8	0
8	0
1	0
1	0
8	0
8	0
8	0
12	0
12	0
3	0
8	0
8	0
8	0
12	0
8	0
8	0
8	0
1	0
1	0
8	0
16	0
16	0
8	0
16	0
3	0
8	0
1	0
1	0
1	0
8	0
8	0
8	0
12	0
12	0
11	11
16	0
4	0
4	16
17	0
6	3
17	0
17	3
2	3
3	0
17	11
2	0
17	0
3	3
17	10
8	0
8	0
8	8
16	0
16	16
13	0
13	13
13	0
12	0
16	0
3	0
16	0
16	0
16	0
12	0
12	0
8	0
17	0
17	0
16	0
1	0
1	0
1	0
16	0
16	0
16	0
16	0
12	0
1	0
12	0
16	0
16	0
16	0
16	0
16	0
8	0
8	0
8	0
8	0
1	0
17	0
1	0
17	0
17	0
12	0
5	5
5	0
1	0
1	0
1	0
1	0
16	0
1	16
2	0
2	2
8	0
8	0
8	8
16	0
3	0
3	3
17	3
1	0
1	11
13	13
13	0
1	0
1	0
1	0
1	0
1	0
1	0
1	0
1	0
16	0
1	0
1	0
8	0
16	0
1	0
16	0
16	0
1	0
1	0
1	0
1	0
1	0
8	0
1	0
1	0
1	0
1	0
1	0
1	0
1	0
1	0
1	0
8	0
8	0
16	0
1	0
1	0
8	0
16	0
12	0
3	2
8	0
1	8
8	0
8	0
8	8
3	0
2	2
8	0
8	8
16	0
12	0
12	4
17	0
11	2
17	17
17	17
12	17
12	0
12	17
13	0
13	13
13	0
12	0
1	0
1	0
16	0
12	0
12	0
12	0
16	0
16	0
16	0
16	0
12	0
16	0
16	0
16	0
12	0
17	0
16	0
12	0
12	0
12	0
12	0
16	0
16	0
12	0
16	0
16	0
16	0
16	0
16	0
8	0
16	0
16	0
1	0
16	0
16	0
12	0
11	0
11	4
3	1
8	0
12	0
12	0
12	4
13	0
13	13
13	0
17	0
3	0
12	0
12	0
12	0
17	0
16	0
16	0
12	0
12	0
12	0
12	0
12	0
8	0
17	0
17	0
12	0
16	0
12	0
12	0
12	0
12	0
12	0
16	0
16	0
12	0
16	0
16	0
16	0
12	0
16	0
12	0
12	0
12	0
3	0
16	0
16	0
3	0
1	0
1	0
17	0
12	0
16	0
12	0
12	0
17	0
3	0
16	0
16	0
13	0
16	0
11	11
17	0
17	0
17	16
17	0
3	3
17	0
3	3
13	0
13	0
13	13
13	0
16	0
16	0
1	0
1	0
13	0
16	0
16	0
16	0
1	0
16	0
16	0
1	0
16	0
16	0
16	0
1	0
1	0
1	0
12	0
12	0
16	0
16	0
1	0
1	0
12	0
13	0
16	0
17	0
1	0
1	0
1	0
16	0
16	0
16	0
16	0
16	0
16	0
16	0
16	0
17	0
1	0
1	0
1	0
12	0
12	0
16	0
13	0
3	0
3	0
3	0
3	3
1	0
1	1
13	13
13	0
1	0
1	0
1	0
1	0
16	0
1	0
1	0
1	0
1	0
1	0
1	0
1	0
1	0
1	0
1	0
1	0
1	0
1	0
1	0
1	0
1	0
1	0
1	0
1	0
16	0
1	0
1	0
1	0
1	0
1	0
1	0
16	0
1	0
1	0
1	0
1	0
1	0
1	0
1	0
1	0
1	0
1	0
1	0
1	0
1	0
1	0
1	0
1	0
1	0
1	0
1	0
12	0
8	0
8	0
3	3
16	0
17	0
12	4
17	0
17	0
17	3
2	0
17	2
17	0
12	0
12	1
17	8
2	0
2	2
8	8
13	13
13	0
8	0
8	0
8	0
2	0
1	0
8	0
16	0
17	0
17	0
12	0
1	0
17	0
17	0
1	0
8	0
17	0
17	0
1	0
8	0
8	0
17	0
8	0
12	0
1	0
8	0
8	0
1	0
1	0
16	0
16	0
16	0
17	0
17	0
17	0
12	0
1	0
17	0
17	0
17	0
13	0
17	0
4	2
8	0
8	8
17	3
17	0
11	4
3	3
8	0
8	0
8	0
8	0
8	0
8	8
13	0
13	13
13	0
17	0
16	0
16	0
16	0
16	0
12	0
12	0
16	0
16	0
16	0
16	0
16	0
1	0
1	0
1	0
16	0
16	0
16	0
12	0
12	0
17	0
16	0
16	0
16	0
1	0
16	0
12	0
12	0
16	0
16	0
16	0
16	0
16	0
16	0
16	0
16	0
3	0
1	0
1	0
8	0
16	0
16	0
12	0
11	11
4	0
4	4
1	3
3	0
3	0
3	0
1	0
1	0
1	1
13	0
13	13
13	0
3	0
8	0
1	0
1	0
12	0
12	0
8	0
1	0
1	0
1	0
1	0
1	0
1	0
1	0
1	0
1	0
1	0
1	0
1	0
12	0
3	0
3	0
1	0
1	0
12	0
12	0
1	0
1	0
1	0
1	0
1	0
1	0
8	0
8	0
8	0
3	0
3	0
1	0
1	0
1	0
1	0
1	0
1	0
1	0
12	0
3	0
12	0
3	2
8	0
12	8
4	0
4	0
12	4
16	16
13	0
13	13
13	0
12	0
3	0
1	0
1	0
12	0
12	0
12	0
12	0
1	0
1	0
1	0
16	0
12	0
16	0
12	0
4	0
1	0
8	0
16	0
16	0
12	0
12	0
12	0
1	0
1	0
12	0
12	0
12	0
12	0
8	0
8	0
16	0
16	0
12	0
12	0
1	0
1	0
1	0
8	0
8	0
4	0
8	0
8	0
16	0
12	0
12	0
17	0
1	0
1	0
12	0
17	0
17	7
17	0
12	0
1	7
13	0
13	13
13	0
17	0
17	0
17	0
17	0
17	0
17	0
17	0
17	0
17	0
17	0
17	0
17	0
17	0
17	0
17	0
17	0
17	0
17	0
17	0
17	0
17	0
17	0
12	0
12	0
17	0
17	0
17	0
17	0
17	0
17	0
17	0
12	0
12	0
17	0
17	0
17	0
17	0
17	0
17	0
17	0
17	0
17	0
17	0
12	0
17	0
17	0
17	0
17	0
17	0
17	0
17	0
12	0
5	5
3	0
1	1
13	0
13	13
13	0
1	0
1	0
1	0
1	0
1	0
1	0
1	0
1	0
1	0
1	0
1	0
1	0
1	0
1	0
1	0
1	0
1	0
1	0
1	0
12	0
12	0
1	0
1	0
1	0
1	0
12	0
1	0
1	0
1	0
1	0
1	0
1	0
12	0
12	0
1	0
1	0
1	0
1	0
1	0
1	0
1	0
1	0
1	0
16	0
1	0
12	0
1	0
1	0
1	0
1	0
1	0
1	0
1	0
16	0
11	11
1	0
1	0
1	0
1	0
1	16
3	3
3	0
3	0
3	3
1	0
2	0
1	1
13	13
13	0
1	0
1	0
1	0
16	0
16	0
8	0
1	0
1	0
16	0
1	0
1	0
16	0
1	0
8	0
1	0
1	0
1	0
1	0
16	0
16	0
1	0
1	0
1	0
1	0
16	0
16	0
16	0
16	0
1	0
16	0
16	0
1	0
1	0
1	0
1	0
1	0
16	0
16	0
8	0
1	0
1	0
1	0
1	0
16	0
12	0
8	0
8	0
8	3
16	0
17	4
3	0
3	3
13	0
13	13
13	0
1	0
1	0
16	0
3	0
1	0
1	0
1	0
1	0
16	0
16	0
16	0
3	0
1	0
1	0
16	0
16	0
16	0
16	0
3	0
8	0
13	0
16	0
1	0
16	0
16	0
1	0
1	0
16	0
16	0
16	0
16	0
3	0
8	0
1	0
1	0
1	0
16	0
1	0
8	0
16	0
16	0
16	0
16	0
12	0
12	0
13	0
1	0
1	0
16	0
13	0
11	11
4	0
4	4
1	0
2	0
3	10
3	0
16	1
13	0
13	13
13	0
12	0
3	0
3	0
3	0
12	0
12	0
16	0
1	0
3	0
1	0
1	0
3	0
12	0
16	0
1	0
1	0
1	0
1	0
1	0
12	0
12	0
12	0
3	0
8	0
12	0
12	0
16	0
16	0
1	0
1	0
3	0
1	0
12	0
12	0
3	0
8	0
8	0
1	0
1	0
1	0
1	0
1	0
1	0
12	0
12	0
12	0
3	0
3	0
13	0
11	11
4	0
4	4
1	0
1	0
1	1
13	13
1	0
1	0
1	0
1	0
1	0
1	1
5	5
1	0
1	1
13	0
13	0
13	13
13	0
8	0
1	0
1	0
1	0
1	0
1	0
1	0
1	0
1	0
1	0
1	0
1	0
1	0
1	0
1	0
1	0
1	0
1	0
1	0
13	0
1	0
1	0
1	0
1	0
1	0
1	0
3	0
8	0
1	0
1	0
1	0
1	0
1	0
1	0
1	0
1	0
1	0
1	0
1	0
8	0
5	5
8	0
8	8
2	2
1	0
1	0
1	1
12	0
8	0
8	0
8	8
13	13
13	0
1	0
8	0
8	0
8	0
1	0
1	0
1	0
1	0
8	0
8	0
8	0
8	0
1	0
1	0
1	0
8	0
8	0
8	0
8	0
8	0
1	0
1	0
8	0
8	0
8	0
1	0
1	0
1	0
1	0
8	0
8	0
8	0
8	0
1	0
1	0
8	0
8	0
8	0
1	0
1	0
8	0
8	0
8	0
8	0
8	0
1	0
12	0
12	0
12	4
16	0
12	11
3	0
6	16
1	0
1	0
1	0
1	16
13	0
13	13
13	0
12	0
12	0
8	0
8	0
12	0
12	0
1	0
1	0
1	0
8	0
8	0
8	0
16	0
1	0
1	0
1	0
1	0
8	0
12	0
12	0
12	0
12	0
12	0
8	0
12	0
12	0
1	0
1	0
1	0
1	0
8	0
8	0
12	0
8	0
16	0
16	0
16	0
1	0
1	0
1	0
1	0
8	0
8	0
8	0
12	0
12	0
13	0
3	3
4	0
4	4
11	0
11	11
3	0
9	0
9	2
8	0
8	0
8	8
1	0
1	0
1	0
16	0
16	0
1	16
13	0
13	13
13	0
3	0
1	0
3	0
16	0
1	0
12	0
3	0
1	0
1	0
1	0
1	0
1	0
1	0
1	0
1	0
1	0
16	0
1	0
1	0
12	0
17	0
16	0
1	0
1	0
1	0
3	0
3	0
16	0
3	0
8	0
8	0
3	0
1	0
1	0
8	0
1	0
1	0
1	0
1	0
1	0
5	5
11	4
3	3
1	0
1	0
1	0
1	0
1	0
1	1
1	0
1	0
1	0
1	0
1	0
16	16
13	13
13	0
1	0
1	0
1	0
16	0
16	0
16	0
16	0
1	0
1	0
1	0
1	0
1	0
1	0
1	0
1	0
1	0
1	0
16	0
16	0
16	0
1	0
1	0
1	0
1	0
1	0
16	0
1	0
1	0
1	0
16	0
16	0
16	0
1	0
1	0
1	0
1	0
1	0
1	0
1	0
1	0
1	0
1	0
13	0
8	0
17	0
13	17
12	0
12	2
12	6
12	0
12	1
13	13
12	0
12	0
12	1
17	0
8	0
8	8
13	0
13	0
13	0
13	13
13	0
17	0
1	0
17	0
17	0
17	0
17	0
12	0
12	0
12	0
12	0
12	0
12	0
17	0
8	0
1	0
16	0
16	0
17	0
17	0
13	0
8	0
8	0
8	0
16	0
17	0
17	0
17	0
17	0
12	0
12	0
12	0
12	0
12	0
1	0
12	0
12	0
12	0
12	0
1	0
13	0
1	0
1	0
4	0
1	1
8	8
13	13
13	0
1	0
1	0
1	0
8	0
8	0
1	0
1	0
1	0
1	0
1	0
1	0
8	0
8	0
1	0
1	0
1	0
1	0
1	0
1	0
8	0
8	0
1	0
1	0
8	0
8	0
8	0
1	0
16	0
1	0
1	0
8	0
1	0
8	0
1	0
1	0
1	0
1	0
1	0
1	0
1	0
1	0
1	0
1	0
1	0
8	0
1	0
1	0
1	0
1	0
1	0
8	0
1	0
12	0
8	0
5	0
13	17
12	0
11	3
4	0
4	0
9	4
5	6
3	0
1	0
1	1
8	0
8	8
17	0
2	3
13	0
13	13
13	0
8	0
1	0
8	0
16	0
16	0
16	0
12	0
8	0
8	0
1	0
1	0
1	0
1	0
8	0
8	0
8	0
16	0
16	0
16	0
12	0
12	0
8	0
1	0
8	0
16	0
12	0
12	0
8	0
8	0
12	0
12	0
8	0
1	0
1	0
1	0
1	0
1	0
1	0
1	0
8	0
12	0
17	0
17	0
17	16
16	0
17	0
17	10
14	14
11	0
11	11
2	2
3	0
1	0
1	8
6	0
3	3
16	0
11	0
17	0
16	0
16	16
13	0
13	13
13	0
17	0
16	0
16	0
12	0
12	0
12	0
12	0
8	0
1	0
1	0
1	0
8	0
8	0
1	0
16	0
16	0
16	0
16	0
16	0
12	0
12	0
16	0
16	0
17	0
17	0
16	0
16	0
16	0
16	0
16	0
1	0
8	0
8	0
1	0
1	0
1	0
12	0
3	2
8	0
8	8
8	0
8	8
4	0
4	0
2	4
6	0
6	3
12	6
1	0
1	1
8	0
8	0
8	0
8	0
8	8
16	0
12	4
13	0
13	13
13	0
12	0
12	0
16	0
16	0
16	0
12	0
1	0
8	0
1	0
1	0
1	0
1	0
8	0
1	0
8	0
16	0
16	0
16	0
16	0
12	0
12	0
16	0
16	0
1	0
1	0
1	0
1	0
16	0
16	0
3	0
3	0
1	0
8	0
1	0
1	0
1	0
13	0
8	0
8	0
8	8
8	0
2	0
2	2
8	0
8	0
8	0
8	0
8	8
13	0
13	0
13	13
13	0
12	0
8	0
8	0
8	0
13	0
8	0
16	0
16	0
8	0
2	0
2	0
2	0
1	0
8	0
8	0
8	0
16	0
8	0
12	0
12	0
12	0
16	0
16	0
8	0
8	0
1	0
8	0
16	0
16	0
8	0
1	0
8	0
8	0
8	0
8	0
2	0
1	0
1	0
8	0
8	0
16	0
16	0
8	0
13	0
13	0
17	7
17	11
8	0
8	8
13	0
13	13
13	0
1	0
1	0
16	0
16	0
8	0
16	0
16	0
1	0
8	0
8	0
8	0
8	0
8	0
16	0
1	0
1	0
8	0
8	0
8	0
8	0
1	0
1	0
16	0
16	0
1	0
16	0
16	0
1	0
1	0
8	0
16	0
8	0
1	0
1	0
16	0
1	0
8	0
8	0
8	0
17	0
1	0
1	0
8	0
8	0
1	0
1	0
1	0
16	0
8	0
8	0
8	0
16	0
13	0
12	4
16	16
3	0
11	11
4	0
4	0
4	4
3	0
11	0
1	3
1	0
1	0
1	1
13	0
13	0
13	13
13	0
8	0
8	0
16	0
3	0
16	0
16	0
13	0
8	0
8	0
3	0
3	0
3	0
3	0
1	0
1	0
1	0
16	0
16	0
16	0
13	0
16	0
8	0
3	0
1	0
3	0
16	0
16	0
1	0
3	0
3	0
3	0
3	0
8	0
8	0
3	0
1	0
3	0
1	0
1	0
1	0
1	0
16	0
13	0
12	0
12	17
13	0
13	0
13	13
13	0
17	0
12	0
12	0
12	0
1	0
1	0
12	0
12	0
12	0
12	0
17	0
17	0
17	0
17	0
12	0
12	0
12	0
12	0
17	0
17	0
17	0
12	0
12	0
12	0
17	0
1	0
1	0
12	0
12	0
12	0
12	0
17	0
17	0
17	0
17	0
12	0
12	0
12	0
17	0
17	0
12	0
12	0
12	0
17	0
17	0
17	0
17	0
12	0
12	0
17	0
1	0
1	0
12	0
13	0
12	0
12	6
12	0
8	0
8	0
8	0
8	0
8	8
4	0
11	4
3	0
6	0
6	3
1	0
1	0
1	1
12	0
12	8
12	0
12	0
12	0
12	4
13	0
13	0
13	13
13	0
12	0
12	0
1	0
12	0
12	0
16	0
1	0
1	0
1	0
12	0
12	0
1	0
1	0
12	0
12	0
12	0
12	0
1	0
12	0
1	0
12	0
1	0
12	0
12	0
16	0
16	0
16	0
16	0
16	0
16	0
1	0
1	0
1	0
13	0
17	6
1	0
17	0
1	0
16	0
3	1
17	0
17	0
9	1
8	0
8	8
13	0
13	13
13	0
12	0
8	0
8	0
8	0
12	0
8	0
1	0
1	0
1	0
1	0
17	0
17	0
1	0
1	0
1	0
1	0
1	0
8	0
8	0
8	0
12	0
1	0
8	0
8	0
8	0
1	0
1	0
1	0
1	0
1	0
8	0
8	0
8	0
8	0
17	0
17	0
16	0
1	0
1	0
1	0
1	0
1	0
8	0
8	0
8	0
12	0
2	0
12	2
1	0
1	0
12	0
1	0
1	0
16	8
11	0
11	4
2	0
6	0
3	0
1	3
9	9
8	0
8	0
8	0
8	0
8	0
8	8
5	5
9	9
8	0
8	0
8	0
8	0
8	0
8	0
8	8
16	0
17	0
11	0
17	16
16	0
16	16
13	0
13	13
13	0
12	0
16	0
16	0
16	0
8	0
8	0
12	0
16	0
1	0
1	0
1	0
16	0
16	0
16	0
16	0
16	0
3	0
3	0
3	0
1	0
13	0
17	0
17	0
2	4
3	3
17	3
17	0
17	16
13	0
13	13
13	0
17	0
3	0
8	0
17	0
17	0
17	0
17	0
17	0
17	0
17	0
17	0
17	0
17	0
17	0
17	0
17	0
17	0
17	0
17	0
17	0
17	0
3	0
3	0
17	0
17	0
17	0
17	0
17	0
17	0
17	0
17	0
17	0
17	0
17	0
3	0
8	0
17	0
17	0
17	0
17	0
17	0
17	0
17	0
17	0
17	0
17	0
3	0
17	0
17	0
13	0
11	0
6	3
11	0
11	4
2	2
6	6
8	0
8	0
8	8
16	0
1	0
16	0
16	16
13	0
13	13
13	0
12	0
1	0
16	0
1	0
8	0
16	0
17	0
1	0
16	0
8	0
1	0
8	0
8	0
1	0
1	0
16	0
16	0
16	0
16	0
12	0
16	0
16	0
1	0
1	0
8	0
8	0
16	0
12	0
1	0
16	0
16	0
16	0
16	0
1	0
8	0
1	0
8	0
8	0
16	0
16	0
16	0
16	0
16	0
12	0
5	5
11	11
11	4
3	0
11	3
1	3
1	2
1	0
11	11
5	5
2	0
6	0
6	11
8	0
1	11
1	0
3	0
2	0
3	0
1	0
1	16
1	0
12	4
13	0
13	13
13	0
12	0
16	0
16	0
16	0
12	0
16	0
1	0
1	0
1	0
1	0
1	0
1	0
1	0
1	0
1	0
8	0
1	0
16	0
16	0
12	0
16	0
16	0
16	0
16	0
1	0
1	0
1	0
16	0
16	0
1	0
1	0
1	0
1	0
13	0
17	0
11	11
11	4
16	0
11	0
11	11
6	6
3	0
3	0
1	1
8	0
8	0
8	8
8	0
12	0
12	0
12	0
12	16
16	0
11	11
3	0
11	16
3	3
17	0
17	1
1	0
17	0
17	0
1	16
13	0
13	13
13	0
17	0
16	0
16	0
12	0
17	0
16	0
16	0
16	0
16	0
16	0
3	0
1	0
1	0
16	0
16	0
16	0
16	0
16	0
1	0
3	0
16	0
1	0
1	0
1	0
1	0
1	0
8	0
12	0
12	0
12	7
13	0
13	13
13	0
12	0
12	0
12	0
12	0
12	0
12	0
1	0
12	0
12	0
12	0
12	0
12	0
12	0
12	0
12	0
12	0
12	0
12	0
12	0
12	0
12	0
12	0
12	0
12	0
12	0
12	0
12	0
12	0
12	0
12	0
12	0
12	0
12	0
12	0
12	0
12	0
12	0
12	0
12	0
12	0
12	0
12	0
12	0
12	0
12	0
12	0
12	0
12	0
12	0
12	0
12	0
12	0
12	0
12	0
13	0
12	0
11	11
3	0
4	0
4	16
3	3
3	0
3	0
3	3
3	0
3	0
1	16
5	5
1	0
11	11
4	0
4	16
13	0
13	13
13	0
3	0
1	0
16	0
16	0
16	0
16	0
12	0
12	0
16	0
1	0
1	0
1	0
1	0
1	0
1	0
16	0
16	0
16	0
16	0
12	0
12	0
16	0
1	0
16	0
16	0
12	0
12	0
16	0
16	0
16	0
16	0
16	0
1	0
1	0
1	0
1	0
1	0
1	0
1	0
12	0
3	0
3	0
3	0
3	2
4	0
11	4
11	0
11	11
3	0
2	2
9	9
8	0
8	0
8	0
8	0
8	0
8	0
8	8
17	0
17	0
17	3
1	3
17	0
17	0
2	10
3	0
2	2
17	0
17	1
17	0
17	0
17	0
17	16
17	0
17	0
17	4
13	13
13	0
1	0
17	0
17	0
1	0
1	0
1	0
17	0
1	0
1	0
1	0
1	0
17	0
17	0
17	0
1	0
1	0
12	0
1	0
1	0
8	0
8	0
12	0
3	0
12	7
13	0
13	0
13	13
13	0
1	0
8	0
8	0
8	0
1	0
1	0
1	0
8	0
16	0
16	0
8	0
8	0
1	0
1	0
8	0
8	0
16	0
8	0
8	0
8	0
1	0
8	0
8	0
8	0
1	0
8	0
1	0
1	0
8	0
16	0
8	0
1	0
8	0
1	0
1	0
1	0
8	0
8	0
8	0
1	0
16	0
16	0
16	0
1	0
8	0
1	0
1	0
8	0
16	0
8	0
8	0
1	0
1	0
13	0
12	0
12	6
8	0
8	0
8	8
4	0
4	0
2	4
3	0
3	0
3	3
9	0
13	0
9	9
8	0
8	0
8	8
1	0
16	16
13	0
13	13
13	0
12	0
8	0
1	0
1	0
8	0
3	0
12	0
3	0
3	0
3	0
3	0
1	0
1	0
12	0
3	0
1	0
1	0
1	0
8	0
12	0
12	0
8	0
1	0
1	0
8	0
1	0
12	0
12	0
16	0
16	0
4	0
4	0
3	0
3	0
3	0
17	0
9	0
17	0
3	0
5	5
4	0
4	14
17	0
6	0
17	11
17	0
17	0
17	10
17	0
17	4
16	0
17	0
17	0
17	16
17	4
17	0
17	0
17	11
12	13
12	11
17	0
17	11
3	3
17	0
3	3
3	0
3	3
17	0
17	16
17	0
17	16
2	2
17	0
11	11
1	0
1	16
4	0
4	4
13	0
13	13
13	0
1	0
1	0
1	0
3	0
3	0
3	0
3	0
3	0
17	0
16	0
17	0
1	0
1	0
1	0
16	0
16	0
12	0
1	0
3	0
1	0
1	0
1	0
3	3
4	0
4	4
11	13
11	11
3	0
2	2
9	9
17	8
12	0
12	0
12	4
13	13
13	0
8	0
12	0
17	0
12	0
17	0
1	0
1	0
3	0
3	0
16	0
11	0
11	0
3	0
1	0
17	0
17	0
12	0
12	0
8	0
12	0
8	0
3	0
12	0
12	0
8	0
12	0
1	0
1	0
1	0
1	0
1	0
3	0
3	0
3	0
8	0
11	0
11	0
3	0
3	0
17	0
13	0
11	0
11	11
4	4
3	0
3	3
1	0
2	2
8	0
8	8
12	0
12	0
12	4
13	13
13	0
1	0
16	0
1	0
16	0
1	0
1	0
1	0
16	0
1	0
1	0
1	0
1	0
1	0
1	0
1	0
12	0
12	0
16	0
16	0
16	0
1	0
16	0
8	0
1	0
16	0
1	0
1	0
1	0
8	0
1	0
16	0
16	0
16	0
16	0
16	0
3	0
3	0
1	0
1	0
1	0
17	0
17	0
16	0
16	0
1	0
13	0
2	0
2	3
16	16
11	0
11	11
11	11
3	0
2	10
13	0
13	13
13	0
1	0
8	0
1	0
16	0
1	0
1	0
1	0
16	0
16	0
16	0
1	0
1	0
12	0
16	0
16	0
16	0
16	0
1	0
1	0
12	0
12	0
1	0
1	0
1	0
1	0
12	0
1	0
1	0
16	0
16	0
1	0
1	0
1	0
1	0
1	0
16	0
16	0
16	0
16	0
16	0
16	0
1	0
1	0
1	0
12	0
1	0
1	0
16	0
12	0
8	0
8	3
4	0
4	0
9	4
11	0
6	3
8	0
8	8
16	0
2	4
13	0
13	13
13	0
12	0
16	0
16	0
8	0
12	0
8	0
1	0
8	0
8	0
16	0
8	0
8	0
8	0
8	0
1	0
16	0
16	0
16	0
8	0
12	0
12	0
16	0
16	0
16	0
12	0
1	0
3	0
1	0
8	0
16	0
1	0
1	0
8	0
8	0
8	0
16	0
3	0
1	0
3	0
1	0
16	0
16	0
16	0
8	0
12	0
12	0
17	0
2	2
4	0
4	1
9	9
17	0
2	2
8	0
8	0
8	8
13	13
13	0
1	0
1	0
8	0
16	0
16	0
1	0
8	0
17	0
1	0
8	0
1	0
8	0
16	0
17	0
8	0
1	0
1	0
8	0
16	0
16	0
1	0
1	0
3	0
1	0
16	0
1	0
17	0
1	0
1	0
1	0
1	0
8	0
16	0
1	0
16	0
8	0
1	0
17	0
8	0
1	0
1	0
8	0
16	0
16	0
16	0
1	0
17	0
17	0
3	4
2	0
6	2
17	12
17	12
17	0
17	0
8	8
1	0
16	16
13	0
13	13
13	0
1	0
1	0
1	0
8	0
1	0
1	0
1	0
1	0
1	0
1	0
1	0
1	0
1	0
1	0
1	0
1	0
1	0
8	0
1	0
12	0
12	0
1	0
1	0
1	0
12	0
1	0
1	0
1	0
1	0
1	0
1	0
1	0
1	0
1	0
1	0
1	0
1	0
1	0
1	0
1	0
1	0
16	0
1	0
3	0
12	0
12	0
11	0
3	0
11	11
4	0
11	4
3	0
3	3
3	0
3	3
1	6
8	0
8	0
8	8
13	13
13	0
1	0
1	0
1	0
1	0
1	0
1	0
1	0
1	0
1	0
1	0
1	0
1	0
1	0
1	0
1	0
1	0
1	0
1	0
1	0
1	0
1	0
1	0
1	0
1	0
1	0
1	0
1	0
1	0
1	0
1	0
1	0
16	0
16	0
16	0
16	0
1	0
3	0
1	0
3	0
3	0
1	0
1	0
1	0
1	0
1	0
13	0
11	11
16	0
16	4
2	0
3	0
6	0
6	2
8	8
2	2
2	6
12	0
8	0
8	12
13	13
8	0
12	12
5	5
12	0
12	12
13	0
13	0
13	13
13	0
13	0
13	0
12	0
8	0
12	0
12	0
16	0
16	0
1	0
8	0
16	0
8	0
12	0
16	0
16	0
12	0
8	0
13	0
12	0
13	0
13	0
12	0
8	0
8	0
12	0
16	0
16	0
1	0
1	0
8	0
16	0
16	0
1	0
1	0
8	0
16	0
13	0
17	0
17	0
17	7
17	17
17	17
17	0
17	17
13	0
13	13
13	0
17	0
13	0
17	0
17	0
17	0
17	0
17	0
17	0
17	0
17	0
17	0
17	0
17	0
17	0
17	0
17	0
17	0
17	0
17	0
17	0
13	0
17	0
17	0
17	0
17	0
17	0
17	0
17	0
17	0
17	0
17	0
17	0
17	0
17	0
13	0
17	0
17	0
17	0
17	0
17	0
17	0
17	0
17	0
17	0
17	0
13	0
13	0
17	0
17	0
13	0
13	13
1	0
1	0
2	0
16	16
13	13
13	0
1	0
3	0
16	0
16	0
1	0
1	0
1	0
1	0
16	0
16	0
16	0
16	0
1	0
8	0
1	0
16	0
16	0
16	0
16	0
16	0
1	0
16	0
16	0
16	0
16	0
1	0
1	0
1	0
16	0
16	0
16	0
16	0
1	0
1	0
1	0
1	0
16	0
8	0
8	0
8	0
1	0
16	0
16	0
16	0
3	0
1	0
1	0
1	0
8	0
1	0
1	0
1	0
17	0
11	0
11	4
1	3
16	0
16	1
17	0
12	0
12	4
13	0
13	13
13	0
1	0
12	0
12	0
1	0
12	0
12	0
1	0
16	0
16	0
12	0
12	0
12	0
12	0
1	0
16	0
16	0
16	0
12	0
12	0
12	0
12	0
12	0
17	0
1	0
12	0
12	0
12	0
16	0
16	0
16	0
12	0
12	0
12	0
12	0
1	0
1	0
1	0
1	0
1	0
16	0
16	0
16	0
12	0
12	0
12	0
12	0
1	0
16	0
13	0
3	0
3	3
3	0
3	3
1	0
1	1
13	0
13	13
13	0
1	0
1	0
16	0
16	0
1	0
16	0
16	0
16	0
16	0
1	0
16	0
16	0
1	0
3	0
16	0
3	0
1	0
16	0
16	0
1	0
1	0
1	0
3	0
8	0
3	0
16	0
16	0
3	0
3	0
1	0
16	0
1	0
3	0
1	0
3	0
16	0
16	0
16	0
3	0
3	0
3	0
1	0
16	0
1	0
12	0
1	0
3	0
16	0
3	0
16	0
12	0
5	5
11	11
4	0
4	4
3	3
1	0
1	1
8	0
8	0
8	0
8	8
17	0
12	0
12	4
3	11
12	0
12	6
12	0
12	0
12	0
12	0
8	8
5	0
3	4
17	0
17	4
17	0
17	0
11	11
1	0
17	0
2	0
1	4
8	8
13	0
13	0
13	13
13	0
16	0
16	0
1	0
1	0
1	0
12	0
12	0
12	0
17	0
3	0
3	0
1	0
1	0
1	0
1	0
1	0
1	0
8	0
16	0
17	0
17	0
12	0
13	0
13	0
13	17
5	0
5	5
6	6
8	0
8	0
8	0
8	0
8	8
4	0
11	4
3	3
3	0
3	0
3	3
17	0
12	10
17	0
17	11
17	0
17	0
17	4
13	0
13	13
13	0
12	0
16	0
1	0
16	0
16	0
16	0
1	0
1	0
1	0
1	0
1	0
17	0
12	0
12	0
17	0
17	0
17	0
1	0
1	0
12	0
17	0
1	0
1	0
1	0
1	0
1	0
1	0
16	0
16	0
16	0
16	0
3	0
12	0
12	0
12	7
5	6
12	0
12	8
13	0
13	13
13	0
12	0
12	0
12	0
12	0
12	0
12	0
12	0
12	0
16	0
12	0
12	0
12	0
12	0
12	0
1	0
12	0
12	0
12	0
12	0
12	0
12	0
12	0
12	0
12	0
12	0
12	0
12	0
16	0
12	0
12	0
12	0
12	0
12	0
12	0
12	0
1	0
12	0
12	0
12	0
12	0
12	0
1	0
12	0
12	0
12	0
12	0
12	0
1	0
12	0
12	0
12	0
12	0
5	5
3	0
3	3
3	0
1	0
1	3
5	6
1	0
1	0
1	0
1	0
1	1
12	0
8	8
13	0
13	13
13	0
1	0
1	0
1	0
1	0
1	0
12	0
12	0
1	0
1	0
1	0
1	0
1	0
1	0
1	0
1	0
1	0
8	0
8	0
12	0
12	0
12	0
1	0
1	0
1	0
1	0
12	0
12	0
1	0
1	0
1	0
3	0
3	0
1	0
1	0
1	0
1	0
1	0
1	0
1	0
1	0
1	0
8	0
17	0
3	3
17	0
12	11
4	0
4	0
17	4
17	3
3	3
2	0
1	0
16	0
16	0
16	16
13	0
13	0
13	13
13	0
17	0
17	0
17	0
1	0
1	0
12	0
12	0
17	0
17	0
17	0
17	0
1	0
1	0
16	0
16	0
16	0
16	0
16	0
12	0
13	0
17	0
17	0
8	0
8	0
1	0
12	0
12	0
1	0
1	0
1	0
17	0
8	0
8	0
17	0
8	0
8	0
1	0
1	0
16	0
16	0
16	0
16	0
13	0
13	0
13	17
11	11
4	0
11	4
2	0
6	10
12	0
12	16
5	5
17	4
8	0
12	0
17	0
12	0
8	16
13	13
13	13
17	0
12	17
8	17
13	0
13	13
13	0
13	0
17	0
17	0
17	0
12	0
8	0
12	0
8	0
1	0
8	0
8	0
16	0
8	0
1	0
1	0
17	0
17	0
12	0
16	0
17	0
17	0
17	0
17	0
1	0
16	0
16	0
1	0
1	0
12	0
8	0
8	0
8	0
8	0
8	0
8	0
17	0
17	17
17	17
17	17
17	17
13	13
5	5
14	0
11	11
11	4
11	11
3	0
1	0
16	0
16	0
2	2
6	6
8	0
8	0
8	8
17	0
11	0
17	1
17	3
9	0
9	8
17	0
17	0
17	0
17	0
17	16
13	13
13	13
13	0
17	0
17	0
16	0
16	0
1	0
16	0
17	0
17	0
17	0
17	0
1	0
17	0
17	0
17	0
17	0
17	0
17	0
16	0
17	0
16	0
16	0
16	0
16	0
1	0
1	0
16	0
17	0
17	17
17	0
17	17
17	17
17	17
17	17
17	17
17	0
17	17
13	0
13	13
13	0
17	0
17	0
17	0
17	0
17	0
17	0
17	0
17	0
17	0
17	0
17	0
17	0
17	0
17	0
17	0
17	0
17	0
17	0
17	0
17	0
17	0
17	0
17	0
17	0
17	0
17	0
17	0
17	0
17	0
17	0
17	0
17	0
17	0
17	0
17	0
17	0
17	0
17	0
17	0
17	0
17	0
17	0
17	0
17	0
17	0
17	0
17	0
17	0
17	17
17	0
17	17
17	17
13	13
13	0
17	0
17	0
17	0
17	0
17	0
17	0
17	0
17	0
17	0
17	0
17	0
17	0
17	0
17	0
17	0
17	0
17	0
17	0
17	0
17	0
17	0
17	0
17	0
17	0
17	0
17	0
17	0
17	0
17	0
17	0
17	0
17	0
17	0
17	0
17	0
17	0
17	0
17	0
17	0
17	0
17	0
17	0
17	0
17	0
17	0
17	0
17	0
17	0
17	0
17	0
17	0
17	0
17	0
13	0
13	13
17	0
5	5
11	0
11	3
11	4
11	11
1	6
8	0
8	0
8	8
1	0
2	0
2	0
1	0
1	0
1	16
2	2
1	0
6	6
8	0
8	0
8	0
8	0
8	0
8	8
13	0
13	13
13	0
13	0
16	0
16	0
16	0
12	0
16	0
16	0
16	0
16	0
16	0
1	0
1	0
16	0
8	0
8	0
8	0
1	0
1	0
16	0
16	0
16	0
16	0
16	0
1	0
1	0
1	0
16	0
1	0
1	0
1	0
12	0
3	11
16	0
16	0
16	16
1	6
8	8
2	0
2	0
2	10
13	13
13	0
1	0
3	0
8	0
8	0
8	0
3	0
1	0
1	0
8	0
1	0
8	0
8	0
8	0
1	0
1	0
8	0
8	0
8	0
8	0
8	0
1	0
3	0
3	0
8	0
8	0
1	0
1	0
1	0
1	0
8	0
8	0
8	0
8	0
3	0
3	0
3	0
3	0
16	0
3	0
1	0
1	0
8	0
1	0
8	0
8	0
1	0
3	0
3	0
12	0
12	0
12	17
8	0
6	3
11	0
11	4
2	2
6	6
8	0
8	0
8	8
1	0
12	0
16	0
16	16
13	0
13	13
13	0
12	0
12	0
12	0
1	0
8	0
12	0
12	0
12	0
12	0
1	0
8	0
8	0
8	0
8	0
1	0
1	0
16	0
16	0
8	0
12	0
12	0
8	0
8	0
8	0
8	0
12	0
12	0
12	0
12	0
12	0
16	0
16	0
16	0
8	0
1	0
1	0
8	0
8	0
8	0
1	0
1	0
17	0
17	3
17	6
17	0
17	1
17	0
8	0
12	8
13	0
13	13
13	0
17	0
17	0
17	0
17	0
17	0
17	0
17	0
1	0
17	0
17	0
12	0
12	0
17	0
17	0
1	0
1	0
17	0
17	0
12	0
17	0
17	0
17	0
17	0
17	0
17	0
17	0
17	0
1	0
1	0
12	0
12	0
12	0
12	0
17	0
17	0
17	0
17	0
17	0
17	0
1	0
17	0
17	0
12	0
17	0
17	0
17	0
1	0
17	0
17	0
13	0
3	0
1	0
1	0
1	1
16	0
17	0
17	10
3	0
1	0
1	1
2	0
2	0
2	2
8	0
8	0
8	8
13	13
3	11
16	0
16	4
17	0
2	2
8	0
8	8
11	0
3	0
3	3
9	9
8	0
8	0
8	8
16	0
2	4
13	0
13	13
13	0
13	0
16	0
3	0
16	0
16	0
16	0
1	0
8	0
8	0
16	0
3	0
17	0
1	0
16	0
16	0
3	0
1	0
8	0
1	0
8	0
2	0
2	0
1	0
12	0
3	0
3	11
1	0
1	0
1	1
13	13
12	0
12	0
12	7
5	5
6	6
8	0
8	0
8	0
8	0
8	0
8	8
1	0
3	11
16	0
16	16
11	4
13	0
13	0
13	13
13	0
1	0
1	0
1	0
1	0
12	0
1	0
1	0
1	0
1	0
1	0
12	0
12	0
1	0
3	0
1	0
3	0
3	0
3	0
12	0
17	0
1	0
1	0
1	0
1	0
1	0
1	0
12	0
12	0
12	0
1	0
1	0
1	0
8	0
17	0
1	0
6	6
8	0
8	8
4	0
4	4
17	0
17	0
17	4
13	13
13	13
17	17
17	0
17	0
17	17
13	0
13	13
13	0
17	0
17	0
17	0
17	0
17	0
17	0
13	0
17	0
17	0
17	0
17	0
17	0
1	0
17	0
17	0
17	0
17	0
17	0
17	0
13	0
17	0
17	0
17	0
17	0
17	0
17	0
17	0
1	0
1	0
1	0
1	0
8	0
16	0
17	0
17	0
17	0
1	0
1	0
17	0
17	0
17	0
17	0
17	17
13	13
17	0
17	17
13	13
17	0
17	0
17	0
17	17
13	13
17	0
17	17
13	0
13	0
13	13
13	0
17	0
17	0
17	0
17	0
17	0
17	0
17	0
17	0
17	0
17	0
17	0
17	0
17	0
17	0
17	0
17	0
17	0
17	0
17	0
17	0
17	0
17	0
17	0
17	0
17	0
17	0
17	0
13	0
17	0
17	0
17	0
17	0
17	0
17	0
17	0
17	0
17	0
17	0
17	0
17	0
17	0
17	0
17	0
17	0
17	0
17	17
17	17
17	17
17	0
17	17
17	0
17	0
17	17
13	0
13	0
13	13
13	0
17	0
17	0
17	0
17	0
13	0
17	0
17	0
17	0
17	0
17	0
17	0
17	0
17	0
17	0
17	0
17	0
17	0
17	0
17	0
17	0
17	0
17	0
17	0
17	0
17	0
13	0
17	0
17	0
17	0
17	0
17	0
17	0
17	0
17	0
17	0
17	0
17	0
17	0
17	0
17	0
17	0
17	0
17	0
17	0
17	0
17	0
13	0
17	17
17	0
17	17
17	17
17	0
17	17
13	0
13	13
13	0
17	0
17	0
17	0
17	0
17	0
17	0
17	0
17	0
17	0
17	0
17	0
17	0
17	0
17	0
17	0
17	0
17	0
17	0
17	0
17	0
17	0
17	0
17	0
17	0
17	0
17	0
17	0
17	0
17	0
17	0
17	0
17	0
17	0
17	0
17	0
17	0
17	0
17	0
17	0
17	0
17	0
17	0
17	0
17	0
17	0
17	0
17	0
17	0
17	0
17	0
13	0
13	13
17	0
12	7
8	8
13	13
13	0
8	0
17	0
1	0
8	0
8	0
8	0
8	0
17	0
1	0
1	0
1	0
8	0
12	0
17	0
17	0
17	0
1	0
8	0
12	0
8	0
8	0
17	0
1	0
8	0
8	0
8	0
8	0
8	0
17	0
1	0
8	0
8	0
12	0
12	0
8	0
17	0
17	0
1	0
8	0
8	0
17	0
17	0
12	0
12	0
8	0
12	0
8	0
8	0
1	0
1	0
8	0
8	0
8	0
13	0
17	0
11	3
17	0
9	16
5	6
8	0
8	0
8	8
17	10
17	0
17	0
17	16
13	0
13	13
13	0
17	0
1	0
17	0
16	0
12	0
17	0
16	0
17	0
17	0
16	0
16	0
17	0
16	0
16	0
17	0
17	0
17	0
17	0
17	0
17	0
17	0
1	0
16	0
16	0
16	0
16	0
12	0
16	0
16	0
1	0
16	0
16	0
16	0
16	0
16	0
16	0
16	0
16	0
16	0
17	0
17	0
17	0
17	0
17	0
12	0
12	0
12	12
17	0
17	12
17	0
2	0
2	17
17	17
12	12
17	0
17	12
13	0
13	13
13	0
12	0
12	0
16	0
16	0
12	0
12	0
16	0
16	0
12	0
16	0
16	0
16	0
12	0
16	0
12	0
12	0
16	0
16	0
12	0
12	0
12	0
12	0
12	0
16	0
16	0
12	0
12	0
12	0
16	0
12	0
16	0
16	0
12	0
16	0
16	0
16	0
16	0
12	0
16	0
17	0
12	0
16	0
16	0
12	0
12	0
13	0
1	0
11	11
4	0
4	4
3	3
2	6
8	0
8	8
2	2
8	0
8	8
8	0
13	13
13	0
3	0
1	0
16	0
8	0
8	0
1	0
8	0
16	0
1	0
4	0
3	0
3	0
8	0
1	0
8	0
1	0
1	0
16	0
16	0
12	0
3	0
1	0
1	0
16	0
16	0
8	0
1	0
8	0
8	0
1	0
3	0
16	0
16	0
16	0
16	0
3	0
3	0
1	0
1	0
1	0
1	0
1	0
16	0
16	0
12	0
17	0
3	0
5	5
4	0
4	0
4	4
1	0
3	3
17	0
1	11
1	0
1	1
17	0
17	0
9	4
13	13
13	0
1	0
1	0
1	0
1	0
1	0
16	0
1	0
16	0
1	0
3	0
1	0
1	0
1	0
1	0
1	0
17	0
1	0
16	0
16	0
1	0
1	0
1	0
16	0
1	0
1	0
16	0
16	0
1	0
1	0
1	0
1	0
16	0
16	0
16	0
3	0
1	0
1	0
1	0
1	0
1	0
1	0
1	0
16	0
13	0
13	0
13	17
11	11
4	0
11	4
3	0
3	0
1	0
3	3
2	6
8	0
8	8
13	0
13	0
13	13
13	0
16	0
8	0
1	0
1	0
8	0
8	0
8	0
1	0
1	0
1	0
1	0
3	0
3	0
1	0
1	0
1	0
16	0
8	0
8	0
12	0
1	0
8	0
8	0
1	0
1	0
8	0
8	0
8	0
1	0
8	0
13	0
1	0
8	0
1	0
1	0
3	0
3	0
3	0
1	0
1	0
1	0
16	0
8	0
17	0
17	0
12	6
17	0
17	0
17	8
17	3
17	0
17	4
1	3
1	1
13	0
13	13
13	0
17	0
17	0
1	0
17	0
17	0
17	0
17	0
17	0
17	0
1	0
17	0
17	0
17	0
17	0
17	0
17	0
1	0
1	0
1	0
17	0
17	0
17	0
17	0
1	0
17	0
17	0
17	0
17	0
17	0
1	0
1	0
1	0
17	0
17	0
17	0
17	0
17	0
17	0
17	0
17	0
1	0
1	0
1	0
1	0
17	0
17	0
12	0
3	0
5	5
16	0
17	0
3	0
3	3
1	0
1	0
1	0
1	1
13	13
13	0
1	0
1	0
1	0
1	0
16	0
17	0
3	0
1	0
1	0
1	0
1	0
16	0
16	0
16	0
3	0
1	0
1	0
1	0
1	0
1	0
1	0
1	0
16	0
1	0
1	0
1	0
17	0
1	0
1	0
1	0
1	0
1	0
16	0
17	0
16	0
16	0
16	0
16	0
16	0
1	0
1	0
1	0
1	0
1	0
1	0
1	0
1	0
12	0
11	0
11	11
16	0
16	16
2	0
6	6
8	0
8	8
4	2
8	0
8	8
5	5
16	0
16	16
6	0
6	3
1	10
5	5
5	6
12	0
8	0
12	8
13	13
13	0
1	0
8	0
1	0
1	0
8	0
1	0
1	0
1	0
1	0
16	0
16	0
1	0
8	0
8	0
8	0
1	0
1	0
8	0
8	0
8	0
8	0
1	0
1	0
16	0
16	0
16	0
16	0
1	0
8	0
8	0
1	0
1	0
1	0
1	0
3	0
13	0
13	0
13	17
11	0
11	11
16	0
17	0
16	16
17	0
17	0
17	10
3	3
17	0
17	3
17	6
17	0
1	0
1	0
1	0
1	0
17	1
8	0
8	8
13	0
13	13
13	0
13	0
16	0
16	0
16	0
17	0
17	0
17	0
17	0
1	0
1	0
12	0
13	0
17	0
17	0
17	0
1	0
17	0
17	0
17	0
13	0
17	0
13	0
16	0
16	0
16	0
16	0
16	0
16	0
17	0
17	0
17	0
17	0
17	0
1	0
12	0
5	5
3	0
6	11
17	0
1	0
1	16
1	0
12	11
12	0
12	16
13	0
13	13
13	0
12	0
12	0
12	0
12	0
12	0
12	0
16	0
16	0
16	0
1	0
8	0
12	0
8	0
1	0
1	0
1	0
1	0
16	0
12	0
12	0
12	0
16	0
1	0
12	0
12	0
12	0
1	0
16	0
16	0
16	0
1	0
12	0
12	0
16	0
16	0
1	0
1	0
1	0
1	0
16	0
17	0
16	0
16	0
12	0
12	0
12	0
13	0
11	0
11	11
16	0
16	0
16	16
16	0
11	11
3	0
3	5
3	0
3	11
1	0
1	1
13	0
13	13
13	0
12	0
16	0
1	0
16	0
1	0
1	0
12	0
16	0
16	0
16	0
16	0
16	0
3	0
3	0
1	0
1	0
1	0
1	0
1	0
12	0
12	0
1	0
16	0
16	0
16	0
12	0
1	0
12	0
16	0
16	0
16	0
16	0
16	0
16	0
16	0
16	0
16	0
3	0
3	0
3	0
1	0
1	0
1	0
17	0
17	0
11	11
17	0
11	4
3	0
3	0
1	0
1	3
17	0
17	0
17	10
17	0
12	6
12	0
17	0
17	8
13	0
13	13
13	0
17	0
17	0
17	0
17	0
17	0
12	0
17	0
17	0
1	0
17	0
17	0
17	0
17	0
17	0
12	0
12	0
17	0
17	0
17	0
12	0
12	0
17	0
17	0
17	0
17	0
12	0
17	0
17	0
3	0
17	0
17	0
3	0
1	0
1	0
17	0
17	0
17	0
17	0
17	0
12	0
12	0
16	0
11	11
16	0
16	0
16	0
16	16
11	0
11	11
5	5
2	0
6	0
11	2
3	0
3	0
3	3
1	1
8	8
2	3
12	0
13	13
13	0
12	0
1	0
1	0
8	0
16	0
12	0
12	0
16	0
1	0
1	0
8	0
8	0
3	0
1	0
1	0
1	0
8	0
16	0
12	0
12	0
12	0
1	0
1	0
16	0
16	0
12	0
16	0
16	0
16	0
16	0
16	0
16	0
16	0
1	0
1	0
1	0
8	0
3	0
12	0
17	0
17	0
17	0
12	17
13	13
9	0
9	17
17	17
8	0
8	0
8	17
9	9
8	4
17	3
1	0
1	11
16	0
16	16
13	0
13	0
13	13
13	0
12	0
1	0
1	0
17	0
17	0
12	0
17	0
17	0
17	0
16	0
17	0
17	0
1	0
1	0
1	0
1	0
16	0
13	0
12	0
13	0
12	0
1	0
1	0
17	0
8	0
8	0
8	0
8	0
8	0
8	0
17	0
8	0
8	0
17	0
17	0
17	0
16	0
13	0
13	0
13	17
12	0
12	8
5	5
12	12
13	0
13	13
13	0
3	0
16	0
16	0
16	0
1	0
1	0
12	0
12	0
12	0
16	0
8	0
8	0
12	0
3	0
12	0
16	0
12	0
16	0
8	0
12	0
12	0
16	0
3	0
16	0
3	0
1	0
1	0
12	0
16	0
12	0
16	0
12	0
8	0
12	0
3	0
8	0
16	0
13	0
1	0
1	0
12	0
12	0
16	0
12	0
12	0
12	0
3	0
16	0
16	0
3	0
13	0
3	0
4	0
4	0
5	16
17	3
6	6
12	0
8	8
1	0
1	0
16	1
13	13
3	11
1	6
8	0
8	0
12	8
3	3
16	0
1	1
1	0
17	0
17	0
17	16
1	0
3	4
13	13
13	0
3	0
1	0
8	0
8	0
8	0
1	0
1	0
1	0
1	0
16	0
1	0
16	0
1	0
1	0
1	0
1	0
1	0
1	0
1	0
1	0
16	0
16	0
16	0
1	0
8	0
8	0
1	0
8	0
8	0
16	0
1	0
13	0
11	11
4	0
4	4
16	0
17	0
17	10
3	0
3	3
6	11
13	0
13	13
13	0
8	0
8	0
8	0
8	0
12	0
17	0
16	0
8	0
1	0
1	0
8	0
8	0
16	0
16	0
1	0
1	0
1	0
8	0
8	0
12	0
12	0
8	0
8	0
8	0
8	0
12	0
17	0
17	0
8	0
1	0
1	0
8	0
8	0
12	0
3	0
16	0
16	0
3	0
17	0
1	0
1	0
1	0
8	0
8	0
12	0
12	0
3	0
17	0
11	0
11	11
16	0
16	4
17	0
11	0
1	1
2	0
3	3
9	9
1	0
17	1
17	3
17	0
17	0
17	0
17	16
17	0
17	11
11	11
16	0
16	16
4	0
4	4
13	13
13	0
3	0
16	0
16	0
3	0
1	0
8	0
1	0
1	0
1	0
1	0
16	0
1	0
16	0
16	0
8	0
8	0
16	0
16	0
4	0
16	0
16	0
16	0
16	0
16	0
16	0
16	0
3	0
3	0
1	0
17	0
17	0
8	0
1	0
13	0
17	0
5	5
3	0
6	6
8	8
17	0
17	0
17	16
16	11
3	11
1	0
1	0
17	0
1	16
13	13
13	13
17	17
17	0
17	0
17	17
13	13
13	0
17	0
17	0
17	0
17	0
17	0
17	0
17	0
17	0
1	0
1	0
1	0
1	0
1	0
16	0
1	0
17	0
17	0
17	0
17	0
17	0
17	0
17	0
17	0
17	0
17	0
16	0
16	0
1	0
1	0
17	0
17	0
16	0
16	0
1	0
1	0
1	0
1	0
13	0
13	13
3	7
13	0
13	13
13	0
12	0
1	0
8	0
12	0
12	0
12	0
1	0
1	0
1	0
3	0
12	0
12	0
12	0
17	0
1	0
1	0
12	0
12	0
12	0
12	0
12	0
1	0
8	0
12	0
12	0
12	0
12	0
1	0
1	0
8	0
3	0
12	0
12	0
12	0
1	0
1	0
1	0
12	0
12	0
12	0
17	0
1	0
12	0
3	0
12	0
12	0
1	0
1	0
1	0
12	0
12	0
12	0
1	0
1	0
17	0
17	0
17	0
17	16
17	0
17	0
17	10
11	11
11	11
2	2
6	0
6	0
6	6
8	0
8	0
8	8
1	0
1	4
13	0
13	13
13	0
17	0
12	0
1	0
16	0
12	0
12	0
17	0
17	0
1	0
1	0
8	0
1	0
1	0
8	0
1	0
1	0
16	0
16	0
16	0
12	0
12	0
12	0
1	0
1	0
16	0
17	0
17	0
17	0
17	0
16	0
16	0
16	0
1	0
8	0
8	0
8	0
1	0
1	0
8	0
12	0
2	0
5	5
12	0
12	0
12	7
13	13
13	0
1	0
1	0
1	0
1	0
16	0
1	0
16	0
1	0
12	0
12	0
12	0
12	0
16	0
1	0
16	0
12	0
12	0
12	0
12	0
1	0
1	0
1	0
1	0
1	0
16	0
1	0
1	0
16	0
1	0
1	0
1	0
1	0
1	0
1	0
1	0
1	0
1	0
16	0
16	0
16	0
16	0
12	0
12	0
12	0
1	0
1	0
1	0
1	0
1	0
1	0
16	0
16	0
13	0
13	0
13	17
11	0
11	11
4	4
3	0
3	0
1	0
1	3
1	0
1	0
1	1
13	13
13	0
6	0
14	0
14	14
17	0
17	0
12	3
2	6
12	0
8	0
8	0
8	0
8	8
3	0
3	3
17	0
17	0
17	16
17	0
17	0
16	16
13	13
13	0
16	0
1	0
17	0
1	0
1	0
1	0
1	0
1	0
1	0
17	0
1	0
16	0
16	0
16	0
1	0
1	0
1	0
1	0
1	0
1	0
1	0
1	0
16	0
12	0
13	13
13	0
8	0
8	0
8	0
8	0
8	0
8	0
8	0
8	0
8	0
8	0
8	0
8	0
8	0
8	0
8	0
8	0
8	0
8	0
8	0
8	0
8	0
8	0
8	0
8	0
8	0
8	0
8	0
8	0
8	0
8	0
8	0
8	0
8	0
8	0
8	0
8	0
8	0
8	0
8	0
8	0
8	0
8	0
8	0
8	0
8	0
8	0
8	0
8	0
8	0
8	0
8	0
8	0
8	0
8	0
8	0
8	0
8	0
13	0
13	0
13	17
17	0
5	5
17	0
11	0
1	14
11	0
3	3
17	0
11	3
4	4
13	0
13	13
13	0
13	0
1	0
16	0
16	0
13	0
12	0
13	0
1	0
16	0
16	0
16	0
3	0
1	0
1	0
1	0
1	0
1	0
1	0
12	0
13	0
17	0
1	0
1	0
16	0
1	0
1	0
1	0
13	0
1	0
1	0
16	0
13	0
1	0
16	0
16	0
16	0
3	0
1	0
1	0
1	0
1	0
1	0
1	0
1	0
12	0
17	0
2	2
12	0
8	0
8	8
17	0
17	0
17	0
16	0
16	0
16	16
17	0
17	0
11	11
17	3
17	6
12	0
12	0
13	0
8	8
2	2
12	0
12	12
13	13
13	0
1	0
1	0
8	0
16	0
17	0
17	0
17	0
17	0
17	0
8	0
17	0
1	0
17	0
17	0
1	0
8	0
1	0
12	0
8	0
1	0
1	0
8	0
1	0
1	0
8	0
16	0
3	0
16	0
17	0
16	0
16	0
17	0
17	0
17	0
12	0
1	6
8	0
8	8
4	0
11	4
3	2
17	6
8	8
12	12
12	12
17	2
17	0
8	0
12	8
2	2
17	6
8	0
8	8
13	13
13	0
1	0
1	0
1	0
1	0
8	0
1	0
1	0
1	0
1	0
1	0
1	0
1	0
12	0
12	0
12	0
1	0
1	0
8	0
8	0
1	0
1	0
1	0
1	0
1	0
8	0
1	0
1	0
1	0
8	0
3	0
1	0
1	0
1	0
1	0
12	0
12	0
1	0
1	0
12	0
12	0
3	2
16	0
16	8
3	0
3	0
2	16
6	0
6	6
3	3
2	2
3	6
9	0
8	9
17	17
13	13
8	0
8	0
8	12
2	2
12	0
12	0
12	12
2	0
2	2
17	12
12	12
1	0
16	16
13	13
13	0
1	0
1	0
1	0
1	0
8	0
1	0
1	0
1	0
8	0
1	0
12	0
8	0
8	0
1	0
1	0
1	0
12	0
8	0
8	0
8	0
3	0
3	0
8	0
8	0
8	0
1	0
1	0
1	0
8	0
17	0
1	6
8	0
8	0
8	0
8	0
8	8
4	0
11	4
3	3
2	0
3	3
17	2
17	6
9	0
8	17
13	13
13	0
1	0
1	0
1	0
8	0
1	0
8	0
1	0
1	0
1	0
16	0
16	0
1	0
1	0
1	0
1	0
17	0
17	0
17	0
8	0
8	0
17	0
1	0
17	0
1	0
8	0
8	0
8	0
1	0
1	0
1	0
1	0
1	0
8	0
16	0
16	0
1	0
1	0
1	0
1	0
1	0
1	0
8	0
12	0
2	2
1	0
1	0
1	6
8	0
8	8
2	2
17	0
12	2
8	0
8	8
4	0
4	0
2	4
3	0
3	3
9	9
8	8
13	13
13	0
8	0
8	0
8	0
3	0
8	0
8	0
8	0
8	0
1	0
8	0
8	0
8	0
3	0
3	0
8	0
3	0
3	0
8	0
8	0
8	0
8	0
8	0
8	0
8	0
8	0
8	0
1	0
1	0
1	0
1	0
1	0
8	0
17	0
1	0
1	0
8	0
8	0
3	0
3	0
1	0
5	5
3	2
1	0
1	0
1	6
8	0
8	8
2	0
2	2
6	6
8	0
8	0
8	0
8	0
8	8
3	0
16	3
3	0
3	3
9	9
9	8
13	13
13	0
1	0
1	0
3	0
3	0
1	0
8	0
1	0
1	0
8	0
8	0
8	0
1	0
16	0
1	0
8	0
3	0
3	0
1	0
8	0
8	0
1	0
1	0
3	0
1	0
1	0
1	0
1	0
1	0
8	0
16	0
16	0
16	0
1	0
8	0
8	0
8	0
13	0
16	4
17	0
17	0
17	3
6	0
6	6
8	8
3	0
3	3
9	0
13	0
9	9
9	8
2	2
6	6
12	0
12	12
5	0
5	0
3	0
3	3
13	0
13	13
13	0
12	0
16	0
16	0
16	0
12	0
9	0
17	0
9	0
9	0
8	0
16	0
17	0
8	0
8	0
1	0
3	0
3	0
16	0
16	0
12	0
12	0
12	0
16	0
16	0
16	0
16	0
16	0
1	0
8	0
3	0
9	0
17	0
9	0
9	0
9	0
13	0
3	0
5	5
3	0
11	11
11	0
11	4
17	0
17	0
17	10
1	0
1	0
1	1
13	0
13	13
13	0
17	0
3	0
3	0
16	0
1	0
16	0
16	0
16	0
3	0
16	0
8	0
16	0
17	0
17	0
1	0
1	0
1	0
1	0
12	0
17	0
17	0
3	0
16	0
3	0
16	0
1	0
16	0
17	0
1	0
3	0
16	0
16	0
16	0
16	0
8	0
8	0
1	0
17	0
1	0
1	0
1	0
1	0
1	0
12	0
12	0
12	11
12	0
16	0
16	16
3	3
3	6
1	0
1	0
1	1
8	0
8	0
8	0
8	8
12	2
12	0
12	12
13	13
13	0
17	0
1	0
1	0
1	0
1	0
1	0
17	0
1	0
1	0
1	0
1	0
1	0
1	0
8	0
8	0
17	0
17	0
12	0
12	0
12	0
1	0
1	0
1	0
1	0
1	0
8	0
12	0
17	0
12	0
12	0
16	0
3	0
3	0
1	0
1	0
1	0
1	0
1	0
8	0
8	0
12	0
17	0
12	0
17	0
12	17
13	13
9	0
9	17
17	17
17	0
8	0
8	17
9	9
8	17
12	0
12	0
12	0
12	17
13	0
13	13
13	0
17	0
17	0
17	0
12	0
12	0
12	0
12	0
17	0
17	0
17	0
17	0
17	0
17	0
17	0
17	0
17	0
12	0
8	0
12	0
12	0
17	0
17	0
17	0
8	0
12	0
12	0
12	0
8	0
8	0
8	0
8	0
17	0
17	0
17	0
17	0
17	0
17	0
17	0
17	0
17	0
13	0
4	4
17	0
17	0
17	3
1	3
1	0
1	0
1	1
4	0
11	4
17	11
17	0
11	3
1	0
1	3
13	13
13	0
1	0
8	0
1	0
1	0
1	0
1	0
16	0
1	0
1	0
1	0
1	0
17	0
1	0
1	0
8	0
8	0
8	0
8	0
8	0
1	0
8	0
8	0
8	0
1	0
1	0
8	0
1	0
1	0
3	0
17	0
17	0
17	0
17	0
1	0
1	0
1	0
1	0
1	0
1	0
8	0
8	0
8	0
12	0
3	4
17	3
3	3
1	0
11	6
8	8
2	0
16	0
16	16
13	13
3	11
6	6
17	0
1	0
17	1
12	0
12	0
12	8
3	3
1	0
1	1
1	0
1	0
1	16
5	5
6	0
12	6
12	0
12	0
8	8
13	13
13	0
3	0
1	0
16	0
1	0
1	0
16	0
1	0
8	0
1	0
1	0
1	0
1	0
1	0
1	0
16	0
16	0
16	0
16	0
1	0
1	0
8	0
16	0
16	0
16	0
16	0
8	0
8	0
13	0
16	0
11	11
16	0
3	0
3	16
16	0
17	0
2	10
1	0
1	0
1	0
1	16
13	0
13	13
13	0
1	0
17	0
1	0
16	0
12	0
12	0
12	0
16	0
16	0
16	0
16	0
16	0
16	0
1	0
1	0
1	0
1	0
8	0
12	0
12	0
16	0
16	0
16	0
16	0
16	0
12	0
12	0
12	0
1	0
16	0
16	0
16	0
16	0
16	0
16	0
16	0
16	0
16	0
1	0
1	0
1	0
1	0
1	0
12	0
13	0
3	0
11	11
3	0
12	0
2	0
16	0
16	16
2	0
2	0
11	11
3	0
2	2
8	0
8	0
8	0
8	0
8	0
8	8
13	13
12	17
12	0
12	0
12	0
12	17
13	13
13	0
13	0
13	13
13	0
16	0
16	0
3	0
1	0
1	0
1	0
8	0
1	0
16	0
1	0
1	0
1	0
1	0
1	0
12	0
8	0
16	0
8	0
8	0
8	0
3	0
16	0
3	0
16	0
1	0
1	0
3	0
3	0
1	0
1	0
12	0
12	7
13	0
13	13
13	0
1	0
1	0
12	0
12	0
12	0
12	0
1	0
1	0
16	0
12	0
12	0
12	0
12	0
12	0
12	0
12	0
12	0
12	0
12	0
12	0
12	0
1	0
12	0
12	0
12	0
12	0
1	0
1	0
1	0
16	0
12	0
12	0
12	0
12	0
1	0
12	0
12	0
12	0
12	0
12	0
12	0
12	0
12	0
12	0
12	0
12	0
1	0
1	0
16	0
12	0
12	0
12	0
1	0
1	0
12	0
12	0
5	5
2	0
2	0
6	0
6	1
8	0
8	0
8	8
16	0
16	4
2	2
8	0
8	0
8	0
8	16
13	0
13	13
13	0
1	0
8	0
8	0
8	0
8	0
8	0
12	0
1	0
16	0
16	0
16	0
16	0
16	0
1	0
1	0
8	0
8	0
8	0
8	0
12	0
1	0
16	0
8	0
8	0
8	0
12	0
12	0
12	0
1	0
2	0
1	0
1	0
1	0
8	0
8	0
16	0
16	0
1	0
1	0
1	0
1	0
13	0
13	13
17	0
17	0
17	17
17	17
17	0
17	17
17	0
17	17
13	0
13	13
13	13
13	0
13	0
17	0
17	0
13	0
13	0
17	0
17	0
17	0
17	0
17	0
17	0
17	0
17	0
17	0
17	0
17	0
17	0
17	0
13	0
13	0
13	0
17	0
17	0
17	0
13	0
13	0
17	0
17	0
17	0
17	0
17	0
17	0
13	0
17	0
17	0
17	0
17	0
17	0
17	0
17	0
17	0
17	0
17	0
13	0
13	0
13	0
13	0
1	0
1	0
8	0
1	1
13	0
17	0
13	13
1	0
1	0
1	1
8	0
8	0
8	8
13	13
13	0
1	0
1	0
1	0
1	0
1	0
1	0
1	0
1	0
1	0
1	0
1	0
1	0
1	0
1	0
1	0
1	0
1	0
1	0
8	0
1	0
1	0
1	0
1	0
1	0
1	0
1	0
1	0
1	0
1	0
1	0
1	0
1	0
1	0
1	0
1	0
1	0
1	0
1	0
1	0
1	0
1	0
1	0
1	0
8	0
12	0
8	0
13	0
13	17
8	0
8	3
4	0
6	4
12	0
12	12
12	12
17	0
17	0
12	4
13	0
13	13
13	0
12	0
17	0
1	0
1	0
1	0
12	0
12	0
12	0
12	0
1	0
1	0
1	0
1	0
1	0
12	0
17	0
16	0
12	0
12	0
12	0
12	0
12	0
17	0
16	0
16	0
1	0
12	0
12	0
12	0
12	0
12	0
1	0
1	0
1	0
16	0
1	0
1	0
1	0
1	0
12	0
17	0
17	0
12	0
12	0
1	0
1	16
3	11
1	0
17	0
12	10
5	5
6	6
8	0
8	0
8	8
3	2
17	0
2	11
12	0
12	0
12	0
12	16
13	13
13	0
8	0
12	0
12	0
12	0
12	0
12	0
1	0
1	0
1	0
8	0
8	0
8	0
17	0
12	0
12	0
12	0
12	0
12	0
12	0
12	0
12	0
12	0
12	0
12	0
12	0
12	0
3	0
16	0
16	0
1	0
1	0
1	0
1	0
8	0
8	0
8	0
8	0
17	0
12	0
13	0
1	0
8	0
8	0
8	0
8	0
8	8
13	0
13	0
13	13
13	0
1	0
1	0
8	0
1	0
1	0
1	0
1	0
8	0
8	0
8	0
8	0
8	0
1	0
8	0
8	0
8	0
8	0
8	0
8	0
8	0
1	0
8	0
1	0
1	0
1	0
1	0
1	0
1	0
8	0
8	0
8	0
8	0
8	0
1	0
1	0
1	0
1	0
1	0
8	0
8	0
8	0
8	0
8	0
8	0
1	0
1	0
1	0
1	0
1	0
13	0
3	0
3	0
3	0
1	0
3	3
4	0
4	4
11	0
12	6
12	12
12	0
8	12
1	0
1	0
1	1
1	0
1	1
13	0
13	13
13	0
8	0
1	0
1	0
1	0
1	0
1	0
3	0
8	0
1	0
12	0
12	0
1	0
3	0
3	0
1	0
1	0
1	0
1	0
1	0
12	0
12	0
1	0
1	0
1	0
8	0
8	0
3	0
3	0
3	0
3	0
3	0
8	0
8	0
12	0
12	0
12	0
1	0
3	0
3	0
12	0
5	5
16	0
11	11
4	0
11	4
8	0
8	0
8	8
13	13
14	0
11	0
14	14
3	0
11	11
11	0
11	11
2	0
2	2
12	0
12	12
12	12
2	0
6	6
1	0
1	0
1	0
1	1
8	0
8	0
8	8
16	0
2	2
12	0
12	6
12	0
8	0
8	8
3	0
1	16
16	16
13	0
13	13
13	0
12	0
3	0
16	0
16	0
16	0
16	0
16	0
16	0
1	0
1	0
12	0
16	0
16	0
14	0
16	0
16	0
11	0
3	0
11	11
11	0
11	4
3	0
3	0
1	0
1	3
6	6
3	0
3	0
1	1
8	8
2	2
1	0
1	0
1	3
1	0
1	0
1	1
8	0
8	0
8	8
2	0
2	2
6	6
8	0
8	0
8	8
1	0
3	0
1	0
16	16
5	5
16	2
2	0
6	0
6	6
8	0
8	8
16	0
12	0
3	4
2	0
2	0
11	11
3	0
11	16
3	3
1	0
12	6
8	0
8	0
8	8
16	0
2	2
3	0
12	6
13	0
13	0
3	7
13	0
13	0
13	13
13	0
1	0
1	0
12	0
12	0
1	0
1	0
1	0
12	0
12	0
12	0
12	0
1	0
1	0
1	0
12	0
12	0
12	0
12	0
12	0
12	0
1	0
12	0
12	0
12	0
1	0
1	0
1	0
1	0
16	0
12	0
12	0
1	0
1	0
1	0
1	0
1	0
12	0
12	0
12	0
1	0
12	0
12	0
12	0
12	0
12	0
1	0
1	0
12	0
12	0
12	0
12	0
1	0
12	0
12	0
13	0
12	0
11	11
3	0
1	0
2	16
17	0
11	0
1	1
16	0
17	0
16	10
17	6
1	0
3	0
1	1
8	8
2	2
2	0
6	6
1	0
1	0
1	1
8	0
8	0
8	8
2	0
2	2
8	0
8	0
8	8
16	0
2	10
13	0
13	13
13	0
12	0
16	0
12	0
16	0
1	0
1	0
12	0
1	0
1	0
8	0
8	0
16	0
16	0
16	0
16	0
16	0
12	0
16	0
16	0
16	0
16	0
16	0
8	0
1	0
12	0
16	0
3	3
16	0
2	2
6	6
8	0
8	8
16	0
2	0
11	4
2	0
6	2
8	0
8	0
13	0
8	0
8	0
8	0
8	0
8	8
13	13
4	0
4	14
11	13
11	11
17	0
6	3
1	0
3	0
3	0
1	0
1	0
1	3
3	6
1	1
8	0
8	8
16	0
16	16
13	13
13	0
3	0
1	0
16	0
3	0
11	0
16	0
16	0
16	0
1	0
16	0
1	0
1	0
1	0
1	0
1	0
1	0
1	0
1	0
13	0
3	0
3	7
13	0
13	13
13	0
1	0
1	0
8	0
3	0
17	0
1	0
1	0
1	0
1	0
1	0
12	0
12	0
17	0
1	0
1	0
1	0
1	0
3	0
12	0
17	0
17	0
17	0
1	0
3	0
17	0
17	0
1	0
1	0
1	0
1	0
1	0
12	0
17	0
17	0
1	0
1	0
1	0
3	0
12	0
17	0
1	0
1	0
1	0
1	0
12	0
17	0
1	0
1	0
1	0
3	0
12	0
1	0
1	0
1	0
12	0
12	0
12	0
12	7
13	0
13	13
13	0
12	0
12	0
12	0
12	0
12	0
12	0
12	0
12	0
12	0
12	0
12	0
12	0
12	0
12	0
12	0
12	0
12	0
12	0
12	0
12	0
12	0
12	0
12	0
12	0
12	0
12	0
12	0
12	0
12	0
12	0
12	0
12	0
12	0
12	0
12	0
12	0
12	0
12	0
12	0
12	0
12	0
12	0
12	0
12	0
12	0
12	0
12	0
12	0
12	0
12	0
12	0
12	0
12	0
17	0
17	0
17	0
17	3
17	0
9	2
3	0
6	0
3	0
1	0
3	3
17	0
11	4
17	6
9	9
9	8
17	0
6	0
1	3
12	0
12	0
12	0
12	4
13	0
13	13
13	0
17	0
17	0
17	0
17	0
12	0
17	0
17	0
17	0
17	0
17	0
17	0
12	0
17	0
17	0
12	0
12	0
8	0
12	0
16	0
12	0
17	0
17	0
17	0
17	0
12	0
17	0
17	0
17	0
17	0
3	0
17	0
17	0
17	0
17	0
17	0
11	11
17	0
11	4
17	0
17	0
17	0
3	3
3	3
1	0
17	1
17	0
17	0
17	4
5	5
5	6
12	0
8	8
13	13
13	0
1	0
1	0
1	0
1	0
1	0
1	0
1	0
3	0
1	0
1	0
1	0
17	0
17	0
1	0
1	0
8	0
1	0
1	0
17	0
1	0
1	0
1	0
1	0
1	0
12	0
1	0
1	0
3	0
16	0
17	0
1	0
17	0
1	0
1	0
1	0
1	0
17	0
17	0
17	0
12	0
11	0
11	0
11	11
16	0
11	16
13	0
13	13
13	0
1	0
16	0
16	0
16	0
1	0
16	0
16	0
16	0
16	0
16	0
16	0
16	0
16	0
16	0
16	0
16	0
16	0
16	0
1	0
16	0
16	0
16	0
16	0
16	0
1	0
16	0
16	0
16	0
16	0
16	0
16	0
1	0
12	0
1	0
16	0
16	0
16	0
16	0
16	0
16	0
16	0
16	0
16	0
11	0
12	0
1	0
16	0
16	0
16	0
16	0
16	0
16	0
12	0
12	0
8	8
16	0
4	0
4	0
16	16
3	3
3	0
3	0
3	3
1	0
1	11
17	0
17	0
9	4
17	0
13	13
3	0
17	11
17	0
17	2
8	8
17	0
17	16
17	0
17	0
17	16
13	0
13	0
13	13
13	0
1	0
1	0
16	0
16	0
16	0
12	0
17	0
17	0
17	0
17	0
1	0
17	0
17	0
17	0
17	0
17	0
16	0
16	0
16	0
16	0
3	0
16	0
16	0
1	0
1	0
1	0
1	0
1	0
13	0
11	11
3	11
16	0
11	11
3	3
1	0
3	0
16	16
4	0
4	4
11	0
11	4
3	0
3	3
5	6
8	0
8	0
8	8
12	0
12	0
12	4
13	0
13	13
13	0
13	17
13	0
1	0
16	0
16	0
16	0
16	0
1	0
1	0
1	0
1	0
1	0
13	0
16	0
16	0
16	0
16	0
16	0
16	0
12	0
13	0
16	0
16	0
16	0
16	0
1	0
1	0
1	0
16	0
16	0
16	0
4	0
1	0
1	0
1	0
12	0
3	0
3	3
16	0
17	0
1	4
2	3
17	3
17	2
12	0
12	12
13	13
17	17
17	17
17	17
17	17
13	13
1	0
1	16
13	0
13	13
13	0
12	0
12	0
1	0
1	0
1	0
12	0
12	0
1	0
1	0
1	0
1	0
17	0
17	0
17	0
1	0
1	0
1	0
1	0
1	0
12	0
12	0
1	0
1	0
1	0
1	0
12	0
1	0
16	0
17	0
1	0
8	0
1	0
12	0
12	0
1	0
1	0
17	0
17	0
13	0
16	0
11	0
11	11
16	0
16	4
17	0
2	11
12	0
12	0
17	0
12	0
12	16
13	13
14	0
11	0
14	11
12	0
11	16
3	0
11	11
3	0
3	0
3	0
3	0
3	3
3	3
1	0
17	0
17	0
1	16
4	4
13	0
13	13
13	0
16	0
16	0
16	0
16	0
12	0
17	0
8	0
3	0
3	0
16	0
3	0
3	0
16	0
3	0
16	0
1	0
16	0
17	0
12	0
8	0
12	0
12	0
12	0
16	0
16	0
3	0
1	0
16	0
16	1
6	0
6	3
8	0
12	0
1	4
3	3
1	0
1	16
13	13
13	0
3	0
1	0
8	0
8	0
8	0
3	0
8	0
8	0
8	0
8	0
8	0
8	0
8	0
8	0
8	0
8	0
8	0
8	0
8	0
8	0
3	0
16	0
1	0
1	0
8	0
16	0
8	0
8	0
8	0
8	0
8	0
8	0
3	0
16	0
16	0
16	0
8	0
8	0
8	0
8	0
8	0
8	0
8	0
8	0
8	0
3	0
13	0
11	0
11	11
4	0
4	4
3	3
2	6
8	0
8	8
2	2
8	8
13	0
13	0
13	13
13	0
3	0
16	0
16	0
16	0
13	0
1	0
1	0
16	0
1	0
16	0
3	0
3	0
1	0
1	0
1	0
1	0
16	0
16	0
16	0
16	0
3	0
1	0
16	0
16	0
8	0
12	0
1	0
1	0
3	0
1	0
16	0
3	0
16	0
16	0
16	0
4	0
3	0
1	0
1	0
1	0
16	0
16	0
16	0
16	0
16	0
13	0
3	0
5	5
1	3
16	0
11	3
3	3
13	13
13	0
1	0
16	0
16	0
16	0
16	0
16	0
16	0
16	0
16	0
16	0
16	0
1	0
16	0
16	0
16	0
16	0
16	0
16	0
1	0
1	0
1	0
1	0
16	0
1	0
16	0
16	0
16	0
16	0
16	0
16	0
16	0
1	0
1	0
1	0
1	0
16	0
16	0
16	0
16	0
16	0
16	0
16	0
1	0
1	0
1	0
1	0
16	0
16	0
16	0
16	0
16	0
13	0
3	6
1	0
1	1
8	0
8	8
16	0
16	0
16	0
16	16
11	0
11	11
17	0
17	0
3	3
1	0
1	1
1	0
1	16
13	0
13	0
13	13
13	0
1	0
16	0
1	0
16	0
16	0
16	0
13	0
16	0
16	0
17	0
17	0
17	0
17	0
1	0
16	0
1	0
1	0
8	0
16	0
13	0
8	0
1	0
16	0
8	0
1	0
1	0
1	0
1	0
16	0
16	0
16	0
16	0
16	0
16	0
17	0
17	0
3	0
13	0
13	0
13	17
8	0
8	0
8	0
8	16
16	0
16	11
3	0
11	11
3	3
1	0
17	10
13	0
13	0
13	13
13	0
16	0
16	0
16	0
16	0
16	0
12	0
13	0
16	0
16	0
16	0
16	0
16	0
16	0
8	0
1	0
16	0
16	0
12	0
12	0
13	0
8	0
1	0
16	0
16	0
16	0
12	0
12	0
12	0
12	0
13	0
1	0
16	0
16	0
16	0
16	0
16	0
16	0
16	0
8	0
1	0
1	0
1	0
12	0
12	0
12	0
12	7
13	0
12	0
13	13
13	0
12	0
8	0
8	0
8	0
1	0
1	0
1	0
1	0
12	0
12	0
12	0
12	0
1	0
1	0
1	0
8	0
1	0
12	0
12	0
8	0
1	0
1	0
8	0
8	0
12	0
1	0
1	0
1	0
12	0
1	0
12	0
12	0
8	0
12	0
1	0
1	0
8	0
1	0
1	0
16	0
1	0
16	0
12	0
12	0
12	0
12	0
1	0
1	0
8	0
1	0
1	0
1	0
11	0
16	0
11	11
11	0
11	16
13	0
13	13
13	0
1	0
16	0
16	0
16	0
1	0
16	0
16	0
16	0
16	0
16	0
16	0
16	0
16	0
16	0
16	0
16	0
16	0
16	0
11	0
16	0
16	0
16	0
16	0
16	0
1	0
16	0
16	0
16	0
16	0
16	0
16	0
12	0
12	0
12	0
16	0
16	0
16	0
16	0
16	0
16	0
16	0
16	0
16	0
11	0
12	0
1	0
16	0
16	0
16	0
16	0
16	0
16	0
11	0
11	0
11	4
3	0
3	3
1	3
16	0
1	1
3	0
11	0
2	3
6	0
1	1
8	0
8	0
8	8
13	13
13	0
1	0
3	0
1	0
1	0
1	0
1	0
1	0
1	0
1	0
1	0
1	0
1	0
1	0
1	0
1	0
1	0
8	0
8	0
8	0
1	0
1	0
1	0
1	0
1	0
1	0
1	0
1	0
3	0
3	0
16	0
3	0
3	0
3	0
1	0
1	0
3	0
1	0
1	0
1	0
1	0
1	0
1	0
12	0
3	0
9	16
3	0
3	3
3	0
3	0
1	3
3	3
16	2
17	6
12	0
12	12
2	3
1	0
12	0
12	0
12	0
12	16
13	0
13	13
13	0
12	0
12	0
12	0
8	0
8	0
12	0
12	0
16	0
16	0
16	0
16	0
16	0
1	0
1	0
1	0
1	0
8	0
8	0
8	0
12	0
12	0
1	0
16	0
8	0
8	0
12	0
16	0
16	0
3	0
1	0
1	0
1	0
16	0
16	0
16	0
1	0
1	0
1	0
12	0
2	0
5	5
12	0
12	0
12	7
13	13
13	0
1	0
1	0
1	0
1	0
16	0
1	0
16	0
1	0
12	0
12	0
12	0
12	0
16	0
1	0
16	0
12	0
12	0
12	0
12	0
1	0
1	0
1	0
1	0
1	0
16	0
1	0
1	0
16	0
1	0
1	0
1	0
1	0
1	0
1	0
1	0
1	0
1	0
16	0
16	0
16	0
16	0
12	0
12	0
12	0
1	0
1	0
1	0
1	0
1	0
1	0
16	0
16	0
13	0
13	0
13	17
8	0
12	1
8	0
8	8
4	0
4	4
3	0
3	0
3	0
3	3
1	0
1	0
1	17
17	0
12	0
12	0
12	4
13	0
13	13
13	0
12	0
17	0
12	0
1	0
1	0
1	0
12	0
1	0
3	0
3	0
3	0
1	0
1	0
1	0
1	0
17	0
17	0
12	0
1	0
13	0
17	0
1	0
17	0
12	0
13	0
1	0
1	0
1	0
8	0
16	0
3	0
3	0
3	0
3	0
3	0
1	0
1	0
12	0
3	0
11	11
3	0
3	2
8	0
8	8
13	0
13	13
13	0
1	0
1	0
16	0
16	0
12	0
16	0
16	0
1	0
1	0
1	0
16	0
16	0
12	0
16	0
1	0
1	0
1	0
16	0
16	0
8	0
12	0
12	0
1	0
16	0
16	0
16	0
16	0
1	0
1	0
1	0
16	0
8	0
12	0
12	0
16	0
16	0
16	0
16	0
16	0
16	0
1	0
1	0
16	0
8	0
12	0
12	0
16	0
1	0
16	0
16	0
11	0
16	0
11	11
11	0
11	16
13	0
13	13
13	0
1	0
16	0
16	0
16	0
1	0
16	0
16	0
16	0
16	0
16	0
16	0
16	0
16	0
16	0
16	0
16	0
16	0
16	0
11	0
16	0
16	0
16	0
16	0
16	0
1	0
16	0
16	0
16	0
16	0
16	0
16	0
12	0
12	0
12	0
16	0
16	0
16	0
16	0
16	0
16	0
16	0
16	0
16	0
11	0
12	0
1	0
16	0
16	0
16	0
16	0
16	0
16	0
13	0
14	0
11	11
17	0
17	0
17	16
3	3
17	0
17	0
17	10
13	0
13	0
13	13
13	0
17	0
17	0
16	0
12	0
13	0
17	0
16	0
17	0
16	0
16	0
16	0
17	0
16	0
17	0
16	0
17	0
17	0
17	0
12	0
12	0
17	0
16	0
16	0
16	0
12	0
13	0
16	0
16	0
16	0
16	0
16	0
16	0
14	0
16	0
16	0
17	0
17	0
16	0
17	0
17	0
17	0
17	0
17	0
12	0
12	0
12	0
13	0
2	0
5	5
3	0
11	11
11	0
11	4
3	3
1	3
1	0
1	0
12	0
12	1
13	0
13	0
13	13
13	0
1	0
3	0
1	0
1	0
1	0
1	0
1	0
1	0
1	0
1	0
1	0
1	0
1	0
1	0
1	0
1	0
1	0
1	0
12	0
13	0
16	0
1	0
1	0
1	0
1	0
1	0
1	0
1	0
1	0
16	0
16	0
16	0
16	0
16	0
8	0
3	0
1	0
1	0
1	0
1	0
1	0
1	0
1	0
13	0
5	5
3	0
11	11
11	0
11	4
8	8
13	0
13	0
13	13
13	0
1	0
1	0
1	0
16	0
1	0
16	0
3	0
1	0
1	0
1	0
8	0
8	0
1	0
16	0
1	0
1	0
1	0
1	0
8	0
8	0
1	0
1	0
1	0
16	0
16	0
1	0
16	0
1	0
1	0
1	0
1	0
8	0
8	0
1	0
16	0
1	0
16	0
16	0
16	0
16	0
1	0
1	0
1	0
8	0
1	0
1	0
16	0
1	0
1	0
12	0
2	0
1	3
8	0
8	8
4	0
2	4
17	0
6	3
12	10
5	6
8	0
8	0
8	8
1	0
1	0
16	16
13	0
13	13
13	0
1	0
8	0
8	0
1	0
16	0
1	0
12	0
3	0
8	0
8	0
8	0
1	0
1	0
1	0
1	0
1	0
16	0
1	0
16	0
12	0
12	0
8	0
8	0
8	0
16	0
12	0
12	0
1	0
1	0
16	0
8	0
16	0
3	0
8	0
8	0
8	0
1	0
1	0
1	0
1	0
12	0
12	0
12	12
12	0
12	12
2	0
2	0
2	17
12	12
17	0
12	12
13	0
13	13
13	0
12	0
12	0
12	0
16	0
12	0
12	0
8	0
16	0
16	0
16	0
16	0
16	0
8	0
12	0
8	0
16	0
12	0
16	0
12	0
12	0
12	0
1	0
16	0
12	0
12	0
12	0
12	0
8	0
16	0
16	0
12	0
16	0
12	0
12	0
16	0
16	0
8	0
16	0
16	0
12	0
1	0
16	0
16	0
12	0
12	0
12	0
13	0
11	11
17	0
11	4
1	3
1	1
17	0
17	0
12	4
13	0
13	13
13	0
17	0
12	0
12	0
12	0
17	0
17	0
1	0
1	0
17	0
17	0
12	0
12	0
17	0
1	0
17	0
17	0
17	0
12	0
12	0
12	0
17	0
17	0
3	0
12	0
12	0
17	0
17	0
17	0
17	0
17	0
12	0
12	0
12	0
17	0
1	0
1	0
17	0
1	0
1	0
17	0
17	0
17	0
12	0
12	0
12	0
17	0
17	0
3	0
17	0
17	0
17	0
1	0
1	3
17	6
17	0
17	0
1	1
17	0
8	0
8	0
8	0
8	0
8	8
17	0
11	4
1	1
17	0
17	0
12	4
13	13
13	0
1	0
1	0
1	0
17	0
1	0
1	0
1	0
1	0
1	0
17	0
1	0
1	0
1	0
1	0
1	0
1	0
17	0
17	0
1	0
1	0
1	0
1	0
17	0
17	0
1	0
1	0
17	0
17	0
1	0
1	0
1	0
1	0
1	0
1	0
17	0
17	0
1	0
12	0
12	0
12	0
12	0
12	1
8	0
8	8
13	13
1	0
1	1
8	0
8	0
8	8
13	13
1	0
1	0
1	0
1	1
8	0
8	0
8	8
12	2
17	0
8	8
13	0
13	13
13	0
12	0
12	0
1	0
1	0
1	0
12	0
1	0
1	0
1	0
1	0
8	0
1	0
8	0
16	0
8	0
16	0
1	0
8	0
8	0
12	0
12	0
12	0
12	0
12	0
16	0
16	0
1	0
1	0
1	0
8	0
1	0
1	0
1	0
12	0
5	0
5	5
16	0
11	11
17	0
17	0
17	16
16	0
16	0
16	16
17	0
12	6
12	0
12	12
12	0
12	12
3	0
3	4
1	3
1	0
1	0
1	1
1	0
8	0
8	0
8	16
13	13
13	0
3	0
16	0
16	0
1	0
12	0
1	0
16	0
16	0
1	0
1	0
1	0
1	0
1	0
1	0
1	0
8	0
1	0
8	0
16	0
16	0
16	0
16	0
1	0
3	0
16	0
16	0
16	0
17	0
17	0
12	0
12	0
12	0
11	0
11	11
16	0
16	4
2	0
6	3
1	0
1	0
1	0
1	0
1	0
3	3
3	3
1	0
16	16
13	0
13	13
13	0
8	0
8	0
8	0
8	0
8	0
8	0
12	0
8	0
8	0
8	0
3	0
3	0
3	0
8	0
8	0
1	0
1	0
8	0
8	0
12	0
12	0
8	0
8	0
1	0
8	0
8	0
8	0
17	0
16	0
16	0
16	0
16	0
8	0
8	0
8	0
1	0
3	0
1	0
8	0
8	0
8	0
13	0
12	0
11	11
4	4
17	0
1	3
8	0
17	0
2	2
12	12
12	0
12	0
12	4
17	0
13	13
13	0
12	0
12	0
17	0
8	0
12	0
17	0
12	0
12	0
17	0
17	0
17	0
17	0
8	0
17	0
12	0
17	0
17	0
12	0
12	0
12	0
12	0
12	0
12	0
17	0
17	0
12	0
17	0
12	0
12	0
17	0
16	0
1	0
16	0
16	0
3	0
17	0
17	0
1	0
1	0
12	0
12	0
17	0
12	0
12	0
17	0
6	11
16	0
16	4
17	0
11	11
3	0
17	0
17	0
3	3
3	3
17	1
3	16
13	0
13	13
13	0
17	0
17	0
1	0
1	0
12	0
17	0
17	0
17	0
16	0
16	0
16	0
17	0
17	0
17	0
3	0
3	0
1	0
1	0
12	0
17	0
17	0
1	0
1	0
1	0
17	0
1	0
17	0
17	0
3	0
16	0
16	0
16	0
16	0
16	0
16	0
16	0
17	0
3	0
17	0
1	0
3	0
1	0
1	0
12	0
12	0
3	0
3	11
11	4
8	0
2	0
2	2
12	0
11	0
11	11
1	0
1	0
16	0
16	16
5	5
3	0
11	0
11	11
4	0
4	4
3	3
1	0
1	0
1	0
1	0
16	16
4	0
1	4
13	0
13	13
13	0
1	0
16	0
1	0
1	0
16	0
16	0
16	0
3	0
16	0
3	0
1	0
1	0
1	0
3	0
1	0
1	0
1	0
16	0
3	0
8	0
16	0
16	0
1	0
8	0
1	0
1	0
1	0
1	0
1	0
13	0
3	0
11	11
17	0
11	4
3	3
17	0
17	0
17	10
1	1
13	0
13	13
13	0
17	0
17	0
1	0
17	0
12	0
12	0
17	0
17	0
17	0
17	0
1	0
17	0
1	0
3	0
17	0
3	0
17	0
17	0
17	0
12	0
12	0
17	0
3	0
1	0
17	0
12	0
12	0
17	0
17	0
17	0
17	0
1	0
1	0
3	0
16	0
3	0
16	0
3	0
17	0
17	0
17	0
17	0
17	0
17	0
17	0
12	0
3	0
12	0
5	5
14	0
11	11
3	0
3	0
3	0
14	14
16	0
11	0
11	11
3	0
1	3
1	0
1	1
1	0
16	0
16	0
16	16
1	0
3	4
13	13
13	0
16	0
1	0
16	0
16	0
16	0
16	0
16	0
16	0
1	0
1	0
1	0
1	0
1	0
1	0
1	0
16	0
16	0
16	0
16	0
16	0
16	0
1	0
16	0
16	0
16	0
16	0
16	0
16	0
3	0
16	0
16	0
16	0
1	0
3	0
1	0
1	0
1	0
13	0
13	0
13	17
8	0
5	5
16	0
4	0
4	3
4	0
2	4
17	0
2	2
8	12
9	9
17	0
17	0
9	0
17	4
13	0
13	0
13	13
13	0
12	0
16	0
16	0
16	0
16	0
8	0
13	0
16	0
17	0
1	0
1	0
1	0
17	0
17	0
17	0
17	0
1	0
16	0
12	0
13	0
8	0
16	0
16	0
16	0
12	0
13	0
1	0
16	0
16	0
3	0
16	0
3	0
3	0
17	0
1	0
8	0
1	0
17	0
12	0
1	0
17	0
17	0
1	7
11	0
11	11
11	0
11	4
5	6
8	0
8	8
13	13
13	0
1	0
16	0
1	0
1	0
16	0
1	0
1	0
1	0
1	0
1	0
1	0
16	0
16	0
16	0
1	0
8	0
1	0
1	0
1	0
1	0
1	0
1	0
1	0
1	0
16	0
1	0
16	0
1	0
1	0
1	0
1	0
1	0
1	0
1	0
1	0
1	0
16	0
16	0
16	0
1	0
1	0
1	0
1	0
1	0
1	0
1	0
13	0
11	11
4	0
11	4
5	6
11	0
8	8
3	11
11	11
3	0
3	3
8	0
8	0
8	0
8	0
8	8
11	4
13	0
13	13
13	0
3	0
16	0
16	0
1	0
1	0
1	0
1	0
3	0
16	0
16	0
1	0
1	0
1	0
1	0
1	0
16	0
1	0
1	0
1	0
12	0
16	0
16	0
16	0
16	0
1	0
1	0
3	0
3	0
1	0
1	0
1	0
16	0
16	0
16	0
16	0
3	0
1	0
1	0
1	0
1	0
1	0
5	5
3	0
3	3
3	0
16	0
16	0
16	3
3	0
1	0
1	1
13	13
13	0
1	0
1	0
1	0
1	0
1	0
1	0
3	0
1	0
1	0
1	0
1	0
1	0
1	0
1	0
8	0
3	0
1	0
1	0
1	0
1	0
1	0
1	0
1	0
1	0
1	0
1	0
1	0
1	0
1	0
1	0
1	0
1	0
1	0
1	0
3	0
3	0
3	0
3	0
1	0
1	0
1	0
1	0
1	0
1	0
1	0
1	0
3	0
13	0
11	11
16	4
9	9
8	0
8	0
8	8
5	5
11	0
11	4
1	3
1	0
1	0
1	0
1	1
13	0
13	13
13	0
16	0
1	0
1	0
1	0
1	0
1	0
1	0
16	0
16	0
16	0
16	0
8	0
1	0
1	0
1	0
1	0
1	0
1	0
1	0
1	0
1	0
1	0
1	0
1	0
1	0
1	0
12	0
3	0
16	0
16	0
16	0
1	0
1	0
8	0
8	0
16	0
3	0
1	0
1	0
1	0
1	0
1	0
1	0
5	5
3	0
3	0
3	3
1	0
1	0
1	1
13	13
13	0
1	0
1	0
1	0
1	0
1	0
1	0
1	0
1	0
1	0
1	0
1	0
1	0
1	0
1	0
1	0
1	0
1	0
1	0
1	0
1	0
1	0
1	0
1	0
1	0
1	0
1	0
1	0
1	0
1	0
1	0
1	0
1	0
1	0
1	0
1	0
1	0
1	0
3	0
3	0
3	0
1	0
1	0
1	0
1	0
1	0
1	0
1	0
1	0
1	0
1	0
13	0
11	11
16	0
16	0
16	0
16	16
16	0
11	11
5	0
3	3
1	1
13	0
13	13
13	0
3	0
1	0
1	0
1	0
13	0
16	0
16	0
3	0
3	0
1	0
1	0
3	0
16	0
16	0
16	0
3	0
3	0
1	0
1	0
12	0
3	0
3	0
1	0
1	0
1	0
13	0
16	0
16	0
3	0
3	0
1	0
1	0
3	0
3	0
16	0
16	0
16	0
16	0
16	0
3	0
3	0
1	0
1	0
1	0
12	0
12	0
13	0
13	0
13	17
8	0
12	0
12	0
12	7
13	0
13	13
13	0
12	0
16	0
8	0
8	0
12	0
12	0
16	0
8	0
12	0
12	0
12	0
8	0
12	0
8	0
8	0
17	0
12	0
12	0
8	0
17	0
12	0
12	0
8	0
8	0
12	0
12	0
1	0
16	0
17	0
12	0
12	0
12	0
17	0
12	0
8	0
8	0
8	0
13	0
1	0
8	0
12	0
12	0
12	0
8	0
17	0
12	0
8	0
8	0
8	0
8	0
12	0
1	0
1	0
1	0
3	3
4	0
4	4
11	0
11	11
2	6
8	0
8	8
5	0
1	0
1	3
3	0
1	11
1	0
1	0
1	0
1	0
16	16
5	5
1	0
3	0
3	0
1	2
3	0
1	11
1	0
1	0
16	0
16	16
13	13
13	0
8	0
1	0
1	0
1	0
1	0
16	0
1	0
8	0
8	0
1	0
1	0
1	0
1	0
1	0
3	0
3	0
8	0
3	0
3	0
1	0
1	0
1	0
1	0
1	0
1	0
13	0
13	0
13	17
17	0
17	17
17	17
17	0
17	0
17	17
13	13
13	0
17	0
17	0
13	0
13	0
17	0
17	0
17	0
17	0
17	0
17	0
17	0
17	0
17	0
17	0
17	0
17	0
17	0
17	0
17	0
17	0
13	0
17	0
17	0
13	0
13	0
13	0
17	0
17	0
17	0
17	0
17	0
17	0
17	0
16	0
13	0
13	0
13	0
17	0
17	0
17	0
17	0
17	0
17	0
17	0
13	0
13	0
17	0
17	0
13	0
13	0
17	0
9	17
17	17
17	17
17	0
17	0
17	17
13	0
13	0
13	13
13	0
17	0
17	0
17	0
17	0
17	0
17	0
17	0
17	0
17	0
17	0
17	0
17	0
17	0
17	0
17	0
17	0
17	0
17	0
17	0
17	0
17	0
17	0
16	0
17	0
17	0
13	0
17	0
17	0
17	0
17	0
17	0
17	0
17	0
17	0
16	0
17	0
17	0
17	0
17	0
17	0
17	0
17	0
17	0
13	0
17	0
12	0
17	0
17	0
17	0
17	17
17	17
17	0
17	17
17	17
13	0
13	13
13	0
17	0
17	0
17	0
17	0
17	0
17	0
17	0
17	0
17	0
17	0
17	0
17	0
17	0
17	0
17	0
17	0
17	0
17	0
17	0
17	0
17	0
17	0
17	0
17	0
17	0
17	0
17	0
17	0
17	0
17	0
17	0
17	0
17	0
17	0
17	0
17	0
17	0
17	0
17	0
17	0
17	0
17	0
17	0
17	0
17	0
17	0
17	0
17	0
17	0
17	0
17	0
12	0
12	17
13	13
9	0
17	17
17	17
17	0
8	0
8	17
9	9
17	0
11	11
4	0
4	4
3	0
11	3
17	0
17	3
17	0
17	6
8	0
8	0
8	0
8	8
1	0
16	3
5	5
4	0
4	4
3	0
3	3
3	3
3	0
1	11
16	0
1	0
1	0
4	16
17	0
1	0
1	0
16	16
13	0
13	13
13	0
12	0
1	0
8	0
17	0
17	0
17	0
1	0
1	0
16	0
16	0
17	0
3	0
16	0
16	0
16	0
17	0
17	0
17	3
4	0
4	0
17	4
3	0
3	3
17	3
17	3
17	0
17	0
1	1
13	13
17	0
4	14
17	0
17	3
5	6
8	0
8	0
1	8
4	0
11	4
17	3
17	0
13	13
13	0
17	0
17	0
17	0
17	0
17	0
17	0
3	0
17	0
1	0
1	0
17	0
17	0
17	0
1	0
17	0
17	0
1	0
1	0
17	0
17	0
17	0
17	0
17	0
17	0
17	0
3	0
17	0
17	0
17	0
17	0
17	0
3	0
8	0
17	0
17	0
17	17
17	17
13	13
13	0
17	0
17	0
17	0
8	0
16	0
8	0
17	0
17	0
17	0
17	0
17	0
16	0
16	0
17	0
17	0
17	0
17	0
17	0
17	0
8	0
12	0
17	0
17	0
8	0
8	0
8	0
8	0
17	0
17	0
17	0
8	0
8	0
8	0
8	0
8	0
17	0
17	0
17	0
8	0
16	0
17	0
17	0
17	0
17	0
8	0
8	0
17	0
17	0
17	0
17	0
8	0
8	0
17	0
12	0
14	0
14	3
11	4
1	6
8	0
8	0
8	8
3	0
11	11
5	5
14	6
1	1
8	0
8	0
8	0
8	0
8	8
2	0
6	0
6	2
1	0
3	0
1	0
1	0
1	0
1	1
8	8
1	0
1	0
1	0
1	0
1	16
3	0
2	2
8	0
8	0
8	8
16	0
4	16
13	13
4	0
4	14
3	0
6	3
17	17
17	17
17	17
12	0
17	0
12	4
11	0
17	4
13	0
13	13
13	0
12	0
14	0
1	0
1	0
12	0
5	5
3	0
11	11
11	0
11	4
17	0
6	3
8	0
8	0
8	8
13	13
14	0
11	0
14	14
3	0
11	11
17	0
17	16
17	10
16	0
4	16
13	13
13	0
1	0
1	0
1	0
16	0
1	0
1	0
16	0
16	0
16	0
16	0
16	0
16	0
1	0
1	0
17	0
17	0
1	0
16	0
16	0
16	0
16	0
1	0
1	0
16	0
3	0
3	0
16	0
1	0
1	0
1	0
1	0
16	0
16	0
16	0
16	0
3	0
12	0
3	11
4	0
4	4
2	0
6	0
6	2
8	0
8	8
2	2
1	0
12	0
1	12
1	0
16	16
13	13
3	0
3	11
3	0
3	3
12	0
12	0
12	0
8	8
5	0
3	4
1	4
13	0
13	13
13	0
1	0
1	0
1	0
1	0
1	0
1	0
1	0
1	0
1	0
16	0
1	0
1	0
16	0
16	0
16	0
16	0
1	0
1	0
3	0
3	0
3	0
1	0
1	0
8	0
1	0
1	0
1	0
1	0
1	0
1	0
16	0
11	11
11	4
3	6
16	0
16	0
16	0
16	1
8	0
8	0
8	0
8	8
11	0
2	2
12	0
12	6
12	0
8	8
5	0
3	4
2	2
8	0
8	8
5	5
16	0
16	0
16	1
8	0
8	0
8	8
5	5
3	3
8	0
8	0
12	0
13	0
1	0
1	0
1	1
8	0
8	0
8	8
13	13
13	0
1	0
1	0
1	0
1	0
16	0
1	0
1	0
1	0
1	0
1	0
1	0
8	0
8	0
1	0
8	0
8	0
13	0
3	3
17	0
1	1
8	0
8	8
5	5
17	0
1	3
1	0
1	0
1	0
1	8
13	0
13	0
13	13
13	0
16	0
1	0
8	0
8	0
12	0
12	0
13	0
16	0
1	0
16	0
16	0
1	0
1	0
1	0
1	0
1	0
1	0
12	0
12	0
13	0
1	0
1	0
8	0
8	0
1	0
12	0
12	0
12	0
1	0
8	0
16	0
16	0
16	0
16	0
16	0
8	0
1	0
1	0
1	0
1	0
1	0
1	0
12	0
12	0
17	0
11	11
17	0
4	4
17	0
17	0
17	3
1	0
3	0
3	16
5	5
8	0
8	0
8	8
13	13
13	0
1	0
1	0
1	0
1	0
1	0
16	0
1	0
1	0
17	0
17	0
17	0
17	0
1	0
1	0
1	0
1	0
1	0
1	0
16	0
1	0
1	0
17	0
1	0
1	0
1	0
1	0
1	0
1	0
1	0
16	0
17	0
8	0
8	0
17	0
17	0
17	0
17	0
1	0
1	0
1	0
1	0
1	0
1	0
12	0
3	11
4	0
4	4
6	0
6	3
8	2
3	0
6	6
8	8
1	0
16	16
13	0
13	13
13	0
3	0
1	0
16	0
1	0
1	0
8	0
3	0
1	0
8	0
3	0
8	0
8	0
8	0
8	0
1	0
1	0
1	0
16	0
16	0
3	0
3	0
1	0
16	0
16	0
16	0
8	0
8	0
1	0
1	0
8	0
1	0
1	0
3	0
3	0
3	0
3	0
8	0
8	0
8	0
8	0
1	0
1	0
16	0
16	0
3	0
17	0
17	0
17	3
17	0
17	0
17	4
3	0
3	3
1	0
3	0
1	0
1	0
1	8
16	0
16	0
1	0
4	16
13	0
13	13
13	0
17	0
1	0
1	0
16	0
16	0
17	0
17	0
17	0
1	0
1	0
1	0
1	0
1	0
16	0
16	0
16	0
16	0
16	0
16	0
17	0
16	0
1	0
1	0
1	0
16	0
17	0
17	0
17	0
8	0
16	0
16	0
16	0
1	0
1	0
1	0
1	0
1	0
1	0
16	0
16	0
13	0
2	6
8	0
8	0
8	8
13	0
13	13
13	0
1	0
8	0
8	0
8	0
16	0
1	0
1	0
1	0
8	0
8	0
8	0
8	0
1	0
1	0
1	0
1	0
8	0
8	0
8	0
1	0
12	0
1	0
8	0
8	0
8	0
16	0
1	0
1	0
1	0
8	0
8	0
8	0
12	0
1	0
1	0
1	0
8	0
8	0
16	0
1	0
1	0
1	0
8	0
8	0
12	0
1	0
1	0
8	0
8	0
16	0
16	0
1	0
12	0
3	0
17	0
3	3
2	3
13	0
13	13
13	0
17	0
17	0
8	0
8	0
12	0
17	0
17	0
17	0
1	0
8	0
8	0
12	0
12	0
17	0
17	0
3	0
1	0
8	0
12	0
12	0
12	0
17	0
12	0
12	0
12	0
12	0
12	0
17	0
17	0
1	0
8	0
12	0
12	0
12	0
17	0
17	0
8	0
1	0
8	0
17	0
17	0
3	0
1	0
12	0
12	0
12	0
17	0
1	0
1	0
1	0
12	0
12	0
17	0
17	11
4	0
4	4
3	3
3	0
3	3
2	2
12	12
13	0
13	13
13	0
1	0
8	0
8	0
1	0
12	0
17	0
1	0
1	0
1	0
1	0
12	0
1	0
1	0
1	0
1	0
1	0
1	0
1	0
12	0
12	0
17	0
1	0
3	0
1	0
12	0
17	0
17	0
8	0
1	0
1	0
1	0
12	0
1	0
1	0
3	0
1	0
16	0
1	0
3	0
3	0
1	0
1	0
1	0
12	0
12	0
17	0
3	0
3	0
13	0
13	0
13	17
11	11
4	0
11	4
1	0
1	0
3	0
3	3
17	3
1	0
1	0
1	0
1	1
17	0
17	0
17	4
13	0
13	13
13	0
13	0
17	0
17	0
17	0
17	0
12	0
13	0
1	0
1	0
1	0
3	0
1	0
1	0
1	0
17	0
17	0
17	0
17	0
17	0
13	0
16	0
17	0
17	0
17	0
17	0
12	0
13	0
1	0
3	0
16	0
1	0
1	0
1	0
1	0
3	0
1	0
1	0
1	0
1	0
17	0
17	0
2	3
17	0
17	4
17	11
17	0
17	0
17	10
17	0
17	0
17	0
4	16
17	0
4	8
16	0
1	0
1	0
1	16
13	0
13	13
13	0
17	0
17	0
17	0
16	0
16	0
17	0
17	0
17	0
16	0
16	0
8	0
17	0
8	0
8	0
1	0
1	0
8	0
8	0
8	0
17	0
17	0
8	0
1	0
8	0
16	0
17	0
17	0
17	0
17	0
17	0
17	0
17	0
17	0
16	0
16	0
8	0
17	0
8	0
13	0
17	0
2	3
17	0
17	0
17	4
16	0
9	0
11	11
3	0
3	0
1	0
1	3
1	0
1	0
1	0
1	3
3	3
1	0
1	0
1	0
1	0
1	1
8	0
8	0
8	0
8	0
8	8
1	0
16	0
16	16
13	0
13	13
13	0
1	0
3	0
16	0
12	0
12	0
16	0
16	0
1	0
1	0
1	0
1	0
1	0
1	0
16	0
16	0
16	0
16	0
16	0
16	0
16	0
1	0
1	0
1	0
1	0
8	0
1	0
12	0
5	5
3	0
3	0
3	3
3	0
3	0
3	3
3	0
1	3
1	0
1	0
1	0
16	0
1	1
8	0
8	8
2	2
1	0
1	0
1	0
1	0
1	0
1	1
8	0
8	8
3	0
3	0
2	0
16	3
13	0
13	13
13	0
12	0
16	0
16	0
1	0
12	0
16	0
3	0
16	0
1	0
1	0
1	0
1	0
8	0
1	0
3	0
3	0
3	0
3	0
3	0
3	0
3	0
1	0
1	0
16	0
16	0
16	0
16	0
12	0
1	0
1	0
1	0
1	3
8	0
2	2
6	6
8	0
8	8
16	0
16	0
16	0
16	16
13	13
13	0
1	0
1	0
1	0
8	0
1	0
1	0
1	0
1	0
1	0
8	0
8	0
8	0
8	0
1	0
1	0
1	0
16	0
16	0
16	0
1	0
1	0
1	0
8	0
1	0
8	0
1	0
1	0
1	0
1	0
1	0
1	0
1	0
1	0
1	0
8	0
8	0
8	0
8	0
8	0
1	0
1	0
16	0
16	0
8	0
13	0
11	0
11	11
4	0
4	4
3	3
1	0
3	0
3	3
17	3
17	0
6	0
3	3
8	0
8	0
8	8
13	0
13	13
13	0
16	0
16	0
16	0
16	0
16	0
16	0
17	0
16	0
1	0
8	0
3	0
1	0
1	0
1	0
1	0
1	0
16	0
16	0
16	0
12	0
1	0
1	0
3	0
1	0
8	0
8	0
12	0
3	0
3	0
3	0
8	0
3	0
3	0
17	0
3	0
1	0
1	0
1	0
1	0
1	0
1	0
13	0
3	0
5	5
3	0
11	11
11	0
11	4
5	0
3	3
1	3
3	0
1	10
17	0
17	0
17	4
13	0
13	0
13	13
13	0
16	0
1	0
17	0
1	0
12	0
12	0
17	0
16	0
16	0
3	0
17	0
1	0
1	0
1	0
1	0
1	0
1	0
12	0
12	0
13	0
17	0
17	0
1	0
1	0
1	0
12	0
12	0
16	0
16	0
16	0
16	0
16	0
8	0
17	0
3	0
1	0
1	0
1	0
17	0
17	0
17	0
13	0
8	0
1	0
8	0
1	0
8	0
8	0
8	0
8	0
8	0
8	8
13	13
8	0
8	0
8	8
2	0
2	2
8	0
8	8
13	13
8	0
8	0
8	8
13	0
13	0
13	13
13	0
8	0
8	0
8	0
8	0
8	0
8	0
1	0
8	0
8	0
8	0
8	0
13	0
8	0
1	0
8	0
8	0
8	0
8	0
8	0
13	0
8	0
8	0
8	0
8	0
8	0
8	0
8	0
8	0
8	0
8	0
1	0
16	0
8	0
12	0
8	0
5	0
13	17
12	0
11	11
4	0
4	4
6	0
6	3
8	0
8	0
8	0
16	16
14	14
11	0
11	11
1	3
1	0
1	0
1	0
1	16
8	0
8	0
8	0
8	0
8	0
8	0
8	0
8	0
8	8
4	4
4	0
13	13
13	0
16	0
16	0
1	0
16	0
1	0
16	0
16	0
1	0
16	0
1	0
1	0
1	0
16	0
16	0
12	0
16	0
16	0
3	0
3	0
8	0
1	0
1	0
1	0
8	0
8	0
17	0
12	0
17	7
17	0
1	1
17	0
17	0
17	4
1	0
17	0
17	0
8	16
13	13
13	0
17	0
17	0
17	0
8	0
16	0
17	0
17	0
1	0
1	0
17	0
16	0
16	0
16	0
17	0
1	0
1	0
1	0
1	0
1	0
8	0
17	0
17	0
17	0
1	0
8	0
17	0
1	0
1	0
1	0
1	0
1	0
16	0
17	0
17	0
17	0
17	0
16	0
16	0
1	0
1	0
1	0
1	0
1	0
8	0
8	0
17	0
11	0
11	0
11	11
4	0
4	4
11	0
11	3
2	3
3	0
1	0
1	0
1	0
12	3
16	0
16	16
13	13
13	0
1	0
1	0
8	0
8	0
8	0
16	0
1	0
8	0
8	0
8	0
8	0
8	0
8	0
1	0
1	0
8	0
16	0
16	0
16	0
16	0
1	0
8	0
8	0
8	0
8	0
16	0
16	0
1	0
1	0
1	0
1	0
8	0
8	0
3	0
8	0
8	0
8	0
8	0
1	0
1	0
8	0
1	0
16	0
12	0
8	4
12	0
1	0
16	16
13	13
13	0
8	0
8	0
8	0
16	0
16	0
1	0
8	0
16	0
1	0
16	0
16	0
8	0
1	0
8	0
8	0
1	0
16	0
16	0
8	0
8	0
1	0
8	0
8	0
16	0
8	0
1	0
1	0
8	0
1	0
1	0
16	0
8	0
8	0
1	0
8	0
8	0
1	0
16	0
16	0
16	0
16	0
16	0
16	0
16	0
8	0
1	0
8	0
8	0
16	0
16	0
16	0
1	0
16	0
12	0
13	13
13	0
8	0
8	0
8	0
8	0
8	0
8	0
8	0
8	0
8	0
8	0
8	0
8	0
8	0
8	0
8	0
8	0
8	0
8	0
8	0
8	0
8	0
8	0
8	0
8	0
8	0
8	0
8	0
8	0
8	0
8	0
8	0
8	0
8	0
8	0
8	0
8	0
8	0
8	0
8	0
8	0
8	0
8	0
8	0
8	0
8	0
8	0
8	0
8	0
8	0
8	0
8	0
8	0
8	0
8	0
8	0
8	0
8	0
13	0
1	0
8	0
8	0
8	0
8	0
8	8
13	0
13	0
13	13
13	0
1	0
1	0
1	0
8	0
12	0
1	0
1	0
1	0
1	0
8	0
8	0
8	0
12	0
8	0
1	0
8	0
8	0
8	0
12	0
12	0
13	0
8	0
1	0
8	0
8	0
1	0
1	0
1	0
8	0
8	0
8	0
12	0
8	0
12	0
1	0
1	0
1	0
1	0
8	0
8	0
8	0
8	0
8	0
12	0
8	0
12	0
1	0
1	0
1	0
13	0
1	0
17	0
9	0
9	0
1	7
13	0
13	0
13	13
13	0
1	0
1	0
16	0
1	0
16	0
1	0
1	0
1	0
1	0
8	0
16	0
8	0
1	0
1	0
1	0
1	0
1	0
1	0
8	0
8	0
1	0
1	0
16	0
1	0
1	0
1	0
1	0
1	0
16	0
16	0
8	0
8	0
8	0
1	0
16	0
16	0
1	0
1	0
1	0
1	0
1	0
1	0
8	0
8	0
8	0
1	0
1	0
1	0
1	0
1	0
12	0
12	6
8	0
8	0
8	8
4	0
11	4
3	0
3	0
3	3
1	0
1	0
1	0
1	0
16	0
16	1
16	0
11	0
12	4
14	0
11	14
16	0
11	11
3	3
3	0
3	11
16	0
4	0
16	16
4	0
4	4
13	0
13	13
13	0
12	0
16	0
16	0
16	0
16	0
16	0
16	0
16	0
16	0
8	0
3	0
16	0
16	0
1	0
1	0
16	0
4	0
3	0
12	0
3	0
1	0
16	0
1	0
1	0
1	0
1	0
17	0
11	11
11	4
3	0
6	11
1	0
17	0
12	10
16	0
1	0
1	0
1	16
1	0
1	0
1	16
13	0
13	13
13	0
16	0
16	0
16	0
16	0
16	0
16	0
17	0
16	0
16	0
16	0
16	0
16	0
16	0
8	0
16	0
16	0
16	0
16	0
16	0
17	0
16	0
16	0
16	0
16	0
16	0
16	0
17	0
17	0
16	0
16	0
16	0
3	0
1	0
16	0
16	0
16	0
16	0
16	0
1	0
1	0
16	0
16	0
12	0
8	0
6	2
8	0
8	8
17	0
12	0
1	4
17	0
6	0
3	3
4	2
12	12
12	12
8	8
13	0
13	13
13	0
1	0
1	0
1	0
1	0
1	0
12	0
12	0
16	0
1	0
16	0
8	0
1	0
8	0
8	0
1	0
1	0
1	0
1	0
8	0
12	0
12	0
1	0
16	0
1	0
8	0
12	0
12	0
12	0
1	0
1	0
1	0
1	0
16	0
16	0
16	0
8	0
8	0
8	0
8	0
1	0
1	0
1	0
12	0
12	11
17	4
16	0
16	3
9	9
8	0
8	0
8	8
2	1
2	2
12	0
12	12
13	13
8	0
8	0
3	12
16	0
16	0
16	0
16	16
5	5
12	0
12	6
12	8
4	0
4	4
1	0
3	0
3	3
1	6
8	0
8	0
8	0
8	0
8	8
17	0
2	2
12	0
12	6
12	0
12	8
12	0
12	0
12	4
3	0
3	14
1	0
1	16
5	5
11	11
5	5
4	0
2	6
8	8
3	0
16	0
16	0
16	16
13	0
17	0
11	0
17	4
17	3
17	3
17	1
17	0
17	0
17	4
13	13
13	0
17	0
17	0
17	0
17	0
17	0
17	0
17	0
17	0
17	0
17	0
17	0
17	0
17	0
17	0
17	0
17	0
17	0
17	0
17	0
17	0
17	0
17	0
17	0
17	0
17	0
17	0
17	0
17	0
17	0
17	0
17	0
17	0
17	0
17	0
3	0
17	0
17	0
17	0
17	0
17	0
17	0
17	0
17	0
17	0
17	0
1	0
3	0
17	0
17	0
13	0
8	0
2	3
8	0
2	0
11	4
2	0
2	2
8	0
8	8
16	0
16	0
16	2
8	0
8	17
17	17
17	0
2	2
17	12
12	12
12	0
12	0
12	4
12	0
13	13
13	0
12	0
17	0
12	0
16	0
12	0
16	0
16	0
16	0
16	0
16	0
16	0
16	0
16	0
16	0
12	0
12	0
12	0
16	0
12	0
12	0
12	0
12	0
16	0
16	0
8	0
8	0
8	0
8	0
16	0
16	0
16	0
16	0
16	0
16	0
13	0
17	0
2	2
9	0
1	1
8	8
13	0
13	0
13	13
13	0
1	0
8	0
16	0
17	0
13	0
16	0
8	0
8	0
8	0
8	0
16	0
8	0
13	0
8	0
1	0
8	0
8	0
16	0
8	0
8	0
13	0
8	0
1	0
16	0
16	0
16	0
8	0
1	0
8	0
1	0
8	0
16	0
8	0
13	0
8	0
1	0
8	0
16	0
16	0
8	0
8	0
8	0
16	0
13	0
12	0
12	0
8	0
1	0
17	0
16	0
12	0
11	0
11	4
1	3
16	0
16	1
17	0
11	0
17	4
6	6
8	0
8	0
8	8
2	0
2	2
12	0
12	0
12	12
13	13
13	0
1	0
1	0
16	0
8	0
1	0
8	0
16	0
16	0
16	0
16	0
1	0
1	0
8	0
16	0
1	0
8	0
1	0
12	0
12	0
12	0
16	0
16	0
12	0
1	0
12	0
12	0
3	0
16	0
1	0
1	0
1	0
16	0
16	0
16	0
1	0
1	0
1	0
8	0
16	0
2	0
17	0
17	0
3	0
3	0
3	3
16	0
16	16
3	0
11	11
6	0
6	11
17	0
17	0
17	10
1	0
17	0
3	3
17	0
3	3
16	0
16	16
13	0
13	13
13	0
12	0
16	0
1	0
16	0
16	0
16	0
16	0
17	0
17	0
8	0
17	0
17	0
17	0
8	0
17	0
1	0
1	0
1	0
16	0
12	0
17	0
1	0
1	0
17	0
17	0
16	0
16	0
16	0
16	0
16	0
3	0
8	0
17	0
17	0
17	0
17	0
11	0
11	0
11	11
1	0
3	4
2	0
2	0
2	2
3	3
9	9
8	8
5	5
3	0
9	9
8	0
8	0
8	8
12	0
11	0
12	16
2	0
2	0
2	2
9	9
8	0
8	8
9	9
8	8
11	0
16	0
16	0
16	16
13	13
13	0
1	0
1	0
1	0
8	0
16	0
16	0
8	0
8	0
2	0
3	0
1	0
8	0
16	0
16	0
1	0
16	0
8	0
1	0
2	0
2	0
8	0
8	0
8	0
8	0
1	0
8	0
13	0
17	0
3	3
16	0
16	0
16	0
16	16
11	0
11	11
8	0
17	0
17	0
12	3
17	0
2	0
2	2
6	6
8	8
2	0
2	2
3	6
9	9
9	8
13	13
2	0
2	0
2	2
2	0
6	6
8	0
8	8
9	9
9	8
13	13
14	0
11	0
14	14
3	0
6	11
1	0
1	4
16	0
4	0
4	0
4	16
17	0
11	3
16	0
16	0
16	16
13	13
5	5
9	9
9	8
8	0
8	0
8	8
13	0
13	13
13	0
13	0
5	5
3	3
4	0
11	4
12	0
12	6
12	0
8	0
8	0
8	8
17	0
2	3
17	0
12	3
13	0
13	0
13	13
13	0
17	0
1	0
12	0
12	0
12	0
12	0
17	0
16	0
12	0
12	0
12	0
8	0
1	0
17	0
17	0
12	0
12	0
12	0
12	0
12	0
17	0
17	0
12	0
12	0
12	0
12	0
12	0
12	0
16	0
3	0
16	0
1	0
1	0
12	0
12	0
12	0
8	0
1	0
17	0
17	0
12	0
13	0
5	0
5	5
3	0
6	6
12	0
12	0
8	8
11	4
16	0
11	11
16	0
16	0
16	0
16	16
13	0
13	13
13	0
1	0
16	0
16	0
16	0
16	0
8	0
12	0
12	0
16	0
16	0
16	0
16	0
16	0
16	0
1	0
16	0
1	0
16	0
8	0
12	0
12	0
16	0
16	0
16	0
16	0
8	0
12	0
12	0
16	0
16	0
16	0
16	0
1	0
12	0
16	0
16	0
16	0
16	0
16	0
1	0
16	0
16	0
13	0
13	0
13	17
11	0
11	11
4	0
4	4
17	0
17	3
17	2
12	0
12	0
12	8
2	2
11	0
6	6
8	0
8	8
5	6
9	0
9	1
8	0
8	8
13	0
13	13
13	0
13	0
13	0
9	0
1	0
1	0
1	0
1	0
1	0
3	0
1	0
1	0
13	0
16	0
3	0
3	0
9	0
8	0
16	0
16	0
13	0
16	0
8	0
1	0
3	0
16	0
16	0
3	0
3	0
1	0
1	0
1	0
12	0
3	0
3	0
13	0
3	0
11	11
17	0
11	4
1	3
1	1
13	13
13	0
1	0
1	0
1	0
1	0
1	0
1	0
1	0
1	0
1	0
1	0
1	0
1	0
1	0
3	0
1	0
1	0
1	0
1	0
1	0
1	0
1	0
1	0
1	0
1	0
1	0
1	0
1	0
1	0
1	0
1	0
1	0
1	0
1	0
1	0
3	0
1	0
1	0
1	0
1	0
8	0
1	0
1	0
1	0
1	0
1	0
1	0
1	0
1	0
1	0
1	0
1	0
13	0
6	0
6	3
8	0
12	0
12	16
3	3
17	10
17	0
17	0
8	8
13	13
14	0
6	6
8	0
8	0
8	8
2	0
11	0
2	0
6	2
8	0
8	0
8	0
8	8
17	0
17	16
17	3
17	0
17	0
17	10
17	0
17	0
17	0
17	16
13	13
16	0
16	16
16	0
5	5
16	0
16	0
16	3
1	0
12	11
13	0
13	0
13	13
13	0
1	0
1	0
17	0
17	0
1	0
1	0
1	0
1	0
16	0
1	0
1	0
13	0
3	0
3	0
5	3
4	0
4	4
6	6
8	0
8	0
8	0
8	0
8	0
8	8
3	3
3	0
3	0
3	3
1	0
17	0
3	10
3	3
1	0
1	1
1	0
2	0
3	16
13	0
13	13
13	0
12	0
1	0
1	0
1	0
1	0
3	0
16	0
1	0
1	0
1	0
1	0
3	0
3	0
1	0
1	0
1	0
1	0
1	0
1	0
16	0
3	0
3	0
3	0
1	0
1	0
8	0
8	0
8	0
3	0
3	0
3	0
8	0
12	6
12	13
12	0
8	8
4	0
4	4
3	0
3	3
9	9
8	8
1	0
1	1
13	0
13	13
13	0
8	0
8	0
8	0
8	0
3	0
8	0
12	0
12	0
8	0
8	0
8	0
3	0
3	0
3	0
17	0
8	0
8	0
1	0
8	0
12	0
12	0
8	0
1	0
8	0
3	0
3	0
8	0
3	0
8	0
8	0
8	0
12	0
12	0
12	0
8	0
8	0
3	0
3	0
3	0
8	0
8	0
8	0
1	0
1	0
11	0
5	5
3	0
3	0
3	3
4	0
11	4
3	0
11	11
3	11
3	0
3	11
3	0
1	3
16	0
16	16
3	0
3	0
3	3
2	0
3	3
13	0
13	13
13	0
1	0
16	0
1	0
1	0
1	0
8	0
1	0
1	0
1	0
1	0
1	0
1	0
1	0
1	0
1	0
1	0
1	0
1	0
1	0
1	0
1	0
1	0
1	0
1	0
3	0
16	0
16	0
16	0
3	0
8	0
8	0
1	0
1	0
1	0
1	0
1	0
13	0
12	0
17	1
13	13
13	0
1	0
1	0
1	0
1	0
1	0
1	0
1	0
1	0
1	0
1	0
1	0
1	0
1	0
1	0
1	0
1	0
1	0
1	0
1	0
1	0
1	0
1	0
1	0
1	0
1	0
1	0
1	0
1	0
1	0
1	0
1	0
1	0
1	0
1	0
1	0
1	0
1	0
1	0
1	0
1	0
1	0
1	0
1	0
17	0
1	0
1	0
1	0
1	0
1	0
1	0
1	0
1	0
1	0
1	0
1	0
13	0
5	0
5	5
2	2
11	0
6	6
1	0
8	0
8	8
16	0
16	16
3	3
3	0
2	11
1	0
1	3
8	0
8	8
13	0
13	13
13	0
12	0
3	0
1	0
8	0
8	0
8	0
12	0
3	0
1	0
16	0
3	0
3	0
1	0
1	0
1	0
1	0
1	0
8	0
8	0
12	0
1	0
1	0
8	0
8	0
8	0
12	0
17	0
3	0
2	0
8	0
1	0
1	0
8	0
16	0
16	0
3	0
3	0
3	0
1	0
12	0
12	1
17	0
13	13
13	0
12	0
12	0
12	0
12	0
12	0
12	0
12	0
12	0
12	0
12	0
12	0
12	0
12	0
12	0
12	0
12	0
12	0
12	0
12	0
12	0
12	0
12	0
12	0
12	0
12	0
12	0
12	0
12	0
12	0
12	0
12	0
12	0
12	0
12	0
12	0
12	0
12	0
12	0
12	0
12	0
12	0
12	0
12	0
12	0
12	0
17	0
12	0
12	0
12	0
12	0
12	0
12	0
12	0
12	0
12	0
12	0
2	2
3	0
1	3
8	0
8	0
8	8
5	5
8	0
8	0
8	8
1	0
1	0
1	0
1	16
16	0
16	3
13	13
14	0
11	11
11	0
11	10
17	0
17	16
17	0
17	11
4	0
4	16
13	13
13	0
1	0
8	0
16	0
16	0
16	0
16	0
16	0
1	0
16	0
8	0
8	0
16	0
1	0
12	0
1	0
12	0
8	0
8	0
8	0
1	0
16	0
8	0
16	0
16	0
8	0
16	0
16	0
16	0
16	0
1	0
13	0
13	0
13	17
12	3
4	0
4	4
4	0
3	3
3	0
3	0
3	3
1	0
1	0
16	1
4	0
4	0
4	4
13	0
13	13
13	0
13	0
16	0
1	0
16	0
16	0
16	0
13	0
3	0
1	0
1	0
1	0
1	0
1	0
1	0
16	0
16	0
4	0
4	0
16	0
13	0
12	0
16	0
1	0
1	0
16	0
13	0
13	0
13	0
1	0
3	0
8	0
1	0
3	0
1	0
1	0
1	0
1	0
1	0
1	0
16	0
12	0
1	0
12	0
16	3
17	0
11	4
13	0
9	9
8	8
1	0
12	4
5	5
16	0
11	11
16	0
16	16
5	6
1	3
1	0
1	1
8	8
13	13
13	0
1	0
1	0
1	0
1	0
1	0
8	0
1	0
1	0
1	0
16	0
16	0
16	0
16	0
1	0
1	0
1	0
1	0
1	0
8	0
8	0
8	0
1	0
1	0
1	0
1	0
16	0
16	0
16	0
8	0
16	0
8	0
1	0
1	0
1	0
16	0
16	0
16	0
12	0
17	0
3	0
3	3
16	0
4	0
4	16
11	0
11	11
3	0
3	10
1	1
1	0
1	0
1	0
1	3
17	0
17	0
17	0
17	3
17	0
17	0
16	16
13	0
13	13
13	0
3	0
8	0
16	0
17	0
8	0
8	0
1	0
1	0
1	0
1	0
16	0
1	0
17	0
17	0
1	0
17	0
16	0
16	0
16	0
12	0
1	0
16	0
16	0
3	0
3	0
16	0
8	0
3	0
3	0
3	0
1	0
1	0
1	0
1	0
12	0
3	0
5	5
16	0
11	11
4	4
3	3
2	2
12	12
12	12
13	0
13	13
13	0
16	0
1	0
16	0
16	0
1	0
3	0
16	0
16	0
1	0
12	0
16	0
16	0
16	0
16	0
1	0
1	0
1	0
1	0
16	0
12	0
12	0
16	0
16	0
16	0
16	0
12	0
16	0
1	0
1	0
1	0
12	0
16	0
16	0
16	0
16	0
16	0
16	0
16	0
16	0
1	0
1	0
12	0
16	0
16	0
12	0
1	0
16	0
13	0
14	0
6	11
17	0
12	0
12	16
17	0
17	0
17	10
17	0
16	16
13	0
13	13
13	0
12	0
17	0
17	0
17	0
12	0
17	0
17	0
17	0
17	0
17	0
17	0
17	0
17	0
17	0
17	0
17	0
17	0
17	0
17	0
12	0
17	0
17	0
17	0
17	0
17	0
12	0
17	0
17	0
17	0
17	0
17	0
16	0
17	0
17	0
17	0
17	0
17	0
17	0
17	0
17	0
17	0
17	0
16	0
17	0
12	0
12	0
12	0
12	3
4	0
4	0
2	4
11	0
11	11
17	0
12	0
12	3
3	0
1	0
1	3
1	0
12	11
2	0
1	0
1	0
1	0
1	0
16	16
17	6
6	0
3	0
1	1
8	8
13	13
13	0
8	0
8	0
1	0
8	0
1	0
1	0
1	0
1	0
1	0
1	0
8	0
16	0
16	0
16	0
8	0
1	0
1	0
1	0
8	0
8	0
16	0
12	0
3	0
8	0
1	0
1	0
1	0
1	0
1	0
1	0
1	0
1	0
12	0
12	0
12	0
12	7
13	0
13	13
13	0
12	0
12	0
12	0
12	0
12	0
12	0
12	0
12	0
12	0
12	0
12	0
12	0
12	0
12	0
12	0
12	0
12	0
12	0
12	0
12	0
12	0
12	0
12	0
12	0
12	0
12	0
1	0
12	0
12	0
12	0
12	0
12	0
12	0
12	0
12	0
12	0
12	0
12	0
12	0
12	0
12	0
12	0
12	0
12	0
12	0
12	0
12	0
12	0
12	0
12	0
12	0
1	0
12	0
13	0
17	0
17	0
17	17
12	12
12	12
13	0
13	13
13	0
17	0
17	0
17	0
8	0
17	0
17	0
17	0
17	0
17	0
17	0
17	0
17	0
17	0
17	0
17	0
17	0
17	0
17	0
17	0
17	0
17	0
17	0
8	0
8	0
17	0
17	0
17	0
17	0
17	0
17	0
17	0
17	0
8	0
17	0
17	0
17	0
17	0
17	0
17	0
17	0
17	0
17	0
17	0
17	0
8	0
17	0
17	0
17	0
17	0
17	0
17	0
13	0
11	0
11	11
4	0
4	0
4	0
16	16
16	0
11	11
1	0
6	0
1	11
5	6
1	0
1	0
1	1
8	0
8	0
8	0
8	8
13	13
13	0
1	0
1	0
1	0
16	0
16	0
16	0
16	0
16	0
1	0
1	0
1	0
1	0
1	0
1	0
1	0
1	0
8	0
8	0
16	0
16	0
1	0
1	0
1	0
16	0
16	0
16	0
16	0
16	0
16	0
16	0
16	0
1	0
3	0
1	0
1	0
1	0
1	0
1	0
13	0
17	0
17	0
12	17
13	13
9	0
9	17
17	17
17	0
8	0
8	17
11	11
4	0
11	4
3	0
3	3
8	0
8	0
8	0
8	8
13	0
13	13
13	0
12	0
8	0
8	0
8	0
8	0
8	0
12	0
1	0
8	0
16	0
16	0
1	0
1	0
1	0
1	0
1	0
8	0
8	0
8	0
8	0
12	0
1	0
8	0
8	0
1	0
8	0
8	0
8	0
17	0
17	0
8	0
17	0
1	0
3	0
16	0
16	0
3	0
13	0
1	0
1	0
1	7
13	0
13	13
13	0
1	0
1	0
1	0
1	0
1	0
1	0
1	0
1	0
1	0
1	0
1	0
1	0
1	0
1	0
1	0
1	0
1	0
1	0
1	0
1	0
1	0
1	0
1	0
1	0
1	0
1	0
1	0
1	0
1	0
1	0
1	0
1	0
1	0
1	0
1	0
1	0
1	0
1	0
1	0
1	0
1	0
1	0
1	0
12	0
1	0
1	0
1	0
1	0
1	0
1	0
1	0
1	0
1	0
12	0
6	6
8	0
8	0
8	0
8	0
8	8
16	0
16	0
16	16
1	0
1	1
1	0
2	0
1	3
13	0
13	13
13	0
1	0
1	0
1	0
16	0
1	0
1	0
12	0
3	0
1	0
1	0
16	0
16	0
16	0
1	0
1	0
1	0
16	0
1	0
1	0
12	0
1	0
1	0
1	0
1	0
1	0
1	0
12	0
12	0
1	0
1	0
8	0
8	0
16	0
16	0
16	0
16	0
16	0
16	0
1	0
1	0
1	0
1	0
12	0
16	0
11	11
11	4
2	6
8	0
8	0
8	0
8	8
17	0
17	3
5	5
17	0
12	6
17	0
17	0
17	8
4	0
4	4
16	0
2	0
2	10
2	0
2	2
8	0
8	0
8	0
8	0
8	8
13	13
13	0
1	0
1	0
1	0
12	0
1	0
1	0
1	0
16	0
1	0
1	0
1	0
1	0
1	0
1	0
1	0
1	0
1	0
16	0
16	0
8	0
1	0
1	0
16	0
16	0
1	0
16	0
17	0
17	0
12	0
11	0
11	11
4	0
11	4
3	3
3	0
3	3
3	3
1	0
1	11
13	13
13	0
1	0
1	0
1	0
1	0
1	0
1	0
1	0
1	0
1	0
1	0
1	0
1	0
1	0
3	0
3	0
1	0
1	0
1	0
1	0
1	0
1	0
1	0
1	0
1	0
1	0
1	0
1	0
1	0
1	0
1	0
1	0
1	0
1	0
1	0
1	0
1	0
1	0
1	0
3	0
3	0
1	0
1	0
1	0
1	0
1	0
1	0
1	0
3	0
13	0
8	0
8	3
17	0
16	0
17	16
13	0
13	13
13	0
12	0
1	0
1	0
1	0
12	0
8	0
8	0
1	0
1	0
1	0
8	0
8	0
12	0
8	0
1	0
1	0
8	0
1	0
8	0
8	0
12	0
12	0
1	0
1	0
1	0
8	0
8	0
1	0
1	0
8	0
8	0
8	0
12	0
12	0
1	0
1	0
1	0
1	0
8	0
8	0
8	0
8	0
8	0
8	0
12	0
12	0
1	0
1	0
1	0
1	0
1	0
12	0
11	0
3	0
3	3
17	0
6	4
17	0
17	0
17	3
9	9
8	8
13	0
13	13
13	0
17	0
8	0
8	0
8	0
12	0
8	0
17	0
17	0
12	0
16	0
8	0
8	0
17	0
17	0
17	0
17	0
17	0
8	0
8	0
8	0
17	0
8	0
16	0
8	0
8	0
12	0
17	0
17	0
17	0
12	0
1	0
8	0
16	0
16	0
16	0
16	0
16	0
8	0
17	0
17	0
12	0
8	0
8	0
8	0
17	0
17	0
3	0
3	0
3	3
13	13
13	0
16	0
1	0
1	0
16	0
16	0
1	0
1	0
1	0
1	0
1	0
16	0
16	0
16	0
1	0
3	0
1	0
1	0
1	0
16	0
1	0
1	0
3	0
1	0
1	0
16	0
1	0
16	0
1	0
1	0
1	0
1	0
16	0
1	0
16	0
1	0
1	0
1	0
1	0
16	0
16	0
1	0
3	0
1	0
1	0
16	0
1	0
1	0
1	0
1	0
16	0
16	0
16	0
1	0
1	0
1	0
12	0
17	0
3	0
3	0
3	3
16	0
3	0
16	0
16	16
3	3
17	0
17	0
17	0
3	3
3	0
3	3
17	0
12	6
12	0
12	0
8	8
13	0
13	13
13	0
12	0
1	0
12	0
1	0
8	0
8	0
1	0
3	0
17	0
3	0
1	0
1	0
8	0
1	0
12	0
12	0
1	0
8	0
8	0
12	0
12	0
12	0
12	0
8	0
3	0
3	0
3	0
3	0
16	0
8	0
11	0
3	0
3	0
17	0
3	0
1	0
12	0
2	2
2	0
11	6
2	2
3	0
17	0
4	0
12	16
11	11
17	0
17	0
17	10
1	0
16	0
16	16
13	13
13	0
3	0
1	0
1	0
16	0
8	0
8	0
8	0
3	0
3	0
1	0
8	0
8	0
17	0
17	0
1	0
1	0
1	0
16	0
16	0
1	0
17	0
3	0
1	0
16	0
16	0
16	0
8	0
1	0
2	0
16	0
1	0
8	0
8	0
3	0
1	0
8	0
8	0
17	0
17	0
17	0
17	0
1	0
13	0
17	0
12	6
12	0
12	0
8	8
17	3
2	2
12	12
12	12
17	0
17	16
3	0
17	3
1	0
1	1
17	0
17	10
13	0
13	13
13	0
17	0
12	0
17	0
17	0
17	0
12	0
12	0
17	0
17	0
17	0
16	0
17	0
17	0
17	0
17	0
17	0
17	0
17	0
17	0
12	0
12	0
17	0
12	0
17	0
17	0
12	0
12	0
12	0
12	0
12	0
16	0
17	0
12	0
12	0
17	0
17	0
17	0
17	0
17	0
13	0
12	0
11	11
4	4
16	0
6	0
3	0
3	3
3	0
3	3
9	9
8	0
8	8
2	3
13	0
13	13
13	0
12	0
12	0
16	0
1	0
12	0
1	0
12	0
12	0
16	0
1	0
3	0
3	0
3	0
1	0
1	0
8	0
1	0
1	0
12	0
12	0
12	0
8	0
1	0
3	0
1	0
12	0
12	0
12	0
1	0
16	0
16	0
3	0
16	0
3	0
3	0
3	0
3	0
1	0
1	0
1	0
8	0
1	0
1	0
12	0
1	0
11	11
16	0
16	0
16	16
16	0
11	11
3	0
3	3
3	0
2	10
5	5
3	0
6	0
9	14
11	0
11	0
3	3
17	0
17	3
17	3
17	0
17	16
17	0
17	0
17	4
13	13
13	0
1	0
1	0
1	0
1	0
1	0
1	0
1	0
1	0
1	0
1	0
1	0
16	0
17	0
1	0
17	0
17	0
17	0
1	0
17	0
16	0
16	0
16	0
16	0
16	0
16	0
3	0
1	0
1	0
1	0
1	0
1	0
12	0
13	13
13	0
8	0
8	0
8	0
8	0
8	0
8	0
8	0
8	0
8	0
8	0
8	0
8	0
8	0
8	0
8	0
8	0
8	0
8	0
8	0
8	0
8	0
8	0
8	0
8	0
8	0
8	0
8	0
8	0
8	0
8	0
8	0
8	0
8	0
8	0
8	0
8	0
8	0
8	0
8	0
8	0
8	0
8	0
8	0
8	0
8	0
8	0
8	0
8	0
8	0
8	0
8	0
8	0
8	0
8	0
8	0
8	0
8	0
13	0
16	0
11	11
16	0
16	0
16	16
16	0
11	11
16	0
6	0
3	0
3	3
1	0
3	3
17	0
17	0
17	2
17	0
17	8
13	0
13	13
13	0
12	0
17	0
1	0
1	0
17	0
12	0
12	0
16	0
16	0
3	0
1	0
1	0
17	0
17	0
17	0
1	0
1	0
17	0
17	0
12	0
17	0
17	0
1	0
17	0
17	0
16	0
16	0
16	0
16	0
16	0
16	0
16	0
16	0
16	0
3	0
3	0
1	0
1	0
17	0
12	0
17	16
3	0
1	1
3	3
3	0
1	11
16	0
3	0
16	16
17	0
17	16
13	0
13	13
13	0
17	0
16	0
16	0
1	0
1	0
1	0
17	0
16	0
1	0
3	0
3	0
1	0
1	0
1	0
1	0
1	0
1	0
16	0
17	0
12	0
17	0
1	0
16	0
1	0
1	0
16	0
12	0
17	0
1	0
1	0
16	0
16	0
16	0
16	0
3	0
1	0
1	0
1	0
1	0
1	0
1	0
1	0
16	0
17	0
17	0
4	0
4	4
3	7
3	0
3	3
17	3
9	9
8	0
8	8
13	0
13	13
13	0
16	0
17	0
17	0
1	0
17	0
17	0
17	0
1	0
1	0
8	0
8	0
16	0
3	0
17	0
3	0
1	0
1	0
16	0
8	0
17	0
17	0
17	0
17	0
1	0
17	0
17	0
17	0
17	0
1	0
1	0
8	0
8	0
16	0
16	0
16	0
17	0
1	0
1	0
17	0
3	0
1	0
1	0
16	0
8	0
17	0
17	0
16	0
17	0
11	0
11	0
16	0
16	3
3	0
3	16
3	3
3	0
2	2
12	12
8	0
2	0
2	2
17	0
17	0
12	3
9	9
8	0
8	8
17	0
17	0
17	0
1	3
17	10
17	0
17	0
17	0
17	0
17	16
13	0
13	13
13	0
17	0
17	0
17	0
17	0
12	0
17	0
17	0
17	0
17	0
17	0
17	0
17	0
17	0
17	0
17	0
17	0
17	0
12	0
12	0
3	0
3	0
1	0
8	0
1	0
17	0
17	0
17	0
8	0
8	0
2	2
8	8
16	0
16	16
13	0
13	13
13	0
12	0
8	0
8	0
8	0
8	0
12	0
1	0
1	0
8	0
8	0
8	0
8	0
12	0
1	0
1	0
8	0
8	0
8	0
8	0
12	0
12	0
8	0
8	0
8	0
12	0
8	0
1	0
1	0
8	0
8	0
8	0
8	0
12	0
12	0
1	0
1	0
8	0
8	0
8	0
1	0
1	0
8	0
8	0
8	0
12	0
12	0
1	0
1	0
8	0
8	0
12	0
12	0
16	0
1	0
1	16
5	5
1	0
12	6
12	0
8	8
16	0
16	0
16	0
16	16
13	0
13	13
13	0
12	0
16	0
8	0
8	0
1	0
12	0
12	0
16	0
8	0
12	0
12	0
12	0
12	0
16	0
16	0
16	0
16	0
16	0
12	0
12	0
12	0
16	0
12	0
16	0
12	0
12	0
12	0
16	0
16	0
16	0
16	0
16	0
1	0
8	0
8	0
1	0
12	0
8	0
16	0
16	0
16	0
16	0
16	0
12	0
13	0
13	0
13	17
8	3
4	0
4	0
4	4
3	0
11	0
3	3
2	2
3	0
6	0
3	0
3	3
17	3
3	0
3	11
1	0
1	0
1	0
16	16
13	13
3	11
2	2
6	0
6	11
17	0
17	0
17	16
17	10
16	0
17	16
13	0
13	13
13	0
12	0
1	0
16	0
1	0
1	0
1	0
17	0
1	0
1	0
1	0
1	0
17	0
1	0
8	0
8	0
17	0
17	0
17	0
17	0
8	0
3	0
3	0
3	0
3	0
12	0
12	6
12	0
12	12
17	4
1	0
8	0
8	0
8	16
13	13
11	11
16	0
16	0
16	16
2	2
11	0
11	11
3	0
2	2
12	12
13	0
13	13
13	0
17	0
8	0
1	0
1	0
8	0
12	0
12	0
12	0
16	0
16	0
16	0
16	0
16	0
16	0
8	0
1	0
8	0
12	0
16	0
12	0
12	0
8	0
1	0
8	0
16	0
12	0
16	0
16	0
1	0
16	0
8	0
16	0
1	0
16	0
16	0
16	0
16	0
12	0
3	0
5	5
11	11
11	4
3	3
2	3
8	0
8	8
2	2
2	0
2	2
9	0
1	1
8	8
13	0
13	13
13	0
16	0
1	0
8	0
16	0
8	0
8	0
12	0
16	0
16	0
8	0
1	0
1	0
3	0
3	0
3	0
1	0
8	0
8	0
8	0
12	0
1	0
8	0
1	0
1	0
16	0
8	0
12	0
1	0
16	0
16	0
16	0
16	0
16	0
1	0
1	0
1	0
8	0
3	0
3	0
3	0
1	0
8	0
17	0
5	0
3	3
17	0
17	0
17	0
17	16
17	3
17	0
17	0
17	16
5	0
3	14
6	0
11	11
17	0
1	0
17	16
13	13
13	0
3	0
17	0
17	0
8	0
1	0
8	0
1	0
17	0
17	0
17	0
17	0
17	0
1	0
8	0
8	0
8	0
1	0
1	0
8	0
1	0
1	0
3	0
1	0
1	0
8	0
8	0
1	0
17	0
1	0
1	0
17	0
17	0
17	0
17	0
17	0
17	0
17	0
8	0
8	0
8	0
13	0
5	0
5	5
16	0
11	11
4	0
4	4
3	3
17	3
8	0
8	0
8	8
13	0
13	0
13	13
13	0
16	0
16	0
16	0
16	0
16	0
3	0
16	0
16	0
16	0
16	0
3	0
3	0
3	0
3	0
1	0
16	0
16	0
16	0
16	0
16	0
16	0
16	0
16	0
16	0
3	0
3	0
3	0
1	0
1	0
16	0
16	0
16	0
16	0
16	0
16	0
3	0
3	0
3	0
1	0
1	0
16	0
16	0
16	0
13	0
13	0
13	0
13	17
8	0
8	3
3	0
2	2
2	0
6	6
8	0
8	8
4	0
2	4
3	0
2	2
6	6
12	12
17	12
1	0
16	0
16	16
13	0
13	13
13	0
12	0
3	0
16	0
16	0
16	0
16	0
1	0
16	0
16	0
3	0
3	0
1	0
1	0
1	0
1	0
1	0
16	0
16	0
16	0
13	0
1	0
16	0
16	0
16	0
1	0
1	0
3	0
16	0
3	0
1	0
1	0
1	0
16	0
16	0
3	0
3	0
11	0
4	4
11	0
6	3
3	0
3	0
3	3
16	0
16	16
13	0
13	13
13	0
3	0
16	0
16	0
16	0
12	0
12	0
3	0
1	0
8	0
3	0
16	0
16	0
3	0
1	0
8	0
8	0
8	0
16	0
16	0
12	0
12	0
3	0
16	0
16	0
16	0
12	0
3	0
1	0
1	0
16	0
16	0
16	0
16	0
3	0
3	0
3	0
3	0
8	0
8	0
3	0
8	0
16	0
16	0
1	0
12	0
12	0
3	0
3	0
17	0
17	11
17	4
17	0
17	0
17	3
9	9
8	8
16	0
2	0
2	2
3	0
6	6
8	8
13	13
13	0
8	0
17	0
1	0
8	0
16	0
8	0
16	0
17	0
17	0
16	0
16	0
17	0
1	0
16	0
1	0
2	0
8	0
1	0
8	0
8	0
17	0
16	0
3	0
1	0
8	0
1	0
16	0
16	0
1	0
16	0
16	0
16	0
17	0
17	0
17	0
17	0
17	0
1	0
17	0
1	0
2	0
8	0
1	0
1	0
12	0
2	2
12	12
16	0
2	0
2	3
11	0
11	4
3	0
1	0
1	0
1	0
1	1
13	0
13	13
13	0
1	0
16	0
8	0
8	0
8	0
8	0
8	0
16	0
16	0
8	0
16	0
8	0
8	0
8	0
1	0
1	0
1	0
16	0
8	0
12	0
16	0
16	0
16	0
16	0
8	0
8	0
8	0
8	0
16	0
16	0
16	0
8	0
12	0
16	0
16	0
1	0
8	0
8	0
8	0
1	0
1	0
1	0
16	0
1	0
12	0
17	0
11	11
4	0
11	4
1	0
1	0
1	1
5	5
11	4
16	0
16	0
16	3
2	6
8	0
8	0
8	8
12	0
12	4
13	13
13	0
1	0
1	0
1	0
12	0
12	0
8	0
1	0
3	0
1	0
1	0
16	0
16	0
1	0
1	0
1	0
8	0
8	0
12	0
8	0
1	0
1	0
1	0
1	0
12	0
12	0
1	0
12	0
3	0
16	0
1	0
1	0
1	0
1	0
3	0
8	0
16	0
16	0
1	0
1	0
12	0
11	0
11	4
2	0
3	5
3	0
1	3
2	3
2	0
2	2
8	0
8	8
16	0
16	0
16	16
13	0
13	13
13	0
1	0
16	0
1	0
1	0
1	0
16	0
12	0
16	0
16	0
1	0
1	0
1	0
1	0
1	0
16	0
16	0
16	0
16	0
8	0
12	0
12	0
1	0
16	0
1	0
1	0
1	0
12	0
12	0
1	0
16	0
16	0
16	0
3	0
1	0
1	0
1	0
1	0
1	0
1	0
16	0
16	0
16	0
13	0
13	0
13	17
17	2
17	0
8	8
17	0
17	0
17	4
17	0
6	3
17	3
17	2
17	0
12	8
17	0
17	16
17	10
13	13
17	0
17	17
12	17
13	13
17	0
17	0
16	16
13	0
13	13
13	0
17	0
17	0
8	0
1	0
17	0
17	0
17	0
17	0
17	0
17	0
17	0
17	0
17	0
17	0
17	0
17	0
17	0
17	0
17	0
17	0
17	0
1	0
16	0
17	0
16	0
16	0
17	0
8	0
17	0
17	0
17	0
13	0
3	0
11	11
4	0
6	4
1	6
8	0
8	0
8	8
1	0
16	0
1	2
8	0
8	8
3	11
16	0
11	11
1	0
1	0
1	0
16	16
4	0
4	4
13	0
13	13
13	0
12	0
1	0
16	0
16	0
16	0
1	0
1	0
16	0
16	0
16	0
16	0
12	0
1	0
16	0
16	0
16	0
16	0
16	0
16	0
12	0
16	0
16	0
3	0
16	0
16	0
1	0
1	0
1	0
1	0
1	0
1	0
1	0
1	0
16	0
12	0
3	0
5	5
12	0
11	11
16	0
16	0
16	16
11	0
11	11
3	0
3	0
1	0
1	3
17	0
17	0
17	10
17	0
17	10
5	5
3	6
12	0
8	8
1	0
8	0
16	16
17	4
13	13
13	0
1	0
1	0
1	0
1	0
1	0
1	0
1	0
17	0
1	0
17	0
1	0
1	0
1	0
1	0
1	0
1	0
17	0
12	0
1	0
16	0
16	0
16	0
8	0
16	0
1	0
1	0
1	0
1	0
1	0
1	0
1	0
12	0
12	0
12	0
12	7
13	0
13	13
13	0
12	0
12	0
12	0
12	0
12	0
12	0
12	0
12	0
12	0
12	0
12	0
12	0
12	0
12	0
12	0
12	0
12	0
12	0
12	0
12	0
12	0
12	0
12	0
12	0
12	0
12	0
1	0
12	0
12	0
12	0
12	0
12	0
12	0
12	0
12	0
12	0
12	0
12	0
12	0
12	0
12	0
12	0
12	0
12	0
12	0
12	0
12	0
12	0
12	0
12	0
12	0
1	0
12	0
12	0
1	0
1	1
13	13
13	0
1	0
1	0
1	0
1	0
1	0
1	0
1	0
1	0
1	0
1	0
1	0
1	0
1	0
1	0
1	0
1	0
1	0
1	0
1	0
1	0
1	0
1	0
1	0
1	0
1	0
1	0
1	0
1	0
1	0
1	0
1	0
1	0
1	0
1	0
1	0
1	0
1	0
1	0
1	0
1	0
1	0
1	0
1	0
1	0
1	0
1	0
1	0
1	0
1	0
1	0
1	0
1	0
1	0
1	0
1	0
3	0
3	2
8	0
8	0
1	8
8	0
8	0
8	8
4	0
16	4
2	2
6	0
1	6
1	0
8	0
8	8
3	0
11	2
1	0
1	0
1	6
8	0
8	0
8	8
2	0
2	2
12	0
12	12
13	13
13	0
1	0
1	0
12	0
1	0
1	0
3	0
16	0
3	0
1	0
1	0
1	0
1	0
8	0
8	0
8	0
3	0
1	0
1	0
1	0
1	0
1	0
1	0
16	0
16	0
16	0
16	0
3	0
1	0
1	0
1	0
12	0
11	11
4	0
11	4
5	6
3	0
1	0
1	3
1	0
12	0
17	0
2	1
8	0
8	0
8	0
8	8
2	2
12	12
13	13
13	0
1	0
1	0
1	0
1	0
1	0
1	0
1	0
1	0
1	0
1	0
1	0
1	0
1	0
1	0
1	0
1	0
1	0
1	0
1	0
1	0
1	0
1	0
1	0
1	0
1	0
1	0
1	0
3	0
1	0
1	0
1	0
1	0
1	0
1	0
1	0
1	0
1	0
1	0
1	0
1	0
12	0
17	0
16	3
17	0
11	4
5	6
17	0
8	0
8	0
8	8
17	0
17	0
8	8
5	5
3	11
17	0
17	0
12	16
8	0
8	0
12	0
8	0
8	8
3	0
3	0
3	3
3	0
1	0
1	1
1	0
2	10
13	13
13	0
1	0
16	0
1	0
1	0
16	0
16	0
16	0
16	0
16	0
1	0
16	0
16	0
3	0
16	0
16	0
16	0
16	0
1	0
1	0
1	0
16	0
16	0
16	0
16	0
16	0
16	0
1	0
12	0
1	0
1	0
8	0
14	3
17	4
3	0
3	11
17	0
17	3
17	6
17	0
17	1
8	0
8	0
8	0
8	8
17	0
17	2
17	0
12	6
12	0
12	8
2	2
12	12
12	12
13	13
13	0
1	0
16	0
1	0
8	0
1	0
1	0
1	0
1	0
1	0
16	0
16	0
8	0
17	0
12	0
12	0
16	0
16	0
1	0
12	0
16	0
16	0
16	0
16	0
16	0
8	0
1	0
8	0
8	0
17	0
1	0
1	0
1	0
12	0
13	13
13	0
8	0
8	0
8	0
8	0
8	0
8	0
8	0
8	0
8	0
8	0
8	0
8	0
8	0
8	0
8	0
8	0
8	0
8	0
8	0
8	0
8	0
8	0
8	0
8	0
8	0
8	0
8	0
8	0
8	0
8	0
8	0
8	0
8	0
8	0
8	0
8	0
8	0
8	0
8	0
8	0
8	0
8	0
8	0
8	0
8	0
8	0
8	0
8	0
8	0
8	0
8	0
8	0
8	0
8	0
8	0
8	0
8	0
12	0
3	7
17	0
13	13
13	0
1	0
1	0
12	0
12	0
12	0
12	0
1	0
1	0
12	0
12	0
12	0
12	0
12	0
1	0
1	0
12	0
12	0
12	0
12	0
12	0
1	0
1	0
12	0
12	0
12	0
12	0
12	0
1	0
1	0
12	0
12	0
12	0
12	0
1	0
1	0
1	0
12	0
12	0
12	0
12	0
1	0
1	0
12	0
12	0
12	0
12	0
1	0
1	0
12	0
12	0
12	0
12	0
1	0
1	0
12	0
3	0
1	0
1	0
1	0
3	3
4	0
16	4
2	0
2	2
8	0
8	8
8	0
2	2
8	0
8	0
8	0
8	8
1	0
3	0
1	0
1	0
1	16
13	13
13	0
8	0
1	0
1	0
1	0
8	0
8	0
8	0
8	0
8	0
1	0
1	0
8	0
8	0
8	0
8	0
1	0
1	0
1	0
8	0
8	0
8	0
1	0
1	0
1	0
1	0
16	0
8	0
16	0
3	0
1	0
1	0
8	0
8	0
8	0
8	0
1	0
1	0
2	0
6	2
9	0
1	1
8	8
1	0
1	0
1	16
11	0
11	4
11	0
11	11
11	0
11	11
3	0
11	3
3	3
1	0
1	0
16	16
13	13
13	0
1	0
1	0
1	0
1	0
1	0
1	0
16	0
16	0
16	0
16	0
16	0
16	0
3	0
1	0
8	0
16	0
1	0
1	0
16	0
16	0
8	0
1	0
1	0
8	0
8	0
1	0
8	0
8	0
1	0
1	0
1	0
16	0
16	0
16	0
16	0
16	0
3	0
12	0
11	11
4	0
4	4
11	11
3	3
2	0
1	0
1	0
1	1
1	0
1	1
8	0
8	0
8	8
17	0
2	3
13	13
3	11
12	0
12	6
12	0
12	0
8	0
12	0
8	8
16	0
17	4
17	0
17	0
11	11
17	0
17	0
17	0
1	4
17	0
17	0
17	16
17	0
17	0
17	10
5	5
1	0
1	1
13	13
13	0
3	0
3	0
3	0
1	0
1	0
3	0
1	0
1	0
1	0
1	0
1	0
1	0
17	0
8	0
12	0
5	0
5	5
1	0
1	0
1	0
3	3
4	0
2	4
3	2
2	0
6	0
6	6
8	0
8	0
8	8
3	3
3	6
1	0
1	0
1	11
13	13
3	11
1	1
4	0
1	4
5	5
3	0
9	6
11	11
16	0
16	0
4	0
4	16
17	0
12	6
12	0
8	0
8	8
1	0
3	3
17	0
13	13
13	0
12	0
1	0
16	0
1	0
3	0
1	0
1	0
16	0
16	0
3	0
1	0
3	0
3	0
1	0
1	0
8	0
12	0
5	5
3	0
11	11
11	0
11	4
3	0
3	3
17	0
17	0
17	10
17	6
8	8
13	13
13	0
1	0
1	0
1	0
1	0
1	0
1	0
1	0
1	0
17	0
16	0
1	0
1	0
1	0
1	0
17	0
17	0
17	0
17	0
1	0
1	0
1	0
3	0
1	0
1	0
1	0
1	0
1	0
1	0
1	0
1	0
1	0
1	0
3	0
3	0
3	0
3	0
1	0
3	0
17	0
17	0
17	0
1	0
17	0
1	0
1	0
13	0
11	0
11	11
4	4
17	0
17	0
17	10
2	0
3	0
3	3
3	6
1	0
1	0
1	0
1	0
1	8
13	13
13	0
1	0
1	0
1	0
1	0
1	0
1	0
1	0
1	0
16	0
1	0
3	0
17	0
1	0
1	0
1	0
1	0
1	0
1	0
1	0
1	0
1	0
16	0
1	0
1	0
1	0
1	0
1	0
1	0
1	0
3	0
3	0
16	0
3	0
1	0
1	0
17	0
17	0
1	0
3	0
1	0
1	0
1	0
12	0
13	13
13	0
8	0
8	0
8	0
8	0
8	0
8	0
8	0
8	0
8	0
8	0
8	0
8	0
8	0
8	0
8	0
8	0
8	0
8	0
8	0
8	0
8	0
8	0
8	0
8	0
8	0
8	0
8	0
8	0
8	0
8	0
8	0
8	0
8	0
8	0
8	0
8	0
8	0
8	0
8	0
8	0
8	0
8	0
8	0
8	0
8	0
8	0
8	0
8	0
8	0
8	0
8	0
8	0
8	0
8	0
8	0
8	0
8	0
13	0
13	0
13	17
17	0
12	5
8	0
8	0
8	0
8	8
4	0
11	4
1	1
13	0
13	13
13	0
17	0
1	0
1	0
1	0
13	0
12	0
16	0
8	0
1	0
1	0
1	0
1	0
16	0
8	0
16	0
1	0
1	0
1	0
1	0
17	0
12	0
17	0
1	0
1	0
1	0
13	0
8	0
16	0
3	0
1	0
1	0
1	0
13	0
1	0
17	0
17	0
1	0
16	0
8	0
16	0
1	0
1	0
1	0
12	0
17	0
12	0
3	0
3	3
3	3
3	0
3	0
3	3
3	0
3	3
5	5
1	2
12	0
12	0
8	12
13	0
13	13
13	0
1	0
16	0
16	0
16	0
8	0
8	0
1	0
16	0
16	0
16	0
16	0
16	0
3	0
1	0
1	0
1	0
8	0
8	0
8	0
12	0
1	0
1	0
1	0
1	0
1	0
8	0
12	0
1	0
1	0
16	0
16	0
16	0
16	0
16	0
3	0
3	0
1	0
1	0
1	0
1	0
1	0
8	0
8	0
12	0
12	0
17	0
12	0
1	3
1	0
1	0
1	0
1	1
5	5
12	2
12	0
12	0
12	12
13	0
13	13
13	0
17	0
17	0
1	0
12	0
12	0
12	0
12	0
17	0
1	0
1	0
1	0
8	0
8	0
8	0
1	0
1	0
8	0
8	0
12	0
12	0
1	0
1	0
8	0
1	0
8	0
12	0
12	0
12	0
1	0
1	0
17	0
17	0
12	0
1	0
1	0
1	0
8	0
8	0
1	0
1	0
1	0
8	0
8	0
11	0
3	0
5	5
11	0
11	11
16	16
12	0
12	0
8	8
13	13
13	0
1	0
1	0
1	0
8	0
1	0
1	0
3	0
3	0
1	0
8	0
8	0
8	0
1	0
3	0
1	0
8	0
8	0
8	0
8	0
8	0
1	0
3	0
1	0
1	0
16	0
1	0
3	0
1	0
1	0
8	0
8	0
8	0
8	0
16	0
3	0
1	0
1	0
16	0
16	0
8	0
8	0
8	0
8	0
8	0
1	0
1	0
3	0
1	0
1	0
13	0
8	0
8	3
8	0
8	8
17	0
16	16
17	0
11	6
17	0
17	8
17	10
17	0
17	0
17	16
13	13
13	0
1	0
1	0
1	0
16	0
17	0
17	0
8	0
1	0
3	0
16	0
17	0
17	0
17	0
17	0
17	0
17	0
17	0
17	0
17	0
8	0
1	0
1	0
16	0
16	0
16	0
17	0
1	0
8	0
1	0
1	0
16	0
1	0
16	0
16	0
16	0
17	0
17	0
17	0
17	0
17	0
17	0
17	0
17	0
12	0
13	13
13	0
8	0
8	0
8	0
8	0
8	0
8	0
8	0
8	0
8	0
8	0
8	0
8	0
8	0
8	0
8	0
8	0
8	0
8	0
8	0
8	0
8	0
8	0
8	0
8	0
8	0
8	0
8	0
8	0
8	0
8	0
8	0
8	0
8	0
8	0
8	0
8	0
8	0
8	0
8	0
8	0
8	0
8	0
8	0
8	0
8	0
8	0
8	0
8	0
8	0
8	0
8	0
8	0
8	0
8	0
8	0
8	0
8	0
13	0
12	12
12	0
12	0
12	12
13	13
13	0
1	0
1	0
8	0
8	0
16	0
8	0
1	0
1	0
12	0
8	0
8	0
8	0
1	0
1	0
1	0
1	0
8	0
8	0
16	0
8	0
1	0
1	0
8	0
8	0
8	0
8	0
1	0
1	0
1	0
12	0
8	0
16	0
8	0
1	0
1	0
1	0
1	0
8	0
8	0
16	0
12	0
12	0
12	0
8	0
8	0
8	0
1	0
1	0
8	0
8	0
8	0
1	0
1	0
13	0
13	0
13	17
11	11
4	0
11	4
1	0
11	0
1	1
1	1
13	0
13	13
13	0
13	0
1	0
1	0
1	0
13	0
13	0
1	0
1	0
1	0
1	0
1	0
1	0
13	0
1	0
1	0
1	0
1	0
1	0
1	0
13	0
13	0
1	0
1	0
1	0
1	0
13	0
16	0
3	0
1	0
1	0
1	0
1	0
1	0
13	0
13	0
1	0
3	0
3	0
1	0
1	0
3	0
1	0
1	0
1	0
13	0
13	0
13	0
12	0
1	0
11	11
4	0
4	4
6	6
8	8
3	0
2	0
16	0
16	0
16	16
13	13
3	0
3	11
11	0
11	6
17	0
8	0
8	8
17	0
17	0
12	4
4	4
13	13
13	0
16	0
1	0
17	0
16	0
16	0
16	0
8	0
16	0
16	0
16	0
1	0
1	0
16	0
16	0
12	0
17	0
12	0
16	0
16	0
1	0
16	0
16	0
3	0
8	0
3	0
3	0
1	0
16	0
16	0
16	0
16	0
16	0
16	0
16	0
13	0
13	0
13	17
1	0
1	0
1	0
3	3
4	0
4	4
12	0
12	6
12	0
12	0
8	0
8	0
8	0
8	0
8	0
8	0
8	8
3	3
2	2
12	12
12	12
3	0
3	0
1	0
1	3
1	0
1	0
1	1
13	0
13	13
13	0
13	0
13	0
16	0
16	0
16	0
16	0
3	0
3	0
1	0
12	0
1	0
3	0
3	0
3	0
1	0
1	0
1	0
3	0
3	0
3	0
12	0
12	0
12	0
12	0
1	0
1	0
12	0
12	11
4	0
4	0
4	0
4	0
4	4
3	0
3	0
3	3
16	0
16	16
2	2
3	0
6	0
6	0
1	1
8	0
8	8
5	5
3	0
11	11
1	0
2	2
8	0
8	0
8	8
13	0
13	13
13	0
3	0
3	0
3	0
1	0
1	0
1	0
1	0
1	0
16	0
8	0
16	0
16	0
8	0
16	0
1	0
1	0
16	0
3	0
3	0
16	0
16	0
16	0
3	0
3	0
3	0
1	0
3	0
3	0
2	0
1	0
13	0
3	0
5	5
16	0
11	11
4	0
11	4
3	3
13	0
13	0
13	13
13	0
1	0
1	0
1	0
1	0
13	0
16	0
3	0
16	0
1	0
1	0
1	0
1	0
16	0
16	0
16	0
1	0
1	0
1	0
1	0
1	0
1	0
1	0
1	0
1	0
1	0
13	0
16	0
3	0
1	0
1	0
1	0
1	0
1	0
1	0
16	0
16	0
16	0
16	0
16	0
1	0
1	0
1	0
1	0
12	0
1	0
1	0
1	0
1	0
13	0
3	0
3	0
2	0
1	16
16	0
16	0
16	11
11	0
11	11
3	0
3	0
3	3
11	0
11	6
3	0
1	0
3	1
8	0
8	0
8	0
8	8
13	0
13	13
13	0
12	0
1	0
16	0
16	0
16	0
16	0
16	0
16	0
11	0
3	0
3	0
1	0
1	0
1	0
1	0
1	0
1	0
8	0
8	0
12	0
1	0
1	0
16	0
3	0
3	0
16	0
16	0
16	0
16	0
16	0
3	0
3	0
3	0
1	0
3	0
13	0
2	2
1	0
3	3
13	0
13	13
13	0
8	0
8	0
8	0
8	0
8	0
8	0
8	0
8	0
1	0
1	0
8	0
8	0
8	0
1	0
16	0
1	0
1	0
1	0
8	0
8	0
8	0
8	0
8	0
1	0
8	0
8	0
8	0
8	0
12	0
12	0
1	0
8	0
8	0
8	0
8	0
8	0
16	0
12	0
8	0
8	0
1	0
1	0
1	0
8	0
8	0
1	0
1	0
8	0
12	0
8	0
8	0
8	0
8	0
17	0
17	0
9	17
17	0
8	0
17	17
13	13
17	0
17	0
8	17
17	17
8	17
9	9
8	0
12	6
12	0
12	0
8	8
16	0
16	16
3	3
3	0
3	3
1	0
1	1
13	0
13	13
13	0
17	0
17	0
17	0
8	0
17	0
17	0
12	0
12	0
12	0
12	0
12	0
12	0
12	0
3	0
12	0
3	0
1	0
1	0
12	0
17	0
17	0
17	0
17	0
17	0
17	0
17	0
17	0
17	0
17	0
17	0
17	0
16	0
13	0
3	0
11	11
17	0
11	4
17	0
17	0
17	10
17	0
1	1
13	13
13	0
1	0
1	0
3	0
1	0
1	0
1	0
1	0
17	0
17	0
1	0
1	0
1	0
1	0
17	0
17	0
17	0
1	0
1	0
1	0
1	0
1	0
1	0
3	0
3	0
1	0
1	0
17	0
17	0
1	0
17	0
1	0
1	0
1	0
1	0
1	0
3	0
3	0
17	0
17	0
17	0
1	0
1	0
17	0
1	0
1	0
1	0
1	0
3	0
13	0
11	0
11	11
4	4
1	0
3	3
5	6
1	0
1	0
1	1
8	0
8	0
8	8
2	3
13	0
13	13
13	0
12	0
17	0
1	0
1	0
12	0
1	0
12	0
12	0
1	0
1	0
1	0
1	0
1	0
1	0
1	0
1	0
1	0
1	0
12	0
12	0
12	0
1	0
1	0
1	0
1	0
12	0
1	0
12	0
17	0
16	0
16	0
16	0
16	0
1	0
1	0
1	0
1	0
1	0
1	0
8	0
1	0
1	0
1	0
12	0
5	5
4	0
4	4
17	3
17	0
17	3
2	0
2	10
13	0
13	13
13	0
12	0
3	0
3	0
8	0
12	0
17	0
17	0
17	0
17	0
8	0
8	0
8	0
12	0
17	0
17	0
17	0
17	0
17	0
12	0
12	0
12	0
12	0
3	0
3	0
8	0
12	0
17	0
8	0
16	0
8	0
16	0
8	0
8	0
12	0
12	0
3	0
17	0
17	0
17	0
17	0
17	0
16	0
8	0
12	0
12	0
12	0
12	0
3	0
13	0
11	0
4	2
8	0
2	0
1	0
1	1
1	6
8	0
8	0
8	0
8	8
8	0
4	0
4	0
2	16
17	3
17	0
2	2
12	12
13	13
12	12
12	12
13	13
12	12
13	13
12	12
12	12
5	5
17	0
2	2
12	0
12	12
13	0
13	13
13	0
12	0
8	0
1	0
1	0
16	0
1	0
12	0
16	0
1	0
12	0
17	0
17	0
1	0
1	0
8	0
1	0
16	0
8	0
1	0
8	0
8	0
16	0
16	0
16	0
12	0
5	5
11	0
11	3
4	0
4	0
2	4
17	6
17	0
8	0
8	8
17	3
2	2
12	0
12	0
12	12
2	3
17	0
3	3
17	0
17	3
13	0
13	13
13	0
12	0
17	0
1	0
1	0
12	0
16	0
8	0
8	0
17	0
12	0
12	0
8	0
8	0
8	0
17	0
1	0
1	0
16	0
16	0
12	0
12	0
8	0
1	0
1	0
3	0
8	0
8	0
17	0
1	0
1	0
1	0
8	0
8	0
17	0
12	0
12	0
11	0
3	0
11	11
4	0
11	4
3	3
3	3
1	0
1	1
13	13
13	0
1	0
1	0
1	0
1	0
1	0
1	0
1	0
1	0
3	0
1	0
1	0
1	0
1	0
1	0
3	0
3	0
3	0
1	0
1	0
1	0
1	0
1	0
1	0
1	0
8	0
1	0
1	0
1	0
1	0
1	0
1	0
1	0
1	0
1	0
3	0
16	0
1	0
8	0
8	0
1	0
3	0
1	0
1	0
1	0
1	0
1	0
1	0
1	0
1	0
12	0
11	0
11	11
4	0
4	4
12	6
8	0
8	8
1	0
1	0
17	0
1	16
17	0
2	2
12	12
13	0
13	13
13	0
12	0
1	0
8	0
16	0
16	0
16	0
12	0
12	0
3	0
8	0
8	0
8	0
17	0
8	0
17	0
2	0
8	0
16	0
12	0
12	0
12	0
17	0
1	0
8	0
16	0
12	0
12	0
12	0
12	0
3	0
8	0
8	0
3	0
3	0
1	0
1	0
1	0
17	0
8	0
17	0
1	0
17	0
12	0
16	0
2	2
9	0
1	1
8	8
16	0
1	0
1	0
1	16
17	0
2	2
12	12
5	5
16	0
16	0
16	16
11	0
6	3
3	3
2	0
2	0
2	0
11	2
1	0
1	8
9	9
8	8
13	0
13	13
13	0
1	0
8	0
16	0
8	0
12	0
12	0
16	0
8	0
8	0
8	0
8	0
2	0
8	0
8	0
3	0
8	0
8	0
8	0
8	0
8	0
8	0
16	0
16	0
16	0
17	0
8	0
17	0
8	0
8	0
12	0
17	0
12	3
17	0
16	16
3	11
2	0
2	0
6	2
12	0
12	12
5	5
2	0
2	2
9	0
1	1
8	8
17	0
17	0
17	16
17	3
17	6
17	0
17	1
12	0
8	0
8	8
17	0
2	0
3	0
3	3
3	11
6	0
6	0
3	3
3	0
6	6
12	0
8	8
1	0
1	0
1	1
17	4
13	0
13	13
13	0
16	0
3	0
3	0
16	0
12	0
16	0
16	0
1	0
1	0
8	0
3	0
2	0
2	0
2	0
12	0
16	0
12	0
11	11
12	0
12	0
16	0
16	16
12	0
12	12
13	13
13	0
1	0
16	0
12	0
12	0
16	0
1	0
16	0
16	0
16	0
16	0
12	0
12	0
16	0
16	0
16	0
16	0
12	0
16	0
12	0
12	0
1	0
16	0
16	0
16	0
12	0
12	0
16	0
16	0
16	0
12	0
16	0
12	0
12	0
16	0
16	0
16	0
16	0
16	0
16	0
12	0
16	0
12	0
12	0
12	0
12	0
1	0
16	0
16	0
17	0
11	11
17	0
11	11
5	5
1	0
1	0
1	0
1	0
17	0
3	8
17	0
17	0
17	16
17	0
1	16
17	0
2	3
13	0
13	13
13	0
17	0
17	0
1	0
17	0
1	0
12	0
17	0
17	0
17	0
8	0
8	0
1	0
1	0
17	0
17	0
1	0
1	0
1	0
17	0
13	0
17	0
17	0
1	0
1	0
1	0
17	0
17	0
17	0
1	0
1	0
1	0
1	0
1	0
8	0
8	0
8	0
1	0
1	0
17	0
17	0
17	0
5	5
3	11
3	0
3	4
3	3
17	0
17	0
17	0
17	0
17	1
8	0
8	0
8	8
10	0
10	14
16	0
16	16
13	0
13	13
13	0
17	0
3	0
3	0
16	0
16	0
17	0
17	0
17	0
17	0
1	0
1	0
1	0
8	0
8	0
1	0
1	0
16	0
16	0
16	0
12	0
17	0
1	0
1	0
16	0
16	0
14	0
16	0
16	0
1	0
16	0
17	0
1	0
17	0
17	0
1	0
1	0
1	0
8	0
12	0
8	0
1	0
1	1
8	0
8	0
8	0
8	8
4	0
2	4
2	2
12	0
12	0
12	12
12	12
17	0
2	2
8	8
8	0
12	0
12	4
12	0
13	13
13	0
12	0
8	0
8	0
12	0
12	0
12	0
12	0
8	0
16	0
12	0
16	0
16	0
17	0
1	0
8	0
8	0
12	0
12	0
12	0
12	0
12	0
8	0
12	0
8	0
16	0
1	0
16	0
8	0
16	0
16	0
3	0
3	0
12	0
12	0
12	0
16	0
11	0
17	0
11	11
4	0
11	4
3	0
3	0
3	0
1	0
1	1
17	0
1	3
13	13
13	0
8	0
1	0
1	0
1	0
1	0
1	0
1	0
1	0
1	0
1	0
1	0
1	0
1	0
1	0
1	0
1	0
1	0
1	0
1	0
1	0
8	0
1	0
1	0
1	0
1	0
1	0
1	0
1	0
1	0
1	0
1	0
1	0
16	0
17	0
8	0
16	0
1	0
1	0
1	0
1	0
1	0
1	0
1	0
1	0
1	0
1	0
13	0
3	3
3	0
3	0
3	0
3	3
1	0
1	0
1	1
5	5
1	0
1	1
13	0
13	13
13	0
1	0
1	0
1	0
1	0
1	0
1	0
1	0
1	0
1	0
1	0
1	0
1	0
1	0
1	0
1	0
1	0
1	0
1	0
1	0
12	0
12	0
1	0
1	0
1	0
1	0
1	0
1	0
1	0
1	0
1	0
1	0
1	0
8	0
16	0
3	0
3	0
1	0
1	0
1	0
1	0
1	0
1	0
1	0
1	0
12	0
13	0
17	0
2	2
8	0
8	8
4	0
4	4
16	0
11	0
1	1
16	0
1	1
17	0
6	3
17	0
3	14
17	0
17	16
13	0
13	13
13	0
1	0
1	0
1	0
1	0
17	0
17	0
12	0
16	0
8	0
1	0
1	0
1	0
8	0
17	0
1	0
1	0
1	0
17	0
17	0
12	0
17	0
1	0
1	0
1	0
16	0
8	0
17	0
1	0
1	0
1	0
3	0
16	0
1	0
1	0
1	0
1	0
1	0
8	0
17	0
12	0
12	0
11	11
4	4
3	0
3	0
1	0
1	3
8	2
12	0
12	6
12	0
12	12
1	0
1	0
1	16
5	5
2	2
3	0
2	2
6	6
8	0
8	0
8	8
2	2
12	12
1	0
1	0
16	16
13	0
13	13
13	0
1	0
1	0
1	0
1	0
12	0
12	0
8	0
1	0
1	0
1	0
1	0
8	0
8	0
1	0
8	0
1	0
3	0
3	0
3	0
1	0
1	0
8	0
8	0
12	0
12	0
12	0
1	0
1	0
12	0
4	0
11	4
11	0
3	0
3	3
3	0
3	0
3	0
3	3
1	1
1	0
17	0
2	4
13	0
13	13
13	0
12	0
12	0
1	0
12	0
12	0
12	0
12	0
16	0
8	0
16	0
16	0
1	0
3	0
1	0
1	0
1	0
1	0
1	0
12	0
12	0
12	0
17	0
1	0
1	0
1	0
12	0
1	0
12	0
16	0
16	0
16	0
16	0
16	0
16	0
16	0
3	0
1	0
1	0
1	0
1	0
1	0
1	0
1	0
17	0
3	0
9	11
8	0
11	3
8	0
2	2
8	8
12	0
12	0
12	4
4	4
5	5
6	6
8	0
8	0
8	0
8	8
3	0
3	0
1	3
16	0
16	16
4	4
13	13
17	0
11	4
17	0
17	0
17	3
17	0
17	6
9	9
8	8
1	0
3	0
3	0
3	0
3	8
3	0
2	2
11	0
6	11
8	0
12	16
5	5
11	4
11	0
11	11
1	0
1	0
1	0
1	16
14	14
11	11
2	2
8	0
8	8
4	0
13	0
12	0
16	0
17	0
1	0
11	7
11	11
1	0
16	16
11	0
11	3
3	3
1	0
1	1
13	0
13	13
13	0
12	0
1	0
8	0
1	0
12	0
17	0
17	0
16	0
3	0
3	0
3	0
1	0
1	0
8	0
8	0
8	0
8	0
1	0
1	0
12	0
12	0
8	0
1	0
1	0
1	0
1	0
12	0
12	0
8	0
3	0
1	0
16	0
16	0
16	0
1	0
3	0
1	0
3	0
8	0
8	0
8	0
1	0
1	0
1	0
13	0
12	0
11	11
4	0
4	16
3	0
3	0
1	0
1	3
3	0
3	3
1	0
1	0
1	16
13	0
13	13
13	0
12	0
1	0
8	0
8	0
8	0
8	0
12	0
12	0
1	0
3	0
3	0
1	0
8	0
1	0
1	0
1	0
16	0
8	0
8	0
12	0
12	0
12	0
1	0
8	0
1	0
12	0
8	0
12	0
3	0
12	0
8	0
8	0
3	0
3	0
3	0
3	0
1	0
8	0
1	0
1	0
1	0
16	0
16	0
13	0
13	0
13	17
12	0
12	0
12	7
13	0
13	13
13	0
12	0
16	0
16	0
16	0
12	0
13	0
1	0
12	0
16	0
16	0
16	0
12	0
12	0
1	0
13	0
12	0
16	0
16	0
13	0
12	0
12	0
12	0
12	0
16	0
12	0
13	0
13	0
1	0
12	0
16	0
16	0
12	0
12	0
12	0
12	0
16	0
16	0
16	0
13	0
1	0
12	0
12	0
16	0
12	0
12	0
12	0
12	0
16	0
16	0
8	0
13	0
12	0
12	0
8	3
4	0
4	4
16	0
11	0
3	0
3	3
1	0
1	16
17	0
17	0
17	0
17	0
17	0
1	16
16	0
5	5
3	3
13	0
13	13
13	0
17	0
17	0
16	0
1	0
8	0
12	0
12	0
12	0
1	0
1	0
1	0
17	0
8	0
17	0
17	0
16	0
17	0
1	0
1	0
12	0
12	0
17	0
17	0
1	0
1	0
12	0
12	0
16	0
1	0
16	0
8	0
8	0
1	0
17	0
1	0
17	0
17	0
17	0
17	0
11	11
17	0
17	0
12	16
13	13
13	0
1	0
1	0
1	0
1	0
16	0
17	0
16	0
16	0
17	0
12	0
16	0
16	0
16	0
17	0
16	0
1	0
17	0
12	0
16	0
17	0
16	0
1	0
1	0
12	0
16	0
17	0
17	0
16	0
17	0
17	0
12	0
16	0
8	0
1	0
17	0
1	0
1	0
16	0
16	0
17	0
1	0
17	0
17	0
8	0
8	0
1	0
16	0
1	0
16	0
16	0
16	0
17	0
13	0
6	6
8	0
8	8
4	0
2	4
3	0
6	0
3	3
3	0
2	2
6	6
12	0
8	0
8	8
2	0
2	2
12	0
12	12
16	0
16	16
2	0
2	2
8	0
8	8
13	0
13	13
13	0
1	0
3	0
1	0
1	0
1	0
8	0
8	0
8	0
1	0
1	0
8	0
8	0
3	0
3	0
3	0
1	0
8	0
8	0
8	0
1	0
1	0
8	0
16	0
3	0
1	0
8	0
8	0
3	0
1	0
1	0
8	0
8	0
17	0
11	0
11	4
17	0
1	3
17	0
17	0
17	10
17	0
17	3
17	6
8	0
8	8
3	0
3	11
17	1
17	0
2	2
17	0
8	8
17	3
17	0
17	0
17	16
17	0
6	3
1	0
1	0
17	0
1	0
1	0
1	16
13	0
13	13
13	0
17	0
17	0
17	0
1	0
17	0
17	0
17	0
17	0
17	0
17	0
17	0
1	0
17	0
17	0
17	0
8	0
8	0
17	0
17	0
17	0
1	0
17	0
17	0
17	0
1	0
12	0
3	0
5	5
3	0
3	0
1	3
3	11
4	0
4	4
11	0
11	11
1	0
1	0
1	0
1	3
1	0
8	16
13	13
13	0
1	0
3	0
8	0
3	0
8	0
16	0
1	0
1	0
3	0
3	0
3	0
3	0
3	0
1	0
1	0
1	0
8	0
8	0
16	0
1	0
1	0
1	0
3	0
8	0
3	0
3	0
1	0
1	0
1	0
3	0
3	0
16	0
1	0
3	0
3	0
11	0
3	0
3	0
1	0
1	0
1	0
12	0
8	0
17	0
13	17
8	4
17	0
12	0
12	3
17	0
2	2
9	0
9	8
1	2
8	8
2	2
6	6
12	0
12	12
12	0
9	8
17	0
11	16
13	0
13	13
13	0
17	0
17	0
17	0
17	0
17	0
17	0
17	0
1	0
8	0
16	0
8	0
1	0
8	0
16	0
16	0
17	0
1	0
1	0
8	0
12	0
17	0
12	0
17	0
17	0
12	0
12	0
16	0
16	0
17	0
16	0
16	0
17	0
1	0
8	0
1	0
13	0
5	5
11	0
11	3
4	0
4	4
2	6
12	0
12	12
3	0
3	3
1	0
1	0
1	16
13	0
13	13
13	0
12	0
1	0
1	0
1	0
1	0
1	0
12	0
3	0
3	0
3	0
3	0
1	0
1	0
1	0
1	0
1	0
1	0
1	0
1	0
12	0
3	0
1	0
1	0
3	0
1	0
1	0
1	0
12	0
1	0
1	0
16	0
3	0
8	0
8	0
3	0
1	0
1	0
1	0
3	0
1	0
1	0
1	0
1	0
12	0
1	0
11	11
4	0
4	4
2	6
8	0
8	8
1	0
3	4
11	0
17	11
17	0
11	3
17	0
11	16
16	0
16	16
13	0
13	13
13	0
3	0
1	0
16	0
16	0
16	0
16	0
3	0
1	0
1	0
1	0
3	0
1	0
1	0
1	0
8	0
8	0
1	0
16	0
16	0
12	0
16	0
1	0
16	0
16	0
16	0
3	0
3	0
3	0
3	0
4	0
3	0
1	0
1	0
16	0
16	0
3	0
1	0
1	0
1	0
13	0
3	1
16	0
2	2
11	0
11	11
16	0
16	3
3	0
3	3
12	0
12	8
13	0
13	13
13	0
12	0
16	0
8	0
8	0
12	0
12	0
8	0
16	0
16	0
16	0
16	0
16	0
16	0
16	0
16	0
1	0
8	0
8	0
8	0
12	0
12	0
16	0
8	0
8	0
12	0
12	0
16	0
12	0
16	0
1	0
16	0
1	0
16	0
16	0
16	0
16	0
16	0
16	0
16	0
3	0
1	0
8	0
8	0
8	0
12	0
12	0
1	0
3	0
3	0
3	0
3	3
16	0
16	4
11	11
11	0
6	3
3	0
9	9
2	2
2	0
6	0
11	11
8	0
1	0
8	0
8	16
14	14
3	0
11	11
8	0
8	8
16	0
16	16
13	0
13	13
13	0
3	0
3	0
8	0
1	0
16	0
1	0
8	0
8	0
1	0
8	0
8	0
16	0
16	0
1	0
1	0
8	0
16	0
16	0
16	0
16	0
16	0
16	0
16	0
3	0
8	0
8	0
8	0
8	0
8	0
13	0
4	0
4	4
6	0
6	3
8	0
12	0
12	0
12	0
12	16
1	0
11	11
17	0
1	16
17	0
11	6
8	8
13	13
13	0
3	0
16	0
1	0
1	0
1	0
16	0
16	0
16	0
16	0
8	0
8	0
16	0
1	0
1	0
16	0
1	0
1	0
1	0
16	0
16	0
3	0
16	0
8	0
1	0
8	0
1	0
16	0
3	0
16	0
16	0
3	0
8	0
8	0
8	0
8	0
8	0
1	0
1	0
1	0
1	0
1	0
13	0
6	0
6	3
1	0
1	0
1	4
5	6
1	0
1	0
1	1
8	0
8	8
1	0
12	0
16	0
16	16
13	0
13	13
13	0
12	0
8	0
8	0
8	0
8	0
8	0
12	0
12	0
1	0
1	0
1	0
1	0
1	0
1	0
1	0
1	0
8	0
8	0
8	0
12	0
12	0
1	0
1	0
1	0
8	0
12	0
12	0
12	0
1	0
1	0
1	0
1	0
1	0
1	0
1	0
1	0
1	0
1	0
1	0
16	0
1	0
12	0
5	5
16	0
16	4
16	0
11	0
17	0
12	0
16	16
16	0
11	11
17	0
3	16
3	3
1	0
1	0
1	16
13	0
13	13
13	0
3	0
3	0
16	0
1	0
8	0
8	0
12	0
3	0
16	0
16	0
16	0
16	0
3	0
17	0
1	0
3	0
1	0
8	0
8	0
12	0
12	0
1	0
16	0
16	0
1	0
12	0
12	0
3	0
3	0
16	0
16	0
16	0
16	0
16	0
16	0
16	0
3	0
1	0
3	0
1	0
12	0
5	0
5	5
1	2
8	0
8	8
16	0
16	0
17	4
17	0
2	11
17	0
11	0
17	0
17	0
17	16
3	11
3	0
17	0
4	0
4	0
4	16
3	3
3	6
1	0
1	0
1	1
8	8
16	0
17	0
1	16
13	0
13	13
13	0
17	0
16	0
16	0
3	0
16	0
16	0
3	0
16	0
3	0
3	0
3	0
1	0
16	0
16	0
16	0
1	0
1	0
8	0
12	0
16	0
17	0
17	0
1	0
1	0
17	0
17	0
13	0
3	0
11	11
4	0
4	4
2	0
2	0
2	0
3	3
8	0
8	0
8	8
17	0
2	0
11	0
9	2
8	0
8	0
8	0
8	8
5	5
11	11
3	0
17	0
17	16
2	0
2	0
11	11
2	10
5	5
3	11
3	0
17	0
3	16
3	3
11	0
17	0
3	11
1	0
1	0
1	2
4	0
4	4
13	0
13	13
13	0
3	0
3	0
3	0
3	0
3	0
16	0
1	0
1	0
1	0
1	0
8	0
17	0
16	0
16	0
13	0
4	0
4	4
6	0
6	3
8	0
12	0
12	0
12	0
12	16
3	0
6	14
8	0
11	11
1	0
11	6
3	0
1	0
1	0
1	1
8	8
16	0
16	0
16	16
13	0
13	13
13	0
16	0
16	0
16	0
16	0
16	0
16	0
16	0
16	0
8	0
1	0
16	0
16	0
16	0
1	0
8	0
1	0
16	0
16	0
16	0
3	0
16	0
16	0
3	0
8	0
8	0
8	0
8	0
8	0
8	0
3	0
1	0
1	0
1	0
13	0
13	13
8	8
4	0
11	4
16	0
11	3
16	0
11	0
2	3
11	0
11	6
8	8
5	5
8	0
8	12
4	0
4	4
3	6
3	0
1	0
1	1
8	8
13	0
13	13
13	0
3	0
16	0
16	0
1	0
8	0
1	0
1	0
1	0
1	0
8	0
16	0
8	0
1	0
3	0
16	0
1	0
1	0
8	0
8	0
13	0
12	0
1	0
3	0
16	0
16	0
1	0
16	0
16	0
1	0
1	0
1	0
1	0
1	0
8	0
12	0
2	0
5	5
1	2
1	0
1	0
1	6
8	0
8	8
4	0
4	0
17	4
17	0
17	0
17	10
17	0
17	3
16	16
1	0
2	2
17	0
17	6
17	0
8	12
3	0
3	0
2	10
13	13
13	13
13	0
1	0
1	0
17	0
1	0
1	0
1	0
1	0
1	0
1	0
1	0
1	0
1	0
1	0
1	0
8	0
3	0
1	0
17	0
1	0
1	0
1	0
1	0
1	0
8	0
8	0
17	0
3	0
17	0
17	0
17	0
13	0
3	0
2	0
14	0
14	3
11	0
11	11
6	6
8	0
8	0
8	8
2	0
2	2
1	0
1	0
1	1
8	8
1	0
1	0
1	0
16	0
16	16
11	4
4	0
4	14
11	11
1	0
16	0
16	3
3	0
13	0
16	0
16	16
11	4
13	13
4	0
4	0
2	4
11	0
6	3
3	0
2	2
8	0
8	0
8	0
8	8
5	6
8	0
8	0
8	0
8	8
16	0
16	0
16	16
3	11
11	0
11	11
6	0
6	3
13	0
13	0
11	8
4	4
11	8
13	13
13	0
1	0
8	0
8	0
1	0
16	0
1	0
1	0
8	0
8	0
8	0
1	0
1	0
8	0
8	0
8	0
8	0
8	0
1	0
1	0
1	0
1	0
8	0
16	0
1	0
16	0
1	0
1	0
1	0
8	0
8	0
1	0
1	0
1	0
1	0
8	0
8	0
8	0
8	0
1	0
1	0
8	0
8	0
8	0
1	0
1	0
1	0
1	0
8	0
8	0
1	0
1	0
1	0
1	0
8	0
13	0
13	0
13	17
3	2
8	0
8	8
16	0
17	0
12	4
2	2
6	6
8	0
8	8
17	0
12	6
12	12
17	12
17	10
17	0
17	0
17	0
17	16
13	0
13	13
13	0
12	0
17	0
17	0
16	0
17	0
1	0
1	0
8	0
8	0
16	0
12	0
12	0
17	0
17	0
17	0
17	0
17	0
17	0
16	0
13	0
17	0
17	0
17	0
17	0
1	0
1	0
16	0
16	0
16	0
16	0
1	0
1	0
8	0
17	0
16	0
17	0
17	0
17	7
17	0
11	11
11	0
11	4
1	3
1	0
1	1
13	13
13	0
1	0
1	0
1	0
16	0
1	0
1	0
1	0
1	0
1	0
1	0
1	0
1	0
1	0
1	0
1	0
1	0
1	0
1	0
1	0
1	0
1	0
1	0
1	0
16	0
1	0
1	0
1	0
1	0
1	0
1	0
1	0
1	0
1	0
1	0
1	0
1	0
16	0
16	0
1	0
8	0
1	0
1	0
1	0
1	0
1	0
1	0
1	0
1	0
13	0
11	0
11	11
4	0
4	0
4	0
4	4
2	0
3	0
3	3
6	0
3	3
16	0
1	0
16	16
13	0
13	13
13	0
1	0
16	0
16	0
16	0
16	0
16	0
12	0
3	0
3	0
16	0
3	0
3	0
3	0
8	0
8	0
8	0
16	0
16	0
8	0
12	0
1	0
16	0
16	0
16	0
16	0
8	0
8	0
12	0
1	0
3	0
3	0
3	0
16	0
4	0
3	0
3	0
3	0
3	0
8	0
8	0
1	0
16	0
13	0
3	0
5	5
3	0
11	11
11	0
11	4
3	0
3	3
1	0
1	11
1	0
2	0
2	2
6	6
3	0
3	0
1	0
1	1
8	0
8	0
8	8
13	0
13	13
13	0
1	0
1	0
16	0
16	0
1	0
1	0
1	0
1	0
1	0
1	0
8	0
1	0
1	0
1	0
1	0
1	0
8	0
8	0
8	0
12	0
1	0
1	0
16	0
16	0
16	0
3	0
3	0
1	0
1	0
1	0
1	0
1	0
1	0
1	0
1	0
13	0
12	0
12	6
8	0
8	0
8	8
8	0
16	0
16	0
16	16
9	0
1	0
9	9
8	8
13	13
13	0
1	0
8	0
8	0
8	0
8	0
8	0
8	0
8	0
1	0
8	0
8	0
8	0
8	0
16	0
9	0
8	0
8	0
8	0
8	0
8	0
8	0
8	0
8	0
8	0
8	0
8	0
8	0
8	0
8	0
1	0
12	0
12	0
1	0
1	0
8	0
8	0
8	0
16	0
3	0
9	0
8	0
8	0
8	0
8	0
13	0
5	0
5	5
17	0
16	3
17	0
11	4
11	11
13	0
13	13
13	0
1	0
1	0
1	0
3	0
1	0
16	0
16	0
16	0
16	0
16	0
16	0
3	0
12	0
16	0
16	0
16	0
16	0
16	0
16	0
12	0
12	0
1	0
1	0
1	0
16	0
16	0
16	0
16	0
16	0
16	0
16	0
16	0
3	0
12	0
16	0
16	0
16	0
16	0
16	0
16	0
16	0
16	0
16	0
1	0
12	0
12	0
1	0
1	0
16	0
12	0
8	0
2	0
6	0
6	2
8	0
8	0
8	0
8	0
8	8
2	0
6	4
1	0
17	0
1	16
9	9
1	0
1	0
1	0
1	0
1	1
17	0
8	8
13	13
16	0
11	6
3	0
1	0
3	0
3	1
12	0
8	0
8	8
13	13
11	0
11	6
17	0
8	0
8	0
13	0
8	8
13	13
5	5
3	0
3	0
2	2
11	0
11	0
6	6
8	0
8	0
8	8
13	13
3	0
3	11
6	0
6	3
1	0
12	16
13	0
13	0
3	3
16	0
1	1
13	0
13	13
13	0
1	0
1	0
1	0
1	0
1	0
1	0
1	0
1	0
1	0
1	0
1	0
12	0
1	0
1	0
1	0
1	0
1	0
1	0
1	0
12	0
1	0
1	0
1	0
12	0
12	0
12	0
1	0
1	0
1	0
1	0
1	0
1	0
12	0
1	0
1	0
1	0
1	0
1	0
1	0
1	0
1	0
1	0
1	0
1	0
12	0
12	0
1	0
1	0
1	0
1	0
1	0
1	0
1	0
13	0
6	6
8	0
8	8
4	0
2	4
11	0
11	11
3	10
8	0
8	0
8	0
8	0
8	8
1	0
3	0
3	0
3	0
1	16
13	0
13	13
13	0
1	0
3	0
16	0
16	0
1	0
17	0
17	0
17	0
1	0
1	0
1	0
1	0
1	0
1	0
1	0
1	0
16	0
16	0
16	0
12	0
12	0
1	0
1	0
16	0
16	0
1	0
1	0
16	0
16	0
17	0
17	0
17	0
3	0
1	0
1	0
1	0
1	0
1	0
12	0
4	0
4	4
16	16
3	0
11	11
11	0
11	4
3	3
3	6
17	0
1	1
17	0
8	0
8	8
2	2
6	0
6	0
11	11
17	0
2	2
17	6
17	17
17	17
3	0
2	16
13	0
13	13
13	0
3	0
3	0
1	0
1	0
1	0
8	0
3	0
3	0
1	0
8	0
8	0
16	0
1	0
1	0
1	0
8	0
16	0
8	0
3	0
3	0
3	0
3	0
3	0
3	0
3	0
3	0
3	0
1	0
1	0
1	0
8	0
12	0
3	0
5	5
3	0
11	0
3	0
3	3
4	0
4	4
6	11
8	0
17	0
12	10
8	0
2	0
2	2
11	0
11	11
1	0
8	16
13	0
13	13
13	0
12	0
3	0
1	0
1	0
1	0
1	0
12	0
1	0
8	0
8	0
1	0
17	0
17	0
16	0
1	0
1	0
1	0
1	0
1	0
12	0
12	0
3	0
1	0
1	0
3	0
1	0
3	0
3	0
3	0
3	0
3	0
8	0
8	0
8	0
8	0
8	0
17	0
12	0
12	0
11	11
4	4
3	6
1	0
1	1
8	0
8	0
8	8
1	0
1	0
16	16
5	5
4	0
4	4
3	0
3	0
3	3
1	0
1	3
1	0
1	0
1	0
1	0
1	1
8	0
8	0
8	0
8	0
8	8
16	0
12	4
13	0
13	13
13	0
12	0
16	0
16	0
1	0
1	0
1	0
1	0
1	0
1	0
1	0
1	0
16	0
3	0
3	0
1	0
3	0
16	0
12	0
1	0
1	0
16	0
1	0
16	0
3	0
17	0
17	0
17	0
17	16
17	0
17	0
17	10
3	0
17	0
3	3
13	13
13	0
17	0
17	0
17	0
17	0
16	0
17	0
17	0
17	0
12	0
17	0
17	0
16	0
16	0
17	0
17	0
17	0
17	0
17	0
17	0
1	0
1	0
17	0
17	0
17	0
12	0
1	0
17	0
17	0
17	0
17	0
17	0
17	0
1	0
17	0
17	0
17	0
17	0
17	0
16	0
17	0
17	0
17	0
17	0
1	0
1	0
1	0
17	0
17	0
12	0
3	0
11	0
3	0
1	0
3	3
16	0
16	0
16	16
16	0
11	0
11	11
1	0
16	0
16	1
8	0
8	8
3	0
2	10
13	0
13	13
13	0
1	0
16	0
8	0
16	0
3	0
3	0
17	0
16	0
16	0
16	0
16	0
16	0
1	0
1	0
16	0
8	0
1	0
1	0
16	0
13	0
12	0
1	0
8	0
16	0
16	0
1	0
3	0
3	0
16	0
16	0
16	0
16	0
16	0
16	0
16	0
16	0
16	0
1	0
11	0
11	11
8	0
4	0
4	0
4	0
11	16
3	0
1	0
3	3
16	0
16	0
16	16
13	0
13	13
13	0
12	0
16	0
16	0
16	0
8	0
1	0
8	0
8	0
16	0
16	0
16	0
16	0
3	0
3	0
1	0
16	0
16	0
16	0
8	0
12	0
12	0
16	0
16	0
16	0
16	0
8	0
1	0
12	0
8	0
8	0
8	0
8	0
8	0
16	0
16	0
8	0
3	0
3	0
1	0
1	0
16	0
16	0
16	0
8	0
12	0
8	0
17	0
13	17
12	6
12	0
8	0
8	8
2	2
3	0
11	11
13	13
12	0
12	6
12	12
16	0
11	2
12	12
13	13
11	0
11	4
1	0
4	0
4	3
4	0
3	3
3	0
3	8
16	0
16	0
16	16
13	0
13	13
13	0
12	0
12	0
16	0
1	0
1	0
1	0
12	0
3	0
16	0
16	0
16	0
1	0
1	0
1	0
16	0
12	0
1	0
1	0
12	0
16	0
16	0
16	0
16	0
16	0
16	0
12	0
13	0
17	4
17	0
3	3
17	0
1	3
1	0
3	0
1	0
1	1
13	0
13	13
13	0
3	0
17	0
16	0
1	0
12	0
17	0
16	0
1	0
1	0
1	0
16	0
1	0
16	0
1	0
1	0
1	0
1	0
1	0
1	0
12	0
13	0
3	0
17	0
1	0
3	0
12	0
17	0
1	0
1	0
1	0
1	0
1	0
8	0
16	0
16	0
17	0
16	0
16	0
1	0
1	0
1	0
1	0
8	0
1	0
12	0
12	0
17	0
12	0
16	0
12	0
11	11
4	0
11	4
3	3
2	2
11	0
6	11
12	0
12	16
1	0
1	0
1	16
13	0
13	13
13	0
1	0
1	0
1	0
8	0
8	0
8	0
12	0
1	0
16	0
1	0
3	0
8	0
12	0
12	0
1	0
1	0
1	0
8	0
8	0
12	0
12	0
1	0
1	0
1	0
8	0
8	0
12	0
12	0
16	0
16	0
1	0
3	0
16	0
1	0
1	0
1	0
8	0
12	0
12	0
12	0
1	0
1	0
12	0
12	0
11	3
3	0
17	0
9	16
4	0
5	3
17	0
11	3
12	16
13	13
13	0
1	0
1	0
1	0
8	0
1	0
1	0
8	0
1	0
16	0
1	0
8	0
8	0
16	0
8	0
16	0
16	0
16	0
17	0
8	0
8	0
1	0
1	0
16	0
8	0
8	0
1	0
8	0
16	0
16	0
16	0
1	0
8	0
8	0
8	0
1	0
8	0
8	0
12	0
8	0
8	0
16	0
17	0
8	0
8	0
8	0
1	0
1	0
13	0
17	0
2	3
17	0
17	2
17	0
17	8
17	0
17	0
17	4
17	3
17	0
17	11
17	0
17	0
17	3
17	10
17	0
17	0
17	16
2	2
12	0
12	12
17	0
2	2
8	0
8	0
8	0
8	8
13	0
13	13
13	0
17	0
17	0
17	0
17	0
12	0
1	0
17	0
17	0
17	0
1	0
12	0
17	0
17	0
17	0
17	0
16	0
17	0
17	0
17	0
8	0
17	0
17	0
17	0
17	0
17	0
17	0
17	0
17	0
12	0
5	5
3	0
3	3
17	0
17	0
17	4
17	3
17	2
17	6
12	12
17	12
12	0
12	0
12	4
17	0
13	13
13	0
12	0
12	0
17	0
17	0
12	0
12	0
12	0
17	0
17	0
17	0
17	0
17	0
1	0
16	0
17	0
12	0
12	0
12	0
12	0
12	0
12	0
12	0
17	0
17	0
17	0
12	0
12	0
12	0
12	0
16	0
3	0
16	0
8	0
17	0
17	0
17	0
17	0
1	0
17	0
17	0
12	0
12	0
12	0
8	0
8	3
4	0
2	4
2	2
12	0
12	12
1	0
2	0
16	0
16	0
16	16
13	0
13	13
13	0
12	0
8	0
1	0
8	0
8	0
8	0
1	0
8	0
1	0
1	0
1	0
8	0
1	0
1	0
1	0
16	0
16	0
8	0
12	0
12	0
12	0
16	0
16	0
8	0
8	0
1	0
1	0
1	0
1	0
1	0
1	0
8	0
8	0
8	0
3	0
12	0
12	0
1	0
1	0
1	0
16	0
16	0
16	0
12	0
12	0
5	5
11	0
6	3
4	0
2	4
1	2
1	0
2	0
1	0
6	1
8	0
8	0
8	0
8	0
8	8
1	0
16	3
17	0
12	16
3	11
8	0
12	0
12	0
12	0
12	8
1	0
1	0
1	0
1	0
16	0
16	16
13	0
13	13
13	0
12	0
3	0
16	0
16	0
17	0
16	0
1	0
1	0
1	0
16	0
17	0
17	0
16	0
16	0
3	0
3	0
16	0
1	0
1	0
1	0
1	0
1	0
1	0
8	0
8	0
13	0
11	11
4	0
4	4
3	3
3	0
3	0
1	0
1	3
1	0
2	0
1	0
16	0
1	0
1	16
2	0
2	2
8	0
8	0
8	0
8	0
8	8
5	5
12	0
12	8
8	0
13	13
13	0
3	0
3	0
1	0
1	0
1	0
1	0
1	0
1	0
1	0
8	0
8	0
12	0
8	0
1	0
1	0
1	0
8	0
8	0
8	0
3	0
3	0
3	0
3	0
3	0
1	0
1	0
1	0
1	0
1	0
1	0
1	0
1	0
11	0
3	0
11	11
4	0
11	4
3	3
1	3
4	0
1	0
16	1
13	0
13	13
13	0
3	0
1	0
1	0
1	0
1	0
1	0
1	0
1	0
1	0
1	0
16	0
1	0
1	0
1	0
1	0
1	0
1	0
1	0
1	0
12	0
1	0
3	0
3	0
16	0
16	0
12	0
1	0
1	0
1	0
1	0
1	0
16	0
1	0
3	0
1	0
3	0
1	0
1	0
1	0
1	0
1	0
1	0
1	0
1	0
1	0
1	0
3	0
12	0
17	0
5	5
11	0
6	3
17	0
6	4
2	3
17	3
17	0
17	6
17	0
17	0
1	0
1	1
8	0
8	8
16	0
17	0
16	2
17	0
2	3
17	0
13	13
13	0
17	0
16	0
1	0
1	0
1	0
1	0
1	0
1	0
1	0
1	0
1	0
16	0
8	0
16	0
16	0
1	0
1	0
1	0
16	0
12	0
16	0
1	0
16	0
16	0
16	0
8	0
8	0
8	0
8	0
17	0
17	0
17	0
17	0
17	0
1	0
13	0
8	0
17	0
8	0
8	17
13	0
13	0
13	13
13	0
8	0
8	0
16	0
8	0
1	0
16	0
8	0
8	0
16	0
8	0
16	0
8	0
1	0
16	0
1	0
8	0
16	0
8	0
8	0
8	0
8	0
8	0
8	0
8	0
1	0
1	0
1	0
8	0
8	0
16	0
8	0
8	0
8	0
1	0
8	0
1	0
16	0
1	0
1	0
8	0
8	0
16	0
8	0
8	0
8	0
8	0
8	0
1	0
16	0
1	0
1	0
13	0
9	0
8	17
1	17
13	0
13	0
13	13
13	0
8	0
8	0
1	0
8	0
13	0
17	0
8	0
8	0
1	0
1	0
12	0
17	0
17	0
8	0
8	0
8	0
1	0
17	0
12	0
12	0
17	0
8	0
1	0
12	0
13	0
8	0
17	0
8	0
8	0
1	0
17	0
12	0
12	0
13	0
8	0
8	0
1	0
1	0
8	0
17	0
8	0
1	0
1	0
12	0
12	0
1	0
8	0
1	0
1	0
1	0
8	0
17	0
13	0
17	0
17	0
17	0
12	7
12	0
12	0
13	13
13	0
1	0
8	0
8	0
8	0
1	0
16	0
16	0
16	0
16	0
12	0
17	0
8	0
1	0
16	0
1	0
12	0
17	0
12	0
17	0
12	0
12	0
12	0
8	0
8	0
1	0
16	0
1	0
16	0
8	0
16	0
12	0
12	0
12	0
1	0
16	0
1	0
16	0
16	0
1	0
1	0
16	0
17	0
12	0
12	0
17	0
16	0
16	0
16	0
16	0
16	0
8	0
13	0
11	11
4	0
4	4
8	0
8	8
13	0
13	13
13	0
1	0
1	0
8	0
8	0
8	0
3	0
8	0
1	0
1	0
1	0
8	0
8	0
8	0
3	0
1	0
1	0
8	0
1	0
8	0
8	0
12	0
1	0
8	0
8	0
8	0
3	0
3	0
1	0
1	0
8	0
8	0
8	0
12	0
12	0
8	0
1	0
1	0
1	0
8	0
16	0
1	0
1	0
1	0
8	0
8	0
12	0
1	0
1	0
1	0
8	0
3	0
12	0
6	11
8	0
8	16
3	3
1	0
2	0
4	10
3	0
3	0
1	0
1	3
2	0
2	0
16	0
16	0
16	16
13	0
13	13
13	0
1	0
1	0
1	0
1	0
1	0
12	0
12	0
3	0
1	0
1	0
1	0
1	0
1	0
1	0
1	0
1	0
16	0
16	0
12	0
12	0
17	0
1	0
16	0
1	0
16	0
12	0
12	0
1	0
8	0
8	0
16	0
1	0
3	0
1	0
1	0
1	0
1	0
1	0
1	0
1	0
13	0
13	0
13	17
8	0
16	0
2	2
9	9
9	8
11	4
16	0
11	11
16	0
16	0
16	0
4	16
11	0
11	6
8	0
8	0
8	0
8	8
1	0
3	0
3	0
3	0
3	16
13	0
13	13
13	0
16	0
16	0
16	0
16	0
16	0
16	0
16	0
16	0
1	0
16	0
16	0
12	0
16	0
16	0
16	0
16	0
16	0
16	0
16	0
1	0
16	0
16	0
16	0
9	0
16	0
16	0
16	0
16	0
16	0
16	0
16	0
13	0
4	0
4	0
11	4
11	0
11	11
5	0
3	3
1	0
1	1
1	0
2	0
16	0
16	16
13	13
13	0
3	0
1	0
16	0
16	0
16	0
3	0
16	0
3	0
16	0
8	0
3	0
3	0
3	0
8	0
1	0
1	0
16	0
16	0
16	0
16	0
16	0
1	0
16	0
16	0
3	0
3	0
16	0
16	0
8	0
1	0
3	0
4	0
4	0
16	0
3	0
3	0
8	0
8	0
1	0
1	0
1	0
1	0
16	0
16	0
13	0
5	0
5	5
14	0
11	11
16	0
16	0
4	0
4	0
11	16
3	3
17	0
17	0
17	10
2	0
3	0
17	0
3	3
17	0
3	14
17	10
16	0
16	16
13	0
13	13
13	0
17	0
16	0
3	0
16	0
16	0
16	0
16	0
1	0
17	0
16	0
16	0
12	0
16	0
16	0
17	0
1	0
17	0
16	0
16	0
17	0
17	0
16	0
16	0
16	0
16	0
3	0
16	0
16	0
16	0
16	0
17	0
17	0
17	0
17	0
12	0
12	0
11	3
4	0
4	0
4	0
4	4
3	0
1	11
17	0
17	0
17	1
13	13
13	0
1	0
8	0
1	0
16	0
16	0
8	0
1	0
1	0
1	0
16	0
17	0
16	0
8	0
8	0
8	0
1	0
17	0
16	0
16	0
16	0
1	0
8	0
8	0
17	0
16	0
16	0
8	0
1	0
1	0
1	0
16	0
16	0
1	0
8	0
8	0
8	0
4	0
3	0
3	0
3	0
1	0
17	0
16	0
16	0
16	0
1	0
13	0
5	0
5	5
1	0
16	0
1	7
3	0
11	6
8	8
13	0
13	0
13	13
13	0
1	0
16	0
16	0
8	0
13	0
16	0
16	0
16	0
16	0
16	0
8	0
8	0
16	0
16	0
1	0
1	0
1	0
8	0
8	0
8	0
13	0
16	0
16	0
8	0
8	0
13	0
16	0
1	0
1	0
16	0
8	0
16	0
8	0
1	0
16	0
16	0
1	0
1	0
16	0
1	0
1	0
1	0
8	0
8	0
8	0
1	0
16	0
13	0
11	0
11	11
11	4
1	0
3	10
1	0
1	0
1	0
1	1
3	0
3	11
16	0
16	16
5	5
2	3
12	0
12	0
3	0
12	16
13	0
13	13
13	0
17	0
17	0
17	0
12	0
12	0
12	0
17	0
1	0
1	0
1	0
1	0
1	0
16	0
1	0
12	0
12	0
12	0
12	0
12	0
12	0
17	0
16	0
12	0
12	0
16	0
16	0
16	0
1	0
1	0
1	0
1	0
1	0
8	0
8	0
1	0
1	0
1	0
12	0
11	11
4	0
4	4
3	0
3	0
3	3
3	0
1	1
12	0
12	0
12	4
13	0
13	13
13	0
12	0
8	0
12	0
1	0
12	0
12	0
1	0
1	0
17	0
17	0
1	0
1	0
3	0
3	0
17	0
17	0
17	0
12	0
12	0
12	0
12	0
17	0
12	0
12	0
12	0
12	0
1	0
16	0
1	0
17	0
8	0
1	0
8	0
8	0
3	0
3	0
3	0
1	0
1	0
17	0
17	0
17	0
12	0
12	0
12	0
12	0
5	5
16	0
11	0
11	11
16	0
16	4
11	0
11	11
3	0
3	11
3	0
3	0
3	3
3	8
3	16
13	13
13	0
1	0
1	0
16	0
1	0
17	0
1	0
1	0
16	0
16	0
16	0
17	0
3	0
3	0
1	0
3	0
3	0
3	0
17	0
1	0
1	0
1	0
1	0
1	0
17	0
3	0
3	0
1	0
1	0
1	0
16	0
16	0
16	0
16	0
16	0
17	0
3	0
3	0
3	0
1	0
3	0
3	0
3	0
13	0
3	7
3	0
1	0
1	0
3	3
4	0
11	4
11	0
11	11
3	0
3	0
3	0
3	0
3	3
6	0
6	6
8	8
3	0
2	14
3	3
12	0
12	0
12	8
16	0
1	16
5	0
3	2
9	0
9	0
9	8
13	0
13	13
13	0
1	0
16	0
1	0
1	0
8	0
17	0
3	0
1	0
1	0
1	0
1	0
1	0
3	0
1	0
1	0
1	0
8	0
16	0
16	0
16	0
16	0
1	0
3	0
3	0
3	0
3	0
13	0
11	11
16	0
16	0
16	0
16	16
3	0
3	0
1	0
1	3
2	2
8	0
8	8
2	0
2	10
13	13
16	0
16	16
17	6
12	0
12	0
8	8
13	13
3	0
16	0
1	0
1	16
5	11
5	5
3	0
1	0
1	16
4	0
2	3
11	0
11	0
11	10
13	0
13	13
13	0
12	0
16	0
16	0
16	0
8	0
16	0
1	0
1	0
1	0
1	0
16	0
1	0
1	0
16	0
1	0
1	0
1	0
1	0
1	0
8	0
13	0
3	11
16	0
16	0
16	0
16	16
3	3
3	0
3	11
5	3
3	0
3	1
1	0
11	11
4	4
4	0
13	13
13	0
1	0
1	0
1	0
16	0
16	0
16	0
12	0
12	0
1	0
1	0
1	0
1	0
1	0
1	0
1	0
1	0
16	0
16	0
16	0
12	0
12	0
16	0
1	0
1	0
16	0
12	0
12	0
12	0
3	0
1	0
16	0
16	0
1	0
3	0
1	0
1	0
1	0
1	0
1	0
1	0
1	0
1	0
13	0
12	0
3	0
3	0
3	0
3	8
16	0
11	0
11	11
3	0
3	4
1	0
1	11
1	0
1	0
1	0
1	16
1	0
1	0
1	0
1	0
16	16
13	13
13	0
1	0
1	0
16	0
16	0
16	0
1	0
1	0
1	0
1	0
1	0
1	0
1	0
1	0
1	0
1	0
16	0
1	0
1	0
16	0
16	0
8	0
1	0
1	0
1	0
16	0
16	0
16	0
16	0
16	0
16	0
16	0
1	0
1	0
1	0
1	0
1	0
13	0
5	0
5	5
2	0
11	0
1	0
1	3
16	0
16	0
3	16
16	2
11	0
6	6
8	0
8	0
8	8
17	0
17	3
3	0
3	3
12	0
8	8
13	0
13	13
13	0
12	0
17	0
1	0
8	0
8	0
12	0
16	0
1	0
1	0
1	0
8	0
16	0
16	0
16	0
17	0
1	0
1	0
8	0
8	0
12	0
17	0
1	0
16	0
3	0
1	0
1	0
8	0
16	0
16	0
16	0
16	0
16	0
1	0
1	0
1	0
12	0
14	0
11	0
11	11
3	0
12	0
16	0
16	0
16	16
3	0
11	11
17	0
17	0
17	3
3	0
3	3
17	0
17	0
17	10
17	0
17	16
2	0
1	0
1	2
8	0
8	0
8	0
8	8
13	0
13	13
13	0
17	0
17	0
3	0
17	0
12	0
17	0
17	0
17	0
17	0
17	0
17	0
16	0
17	0
1	0
17	0
17	0
17	0
17	0
12	0
3	0
3	0
16	0
16	0
16	0
17	0
17	0
17	0
17	0
17	0
13	0
13	0
13	17
8	0
3	0
3	0
3	3
4	0
11	4
2	6
8	0
8	0
8	8
1	0
1	3
1	1
11	11
12	0
12	0
12	8
5	0
11	2
9	0
9	0
9	8
1	0
17	0
1	16
13	0
13	13
13	0
1	0
1	0
1	0
1	0
1	0
1	0
1	0
1	0
1	0
1	0
1	0
8	0
8	0
8	0
8	0
1	0
16	0
1	0
1	0
16	0
16	0
16	0
1	0
1	0
1	0
1	0
1	0
1	0
1	0
13	0
16	0
11	11
4	0
16	0
16	16
16	0
11	0
11	11
3	3
3	0
2	2
4	0
11	0
11	11
16	0
16	16
13	0
13	13
13	0
16	0
16	0
8	0
8	0
8	0
8	0
16	0
16	0
16	0
3	0
3	0
1	0
3	0
3	0
8	0
8	0
1	0
8	0
8	0
12	0
16	0
16	0
3	0
8	0
8	0
12	0
16	0
16	0
16	0
16	0
16	0
16	0
16	0
3	0
3	0
3	0
1	0
1	0
1	0
8	0
11	0
3	0
16	0
16	3
4	0
11	0
4	4
11	11
1	0
1	0
16	1
13	0
13	0
13	13
13	0
1	0
8	0
16	0
8	0
1	0
3	0
3	0
1	0
16	0
16	0
16	0
16	0
3	0
3	0
3	0
3	0
16	0
16	0
8	0
8	0
1	0
16	0
16	0
16	0
8	0
1	0
1	0
1	0
1	0
1	0
1	0
3	0
1	0
16	0
3	0
3	0
16	0
3	0
3	0
3	0
3	0
16	0
8	0
8	0
8	0
13	0
13	0
13	17
8	0
12	0
12	7
5	5
3	0
11	11
1	0
1	0
1	0
1	16
17	0
11	11
17	0
17	0
17	0
17	16
13	0
13	13
13	0
12	0
1	0
1	0
12	0
8	0
13	0
12	0
3	0
1	0
1	0
1	0
17	0
1	0
1	0
1	0
1	0
1	0
8	0
16	0
13	0
17	0
1	0
1	0
1	0
8	0
13	0
1	0
12	0
8	0
3	0
3	0
3	0
1	0
1	0
1	0
1	0
1	0
1	0
12	0
12	0
12	6
12	0
12	0
8	8
4	0
4	4
1	0
1	0
3	0
3	3
3	3
3	0
3	3
1	3
1	0
6	6
1	0
1	1
8	8
2	2
6	6
1	0
3	0
1	0
1	0
1	0
1	1
5	5
1	0
1	1
8	0
8	0
8	0
8	8
13	0
13	13
13	0
12	0
1	0
8	0
1	0
8	0
8	0
1	0
1	0
8	0
1	0
12	0
1	0
1	0
1	0
3	0
3	0
1	0
3	0
3	0
3	0
3	0
13	0
3	0
5	5
3	0
11	11
11	0
11	4
3	3
3	0
3	0
3	3
16	0
1	1
13	0
13	13
13	0
1	0
1	0
3	0
16	0
1	0
1	0
16	0
16	0
3	0
16	0
1	0
1	0
1	0
1	0
3	0
1	0
1	0
1	0
1	0
17	0
16	0
1	0
16	0
1	0
1	0
1	0
1	0
1	0
1	0
1	0
16	0
16	0
16	0
16	0
16	0
8	0
1	0
1	0
1	0
3	0
1	0
1	0
1	0
1	0
12	0
3	3
1	0
8	0
1	0
8	0
8	0
12	1
8	0
12	0
8	0
8	8
8	0
13	13
13	0
12	0
12	0
12	0
12	0
12	0
12	0
12	0
12	0
12	0
8	0
8	0
8	0
16	0
8	0
12	0
12	0
12	0
12	0
8	0
12	0
12	0
12	0
12	0
12	0
12	0
12	0
1	0
12	0
12	0
12	0
1	0
1	0
1	0
1	0
1	0
8	0
8	0
1	0
1	0
12	0
12	0
12	0
12	0
8	0
12	0
12	0
5	5
3	0
3	3
3	3
3	0
3	0
3	1
12	0
12	0
8	1
1	0
2	0
2	2
5	0
3	0
3	0
3	3
13	0
13	13
13	0
1	0
3	0
8	0
8	0
3	0
3	0
12	0
16	0
1	0
8	0
1	0
1	0
1	0
1	0
1	0
3	0
8	0
8	0
3	0
12	0
3	0
1	0
1	0
8	0
3	0
1	0
16	0
3	0
3	0
16	0
16	0
1	0
1	0
8	0
8	0
1	0
1	0
1	0
1	0
13	0
1	0
12	16
16	0
16	1
1	0
6	0
1	2
8	0
8	0
8	8
1	0
3	0
3	0
3	0
3	16
13	0
13	13
13	0
1	0
1	0
1	0
8	0
16	0
8	0
12	0
1	0
1	0
1	0
8	0
8	0
1	0
1	0
1	0
16	0
16	0
16	0
16	0
12	0
16	0
1	0
1	0
16	0
8	0
12	0
12	0
1	0
1	0
3	0
3	0
1	0
1	0
1	0
1	0
8	0
8	0
1	0
1	0
1	0
16	0
12	0
5	5
3	0
11	0
11	11
4	0
4	4
3	0
3	0
3	3
1	0
1	0
1	1
13	13
13	0
1	0
1	0
1	0
1	0
1	0
8	0
1	0
1	0
1	0
1	0
1	0
1	0
3	0
3	0
3	0
1	0
1	0
1	0
1	0
1	0
1	0
1	0
1	0
1	0
1	0
1	0
1	0
1	0
1	0
1	0
1	0
8	0
3	0
3	0
16	0
8	0
8	0
3	0
3	0
1	0
1	0
1	0
1	0
1	0
1	0
13	0
11	11
4	0
4	4
3	0
11	11
12	2
12	0
12	0
12	12
17	0
17	0
17	3
17	3
17	3
3	3
17	0
17	0
17	0
17	16
13	0
13	0
13	13
13	0
17	0
16	0
16	0
16	0
16	0
12	0
16	0
17	0
17	0
17	0
1	0
1	0
16	0
17	0
1	0
17	0
17	0
16	0
12	0
13	0
16	0
16	0
16	0
16	0
16	0
16	0
3	0
1	0
1	0
1	0
17	0
17	0
17	0
17	0
17	0
17	0
13	0
11	0
11	3
3	0
1	16
2	2
12	0
12	12
8	8
13	0
13	13
13	0
12	0
1	0
16	0
16	0
16	0
12	0
16	0
16	0
1	0
16	0
16	0
8	0
16	0
16	0
16	0
16	0
16	0
16	0
12	0
12	0
12	0
12	0
1	0
16	0
8	0
16	0
16	0
16	0
16	0
16	0
16	0
16	0
8	0
16	0
16	0
16	0
16	0
16	0
16	0
16	0
1	0
16	0
16	0
12	0
12	0
12	0
1	0
1	0
17	0
17	6
16	0
16	16
3	3
3	3
1	0
1	1
5	5
1	0
17	0
1	0
1	1
16	0
17	0
11	4
13	0
13	13
13	0
17	0
17	0
12	0
8	0
8	0
8	0
17	0
12	0
16	0
1	0
1	0
1	0
1	0
1	0
16	0
16	0
8	0
8	0
8	0
17	0
12	0
17	0
1	0
1	0
1	0
12	0
17	0
17	0
16	0
16	0
16	0
16	0
3	0
1	0
1	0
1	0
1	0
1	0
1	0
16	0
16	0
13	0
17	17
17	0
16	17
3	17
13	13
13	0
17	0
17	0
16	0
1	0
1	0
17	0
17	0
17	0
17	0
16	0
16	0
17	0
17	0
17	0
17	0
17	0
16	0
1	0
1	0
17	0
17	0
17	0
16	0
1	0
1	0
1	0
17	0
17	0
17	0
16	0
1	0
1	0
1	0
17	0
17	0
17	0
16	0
16	0
1	0
17	0
17	0
17	0
17	0
1	0
1	0
17	0
17	0
17	0
16	0
16	0
1	0
17	0
17	0
13	0
16	0
11	11
16	16
16	0
11	11
2	0
2	0
6	0
6	2
8	0
8	0
8	8
13	0
13	0
13	13
13	0
16	0
16	0
16	0
1	0
16	0
8	0
16	0
16	0
16	0
16	0
2	0
16	0
1	0
1	0
1	0
16	0
16	0
16	0
8	0
13	0
16	0
16	0
16	0
16	0
1	0
13	0
16	0
16	0
16	0
16	0
16	0
16	0
16	0
16	0
16	0
2	0
2	0
1	0
1	0
1	0
16	0
16	0
16	0
13	0
13	0
13	17
8	0
8	0
8	0
8	0
8	0
8	17
13	13
9	0
8	17
17	17
8	17
8	0
8	0
12	7
13	0
13	0
13	13
13	0
16	0
16	0
16	0
16	0
12	0
13	0
13	0
8	0
1	0
17	0
17	0
17	0
17	0
17	0
17	0
16	0
16	0
16	0
13	0
13	0
16	0
16	0
16	0
16	0
13	0
13	0
13	0
1	0
8	0
17	0
17	0
8	0
8	0
17	0
17	0
17	0
17	0
17	0
17	0
17	0
3	0
3	0
3	3
4	0
4	0
17	4
3	0
3	3
17	0
17	0
17	10
17	0
17	3
17	0
17	10
17	0
17	0
17	16
17	0
3	3
13	0
13	13
13	0
17	0
17	0
17	0
17	0
8	0
17	0
17	0
17	0
17	0
17	0
17	0
17	0
17	0
17	0
17	0
17	0
17	0
16	0
16	0
12	0
17	0
17	0
17	0
16	0
3	0
3	0
3	0
17	0
17	0
17	0
17	0
17	0
17	0
17	0
17	0
17	0
11	0
11	0
11	4
3	3
3	0
3	3
1	1
2	3
2	0
2	0
1	2
11	0
6	6
1	0
1	0
1	1
8	0
8	8
13	13
13	0
16	0
16	0
1	0
16	0
16	0
16	0
16	0
16	0
16	0
16	0
3	0
3	0
1	0
1	0
1	0
1	0
1	0
8	0
16	0
16	0
16	0
16	0
16	0
1	0
8	0
16	0
16	0
16	0
16	0
16	0
3	0
1	0
1	0
1	0
3	0
3	0
3	0
1	0
1	0
1	0
12	0
13	13
13	0
8	0
8	0
8	0
8	0
8	0
8	0
8	0
8	0
8	0
8	0
8	0
8	0
8	0
8	0
8	0
8	0
8	0
8	0
8	0
8	0
8	0
8	0
8	0
8	0
8	0
8	0
8	0
8	0
8	0
8	0
8	0
8	0
8	0
8	0
8	0
8	0
8	0
8	0
8	0
8	0
8	0
8	0
8	0
8	0
8	0
8	0
8	0
8	0
8	0
8	0
8	0
8	0
8	0
8	0
8	0
8	0
8	0
13	0
5	0
5	5
14	0
11	11
3	0
16	0
16	16
6	0
6	14
17	0
12	6
12	0
8	0
8	0
8	0
8	0
8	0
8	8
2	6
8	0
8	8
3	3
1	0
1	1
1	0
1	0
16	0
16	16
13	13
5	5
16	0
11	11
8	0
8	8
16	16
16	0
2	2
11	0
11	11
13	0
13	13
13	0
13	0
16	0
8	0
8	0
16	0
16	0
16	0
16	0
16	0
16	0
16	0
16	0
1	0
8	0
12	0
1	0
12	0
13	0
4	0
4	16
4	0
11	11
3	6
8	0
8	8
16	0
16	16
13	0
13	13
13	0
3	0
16	0
16	0
16	0
1	0
3	0
1	0
1	0
8	0
16	0
16	0
16	0
3	0
3	0
8	0
1	0
16	0
16	0
16	0
16	0
12	0
16	0
16	0
16	0
16	0
12	0
3	0
8	0
16	0
8	0
16	0
16	0
3	0
3	0
4	0
4	0
3	0
3	0
1	0
8	0
16	0
16	0
16	0
16	0
3	0
3	0
3	0
13	0
16	0
11	11
16	0
16	16
3	0
3	3
17	0
2	2
11	0
11	11
17	0
9	10
17	13
5	5
3	3
11	0
11	4
8	0
2	0
2	2
11	0
11	11
3	0
1	0
3	3
1	0
1	0
1	1
3	0
2	14
8	0
8	0
8	8
1	0
2	0
2	0
2	0
1	16
3	0
2	2
6	6
8	0
8	0
8	8
12	2
12	0
12	0
12	12
2	14
6	6
8	0
8	0
8	0
8	0
8	0
8	8
5	5
16	0
13	0
12	0
3	0
3	3
13	0
2	0
13	13
13	0
1	0
8	0
8	0
12	0
12	0
1	0
1	0
3	0
16	0
8	0
12	0
12	0
12	0
1	0
1	0
3	0
8	0
12	0
12	0
8	0
1	0
8	0
8	0
12	0
12	0
8	0
1	0
1	0
8	0
16	0
12	0
13	0
8	0
1	0
1	0
8	0
8	0
8	0
8	0
1	0
16	0
3	0
3	0
12	0
12	0
1	0
1	0
8	0
3	0
8	0
8	0
1	0
1	0
12	0
12	0
12	1
8	0
8	0
8	0
8	0
8	0
8	0
8	8
9	0
11	11
16	0
16	0
16	0
16	16
3	0
11	11
11	6
13	13
11	6
12	0
12	0
12	0
12	8
3	0
2	2
8	0
8	0
8	0
8	0
8	8
13	0
13	13
13	0
1	0
16	0
16	0
16	0
16	0
16	0
16	0
16	0
16	0
16	0
3	0
16	0
16	0
16	0
16	0
1	0
16	0
16	0
8	0
16	0
16	0
16	0
16	0
16	0
16	0
12	0
11	14
16	0
3	0
3	1
1	0
1	0
1	0
1	16
5	5
14	0
6	14
3	3
1	6
1	0
1	0
1	0
1	0
1	0
1	0
1	1
5	5
1	0
1	0
1	0
1	0
1	0
1	0
1	1
8	0
8	8
1	0
1	0
16	0
1	16
5	0
4	5
3	0
3	0
3	0
3	3
2	0
3	4
13	0
13	13
13	0
17	0
1	0
16	0
16	0
12	0
1	0
1	0
1	0
1	0
1	0
1	0
1	0
1	0
1	0
13	0
16	0
11	11
1	0
1	0
1	16
4	0
11	11
3	0
11	3
3	0
3	3
13	0
13	0
14	14
11	0
11	11
3	0
3	3
1	2
12	0
12	0
12	12
4	4
5	5
17	0
1	11
5	5
2	0
2	6
12	0
12	0
12	0
12	12
11	11
2	2
2	0
6	6
8	0
8	0
8	0
8	0
8	8
3	2
12	12
12	0
12	16
16	0
16	0
16	16
13	13
13	0
16	0
16	0
16	0
3	0
1	0
3	0
3	0
14	0
12	0
13	13
13	0
8	0
8	0
8	0
8	0
8	0
8	0
8	0
8	0
8	0
8	0
8	0
8	0
8	0
8	0
8	0
8	0
8	0
8	0
8	0
8	0
8	0
8	0
8	0
8	0
8	0
8	0
8	0
8	0
8	0
8	0
8	0
8	0
8	0
8	0
8	0
8	0
8	0
8	0
8	0
8	0
8	0
8	0
8	0
8	0
8	0
8	0
8	0
8	0
8	0
8	0
8	0
8	0
8	0
8	0
8	0
8	0
8	0
13	0
17	0
16	0
8	0
8	0
8	16
17	6
12	0
8	0
8	0
8	12
5	5
16	6
17	0
1	1
8	8
16	0
3	0
3	3
3	0
3	0
1	1
2	2
3	0
11	11
13	0
13	13
13	0
8	0
16	0
8	0
8	0
16	0
16	0
16	0
16	0
16	0
8	0
8	0
12	0
16	0
16	0
16	0
16	0
1	0
8	0
8	0
16	0
16	0
16	0
8	0
16	0
16	0
16	0
8	0
16	0
16	0
16	0
16	0
16	0
13	0
16	0
11	11
16	0
16	0
16	16
1	0
11	11
3	0
3	0
3	3
1	0
2	0
1	0
16	1
13	0
13	13
13	0
1	0
1	0
1	0
1	0
8	0
16	0
16	0
16	0
1	0
1	0
1	0
1	0
1	0
1	0
1	0
1	0
16	0
16	0
8	0
13	0
1	0
1	0
1	0
1	0
1	0
16	0
13	0
16	0
16	0
16	0
16	0
16	0
16	0
1	0
1	0
1	0
1	0
1	0
1	0
1	0
1	0
1	0
13	0
17	0
5	5
16	0
16	16
17	0
11	11
1	0
1	1
17	0
17	16
13	0
13	13
13	0
3	0
3	0
1	0
16	0
12	0
17	0
3	0
16	0
1	0
3	0
16	0
16	0
16	0
17	0
1	0
1	0
1	0
16	0
17	0
12	0
17	0
17	0
3	0
1	0
12	0
12	0
3	0
1	0
1	0
1	0
1	0
16	0
16	0
16	0
3	0
16	0
16	0
16	0
3	0
1	0
1	0
1	0
16	0
17	0
12	0
17	0
12	0
11	0
12	0
3	16
1	0
11	6
8	0
8	0
8	8
12	0
12	0
8	8
13	0
13	0
13	13
13	0
12	0
8	0
1	0
8	0
13	0
8	0
1	0
16	0
16	0
1	0
1	0
8	0
8	0
8	0
1	0
16	0
16	0
8	0
13	0
12	0
1	0
16	0
16	0
8	0
8	0
12	0
8	0
1	0
16	0
8	0
1	0
4	0
3	0
16	0
16	0
1	0
8	0
12	0
12	0
1	0
16	0
16	0
8	0
13	0
13	0
16	0
3	0
2	14
3	0
6	6
8	0
8	0
8	0
8	0
8	8
13	0
13	13
13	0
16	0
16	0
12	0
12	0
12	0
1	0
16	0
16	0
16	0
16	0
16	0
8	0
1	0
8	0
8	0
1	0
8	0
8	0
8	0
12	0
3	0
16	0
16	0
12	0
12	0
12	0
8	0
8	0
8	0
8	0
8	0
8	0
16	0
16	0
16	0
16	0
16	0
1	0
8	0
8	0
8	0
8	0
16	0
12	0
12	0
12	0
12	0
1	0
2	2
8	0
8	0
8	0
8	0
8	8
3	0
4	0
4	16
11	0
11	11
3	0
11	11
13	13
13	0
1	0
1	0
1	0
16	0
16	0
16	0
1	0
1	0
1	0
8	0
1	0
16	0
8	0
16	0
3	0
3	0
8	0
16	0
16	0
8	0
1	0
1	0
16	0
8	0
16	0
16	0
16	0
1	0
1	0
1	0
1	0
1	0
1	0
8	0
8	0
16	0
16	0
16	0
16	0
3	0
3	0
8	0
8	0
13	0
13	0
13	17
12	4
12	11
3	0
3	0
3	3
3	0
1	0
1	0
1	3
1	0
1	0
1	1
13	0
13	13
13	0
1	0
13	0
1	0
1	0
1	0
8	0
13	0
1	0
16	0
16	0
1	0
3	0
1	0
1	0
1	0
1	0
1	0
1	0
8	0
13	0
1	0
1	0
1	0
1	0
1	0
8	0
13	0
13	0
13	0
13	0
1	0
17	0
17	0
12	0
16	0
1	0
1	0
1	0
1	0
1	0
1	0
1	0
12	0
17	0
12	0
12	6
12	12
12	0
12	0
12	17
13	13
9	0
17	17
17	17
8	17
9	9
17	0
12	3
17	0
17	4
17	0
17	3
2	0
2	2
8	0
8	0
8	8
17	0
12	10
12	0
12	16
13	0
13	13
13	0
12	0
16	0
17	0
12	0
12	0
12	0
12	0
12	0
12	0
17	0
1	0
8	0
12	0
16	0
12	0
17	0
12	0
16	0
12	0
16	0
12	0
16	0
12	0
17	0
8	0
17	0
16	0
16	0
13	0
12	0
11	11
4	4
2	2
6	6
12	0
8	0
8	12
5	5
17	0
2	6
12	12
17	0
2	2
17	17
17	0
17	0
17	17
17	0
17	0
12	4
17	0
13	13
13	0
12	0
12	0
12	0
12	0
16	0
17	0
17	0
8	0
17	0
1	0
16	0
12	0
17	0
1	0
8	0
12	0
12	0
16	0
16	0
12	0
12	0
12	0
3	0
3	0
16	0
1	0
8	0
8	0
8	0
16	0
3	0
3	0
8	0
17	0
3	0
12	0
3	0
11	11
11	0
11	4
1	6
8	0
8	17
17	17
8	8
2	0
2	2
9	0
1	1
8	8
13	13
13	0
1	0
8	0
1	0
8	0
16	0
1	0
1	0
1	0
1	0
1	0
1	0
1	0
1	0
2	0
2	0
8	0
1	0
8	0
8	0
8	0
1	0
1	0
8	0
1	0
1	0
16	0
1	0
1	0
3	0
16	0
16	0
16	0
16	0
1	0
1	0
1	0
1	0
12	0
2	0
2	0
8	0
1	0
8	0
17	0
17	11
17	4
1	3
1	6
1	1
17	0
12	0
8	8
5	5
17	0
11	11
17	0
17	4
17	0
17	1
17	0
12	0
12	4
13	13
13	0
17	0
17	0
17	0
17	0
12	0
1	0
1	0
1	0
1	0
16	0
16	0
16	0
1	0
1	0
1	0
17	0
17	0
12	0
1	0
1	0
1	0
1	0
17	0
17	0
17	0
12	0
16	0
16	0
16	0
1	0
1	0
1	0
17	0
16	0
16	0
1	0
16	0
1	0
1	0
12	0
3	11
17	0
3	4
17	0
8	0
8	0
8	8
17	0
17	0
17	0
17	0
17	16
4	0
4	14
12	0
12	6
12	0
12	0
12	12
2	0
2	2
17	0
6	6
17	0
8	0
8	8
12	0
12	0
12	12
3	0
17	3
4	0
2	3
12	0
3	0
3	8
1	0
2	2
12	0
12	0
12	0
12	12
16	0
16	0
16	0
16	16
13	0
13	13
13	0
1	0
1	0
1	0
1	0
1	0
1	0
17	0
1	0
1	0
3	0
12	0
3	0
1	0
1	3
5	5
11	0
12	6
12	12
2	3
13	0
13	13
13	0
1	0
12	0
16	0
16	0
12	0
12	0
16	0
12	0
12	0
12	0
16	0
16	0
12	0
12	0
1	0
12	0
12	0
12	0
12	0
12	0
12	0
12	0
12	0
1	0
12	0
12	0
16	0
16	0
12	0
12	0
12	0
16	0
16	0
12	0
1	0
1	0
1	0
1	0
1	0
12	0
12	0
12	0
16	0
12	0
12	0
12	0
1	0
1	0
13	0
16	0
11	0
11	11
16	0
16	11
1	0
1	0
1	0
1	16
3	0
2	0
3	3
13	0
13	13
13	0
12	0
16	0
1	0
1	0
16	0
1	0
17	0
3	0
3	0
16	0
1	0
1	0
1	0
1	0
1	0
1	0
1	0
3	0
12	0
12	0
12	0
3	0
1	0
1	0
1	0
1	0
1	0
12	0
3	0
16	0
16	0
16	0
16	0
16	0
16	0
16	0
1	0
1	0
1	0
1	0
1	0
1	0
3	0
12	0
12	0
3	4
17	0
3	3
1	3
1	0
11	0
1	0
1	1
14	0
11	14
17	0
11	0
11	11
11	0
11	11
3	3
2	2
12	12
12	12
16	0
11	1
16	0
4	0
4	16
13	13
13	0
3	0
17	0
16	0
16	0
16	0
16	0
16	0
16	0
16	0
1	0
16	0
16	0
1	0
16	0
1	0
16	0
16	0
16	0
16	0
1	0
16	0
17	0
3	0
3	0
16	0
1	0
16	0
16	0
16	0
16	0
1	0
1	0
1	0
13	0
13	0
13	17
11	0
11	11
4	0
4	0
4	4
3	0
3	11
1	3
1	0
1	0
1	0
16	16
13	0
13	13
13	0
8	0
16	0
16	0
1	0
8	0
13	0
13	0
16	0
3	0
16	0
16	0
3	0
3	0
1	0
1	0
1	0
16	0
16	0
13	0
13	0
1	0
16	0
16	0
4	0
1	0
13	0
13	0
13	0
16	0
16	0
8	0
14	0
16	0
16	0
16	0
16	0
3	0
1	0
1	0
1	0
1	0
16	0
12	0
11	2
11	0
6	0
6	6
8	8
12	0
12	16
3	0
6	11
8	0
2	0
2	2
9	9
8	8
1	0
1	0
1	2
8	0
8	0
8	0
8	0
8	8
3	0
3	3
16	0
4	16
5	0
3	14
3	0
1	0
1	16
13	13
13	0
3	0
8	0
1	0
1	0
1	0
8	0
1	0
1	0
16	0
8	0
16	0
16	0
16	0
1	0
16	0
1	0
1	0
16	0
12	0
16	0
16	0
8	0
8	0
2	0
3	0
8	0
12	0
11	11
11	0
3	4
8	0
4	0
4	3
1	0
16	16
13	0
13	13
13	0
12	0
1	0
16	0
16	0
12	0
12	0
8	0
1	0
1	0
8	0
16	0
16	0
12	0
8	0
8	0
8	0
16	0
1	0
16	0
12	0
12	0
1	0
16	0
16	0
16	0
12	0
16	0
8	0
8	0
16	0
1	0
16	0
16	0
12	0
16	0
16	0
16	0
8	0
8	0
8	0
8	0
16	0
16	0
12	0
12	0
12	0
1	0
1	0
12	0
17	0
17	3
17	0
17	0
17	16
5	6
8	0
8	0
8	0
8	8
8	0
8	0
8	8
5	5
5	6
8	0
8	0
8	0
8	0
8	0
8	8
5	5
17	3
3	6
8	0
8	0
8	0
8	8
13	0
13	13
13	0
1	0
8	0
8	0
8	0
1	0
1	0
1	0
8	0
8	0
16	0
8	0
16	0
8	0
1	0
1	0
1	0
16	0
16	0
17	0
12	0
1	0
1	0
1	0
1	0
1	0
1	0
8	0
8	0
11	0
11	0
11	11
4	0
11	4
3	0
11	3
3	3
1	0
1	0
1	0
1	1
13	13
13	0
1	0
3	0
1	0
1	0
1	0
1	0
8	0
8	0
1	0
1	0
1	0
1	0
1	0
8	0
8	0
8	0
1	0
1	0
1	0
1	0
1	0
1	0
1	0
1	0
1	0
1	0
8	0
8	0
8	0
1	0
1	0
1	0
1	0
1	0
1	0
16	0
1	0
3	0
8	0
8	0
1	0
1	0
1	0
1	0
1	0
1	0
13	0
13	0
13	17
11	11
4	0
11	4
2	0
2	0
9	6
8	0
8	0
8	8
2	2
2	6
17	0
8	17
17	17
17	8
13	0
13	0
13	13
13	0
16	0
16	0
16	0
16	0
16	0
13	0
16	0
16	0
1	0
8	0
1	0
1	0
1	0
1	0
1	0
1	0
16	0
16	0
13	0
13	0
1	0
1	0
16	0
16	0
13	0
13	0
1	0
3	0
16	0
2	0
2	0
1	0
1	0
8	0
8	0
1	0
1	0
1	0
13	0
17	0
11	0
5	3
4	0
2	4
3	0
3	0
3	3
2	2
6	6
12	0
12	12
3	0
3	0
1	0
16	4
2	2
12	12
2	0
2	2
12	0
12	0
12	12
13	0
13	0
13	13
13	0
16	0
8	0
8	0
8	0
1	0
1	0
1	0
1	0
16	0
16	0
16	0
1	0
16	0
1	0
12	0
12	0
8	0
16	0
16	0
16	0
16	0
16	0
16	0
8	0
1	0
8	0
8	0
8	0
8	0
1	0
1	0
1	0
12	0
17	0
11	11
17	0
11	4
17	0
17	0
17	3
9	0
9	8
17	0
17	0
17	4
13	0
13	13
13	0
17	0
17	0
17	0
17	0
12	0
17	0
17	0
17	0
17	0
17	0
17	0
17	0
17	0
17	0
17	0
17	0
17	0
17	0
12	0
12	0
17	0
12	0
17	0
8	0
17	0
12	0
17	0
17	0
8	0
17	0
17	0
17	0
3	0
17	0
17	0
17	0
17	0
17	0
17	0
17	0
17	0
17	0
17	0
12	0
12	0
13	13
17	4
17	0
17	0
17	0
17	3
16	0
1	0
1	0
16	3
4	0
5	3
3	3
17	2
17	6
1	0
1	1
1	0
1	0
1	0
1	16
17	0
4	14
2	0
2	2
8	0
8	0
8	0
8	8
17	0
12	6
12	0
12	12
3	0
3	3
3	0
1	0
1	16
5	5
3	0
3	0
11	0
1	0
2	2
1	6
8	0
8	8
13	13
3	3
4	0
4	4
8	0
8	8
12	0
12	0
12	12
1	0
1	0
13	0
13	0
3	0
11	11
4	0
4	4
16	0
17	0
17	10
3	0
3	0
3	3
13	0
11	0
14	14
8	0
8	0
8	8
1	0
11	3
4	0
4	4
13	0
13	13
13	0
12	0
1	0
1	0
16	0
16	0
16	0
12	0
3	0
16	0
1	0
1	0
1	0
1	0
1	0
1	0
1	0
16	0
16	0
16	0
12	0
8	0
1	0
1	0
16	0
3	0
3	0
16	0
3	0
16	0
16	0
16	0
1	0
3	0
3	0
1	0
1	0
13	0
3	0
11	11
16	0
16	0
16	0
16	16
3	3
14	0
6	11
17	0
17	11
17	0
17	0
17	10
1	0
1	0
1	1
17	0
4	4
13	0
13	13
13	0
12	0
3	0
1	0
1	0
3	0
3	0
12	0
8	0
8	0
17	0
17	0
17	0
1	0
1	0
17	0
1	0
1	0
1	0
1	0
12	0
12	0
3	0
1	0
1	0
3	0
3	0
3	0
16	0
3	0
3	0
3	0
8	0
8	0
8	0
17	0
17	0
17	0
13	0
11	0
11	11
4	0
4	4
11	0
11	11
3	0
3	3
6	0
6	3
1	0
1	0
12	11
3	0
3	3
17	0
11	3
16	16
5	5
4	4
5	5
3	3
3	2
1	0
1	0
1	6
8	8
1	0
12	0
1	0
1	0
1	16
13	0
13	13
13	0
12	0
1	0
8	0
8	0
8	0
1	0
1	0
1	0
1	0
1	0
1	0
1	0
3	0
3	0
16	0
3	0
8	0
1	0
1	0
8	0
1	0
1	0
1	0
1	0
12	0
3	0
3	0
2	14
17	0
6	3
8	0
12	2
17	6
12	0
12	12
17	0
17	0
17	0
12	16
4	4
4	0
4	4
6	0
6	3
17	0
17	0
17	3
9	9
8	0
8	0
8	0
8	8
1	0
17	0
17	16
5	5
2	0
11	0
1	3
9	9
8	0
8	0
8	8
5	5
11	11
11	0
11	4
2	0
1	0
1	0
1	0
1	0
16	16
16	0
12	0
12	4
5	5
14	0
11	0
11	11
3	0
3	4
17	0
13	0
13	0
3	0
3	0
3	16
11	0
11	11
3	3
3	0
3	0
3	8
11	11
6	11
1	0
1	0
1	16
1	0
8	4
13	0
13	13
13	0
1	0
1	0
1	0
8	0
1	0
12	0
1	0
3	0
1	0
1	0
1	0
1	0
1	0
1	0
1	0
1	0
8	0
1	0
12	0
12	0
3	0
1	0
1	0
1	0
8	0
12	0
16	0
16	0
16	0
16	0
16	0
1	0
1	0
1	0
1	0
1	0
1	0
8	0
1	0
1	0
11	0
11	0
11	11
1	0
16	4
3	0
11	11
3	0
1	3
1	1
3	0
16	0
16	0
16	0
16	16
2	0
3	5
3	0
3	4
11	0
11	11
17	0
6	3
1	0
1	3
1	16
13	13
13	0
1	0
1	0
1	0
1	0
1	0
16	0
3	0
1	0
1	0
1	0
1	0
1	0
1	0
1	0
1	0
8	0
8	0
1	0
1	0
1	0
1	0
16	0
16	0
16	0
1	0
1	0
1	0
1	0
1	0
3	0
16	0
3	0
13	0
12	0
3	7
13	0
13	13
13	0
12	0
1	0
8	0
12	0
12	0
1	0
1	0
1	0
1	0
12	0
12	0
12	0
12	0
1	0
1	0
1	0
12	0
12	0
12	0
12	0
12	0
1	0
12	0
12	0
12	0
12	0
1	0
1	0
1	0
1	0
12	0
12	0
12	0
12	0
1	0
1	0
1	0
12	0
12	0
12	0
1	0
1	0
12	0
12	0
12	0
12	0
1	0
1	0
12	0
12	0
12	0
12	0
1	0
1	0
12	0
12	3
2	2
12	12
12	12
17	0
16	0
16	16
3	0
11	11
3	3
1	0
1	11
13	13
13	0
1	0
1	0
1	0
1	0
1	0
8	0
8	0
3	0
1	0
12	0
1	0
8	0
8	0
3	0
3	0
8	0
1	0
1	0
1	0
1	0
1	0
1	0
1	0
1	0
1	0
1	0
16	0
1	0
3	0
8	0
1	0
8	0
12	0
12	0
12	0
12	0
12	0
16	0
3	0
3	0
8	0
1	0
1	0
1	0
1	0
12	0
3	0
8	3
4	0
4	4
12	0
12	6
12	0
12	0
12	12
13	13
12	0
12	6
12	12
5	5
12	0
11	11
2	0
6	0
6	2
1	0
1	1
8	8
13	13
3	11
3	0
17	4
17	0
17	0
17	10
17	0
17	0
17	0
17	0
17	0
17	16
2	0
6	0
17	0
6	14
12	8
17	0
11	4
2	2
3	0
6	11
17	0
12	6
12	0
8	8
17	0
17	0
17	0
17	16
17	0
17	4
13	13
13	13
13	0
1	0
13	0
11	11
4	0
11	4
1	3
1	0
1	0
1	1
17	0
12	0
12	4
13	0
13	13
13	0
12	0
12	0
12	0
12	0
12	0
12	0
3	0
1	0
17	0
1	0
1	0
1	0
1	0
1	0
17	0
1	0
17	0
12	0
12	0
12	0
12	0
12	0
1	0
12	0
12	0
12	0
1	0
17	0
1	0
17	0
12	0
1	0
3	0
3	0
1	0
1	0
1	0
1	0
1	0
17	0
17	0
12	0
12	0
12	0
12	0
12	0
13	0
1	0
1	0
1	0
1	0
1	0
1	3
13	13
13	0
1	0
1	0
1	0
1	0
1	0
1	0
1	0
1	0
1	0
1	0
1	0
1	0
1	0
1	0
1	0
1	0
1	0
1	0
1	0
1	0
1	0
1	0
1	0
1	0
1	0
1	0
1	0
1	0
1	0
1	0
1	0
1	0
1	0
1	0
1	0
1	0
1	0
1	0
1	0
1	0
1	0
1	0
1	0
1	0
1	0
1	0
1	0
1	0
1	0
1	0
1	0
13	0
5	0
5	3
3	0
3	0
3	0
3	3
1	0
1	0
1	1
13	0
13	0
13	13
13	0
1	0
8	0
16	0
8	0
13	0
1	0
16	0
1	0
1	0
16	0
16	0
8	0
3	0
1	0
1	0
1	0
1	0
8	0
13	0
8	0
1	0
16	0
1	0
16	0
12	0
13	0
1	0
8	0
1	0
1	0
1	0
16	0
1	0
16	0
16	0
16	0
3	0
3	0
1	0
1	0
1	0
1	0
8	0
13	0
8	0
1	0
12	0
5	5
3	0
3	0
3	0
3	3
1	0
17	0
2	1
13	13
13	0
1	0
1	0
1	0
1	0
1	0
1	0
1	0
1	0
8	0
1	0
1	0
8	0
1	0
3	0
8	0
1	0
8	0
1	0
1	0
8	0
1	0
1	0
1	0
1	0
8	0
1	0
1	0
1	0
1	0
1	0
1	0
1	0
8	0
1	0
1	0
1	0
8	0
3	0
3	0
3	0
3	0
1	0
1	0
1	0
1	0
1	0
1	0
1	0
8	0
12	0
5	0
5	5
3	0
6	11
11	0
3	4
1	0
16	0
16	0
16	0
16	3
17	0
17	0
11	6
8	0
8	0
8	0
8	8
1	0
12	0
17	0
17	0
12	16
13	13
13	0
1	0
1	0
1	0
16	0
16	0
16	0
17	0
16	0
1	0
1	0
1	0
1	0
16	0
16	0
17	0
1	0
1	0
17	0
8	0
1	0
1	0
1	0
16	0
16	0
16	0
8	0
8	0
16	0
17	0
17	0
16	0
17	0
17	0
12	0
12	0
3	0
2	3
4	0
2	4
3	0
3	2
17	12
17	12
1	0
16	16
5	5
11	0
11	3
4	0
4	0
17	4
8	0
11	0
17	0
1	16
17	0
6	14
17	0
12	6
12	12
17	12
17	12
17	0
12	0
12	3
3	0
3	0
3	3
1	0
1	1
1	0
1	0
1	0
1	0
16	16
4	0
4	4
13	13
16	0
11	11
4	0
11	4
2	0
6	6
8	8
3	0
3	3
1	0
1	0
16	0
16	0
16	16
13	0
13	0
13	0
17	0
2	2
12	0
12	0
8	8
17	0
2	2
8	0
8	8
4	0
4	4
3	0
3	0
3	3
17	0
17	0
17	1
17	0
17	0
17	4
13	0
13	0
13	13
13	0
17	0
17	0
17	0
17	0
12	0
12	0
3	0
1	0
3	0
1	0
1	0
1	0
1	0
17	0
17	0
17	0
17	0
17	0
12	0
13	0
17	0
17	0
17	0
17	0
1	0
1	0
16	0
1	0
1	0
8	0
1	0
1	0
3	0
3	0
3	0
13	0
13	0
3	0
3	7
13	13
12	6
12	0
12	12
13	13
6	6
12	0
8	0
8	0
8	8
17	0
12	2
1	0
1	0
1	6
8	0
8	0
8	8
13	13
16	4
3	0
3	0
3	0
3	3
2	3
2	6
8	0
8	8
5	5
12	0
12	6
12	8
2	2
12	12
1	0
1	0
1	0
1	16
13	13
13	0
1	0
8	0
16	0
16	0
16	0
3	0
1	0
16	0
12	0
12	0
12	0
1	0
1	0
8	0
16	0
16	0
12	0
11	11
16	0
16	0
16	0
16	16
2	0
2	2
1	0
1	0
1	1
8	8
13	13
9	0
1	1
8	8
13	13
5	5
4	0
4	4
4	0
2	2
1	0
1	0
1	1
8	8
13	13
13	0
3	0
1	0
1	0
8	0
1	0
8	0
1	0
1	0
8	0
1	0
8	0
16	0
1	0
1	0
1	0
1	0
1	0
1	0
8	0
1	0
1	0
1	0
1	0
16	0
16	0
1	0
1	0
1	0
8	0
16	0
8	0
1	0
13	0
17	0
11	0
5	3
16	0
16	0
1	16
3	0
3	0
3	0
3	3
3	0
3	3
3	3
1	0
2	11
13	0
13	13
13	0
1	0
1	0
1	0
1	0
1	0
1	0
12	0
16	0
16	0
16	0
3	0
16	0
16	0
16	0
1	0
1	0
1	0
1	0
1	0
12	0
12	0
1	0
1	0
1	0
1	0
12	0
12	0
1	0
3	0
3	0
16	0
16	0
16	0
3	0
16	0
3	0
3	0
3	0
1	0
1	0
1	0
11	0
14	0
11	11
16	16
1	0
1	0
1	1
3	0
2	14
1	0
1	1
8	0
8	0
8	8
16	0
16	0
17	16
17	0
11	0
17	16
13	0
13	13
13	0
12	0
8	0
16	0
1	0
8	0
8	0
12	0
1	0
1	0
8	0
8	0
8	0
1	0
1	0
1	0
16	0
1	0
12	0
12	0
12	0
12	0
8	0
8	0
1	0
8	0
8	0
8	0
8	0
1	0
8	0
8	0
3	0
1	0
1	0
8	0
8	0
8	0
12	0
5	5
16	0
11	11
4	0
4	4
3	0
3	11
3	11
2	2
11	0
11	11
2	6
9	0
1	1
8	0
8	0
8	0
8	0
8	8
16	0
16	0
16	16
13	0
13	13
13	0
3	0
3	0
3	0
16	0
3	0
3	0
3	0
8	0
1	0
8	0
8	0
12	0
16	0
3	0
3	0
1	0
8	0
16	0
16	0
12	0
16	0
16	0
16	0
3	0
3	0
3	0
3	0
3	0
3	0
3	0
3	0
3	0
8	0
1	0
13	0
11	0
4	11
8	0
12	0
17	16
17	0
12	6
17	0
12	0
17	0
17	0
17	8
2	2
12	0
17	0
12	12
13	0
13	0
13	13
13	0
16	0
16	0
16	0
8	0
12	0
12	0
17	0
16	0
16	0
16	0
16	0
16	0
16	0
1	0
1	0
8	0
8	0
12	0
12	0
12	0
16	0
16	0
16	0
16	0
12	0
12	0
16	0
16	0
16	0
16	0
16	0
16	0
16	0
16	0
16	0
16	0
16	0
16	0
1	0
13	0
5	0
3	3
3	0
11	1
4	0
4	4
11	0
11	6
17	0
17	3
13	0
13	0
13	13
13	0
13	0
8	0
16	0
16	0
16	0
1	0
16	0
1	0
16	0
8	0
16	0
16	0
16	0
1	0
1	0
16	0
16	0
1	0
12	0
12	0
12	0
16	0
8	0
1	0
16	0
12	0
1	0
16	0
1	0
16	0
16	0
16	0
16	0
16	0
16	0
16	0
1	0
16	0
1	0
1	0
16	0
16	0
1	0
17	0
12	0
12	0
11	0
11	11
4	0
4	4
11	0
11	11
2	0
11	6
8	0
8	8
1	0
1	16
1	0
6	0
1	2
8	0
8	0
8	0
8	0
8	8
17	0
17	3
17	2
17	0
12	0
12	8
1	2
1	0
1	0
1	6
8	0
8	8
13	0
13	13
13	0
12	0
1	0
1	0
1	0
16	0
8	0
16	0
1	0
1	0
17	0
17	0
3	0
3	0
3	0
16	0
3	0
8	0
1	0
1	0
1	0
1	0
1	0
1	0
1	0
17	0
17	0
11	4
1	3
1	1
13	13
13	0
17	0
17	0
17	0
1	0
1	0
3	0
17	0
17	0
17	0
1	0
1	0
1	0
17	0
17	0
17	0
17	0
17	0
1	0
1	0
1	0
17	0
17	0
17	0
1	0
1	0
3	0
3	0
17	0
17	0
17	0
1	0
1	0
1	0
17	0
3	0
17	0
17	0
17	0
1	0
17	0
17	0
17	0
17	0
1	0
1	0
1	0
17	0
17	0
17	0
1	0
1	0
17	0
17	0
13	0
11	0
11	11
16	0
16	16
9	9
8	8
8	0
2	0
2	2
5	6
8	0
8	0
8	8
13	0
13	13
13	0
12	0
1	0
8	0
8	0
1	0
1	0
1	0
16	0
3	0
8	0
8	0
8	0
1	0
8	0
8	0
8	0
8	0
8	0
8	0
12	0
1	0
1	0
8	0
8	0
8	0
1	0
1	0
12	0
16	0
16	0
8	0
8	0
16	0
16	0
8	0
8	0
1	0
1	0
1	0
8	0
8	0
8	0
8	0
12	0
5	5
16	0
11	11
4	0
11	4
1	3
1	0
1	1
5	5
11	4
11	11
3	0
1	11
1	0
1	0
1	2
8	0
8	0
8	0
8	0
8	8
16	0
16	16
13	0
13	13
13	0
1	0
16	0
1	0
16	0
16	0
16	0
1	0
1	0
1	0
1	0
16	0
1	0
1	0
1	0
1	0
8	0
1	0
16	0
16	0
12	0
16	0
16	0
3	0
3	0
16	0
1	0
1	0
1	0
16	0
3	0
3	0
3	0
1	0
12	0
6	6
8	0
8	8
2	0
2	2
8	0
8	0
8	0
8	0
8	8
4	0
11	4
3	3
3	3
3	0
1	1
16	0
12	0
12	4
12	0
13	13
13	0
12	0
12	0
16	0
12	0
12	0
12	0
12	0
16	0
16	0
3	0
3	0
3	0
1	0
1	0
1	0
16	0
12	0
12	0
12	0
12	0
12	0
16	0
16	0
12	0
1	0
1	0
8	0
3	0
1	0
1	0
8	0
8	0
3	0
16	0
3	0
3	0
3	0
13	0
4	0
4	4
11	0
6	0
1	0
1	3
2	2
2	0
11	0
11	11
12	6
1	0
1	0
1	1
8	0
8	8
2	0
16	0
16	0
16	16
13	13
8	0
8	0
8	8
13	13
8	0
8	0
8	0
8	8
13	13
5	0
12	3
13	13
13	0
11	0
5	3
11	4
11	11
3	0
11	11
1	0
12	6
12	0
1	0
1	1
8	0
8	0
8	0
8	0
8	8
16	0
16	0
16	16
13	0
13	13
13	0
1	0
1	0
1	0
13	0
5	5
11	11
11	4
11	0
11	11
13	13
5	5
6	0
6	6
12	0
12	0
8	8
3	3
3	0
3	3
13	13
1	0
12	6
1	0
1	1
8	0
8	8
16	0
16	0
16	16
13	0
13	13
13	0
12	0
12	0
12	0
16	0
16	0
16	0
1	0
1	0
1	0
1	0
1	0
12	0
1	0
8	0
8	0
17	0
1	0
1	0
1	0
16	0
16	0
16	0
16	0
3	0
1	0
1	0
12	0
1	0
1	0
16	0
1	0
12	0
12	0
2	6
8	0
8	0
8	0
8	8
3	0
16	0
16	0
16	0
3	16
2	2
12	0
12	0
12	0
12	12
5	5
16	3
16	0
12	16
11	11
2	3
3	0
1	0
1	3
8	0
8	0
8	8
13	0
13	13
13	0
12	0
1	0
1	0
12	0
12	0
12	0
1	0
16	0
16	0
12	0
8	0
1	0
8	0
1	0
1	0
12	0
1	0
12	0
12	0
8	0
8	0
16	0
16	0
16	0
8	0
16	0
1	0
1	0
13	0
13	13
11	11
16	4
1	0
12	0
12	0
12	0
8	16
13	13
13	13
16	7
16	0
11	11
16	0
16	0
16	16
2	0
6	6
2	0
1	6
8	0
8	0
8	8
2	0
3	3
3	17
3	3
1	0
1	1
13	0
13	0
13	13
13	13
13	0
13	0
16	0
16	0
16	0
16	0
1	0
1	0
1	0
8	0
8	0
17	0
1	0
1	0
16	0
16	0
16	0
16	0
13	0
16	0
16	0
13	0
16	0
16	0
16	0
16	0
13	0
12	0
12	0
12	7
13	0
13	13
13	13
13	0
8	0
8	0
8	0
8	0
13	0
1	0
1	0
1	0
8	0
8	0
1	0
1	0
8	0
1	0
1	0
8	0
8	0
8	0
8	0
8	0
8	0
8	0
8	0
8	0
8	0
8	0
13	0
1	0
8	0
8	0
8	0
1	0
8	0
8	0
1	0
1	0
8	0
8	0
1	0
1	0
1	0
8	0
8	0
8	0
8	0
8	0
1	0
8	0
8	0
13	0
1	0
8	0
11	0
14	4
6	6
8	0
8	8
3	3
2	0
2	2
12	0
12	12
16	0
16	16
5	5
4	0
4	4
3	3
5	6
8	0
8	0
8	0
8	0
8	8
3	0
2	0
3	0
16	0
16	16
3	11
2	2
1	0
6	0
1	0
1	1
8	8
17	0
2	2
8	6
8	0
8	8
12	0
1	0
16	16
11	4
13	13
13	0
1	0
3	0
16	0
1	0
1	0
3	0
1	0
8	0
1	0
8	0
8	0
1	0
1	0
1	0
1	0
12	0
11	0
11	4
1	3
1	0
1	0
1	0
1	0
1	0
1	0
1	1
17	0
12	0
12	0
12	4
13	0
13	13
13	0
12	0
12	0
1	0
1	0
12	0
12	0
12	0
17	0
1	0
1	0
1	0
1	0
1	0
17	0
17	0
17	0
1	0
12	0
12	0
12	0
12	0
12	0
1	0
12	0
12	0
12	0
12	0
12	0
1	0
3	0
16	0
16	0
1	0
1	0
1	0
1	0
1	0
1	0
17	0
17	0
17	0
12	0
13	0
2	2
17	0
6	0
6	6
8	0
8	0
8	0
8	0
8	0
8	0
8	0
8	8
5	5
8	0
8	0
8	0
8	0
8	8
17	0
17	0
17	16
17	3
5	0
17	0
3	3
5	6
8	0
8	0
8	0
8	8
13	0
13	13
13	0
12	0
1	0
1	0
16	0
12	0
16	0
16	0
17	0
16	0
16	0
17	0
16	0
16	0
16	0
17	0
1	0
1	0
16	0
8	0
8	0
8	0
8	0
8	0
8	0
16	0
1	0
12	0
17	2
6	6
12	0
12	0
8	8
3	0
2	2
8	0
12	8
4	0
4	4
3	3
1	6
8	0
8	8
3	11
12	0
12	0
13	0
8	0
8	8
16	16
13	13
13	0
1	0
1	0
1	0
1	0
1	0
1	0
1	0
1	0
1	0
1	0
1	0
1	0
1	0
1	0
1	0
1	0
8	0
1	0
16	0
1	0
1	0
1	0
1	0
1	0
1	0
1	0
1	0
1	0
1	0
1	0
1	0
3	0
16	0
1	0
1	0
13	0
11	11
4	0
11	4
1	3
1	1
13	0
13	13
13	0
17	0
1	0
1	0
1	0
1	0
3	0
1	0
1	0
1	0
1	0
1	0
1	0
12	0
16	0
1	0
1	0
1	0
1	0
1	0
1	0
17	0
1	0
1	0
1	0
1	0
3	0
1	0
1	0
1	0
1	0
1	0
1	0
12	0
17	0
17	0
1	0
1	0
1	0
1	0
1	0
1	0
1	0
1	0
1	0
12	0
17	0
1	0
1	0
1	0
1	0
1	0
12	0
16	0
5	5
16	0
11	11
17	4
5	6
8	0
8	0
8	0
8	8
1	3
1	0
1	0
1	0
1	1
8	0
8	0
8	8
16	0
17	3
13	13
3	11
3	0
3	0
1	0
1	3
1	0
1	0
1	3
1	0
2	2
8	0
8	8
16	0
1	0
16	0
16	16
5	5
2	0
16	0
1	16
13	13
13	0
1	0
1	0
16	0
16	0
16	0
16	0
16	0
1	0
8	0
1	0
16	0
16	0
1	0
1	0
1	0
1	0
13	0
8	0
2	0
14	0
6	2
8	8
2	0
2	2
17	12
17	12
2	0
2	2
12	0
12	0
12	12
17	0
6	4
3	0
3	3
1	6
1	0
8	8
12	0
12	0
12	0
12	8
3	11
3	0
12	0
1	0
1	0
1	1
8	0
8	8
16	16
2	2
12	0
12	0
8	0
8	8
5	5
3	3
13	0
13	13
13	0
12	0
1	0
16	0
3	0
12	0
1	0
1	0
3	0
1	0
16	0
16	0
16	0
12	0
12	0
16	0
13	0
11	11
4	0
4	4
3	3
1	3
1	1
13	13
13	0
1	0
8	0
1	0
1	0
1	0
8	0
8	0
8	0
8	0
3	0
1	0
1	0
1	0
8	0
8	0
3	0
8	0
3	0
1	0
1	0
1	0
1	0
1	0
1	0
1	0
8	0
8	0
8	0
1	0
8	0
1	0
1	0
1	0
1	0
8	0
8	0
8	0
8	0
8	0
8	0
1	0
3	0
1	0
1	0
1	0
1	0
8	0
8	0
8	0
1	0
8	0
17	0
17	6
17	1
17	0
17	0
3	3
4	0
4	4
6	11
3	11
17	2
12	0
12	12
1	0
1	0
1	0
1	2
1	0
1	0
1	6
8	0
8	0
8	8
8	0
8	8
1	0
1	0
1	16
2	0
2	0
6	2
9	0
13	0
8	12
17	0
5	5
9	0
12	0
12	0
8	0
8	12
5	5
1	0
1	0
1	0
1	1
3	0
2	0
2	0
2	16
2	0
2	0
11	0
9	2
8	0
8	0
8	8
13	0
13	13
13	0
12	0
5	5
3	2
3	0
11	0
11	11
11	0
11	4
1	3
5	6
8	0
8	0
8	0
8	8
13	0
13	13
13	0
1	0
1	0
16	0
16	0
1	0
1	0
1	0
1	0
16	0
16	0
16	0
1	0
1	0
1	0
1	0
1	0
1	0
16	0
1	0
12	0
1	0
1	0
1	0
16	0
16	0
1	0
1	0
1	0
1	0
1	0
16	0
16	0
16	0
16	0
16	0
1	0
1	0
1	0
1	0
1	0
1	0
1	0
16	0
12	0
11	0
3	0
3	3
16	0
16	3
11	0
6	4
8	0
8	12
5	6
8	0
8	8
12	2
8	0
8	0
8	8
17	0
3	4
3	11
1	0
1	0
1	0
1	1
1	0
12	0
17	0
17	16
17	4
5	5
5	0
11	0
3	0
3	3
1	0
1	0
1	0
1	16
13	0
13	13
13	0
1	0
1	0
1	0
1	0
1	0
1	0
1	0
16	0
3	0
3	0
3	0
3	0
8	0
8	0
1	0
1	0
1	0
1	0
1	0
12	0
2	2
1	1
1	0
1	0
1	0
1	0
1	0
1	1
8	8
5	5
11	11
16	4
11	11
3	0
2	0
3	0
3	3
3	0
3	0
1	0
1	2
1	0
1	0
1	6
8	0
8	0
8	8
2	0
2	2
8	0
8	0
8	8
1	0
3	0
1	0
16	0
1	0
16	0
16	16
13	0
13	13
13	0
12	0
1	0
1	0
1	0
1	0
1	0
1	0
1	0
8	0
1	0
1	0
8	0
8	0
16	0
16	0
16	0
3	0
12	0
11	0
11	11
1	0
12	4
16	0
2	0
2	10
3	0
16	0
16	0
4	16
3	0
2	2
1	0
1	8
13	0
13	13
13	0
1	0
1	0
8	0
3	0
16	0
16	0
17	0
16	0
16	0
3	0
8	0
3	0
3	0
3	0
3	0
1	0
16	0
16	0
16	0
12	0
17	0
1	0
3	0
16	0
16	0
8	0
12	0
17	0
16	0
16	0
16	0
16	0
16	0
3	0
3	0
3	0
3	0
3	0
3	0
3	0
8	0
17	0
3	0
5	5
17	11
11	4
3	0
11	11
1	0
17	0
17	10
4	0
3	1
1	0
12	0
16	0
16	0
16	16
13	13
13	0
1	0
1	0
1	0
1	0
16	0
16	0
1	0
1	0
1	0
1	0
1	0
8	0
1	0
1	0
1	0
16	0
16	0
16	0
16	0
1	0
1	0
1	0
8	0
1	0
16	0
16	0
1	0
1	0
16	0
16	0
16	0
8	0
8	0
1	0
1	0
8	0
8	0
1	0
1	0
1	0
1	0
13	0
13	0
13	17
12	0
12	0
12	7
13	0
13	13
13	0
12	0
16	0
16	0
16	0
12	0
12	0
1	0
1	0
12	0
12	0
12	0
12	0
13	0
12	0
8	0
12	0
12	0
12	0
12	0
12	0
12	0
12	0
12	0
12	0
12	0
12	0
13	0
1	0
12	0
12	0
12	0
12	0
12	0
12	0
12	0
8	0
8	0
8	0
13	0
1	0
12	0
12	0
12	0
12	0
17	0
12	0
12	0
16	0
1	0
1	0
8	0
12	0
1	0
1	0
1	0
3	3
4	0
11	4
12	12
12	12
5	6
8	0
8	8
16	0
17	0
2	2
3	0
9	11
3	11
17	0
8	8
1	0
1	0
1	16
13	0
13	13
13	0
1	0
1	0
1	0
1	0
1	0
1	0
3	0
17	0
17	0
16	0
1	0
1	0
1	0
16	0
1	0
1	0
1	0
1	0
1	0
12	0
1	0
1	0
1	0
16	0
16	0
16	0
1	0
1	0
1	0
1	0
1	0
16	0
17	0
17	0
13	0
14	0
11	11
17	0
17	0
17	16
16	0
17	0
17	10
5	3
3	0
3	3
3	0
11	11
11	0
2	2
1	0
8	12
1	0
1	0
16	16
4	4
2	0
6	2
8	0
8	0
8	8
5	5
1	0
11	0
12	0
12	0
12	16
4	0
4	4
13	13
11	0
11	11
6	4
3	0
1	0
3	0
3	3
1	0
1	1
8	0
8	8
3	0
3	14
3	10
17	0
16	16
13	13
13	0
1	0
1	0
1	0
1	0
1	0
1	0
13	0
13	13
11	11
4	0
11	4
3	3
1	0
3	0
1	0
1	1
13	0
13	13
13	0
1	0
1	0
1	0
1	0
13	0
1	0
1	0
1	0
1	0
1	0
1	0
1	0
1	0
1	0
1	0
1	0
1	0
1	0
1	0
1	0
13	0
1	0
3	0
1	0
1	0
13	0
1	0
1	0
1	0
1	0
1	0
1	0
1	0
1	0
1	0
3	0
16	0
1	0
1	0
1	0
1	0
1	0
1	0
1	0
1	0
13	0
1	0
17	0
17	0
2	2
17	12
17	12
16	0
16	4
17	0
12	6
17	0
8	0
8	8
2	2
17	0
2	2
9	9
17	0
17	2
17	0
17	8
17	0
17	1
13	0
13	13
13	0
17	0
8	0
17	0
17	0
17	0
17	0
17	0
16	0
17	0
17	0
8	0
17	0
17	0
17	0
17	0
17	0
17	0
17	0
17	0
17	0
17	0
17	0
17	0
17	0
17	0
12	0
8	0
17	0
1	0
12	0
12	0
12	0
8	0
17	0
17	0
11	0
3	0
11	11
4	0
11	4
3	3
3	3
1	1
13	13
13	0
1	0
1	0
1	0
1	0
1	0
1	0
1	0
1	0
1	0
3	0
1	0
1	0
1	0
1	0
1	0
3	0
3	0
1	0
1	0
1	0
1	0
1	0
1	0
1	0
1	0
1	0
1	0
1	0
1	0
3	0
1	0
1	0
1	0
1	0
1	0
3	0
1	0
1	0
8	0
8	0
1	0
3	0
1	0
1	0
1	0
1	0
1	0
1	0
1	0
1	0
13	0
11	11
3	0
17	0
1	0
14	16
1	0
1	0
1	0
1	3
6	6
8	0
8	0
8	8
3	11
17	0
6	3
1	0
1	0
1	0
1	16
1	0
1	0
1	0
1	16
3	0
1	3
2	8
13	0
13	13
13	0
12	0
16	0
16	0
16	0
12	0
12	0
1	0
1	0
1	0
16	0
1	0
1	0
1	0
1	0
1	0
1	0
1	0
3	0
1	0
16	0
16	0
1	0
1	0
16	0
16	0
1	0
8	0
8	0
16	0
13	0
3	0
5	5
3	0
3	7
13	13
13	0
1	0
1	0
1	0
1	0
16	0
1	0
1	0
16	0
1	0
1	0
1	0
1	0
1	0
1	0
1	0
1	0
1	0
1	0
1	0
1	0
1	0
1	0
1	0
1	0
1	0
1	0
1	0
1	0
1	0
1	0
1	0
1	0
1	0
1	0
1	0
1	0
1	0
1	0
1	0
1	0
1	0
1	0
1	0
1	0
1	0
1	0
1	0
1	0
1	0
1	0
1	0
1	0
1	0
13	0
11	11
16	0
16	0
16	0
16	16
3	3
13	13
6	6
8	0
8	8
11	6
3	0
3	0
3	3
1	0
1	0
1	0
1	0
16	16
13	13
13	13
13	0
3	0
16	0
16	0
16	0
16	0
16	0
16	0
16	0
16	0
8	0
8	0
8	0
8	0
1	0
8	0
8	0
16	0
16	0
16	0
16	0
8	0
16	0
16	0
16	0
16	0
16	0
16	0
16	0
16	0
16	0
1	0
1	0
16	0
8	0
8	0
8	0
8	0
13	0
5	0
5	5
3	0
11	11
4	0
11	4
5	0
3	3
1	0
1	0
1	0
1	0
1	0
1	3
3	3
13	0
13	0
13	13
13	0
1	0
16	0
1	0
1	0
1	0
1	0
13	0
16	0
16	0
1	0
1	0
1	0
1	0
1	0
1	0
1	0
1	0
1	0
1	0
13	0
16	0
1	0
1	0
1	0
1	0
13	0
16	0
16	0
16	0
16	0
16	0
16	0
3	0
3	0
1	0
1	0
1	0
1	0
1	0
1	0
13	0
8	0
8	3
2	0
2	2
8	0
8	8
4	0
2	4
1	0
1	0
1	0
1	0
1	0
1	16
5	5
4	0
4	4
3	0
3	0
3	3
5	6
8	0
8	0
8	0
8	0
8	8
16	0
16	16
13	0
13	13
13	0
1	0
1	0
16	0
16	0
12	0
1	0
3	0
3	0
3	0
8	0
3	0
8	0
3	0
1	0
3	0
8	0
8	0
8	0
3	0
1	0
8	0
16	0
1	0
1	0
1	0
1	0
1	0
1	0
13	0
16	0
11	11
11	4
3	3
1	0
1	0
1	0
1	0
1	0
1	3
9	9
8	8
8	0
8	0
8	0
8	8
16	0
16	16
16	0
2	2
8	8
13	0
13	13
13	0
12	0
8	0
16	0
1	0
8	0
1	0
1	0
1	0
1	0
1	0
16	0
16	0
8	0
1	0
1	0
16	0
1	0
8	0
16	0
12	0
12	0
16	0
16	0
16	0
16	0
1	0
1	0
1	0
1	0
1	0
1	0
1	0
1	0
1	0
1	0
13	0
14	0
11	11
4	0
4	0
2	4
17	0
3	10
1	0
1	0
1	0
1	1
4	0
5	3
4	2
8	0
8	8
17	10
1	0
1	0
16	16
13	0
13	13
13	0
12	0
1	0
1	0
17	0
1	0
1	0
1	0
1	0
1	0
1	0
1	0
1	0
16	0
1	0
1	0
1	0
1	0
1	0
1	0
12	0
16	0
16	0
1	0
16	0
3	0
3	0
16	0
16	0
3	0
3	0
1	0
1	0
1	0
1	0
8	0
1	0
11	0
4	4
3	0
3	5
6	0
6	3
3	3
1	0
1	2
8	0
8	8
13	0
13	13
13	0
1	0
16	0
16	0
16	0
3	0
12	0
8	0
1	0
1	0
1	0
1	0
8	0
8	0
1	0
1	0
1	0
8	0
16	0
8	0
12	0
12	0
16	0
1	0
16	0
16	0
12	0
1	0
1	0
1	0
1	0
8	0
3	0
3	0
16	0
16	0
3	0
3	0
8	0
1	0
1	0
1	0
8	0
16	0
3	0
12	0
3	0
12	0
3	2
8	0
8	8
16	0
11	4
17	0
6	3
2	3
3	6
3	0
3	0
1	1
8	0
8	0
8	8
1	0
1	0
8	0
1	0
1	0
8	16
13	0
13	13
13	0
17	0
16	0
16	0
1	0
8	0
8	0
1	0
1	0
1	0
1	0
1	0
1	0
1	0
1	0
1	0
1	0
8	0
8	0
16	0
12	0
1	0
1	0
1	0
1	0
16	0
16	0
16	0
3	0
8	0
8	0
3	0
1	0
1	0
1	0
1	0
11	0
2	0
2	2
8	0
8	8
2	0
2	2
8	0
8	0
8	8
4	0
11	4
3	0
3	5
11	0
6	0
3	3
11	11
3	0
3	3
3	0
3	3
3	3
16	0
16	16
5	5
3	0
6	0
11	3
11	0
11	4
3	0
3	3
3	0
3	3
11	11
1	0
1	0
1	1
13	13
13	0
1	0
1	0
1	0
1	0
1	0
1	0
1	0
1	0
8	0
8	0
16	0
1	0
1	0
8	0
16	0
16	0
16	0
16	0
1	0
13	0
11	0
11	3
16	0
4	0
4	0
11	16
3	0
3	3
9	9
8	8
4	0
4	4
13	0
13	13
13	0
12	0
16	0
16	0
16	0
8	0
16	0
1	0
1	0
8	0
4	0
16	0
16	0
3	0
3	0
8	0
8	0
8	0
16	0
16	0
12	0
12	0
8	0
16	0
16	0
16	0
8	0
16	0
16	0
1	0
8	0
16	0
16	0
16	0
16	0
16	0
3	0
16	0
3	0
3	0
8	0
8	0
16	0
16	0
16	0
13	0
11	0
11	11
16	0
16	16
3	3
3	0
3	0
1	0
1	0
1	16
3	3
3	0
3	0
1	0
1	3
13	0
13	13
13	0
3	0
1	0
1	0
1	0
8	0
8	0
12	0
3	0
3	0
3	0
1	0
1	0
3	0
3	0
3	0
1	0
1	0
8	0
8	0
12	0
12	0
3	0
1	0
8	0
1	0
8	0
8	0
12	0
16	0
3	0
3	0
3	0
3	0
3	0
3	0
1	0
1	0
3	0
3	0
3	0
1	0
11	0
11	0
11	0
4	4
2	0
2	0
2	3
12	0
8	0
8	8
3	0
11	0
3	0
3	14
3	0
1	0
2	0
1	1
4	0
4	0
4	4
13	13
13	0
1	0
1	0
1	0
1	0
1	0
16	0
1	0
1	0
16	0
16	0
16	0
16	0
16	0
1	0
1	0
16	0
16	0
16	0
16	0
16	0
16	0
1	0
16	0
16	0
16	0
16	0
1	0
1	0
1	0
1	0
1	0
8	0
1	0
16	0
1	0
16	0
16	0
12	0
2	2
8	0
8	8
5	5
8	0
8	8
4	0
4	4
3	0
3	5
1	3
1	0
11	6
17	0
1	0
1	1
8	0
8	8
3	3
13	0
13	13
13	0
12	0
1	0
1	0
12	0
1	0
12	0
12	0
3	0
3	0
1	0
1	0
1	0
1	0
1	0
1	0
1	0
1	0
1	0
12	0
12	0
1	0
1	0
1	0
16	0
1	0
8	0
8	0
8	0
1	0
16	0
16	0
3	0
3	0
3	0
1	0
1	0
1	0
12	0
12	0
11	11
16	0
16	0
16	16
1	3
17	0
17	0
17	11
17	0
12	8
13	13
17	0
1	2
17	0
17	0
17	0
17	3
17	6
8	8
5	5
8	0
8	0
8	0
8	8
13	13
13	13
13	0
1	0
1	0
12	0
1	0
17	0
1	0
1	0
17	0
17	0
17	0
16	0
1	0
12	0
17	0
17	0
17	0
17	0
16	0
16	0
16	0
16	0
17	0
17	0
8	0
17	0
17	0
12	0
12	0
1	0
17	0
17	0
12	0
11	11
4	0
11	4
1	0
1	1
1	0
3	0
1	0
1	3
3	3
1	0
1	0
1	0
1	16
1	0
1	0
1	0
1	16
5	5
3	0
3	6
8	8
5	5
1	0
1	1
8	0
8	0
8	0
8	0
8	8
12	2
12	0
12	0
12	12
3	0
12	10
12	0
1	16
13	13
13	0
1	0
1	0
1	0
1	0
1	0
1	0
3	0
16	0
1	0
3	0
1	0
1	0
1	0
1	0
1	0
1	0
1	0
1	0
1	0
17	0
17	6
17	0
1	1
9	9
8	0
8	8
17	3
17	0
4	0
17	4
17	11
17	0
17	3
17	3
17	0
17	0
17	0
17	0
16	16
4	0
4	14
11	11
3	11
17	0
3	11
3	3
17	16
3	3
1	0
1	1
17	0
17	16
13	13
13	0
1	0
1	0
1	0
1	0
17	0
1	0
3	0
3	0
3	0
17	0
17	0
17	0
1	0
17	0
1	0
1	0
1	0
8	0
1	0
17	0
17	0
17	0
17	0
17	0
17	0
17	0
11	0
11	11
16	16
4	6
8	0
8	8
3	0
3	0
3	3
3	0
2	0
3	0
3	3
3	0
3	0
3	1
5	5
16	0
11	11
11	4
3	0
11	11
1	0
1	0
1	0
1	1
1	0
16	16
13	0
11	0
14	14
3	0
11	11
3	3
3	3
1	0
1	0
1	1
16	0
8	0
12	16
5	5
3	0
6	14
3	0
9	6
8	0
8	0
8	0
8	8
3	3
1	0
1	1
1	0
1	0
1	0
16	0
1	16
13	0
12	0
8	0
8	0
8	3
4	0
4	0
2	4
1	0
1	0
1	0
1	3
1	0
1	0
1	0
1	0
1	0
1	16
8	0
8	0
8	0
8	8
3	0
2	0
2	10
13	0
13	13
13	0
8	0
1	0
8	0
8	0
8	0
1	0
1	0
1	0
1	0
8	0
8	0
1	0
8	0
8	0
8	0
1	0
1	0
8	0
8	0
12	0
8	0
8	0
8	0
8	0
3	0
1	0
1	0
1	0
1	0
1	0
1	0
1	0
1	0
12	0
12	0
11	11
4	0
4	4
17	6
8	0
8	0
8	8
17	0
17	11
12	2
8	0
8	8
17	0
17	0
17	16
17	0
12	0
12	4
13	13
11	11
3	3
3	3
1	0
1	0
16	1
4	0
11	4
4	0
4	14
3	0
11	11
3	3
3	0
17	0
1	16
13	0
11	0
14	14
6	0
6	11
17	0
12	6
12	0
12	12
3	0
3	3
3	3
1	0
1	0
1	16
16	0
16	0
16	0
16	16
13	0
13	13
13	0
16	0
12	0
1	0
11	11
4	4
3	0
3	3
2	2
3	0
2	2
9	9
8	0
3	8
1	0
1	0
1	0
3	3
1	0
1	0
1	0
16	0
16	0
16	16
13	13
5	5
3	0
11	11
4	0
4	4
12	6
8	0
8	0
8	0
8	0
8	8
13	13
3	0
3	11
2	3
1	0
1	0
1	0
1	0
1	1
4	0
5	3
1	0
1	0
16	16
4	0
4	14
16	0
11	11
17	0
12	6
12	0
12	0
8	8
1	0
1	1
13	0
13	0
11	6
11	11
17	0
17	0
1	16
1	0
3	0
1	0
1	3
3	3
1	0
2	2
11	0
11	11
3	0
3	0
3	0
3	16
13	0
13	13
13	0
12	0
3	0
1	0
1	0
16	0
1	0
12	0
16	0
16	0
1	0
16	0
1	0
1	0
16	0
16	0
1	0
1	0
16	0
16	0
12	0
3	0
1	0
1	0
16	0
16	0
1	0
16	0
16	0
1	0
1	0
1	0
1	0
1	0
1	0
1	0
1	0
1	0
1	0
13	0
1	0
11	11
4	0
4	4
3	3
9	9
8	0
8	8
8	0
8	0
8	8
17	0
16	3
13	0
13	13
13	0
12	0
1	0
3	0
1	0
8	0
16	0
12	0
3	0
3	0
3	0
1	0
1	0
8	0
1	0
16	0
16	0
16	0
16	0
16	0
12	0
12	0
16	0
1	0
1	0
1	0
8	0
16	0
12	0
3	0
16	0
1	0
3	0
3	0
3	0
3	0
1	0
1	0
1	0
1	0
16	0
16	0
16	0
16	0
12	0
8	0
8	0
8	0
8	0
8	0
8	7
5	5
11	0
11	1
13	0
13	13
13	0
17	0
8	0
8	0
8	0
12	0
1	0
8	0
8	0
8	0
8	0
8	0
8	0
1	0
8	0
8	0
8	0
8	0
8	0
8	0
8	0
12	0
12	0
1	0
8	0
8	0
12	0
8	0
8	0
8	0
8	0
8	0
8	0
8	0
1	0
8	0
8	0
8	0
8	0
8	0
8	0
8	0
8	0
8	0
8	0
8	0
12	0
1	0
12	0
5	5
3	3
8	0
8	0
8	0
8	8
5	5
16	0
11	6
12	0
8	0
8	0
8	8
3	0
3	14
3	0
1	0
1	0
1	0
16	16
13	0
13	13
13	0
1	0
16	0
16	0
16	0
16	0
16	0
16	0
16	0
12	0
8	0
16	0
16	0
1	0
1	0
1	0
1	0
16	0
16	0
16	0
12	0
3	0
1	0
16	0
16	0
1	0
1	0
8	0
8	0
16	0
16	0
16	0
8	0
1	0
12	0
12	0
16	0
11	0
5	5
6	0
11	3
16	0
16	16
3	3
3	10
5	5
1	0
1	0
1	16
2	0
2	2
11	0
9	11
8	0
8	8
4	0
4	4
5	5
11	11
17	0
2	2
11	0
11	11
3	0
3	0
3	0
1	16
13	13
13	0
1	0
1	0
1	0
1	0
1	0
1	0
16	0
1	0
16	0
8	0
1	0
1	0
8	0
1	0
1	0
16	0
16	0
16	0
16	0
16	0
1	0
1	0
1	0
1	0
1	0
1	0
1	0
1	0
12	0
1	0
1	0
8	0
1	0
1	3
4	0
4	0
4	4
2	3
8	0
8	0
8	8
3	3
11	0
11	4
11	0
11	11
3	0
11	11
3	0
3	0
1	0
1	3
17	0
12	10
17	0
17	0
17	1
17	0
11	0
2	0
6	2
8	0
8	8
17	0
12	10
12	16
5	5
17	0
2	2
12	12
16	0
2	0
2	3
13	0
13	13
13	0
12	0
1	0
8	0
8	0
12	0
8	0
16	0
12	0
12	0
12	0
16	0
16	0
16	0
12	0
6	3
1	0
1	1
17	0
12	8
5	5
16	0
16	0
16	16
6	6
6	0
3	0
1	1
8	8
8	8
13	13
14	0
11	11
16	0
16	16
3	0
3	5
5	0
3	3
13	0
6	0
14	0
14	14
1	0
1	3
1	0
16	16
16	0
5	5
1	0
1	0
1	0
1	0
1	16
13	13
13	13
13	0
16	0
16	0
16	0
16	0
16	0
16	0
1	0
1	0
1	0
1	0
1	0
16	0
16	0
8	0
1	0
1	0
12	0
17	0
11	11
16	0
1	0
1	4
3	0
11	11
16	16
11	0
11	0
14	14
16	0
11	11
3	3
3	3
1	0
11	6
8	0
8	8
16	0
16	0
16	0
16	16
13	0
13	13
13	0
1	0
3	0
3	0
16	0
16	0
16	0
16	0
3	0
3	0
1	0
16	0
1	0
16	0
3	0
16	0
16	0
1	0
16	0
16	0
12	0
16	0
16	0
16	0
1	0
1	0
3	0
8	0
8	0
16	0
16	0
16	0
16	0
1	0
13	0
2	0
2	2
8	0
8	8
3	0
2	2
8	0
8	0
8	0
8	8
13	0
13	13
13	0
12	0
1	0
16	0
16	0
12	0
12	0
1	0
1	0
1	0
1	0
16	0
16	0
8	0
8	0
1	0
1	0
16	0
16	0
8	0
12	0
12	0
1	0
1	0
16	0
12	0
12	0
1	0
1	0
1	0
8	0
16	0
8	0
16	0
16	0
1	0
1	0
16	0
16	0
1	0
1	0
8	0
16	0
16	0
8	0
12	0
12	0
17	0
3	0
5	5
2	6
8	0
8	0
8	8
4	0
11	4
17	0
2	2
8	0
8	8
1	3
16	0
1	1
13	0
13	13
13	0
1	0
3	0
1	0
1	0
1	0
1	0
1	0
3	0
16	0
16	0
1	0
1	0
1	0
8	0
1	0
1	0
1	0
1	0
1	0
12	0
17	0
3	0
3	0
1	0
1	0
1	0
12	0
17	0
1	0
17	0
1	0
1	0
8	0
16	0
1	0
1	0
1	0
1	0
1	0
1	0
1	0
13	0
14	0
11	11
16	0
16	0
16	16
3	0
11	11
2	6
8	0
8	0
8	8
16	0
16	16
1	0
2	2
1	0
11	0
1	0
1	0
12	8
5	5
16	0
11	11
4	0
4	4
3	0
3	0
1	0
1	1
2	6
8	0
8	8
13	0
13	0
13	13
13	0
16	0
16	0
1	0
1	0
16	0
16	0
16	0
3	0
16	0
1	0
16	0
16	0
16	0
16	0
16	0
16	0
3	0
1	0
1	0
1	0
1	0
1	0
1	0
12	0
17	0
17	0
17	0
17	0
17	0
17	17
13	13
9	0
17	17
17	17
8	17
9	9
8	6
8	0
8	8
12	0
16	0
16	0
16	16
4	0
2	3
13	0
13	13
13	0
12	0
17	0
1	0
8	0
17	0
17	0
8	0
1	0
1	0
1	0
1	0
1	0
1	0
1	0
16	0
16	0
16	0
1	0
16	0
12	0
12	0
1	0
17	0
17	0
17	0
17	0
17	0
17	0
17	0
17	0
17	0
8	0
17	0
17	0
1	0
13	0
16	2
17	0
2	6
12	0
12	0
12	0
12	12
13	0
13	13
13	0
12	0
8	0
8	0
8	0
12	0
12	0
1	0
12	0
12	0
12	0
12	0
12	0
12	0
8	0
12	0
12	0
12	0
12	0
12	0
12	0
12	0
12	0
8	0
8	0
17	0
12	0
12	0
12	0
12	0
12	0
12	0
12	0
12	0
12	0
8	0
8	0
8	0
17	0
17	0
12	0
12	0
12	0
12	0
12	0
12	0
12	0
8	0
8	0
8	0
12	0
11	11
4	0
11	4
1	6
8	8
13	13
13	0
1	0
1	0
1	0
8	0
16	0
1	0
1	0
1	0
1	0
1	0
1	0
8	0
16	0
1	0
1	0
1	0
1	0
1	0
1	0
1	0
1	0
1	0
1	0
8	0
16	0
1	0
1	0
1	0
1	0
1	0
1	0
1	0
1	0
1	0
1	0
1	0
16	0
1	0
1	0
16	0
1	0
1	0
1	0
1	0
1	0
1	0
1	0
1	0
1	0
1	0
1	0
16	0
11	0
11	11
11	4
3	0
11	0
11	11
1	0
1	0
16	0
16	16
13	13
11	11
3	0
3	3
17	0
17	0
17	10
3	3
1	0
1	0
1	0
1	1
17	0
17	0
12	4
4	0
11	4
13	0
13	13
13	0
12	0
12	0
3	0
16	0
16	0
16	0
16	0
3	0
1	0
1	0
1	0
1	0
17	0
17	0
17	0
1	0
1	0
16	0
16	0
16	0
16	0
16	0
16	0
12	0
16	0
3	0
3	0
3	0
3	0
17	0
13	0
11	0
4	14
11	11
3	0
3	3
12	0
8	0
8	8
1	0
1	0
1	16
5	5
2	6
8	0
8	8
16	0
2	2
8	0
8	0
8	8
8	0
12	0
12	4
4	0
11	4
13	0
13	0
13	13
13	0
16	0
16	0
1	0
16	0
16	0
3	0
16	0
16	0
1	0
1	0
1	0
8	0
16	0
12	0
1	0
1	0
1	0
16	0
16	0
3	0
3	0
1	0
16	0
3	0
1	0
1	0
16	0
1	0
16	0
1	0
13	0
12	0
11	3
4	0
4	4
11	0
11	11
2	0
16	0
16	16
2	0
11	0
11	11
3	0
6	11
3	0
1	0
1	1
11	0
11	10
1	0
3	0
1	0
1	0
1	0
8	16
2	0
2	2
8	0
8	0
8	8
13	0
13	13
13	0
3	0
3	0
16	0
1	0
16	0
17	0
1	0
1	0
1	0
1	0
8	0
8	0
8	0
1	0
3	0
8	0
16	0
16	0
3	0
3	0
3	0
2	0
16	0
2	0
16	0
1	0
12	0
14	0
3	5
14	3
11	0
11	11
16	0
17	0
17	10
17	0
17	3
5	6
8	0
8	0
8	0
8	0
8	0
8	0
8	8
4	4
13	13
4	0
11	4
3	3
3	3
3	0
3	0
3	0
3	3
1	0
1	1
1	0
16	16
13	0
13	13
13	0
1	0
16	0
1	0
16	0
16	0
3	0
16	0
3	0
16	0
3	0
1	0
16	0
16	0
16	0
16	0
1	0
1	0
1	0
1	0
1	0
1	0
1	0
1	0
8	0
12	0
12	0
12	7
13	13
13	0
1	0
1	0
1	0
1	0
1	0
1	0
1	0
1	0
1	0
1	0
1	0
1	0
1	0
1	0
1	0
1	0
1	0
1	0
1	0
1	0
1	0
1	0
1	0
1	0
1	0
1	0
1	0
1	0
1	0
1	0
1	0
1	0
1	0
1	0
1	0
1	0
1	0
1	0
1	0
1	0
1	0
1	0
1	0
1	0
1	0
1	0
1	0
1	0
1	0
1	0
1	0
1	0
1	0
1	0
1	0
13	0
13	0
13	17
11	0
11	11
4	0
4	4
3	0
11	3
2	3
1	0
17	0
1	1
17	0
1	0
17	10
17	0
17	0
17	0
17	16
4	0
4	14
4	0
11	11
3	0
3	0
1	0
1	3
3	3
3	3
3	0
1	11
2	10
4	0
4	4
5	5
4	0
4	14
17	0
12	6
12	0
12	0
8	8
3	0
3	0
1	0
1	3
17	0
1	3
3	0
12	10
12	0
1	1
1	0
1	0
1	16
2	3
17	0
13	13
13	0
13	0
16	0
16	16
16	0
11	11
6	0
11	11
3	3
2	0
2	10
13	0
13	13
13	0
3	0
1	0
8	0
1	0
12	0
12	0
16	0
8	0
8	0
1	0
8	0
16	0
16	0
3	0
8	0
3	0
8	0
8	0
8	0
12	0
12	0
17	0
16	0
8	0
8	0
12	0
12	0
8	0
8	0
8	0
1	0
8	0
8	0
3	0
16	0
16	0
16	0
16	0
3	0
8	0
1	0
8	0
8	0
8	0
8	0
12	0
3	0
12	0
17	3
9	9
8	0
8	8
5	5
17	0
6	3
1	0
1	0
17	0
1	16
1	0
3	3
17	0
2	2
12	12
13	13
13	0
8	0
17	0
8	0
8	0
8	0
8	0
8	0
8	0
8	0
8	0
8	0
1	0
12	0
8	0
8	0
17	0
17	0
1	0
8	0
8	0
8	0
8	0
8	0
8	0
8	0
8	0
8	0
8	0
12	0
1	0
1	0
8	0
8	0
8	0
8	0
8	0
17	0
8	0
8	0
8	0
1	0
12	0
11	0
11	11
3	0
2	0
14	0
16	0
16	16
16	0
11	11
3	0
16	0
1	0
4	16
12	0
12	6
12	8
3	0
1	3
3	0
1	0
1	0
1	0
1	16
5	5
17	3
17	0
6	0
1	3
1	2
2	0
2	0
3	3
1	0
3	0
1	16
2	2
12	0
12	0
12	12
13	13
13	0
6	0
5	3
11	0
3	0
3	3
2	2
9	9
8	8
5	5
8	0
8	0
8	0
8	0
8	8
13	13
13	13
13	0
1	0
13	0
1	6
3	0
12	0
1	0
1	1
8	0
8	0
8	0
8	0
8	8
4	0
4	4
3	3
3	0
1	0
1	0
16	16
2	0
2	2
9	9
8	0
8	8
13	0
13	13
13	0
3	0
1	0
1	0
8	0
8	0
3	0
3	0
1	0
1	0
1	0
1	0
1	0
3	0
3	0
1	0
1	0
8	0
8	0
8	0
12	0
3	0
1	0
1	0
1	0
1	0
1	0
8	0
8	0
8	0
8	0
8	0
1	0
3	0
1	0
12	0
1	0
11	11
16	0
16	0
16	16
11	0
11	0
11	11
1	3
13	13
13	0
1	0
1	0
1	0
3	0
1	0
1	0
16	0
16	0
3	0
1	0
3	0
1	0
1	0
16	0
3	0
16	0
16	0
3	0
1	0
1	0
1	0
1	0
1	0
1	0
1	0
1	0
16	0
16	0
3	0
3	0
3	0
1	0
1	0
1	0
1	0
16	0
3	0
3	0
16	0
3	0
3	0
11	0
3	0
1	0
1	0
1	0
1	0
1	0
12	0
11	11
16	0
16	16
17	0
3	3
3	0
1	6
3	0
3	0
3	11
17	0
5	0
11	0
9	2
17	0
11	0
11	11
13	0
13	13
13	0
3	0
17	0
17	0
1	0
12	0
12	0
12	0
3	0
3	0
3	0
3	0
17	0
17	0
1	0
1	0
1	0
1	0
12	0
12	0
12	0
17	0
17	0
17	0
12	0
8	0
12	0
3	0
3	0
16	0
3	0
3	0
3	0
3	0
3	0
3	0
3	0
17	0
17	0
1	0
1	0
5	5
16	0
11	11
1	0
1	0
1	16
16	0
11	11
3	0
11	3
3	0
3	3
3	0
1	14
17	0
2	11
11	0
11	3
2	2
12	12
3	0
3	11
16	0
16	0
1	0
1	16
13	13
13	0
16	0
16	0
3	0
1	0
1	0
1	0
1	0
1	0
1	0
8	0
8	0
8	0
12	0
1	0
8	0
1	0
8	0
8	0
8	0
16	0
16	0
16	0
16	0
16	0
16	0
16	0
3	0
3	0
3	0
3	0
1	0
13	0
13	0
13	17
12	11
16	0
16	4
3	0
3	5
3	0
3	3
3	0
3	3
5	6
8	0
8	0
8	0
8	8
1	0
9	1
8	0
8	0
8	8
17	0
12	2
8	0
8	0
8	8
16	0
2	16
13	0
13	13
13	0
12	0
16	0
16	0
12	0
12	0
12	0
16	0
1	0
16	0
1	0
8	0
16	0
1	0
16	0
8	0
16	0
1	0
3	0
16	0
16	0
3	0
3	0
1	0
1	0
1	0
1	0
1	0
1	0
13	0
11	11
4	0
4	4
1	0
1	3
9	9
8	0
8	0
8	0
8	0
8	8
13	13
9	9
12	0
8	0
8	0
8	8
13	13
9	9
8	0
8	0
8	8
13	13
9	9
8	0
8	0
8	0
8	8
13	13
9	9
8	0
8	0
8	0
8	8
13	13
9	9
8	0
8	0
8	8
13	13
9	9
12	0
8	0
8	0
8	8
13	13
1	6
12	0
12	0
8	0
8	8
13	13
1	6
12	0
1	0
8	8
5	5
3	0
13	0
12	0
11	11
4	0
4	4
5	0
3	3
1	0
1	0
1	1
1	0
2	0
1	0
1	0
16	16
5	5
11	0
11	11
16	16
3	0
2	0
3	0
3	3
8	0
8	0
8	8
13	13
11	0
4	14
3	0
11	11
17	0
17	11
1	3
17	0
17	11
17	3
1	0
1	0
1	1
1	0
16	0
16	16
13	13
13	0
3	0
1	0
1	0
3	0
8	0
3	0
3	0
3	0
1	0
1	0
1	0
1	0
1	0
1	0
1	0
1	0
12	0
9	2
1	0
1	0
1	6
8	0
8	8
4	0
4	4
16	0
11	11
3	0
3	0
1	0
1	0
3	3
11	0
11	6
1	6
1	0
1	1
8	0
8	0
8	8
13	0
13	13
13	0
12	0
3	0
16	0
16	0
16	0
1	0
1	0
17	0
16	0
1	0
3	0
1	0
1	0
1	0
1	0
8	0
8	0
16	0
16	0
12	0
1	0
1	0
1	0
1	0
1	0
3	0
16	0
16	0
16	0
16	0
3	0
1	0
1	0
12	0
8	0
2	2
8	0
12	8
12	0
12	6
12	0
12	12
13	13
1	6
12	0
1	0
8	8
13	13
3	11
17	0
6	0
3	3
3	3
2	2
11	0
6	11
17	0
17	0
17	16
17	10
16	0
16	16
1	6
8	8
2	1
13	13
13	0
1	0
1	0
1	0
1	0
1	0
3	0
1	0
8	0
3	0
1	0
1	0
17	0
3	0
12	0
1	0
8	0
8	0
8	0
12	0
1	0
1	0
1	0
1	0
1	0
8	0
8	0
12	0
11	0
3	0
3	0
3	3
11	0
11	4
2	3
2	0
12	6
1	6
1	0
17	0
1	0
1	0
1	0
1	0
1	3
1	0
1	0
1	1
8	0
8	0
8	8
12	3
13	13
13	0
1	0
16	0
16	0
1	0
1	0
1	0
1	0
1	0
1	0
1	0
16	0
1	0
1	0
16	0
1	0
1	0
8	0
12	0
16	0
1	0
1	0
16	0
16	0
16	0
16	0
16	0
8	0
1	0
1	0
1	0
1	0
1	0
1	0
13	0
11	2
11	0
11	6
8	8
17	0
6	4
9	9
8	0
8	0
8	0
8	8
13	0
13	13
13	0
12	0
16	0
8	0
8	0
12	0
16	0
16	0
8	0
16	0
16	0
16	0
16	0
16	0
16	0
1	0
8	0
16	0
16	0
8	0
12	0
12	0
16	0
8	0
8	0
8	0
12	0
16	0
1	0
8	0
16	0
8	0
16	0
16	0
16	0
16	0
16	0
16	0
16	0
1	0
1	0
8	0
16	0
16	0
8	0
17	0
17	0
17	6
17	0
17	0
17	11
4	0
11	4
3	3
17	0
12	8
13	0
13	13
13	0
1	0
1	0
12	0
1	0
17	0
3	0
1	0
1	0
1	0
1	0
1	0
1	0
1	0
1	0
1	0
1	0
1	0
1	0
12	0
12	0
17	0
1	0
1	0
1	0
12	0
17	0
1	0
1	0
1	0
1	0
1	0
1	0
1	0
1	0
17	0
17	0
17	0
1	0
1	0
1	0
1	0
1	0
1	0
12	0
12	0
17	0
1	0
13	0
11	11
11	0
11	4
3	3
1	0
2	2
8	0
8	0
8	8
5	5
16	0
16	0
16	16
17	0
6	3
17	0
2	2
9	0
9	8
17	0
17	2
17	0
17	8
17	0
12	10
5	5
17	0
17	16
17	10
17	0
17	16
5	5
17	0
6	3
17	0
17	2
8	0
8	8
13	13
13	0
1	0
8	0
1	0
1	0
1	0
8	0
3	0
16	0
1	0
1	0
1	0
1	0
1	0
1	0
1	0
16	0
16	0
16	0
1	0
12	0
17	6
12	11
4	0
4	4
11	0
11	11
17	0
17	0
1	3
17	0
17	0
1	3
17	0
17	0
17	0
17	16
17	2
9	9
8	0
8	8
13	0
13	13
13	0
12	0
17	0
1	0
17	0
16	0
16	0
17	0
17	0
17	0
17	0
17	0
16	0
17	0
17	0
3	0
1	0
8	0
16	0
16	0
12	0
17	0
1	0
1	0
17	0
12	0
3	0
16	0
3	0
17	0
17	0
17	0
17	0
17	0
17	0
17	0
17	0
12	0
11	11
17	0
1	0
16	16
17	6
3	0
3	0
1	1
8	0
8	0
8	8
2	2
2	0
11	0
11	6
8	0
8	8
5	5
16	16
17	0
17	0
17	16
17	0
17	0
17	10
11	11
13	0
13	13
13	0
17	0
3	0
16	0
2	0
16	0
1	0
1	0
16	0
8	0
16	0
16	0
17	0
17	0
17	0
17	0
17	0
1	0
17	0
16	0
16	0
16	0
16	0
16	0
1	0
1	0
1	0
1	0
16	0
2	0
2	0
13	0
13	13
11	0
6	11
1	0
1	0
1	0
1	16
8	0
12	0
11	11
12	17
4	0
4	14
3	0
3	11
14	0
11	0
11	11
3	3
16	0
11	0
1	0
16	0
16	16
5	5
11	0
14	0
14	14
11	0
6	3
1	0
1	16
8	0
11	0
11	11
3	0
3	3
1	0
16	0
16	10
13	0
13	17
13	13
13	13
13	0
1	0
1	0
16	0
1	0
1	0
1	0
8	0
8	0
8	0
8	0
1	0
1	0
3	0
3	0
12	0
11	11
16	0
16	4
2	0
2	11
9	0
1	1
8	8
5	6
8	0
8	8
13	0
13	13
13	0
12	0
16	0
8	0
8	0
12	0
12	0
1	0
8	0
16	0
1	0
16	0
8	0
1	0
8	0
8	0
8	0
16	0
16	0
8	0
12	0
12	0
12	0
8	0
16	0
8	0
1	0
8	0
1	0
8	0
16	0
16	0
3	0
16	0
16	0
16	0
16	0
8	0
1	0
8	0
8	0
8	0
16	0
16	0
12	0
12	0
17	0
17	6
17	0
11	4
1	3
1	0
1	1
13	0
13	13
13	0
17	0
1	0
17	0
17	0
17	0
17	0
17	0
1	0
1	0
1	0
1	0
17	0
17	0
17	0
1	0
1	0
1	0
1	0
1	0
17	0
17	0
17	0
17	0
17	0
8	0
17	0
17	0
1	0
1	0
1	0
1	0
1	0
17	0
17	0
17	0
17	0
1	0
8	0
17	0
17	0
1	0
1	0
1	0
17	0
17	0
17	0
17	0
1	0
1	0
17	0
12	0
11	11
16	0
16	0
16	16
8	0
8	0
8	8
2	2
12	12
13	0
13	13
13	0
12	0
1	0
12	0
12	0
12	0
1	0
12	0
8	0
8	0
16	0
12	0
3	0
1	0
1	0
8	0
1	0
8	0
8	0
12	0
12	0
12	0
12	0
12	0
16	0
12	0
12	0
1	0
12	0
16	0
12	0
16	0
12	0
12	0
12	0
12	0
16	0
16	0
1	0
1	0
8	0
1	0
12	0
8	0
12	0
12	0
12	0
12	0
12	0
12	16
3	0
3	5
16	0
17	0
4	10
17	0
2	2
2	0
6	6
8	0
8	0
8	8
1	0
1	0
16	0
16	16
13	0
11	0
11	14
1	0
11	0
1	1
4	0
4	4
13	0
13	13
13	0
8	0
1	0
1	0
8	0
8	0
1	0
8	0
1	0
1	0
8	0
16	0
17	0
3	0
1	0
1	0
1	0
1	0
1	0
16	0
17	0
3	0
16	0
16	0
8	0
8	0
8	0
1	0
1	0
8	0
8	0
8	0
12	0
8	0
2	2
17	0
6	6
12	0
8	8
11	11
11	11
11	0
6	0
5	3
17	0
4	16
17	0
16	16
11	4
11	11
1	0
17	0
17	0
1	16
11	11
3	0
17	0
1	16
2	3
16	0
17	0
17	10
13	0
13	13
13	0
3	0
1	0
1	0
16	0
16	0
3	0
1	0
16	0
1	0
3	0
16	0
3	0
1	0
1	0
1	0
1	0
8	0
12	0
3	0
16	0
16	0
3	0
1	0
3	0
3	0
3	0
1	0
17	0
11	11
16	0
17	0
17	0
3	4
17	0
2	2
6	6
8	8
17	0
2	14
5	6
1	0
1	0
1	1
8	0
8	8
16	0
12	0
9	4
13	0
13	13
13	0
17	0
12	0
17	0
12	0
12	0
12	0
16	0
16	0
16	0
1	0
1	0
1	0
1	0
16	0
16	0
16	0
12	0
12	0
12	0
17	0
1	0
16	0
12	0
12	0
16	0
16	0
17	0
17	0
16	0
1	0
16	0
16	0
16	0
3	0
1	0
1	0
17	0
1	0
1	0
1	0
1	16
17	0
17	0
16	0
16	16
11	0
11	0
11	11
1	0
3	0
3	3
17	0
17	0
17	10
3	3
13	13
13	0
17	0
1	0
17	0
17	0
1	0
1	0
1	0
16	0
16	0
3	0
8	0
3	0
17	0
1	0
17	0
17	0
17	0
1	0
1	0
1	0
1	0
17	0
16	0
17	0
1	0
1	0
1	0
1	0
16	0
8	0
8	0
1	0
16	0
16	0
17	0
8	0
8	0
8	0
1	0
12	0
11	11
16	4
3	3
3	0
2	2
2	0
6	0
6	0
11	11
2	2
2	6
8	0
8	8
8	0
12	0
12	0
12	0
12	16
16	0
11	0
11	11
16	0
11	0
16	0
16	16
16	0
11	2
5	5
5	6
12	0
12	8
13	0
13	0
13	13
13	0
3	0
1	0
16	0
16	0
16	0
16	0
3	0
16	0
16	0
16	0
16	0
16	0
16	0
8	0
8	0
1	0
12	0
12	0
8	0
8	0
8	0
1	0
1	0
8	0
16	0
11	11
16	0
12	0
16	0
17	16
11	0
11	11
1	1
1	0
1	0
1	16
13	13
13	0
8	0
8	0
16	0
16	0
16	0
16	0
8	0
8	0
8	0
8	0
16	0
16	0
16	0
16	0
16	0
8	0
8	0
16	0
16	0
16	0
1	0
8	0
1	0
16	0
16	0
16	0
16	0
8	0
8	0
8	0
16	0
16	0
8	0
16	0
16	0
16	0
16	0
16	0
8	0
8	0
8	0
8	0
16	0
16	0
8	0
1	0
13	0
17	0
12	0
12	7
13	0
12	0
13	13
13	0
1	0
8	0
8	0
8	0
1	0
1	0
1	0
8	0
8	0
8	0
8	0
8	0
1	0
1	0
1	0
8	0
8	0
8	0
8	0
12	0
12	0
12	0
8	0
8	0
8	0
8	0
1	0
1	0
8	0
8	0
8	0
8	0
8	0
1	0
1	0
1	0
8	0
8	0
1	0
1	0
1	0
8	0
12	0
8	0
12	0
1	0
1	0
8	0
8	0
8	0
8	0
1	0
12	0
5	0
5	5
3	0
3	11
3	0
6	0
3	3
3	0
2	11
17	0
17	0
17	3
17	0
17	0
6	2
8	8
1	0
1	16
4	0
4	4
11	4
11	11
2	0
6	2
8	0
8	8
2	0
2	2
8	8
17	0
17	0
17	0
12	16
17	0
17	0
11	11
17	0
17	0
1	4
1	0
3	0
1	1
13	0
13	13
13	0
12	0
16	0
3	0
1	0
3	0
1	0
1	0
1	0
1	0
1	0
1	0
1	0
1	0
17	0
12	0
5	5
11	11
16	4
6	6
8	0
8	8
1	0
2	2
12	0
12	6
12	0
12	0
8	8
1	16
5	5
16	0
16	0
16	0
16	16
13	0
13	0
13	13
13	0
16	0
16	0
16	0
16	0
16	0
8	0
12	0
12	0
12	0
12	0
16	0
16	0
1	0
16	0
12	0
16	0
16	0
16	0
12	0
13	0
12	0
16	0
16	0
16	0
16	0
16	0
16	0
1	0
1	0
1	0
12	0
1	0
12	0
12	0
12	0
1	0
13	0
17	0
17	7
17	0
17	7
12	0
12	0
12	7
13	0
13	13
13	0
12	0
17	0
12	0
12	0
17	0
17	0
12	0
12	0
12	0
12	0
12	0
12	0
17	0
17	0
12	0
12	0
12	0
12	0
12	0
12	0
12	0
17	0
17	0
17	0
17	0
17	0
17	0
12	0
12	0
12	0
12	0
12	0
12	0
12	0
17	0
12	0
17	0
17	0
17	0
12	0
12	0
12	0
12	0
12	0
12	0
12	0
17	0
12	0
17	0
12	0
12	0
12	17
8	0
8	5
3	0
11	3
11	0
11	4
3	0
2	2
8	0
8	0
8	0
8	8
4	0
3	3
2	0
16	0
16	16
13	0
13	13
13	0
1	0
1	0
16	0
16	0
12	0
8	0
1	0
1	0
1	0
1	0
8	0
8	0
16	0
1	0
1	0
1	0
1	0
16	0
16	0
12	0
12	0
16	0
1	0
16	0
12	0
1	0
16	0
16	0
16	0
8	0
1	0
1	0
1	0
1	0
1	0
8	0
8	0
12	0
14	0
14	2
8	0
8	8
1	0
3	11
17	0
17	16
4	0
11	4
4	0
4	0
2	4
1	2
8	8
3	3
17	6
12	0
12	0
8	0
8	8
2	0
1	0
16	0
1	0
16	0
16	16
13	0
13	13
13	0
12	0
17	0
8	0
1	0
12	0
8	0
1	0
1	0
1	0
12	0
1	0
12	0
1	0
1	0
1	0
17	0
12	0
1	0
12	0
3	0
1	0
1	0
1	0
1	0
1	0
3	0
3	0
3	0
1	0
12	0
16	0
11	11
16	0
16	16
13	13
3	0
1	16
3	3
3	3
3	11
3	3
17	0
17	0
11	11
2	2
8	0
8	8
8	0
8	0
8	16
1	2
8	8
13	0
13	0
13	13
13	0
16	0
16	0
16	0
1	0
1	0
16	0
1	0
1	0
1	0
1	0
8	0
13	0
8	0
16	0
12	0
1	0
1	0
16	0
8	0
16	0
16	0
16	0
16	0
16	0
16	0
16	0
16	0
1	0
1	0
1	0
1	0
1	0
1	0
13	0
13	0
13	17
8	0
6	0
5	3
11	0
11	4
5	6
1	0
1	0
1	1
12	0
12	0
8	8
2	3
13	0
13	13
13	0
12	0
12	0
16	0
1	0
12	0
12	0
12	0
16	0
16	0
16	0
1	0
1	0
1	0
1	0
8	0
8	0
16	0
12	0
12	0
12	0
12	0
16	0
16	0
1	0
1	0
12	0
12	0
13	0
13	0
16	0
16	0
16	0
16	0
16	0
1	0
1	0
1	0
1	0
1	0
1	0
8	0
13	0
12	6
11	0
11	4
1	3
1	0
1	1
5	5
3	0
3	0
3	0
3	3
1	0
1	1
13	13
13	0
1	0
1	0
1	0
1	0
1	0
1	0
16	0
16	0
1	0
1	0
1	0
1	0
1	0
1	0
3	0
3	0
1	0
1	0
1	0
1	0
1	0
1	0
1	0
1	0
1	0
1	0
1	0
16	0
3	0
1	0
16	0
16	0
16	0
1	0
1	0
1	0
1	0
1	0
3	0
3	0
3	0
1	0
1	0
1	0
13	0
13	0
13	17
11	11
16	0
16	0
16	16
11	0
11	11
1	1
2	2
8	8
5	5
3	3
8	0
8	8
16	0
11	10
13	0
13	13
13	0
13	0
12	0
16	0
16	0
16	0
16	0
13	0
16	0
16	0
1	0
8	0
1	0
1	0
1	0
1	0
16	0
16	0
16	0
16	0
13	0
12	0
16	0
16	0
16	0
16	0
12	0
13	0
1	0
1	0
16	0
16	0
11	0
3	0
11	0
1	0
8	0
16	0
8	0
8	0
12	0
6	6
8	0
8	12
5	5
3	0
12	6
12	0
12	0
12	12
4	0
4	4
3	3
17	0
17	0
17	4
1	6
8	0
8	8
13	0
13	13
13	0
12	0
1	0
1	0
1	0
1	0
12	0
12	0
12	0
3	0
1	0
3	0
17	0
17	0
12	0
1	0
1	0
1	0
1	0
1	0
12	0
12	0
1	0
1	0
1	0
1	0
1	0
12	0
8	0
8	0
8	0
12	0
12	0
8	0
8	0
1	0
3	0
17	0
12	0
13	0
4	0
4	4
11	0
11	0
11	0
11	11
3	0
1	3
17	0
12	6
12	0
8	8
16	0
16	0
16	16
5	5
11	0
11	11
3	0
3	4
1	6
8	0
8	8
3	0
16	0
16	3
5	0
3	0
1	16
13	0
13	13
13	0
3	0
16	0
16	0
16	0
3	0
16	0
1	0
1	0
1	0
1	0
8	0
8	0
16	0
16	0
1	0
3	0
16	0
16	0
12	0
8	0
8	0
8	0
1	0
12	0
1	0
8	0
8	0
12	0
3	0
5	5
16	0
11	11
4	0
4	4
17	0
17	2
1	0
1	8
17	0
2	0
17	3
8	0
8	8
16	0
3	4
5	5
17	0
11	0
11	11
4	0
4	4
17	10
17	0
17	16
13	0
13	13
13	0
17	0
17	0
16	0
17	0
17	0
17	0
16	0
16	0
16	0
16	0
16	0
16	0
3	0
16	0
17	0
1	0
17	0
16	0
16	0
16	0
16	0
16	0
16	0
3	0
1	0
1	0
17	0
17	0
17	0
1	0
17	0
17	0
6	3
11	0
11	4
17	0
17	11
17	0
17	0
17	10
3	0
3	3
17	0
3	3
17	0
17	0
17	0
17	16
13	0
13	13
13	0
17	0
12	0
12	0
17	0
17	0
12	0
17	0
17	0
17	0
17	0
17	0
17	0
1	0
17	0
17	0
17	0
17	0
1	0
12	0
12	0
17	0
17	0
17	0
12	0
12	0
17	0
17	0
16	0
16	0
17	0
17	0
12	0
17	0
17	0
17	0
17	0
17	0
1	0
1	0
12	0
3	0
5	5
4	0
11	4
1	0
1	1
17	0
12	0
12	4
11	0
3	3
3	3
17	0
17	11
1	0
1	0
1	0
1	0
17	0
17	0
3	1
3	0
17	0
3	0
17	0
1	10
13	13
13	0
16	0
16	0
8	0
1	0
1	0
1	0
1	0
1	0
1	0
1	0
1	0
17	0
17	0
1	0
1	0
1	0
1	0
1	0
1	0
3	0
16	0
16	0
3	0
17	0
17	0
12	0
12	0
3	0
1	0
17	0
17	0
13	0
13	0
13	17
11	0
11	11
4	4
2	2
11	0
11	0
11	0
11	11
17	0
2	0
17	3
17	0
2	0
17	2
17	12
17	12
17	12
13	0
13	13
13	0
13	0
1	0
1	0
16	0
16	0
16	0
12	0
8	0
8	0
1	0
1	0
17	0
17	0
1	0
1	0
1	0
1	0
16	0
16	0
13	0
12	0
1	0
1	0
16	0
16	0
16	0
16	0
16	0
16	0
3	0
3	0
8	0
8	0
8	0
1	0
1	0
17	0
12	0
17	0
12	0
1	3
13	0
13	13
13	0
1	0
1	0
1	0
1	0
1	0
1	0
1	0
1	0
1	0
1	0
1	0
1	0
1	0
1	0
1	0
1	0
1	0
1	0
1	0
1	0
1	0
1	0
1	0
1	0
1	0
1	0
1	0
1	0
1	0
1	0
1	0
1	0
1	0
1	0
1	0
1	0
1	0
1	0
1	0
1	0
1	0
1	0
1	0
1	0
1	0
1	0
1	0
1	0
1	0
1	0
1	0
1	0
1	0
17	0
12	0
11	11
4	0
4	0
17	4
17	0
17	0
17	0
17	3
17	0
1	3
1	0
1	0
16	0
16	16
17	0
17	0
17	2
17	0
11	11
17	3
17	4
13	13
13	0
17	0
16	0
17	0
17	0
17	0
17	0
1	0
1	0
1	0
1	0
16	0
1	0
17	0
16	0
17	0
17	0
17	0
1	0
17	0
17	0
16	0
17	0
17	0
8	0
16	0
17	0
17	0
17	0
17	0
17	0
17	0
1	0
1	0
1	0
1	0
12	0
3	0
5	5
14	6
12	0
12	0
12	8
11	0
6	4
8	0
8	16
3	0
16	0
16	3
13	13
13	0
1	0
16	0
16	0
16	0
16	0
16	0
1	0
1	0
16	0
16	0
16	0
16	0
16	0
1	0
8	0
8	0
16	0
16	0
8	0
8	0
16	0
1	0
16	0
16	0
16	0
16	0
1	0
1	0
8	0
16	0
16	0
16	0
3	0
16	0
16	0
16	0
16	0
3	0
8	0
8	0
8	0
16	0
16	0
16	0
12	0
11	0
11	4
1	0
1	0
16	0
16	0
16	1
12	0
11	0
12	4
3	3
13	0
13	13
13	0
12	0
1	0
12	0
8	0
12	0
12	0
16	0
12	0
12	0
1	0
3	0
3	0
16	0
12	0
16	0
12	0
3	0
3	0
12	0
12	0
12	0
1	0
1	0
12	0
8	0
12	0
12	0
16	0
12	0
12	0
1	0
1	0
1	0
8	0
1	0
1	0
1	0
16	0
12	0
12	0
12	0
3	0
3	0
12	0
12	0
12	0
3	0
5	5
16	0
2	0
2	0
3	0
3	3
1	1
13	13
13	0
1	0
1	0
1	0
1	0
1	0
1	0
1	0
1	0
16	0
1	0
1	0
1	0
16	0
1	0
2	0
2	0
1	0
3	0
1	0
1	0
1	0
1	0
1	0
1	0
1	0
1	0
1	0
1	0
1	0
1	0
1	0
1	0
1	0
1	0
1	0
16	0
16	0
16	0
16	0
16	0
2	0
3	0
3	0
1	0
1	0
1	0
1	0
1	0
1	0
13	0
17	0
6	0
5	3
1	6
8	0
8	8
16	0
3	0
2	3
1	0
12	0
1	16
1	0
1	0
1	0
1	0
3	3
1	0
11	6
8	0
8	8
3	0
2	2
2	0
2	2
12	0
8	12
13	0
13	13
13	0
1	0
1	0
1	0
16	0
12	0
12	0
1	0
16	0
16	0
1	0
8	0
16	0
16	0
8	0
8	0
1	0
8	0
8	0
16	0
1	0
1	0
16	0
16	0
16	0
1	0
1	0
16	0
1	0
1	0
11	0
11	11
11	4
3	0
11	11
3	0
3	0
16	0
16	16
3	0
11	0
14	14
11	11
16	0
3	3
1	0
2	2
8	8
17	0
2	2
17	12
17	12
3	0
16	0
16	16
11	4
13	0
13	0
13	13
13	0
16	0
16	0
16	0
16	0
1	0
16	0
1	0
16	0
16	0
16	0
1	0
8	0
1	0
16	0
16	0
16	0
16	0
16	0
16	0
3	0
3	0
3	0
16	0
16	0
16	0
16	0
16	0
16	0
3	0
3	0
13	0
12	0
3	0
1	0
16	17
13	0
13	13
13	0
1	0
1	0
16	0
16	0
1	0
1	0
1	0
16	0
16	0
16	0
16	0
16	0
1	0
1	0
1	0
1	0
16	0
16	0
1	0
1	0
1	0
16	0
16	0
16	0
1	0
1	0
1	0
1	0
1	0
16	0
16	0
1	0
1	0
1	0
1	0
8	0
1	0
8	0
1	0
1	0
1	0
1	0
16	0
1	0
1	0
1	0
1	0
1	0
16	0
1	0
16	0
1	0
13	0
11	0
11	4
1	6
17	0
17	0
1	0
1	1
8	0
8	0
8	0
8	0
8	8
12	0
12	0
12	4
13	0
13	0
13	13
13	0
12	0
1	0
12	0
12	0
12	0
12	0
13	0
16	0
1	0
1	0
1	0
8	0
8	0
12	0
17	0
16	0
12	0
12	0
12	0
13	0
16	0
8	0
1	0
8	0
12	0
12	0
12	0
3	0
16	0
1	0
1	0
1	0
1	0
1	0
1	0
8	0
8	0
8	0
12	0
12	0
13	0
8	0
8	0
2	2
11	0
11	11
1	0
12	3
13	0
13	13
13	0
1	0
1	0
8	0
12	0
12	0
12	0
8	0
1	0
8	0
1	0
8	0
12	0
12	0
8	0
8	0
1	0
16	0
1	0
12	0
12	0
13	0
1	0
8	0
8	0
16	0
13	0
3	0
8	0
1	0
1	0
1	0
12	0
12	0
12	0
8	0
8	0
16	0
16	0
16	0
8	0
1	0
1	0
1	0
12	0
12	0
12	0
3	0
8	0
1	0
17	0
3	3
5	0
3	0
3	5
1	0
3	0
3	0
1	16
4	0
4	4
11	0
17	0
17	4
3	3
3	0
17	11
17	0
1	2
11	0
11	11
1	0
12	0
8	0
17	0
8	0
8	16
2	0
2	2
8	0
8	0
8	0
8	0
8	8
13	0
13	13
13	0
12	0
17	0
3	0
1	0
1	0
1	0
1	0
17	0
17	0
1	0
1	0
1	0
3	0
8	0
1	0
1	0
1	0
8	0
3	0
3	0
3	0
3	0
3	0
13	0
13	0
13	17
12	4
3	0
11	11
3	0
3	3
17	0
17	0
1	3
1	0
1	0
1	0
1	16
13	0
13	13
13	0
16	0
3	0
1	0
1	0
17	0
12	0
12	0
16	0
16	0
1	0
17	0
17	0
17	0
1	0
1	0
1	0
1	0
16	0
12	0
12	0
17	0
16	0
1	0
1	0
1	0
17	0
12	0
3	0
3	0
13	0
1	0
16	0
16	0
16	0
1	0
17	0
17	0
17	0
1	0
1	0
1	0
1	0
12	0
12	0
11	11
4	0
4	4
17	0
6	3
1	0
3	2
1	0
1	0
1	1
8	8
3	11
17	6
8	0
8	12
17	0
17	16
17	0
17	4
17	3
2	2
6	6
8	0
8	0
8	8
2	0
2	2
12	12
12	12
16	0
2	0
17	3
5	5
16	0
17	4
17	0
12	6
12	0
12	0
8	0
8	8
17	3
17	0
17	0
17	0
1	16
17	0
13	13
13	0
17	0
3	0
8	0
12	0
1	0
1	0
1	0
8	0
1	0
13	0
13	13
17	6
8	0
8	12
4	0
11	4
1	0
17	0
17	0
17	0
17	1
17	0
17	0
17	4
5	5
6	4
1	0
1	0
1	16
5	6
1	1
8	0
8	0
8	8
16	0
12	4
13	0
13	13
13	0
13	0
17	0
17	0
17	0
12	0
12	0
1	0
1	0
16	0
17	0
1	0
1	0
1	0
8	0
8	0
16	0
16	0
8	0
1	0
8	0
8	0
16	0
17	0
17	0
17	0
17	0
17	0
17	0
17	0
17	0
12	0
3	0
5	5
11	11
4	0
11	4
5	6
1	1
8	0
8	8
12	0
12	0
12	4
13	0
13	13
13	0
12	0
12	0
12	0
8	0
12	0
1	0
1	0
12	0
16	0
1	0
1	0
1	0
1	0
1	0
8	0
12	0
12	0
12	0
12	0
12	0
12	0
16	0
12	0
12	0
1	0
1	0
1	0
8	0
8	0
16	0
16	0
16	0
16	0
16	0
16	0
1	0
1	0
1	0
1	0
12	0
12	0
12	0
12	0
12	0
13	0
13	0
13	17
13	13
3	2
8	0
1	8
14	0
2	3
2	0
2	0
2	4
6	0
6	3
1	0
1	0
1	0
1	3
2	0
1	2
8	0
8	17
17	17
17	8
2	0
2	2
9	0
1	1
8	8
5	5
3	0
3	0
3	3
2	2
6	6
8	0
8	0
8	0
8	0
8	0
8	0
8	8
2	0
6	2
17	0
8	17
17	17
17	8
17	10
17	0
17	16
13	13
13	0
3	0
16	0
3	0
3	0
3	0
8	0
8	0
12	0
12	0
12	3
16	6
8	0
8	0
8	8
2	2
2	6
8	0
8	8
5	5
6	6
8	0
8	12
13	0
13	13
13	0
1	0
12	0
16	0
16	0
8	0
12	0
12	0
16	0
16	0
16	0
16	0
16	0
8	0
8	0
8	0
1	0
8	0
8	0
8	0
12	0
12	0
1	0
8	0
16	0
8	0
12	0
12	0
12	0
16	0
12	0
16	0
16	0
16	0
16	0
16	0
16	0
1	0
8	0
8	0
8	0
1	0
8	0
12	0
12	0
11	11
4	0
4	4
3	0
3	0
3	16
9	9
8	0
8	0
8	8
12	0
12	0
12	4
13	0
13	13
13	0
12	0
12	0
1	0
1	0
1	0
12	0
12	0
3	0
16	0
3	0
1	0
3	0
8	0
8	0
12	0
12	0
16	0
16	0
12	0
12	0
12	0
12	0
3	0
1	0
3	0
12	0
12	0
12	0
1	0
3	0
3	0
3	0
3	0
3	0
3	0
1	0
1	0
8	0
8	0
12	0
12	0
16	0
17	0
11	0
11	4
3	0
3	5
17	1
17	0
17	0
17	0
12	4
13	0
13	13
13	0
16	0
12	0
12	0
12	0
17	0
17	0
17	0
17	0
17	0
17	0
1	0
1	0
16	0
17	0
17	0
17	0
17	0
17	0
17	0
12	0
17	0
16	0
16	0
1	0
12	0
17	0
17	0
17	0
17	0
17	0
17	0
17	0
12	0
16	0
16	0
16	0
16	0
17	0
17	0
17	0
17	0
17	0
17	0
17	0
12	0
17	0
16	0
12	0
11	4
1	3
12	0
12	0
8	8
16	0
16	16
13	0
13	13
13	0
17	0
1	0
1	0
16	0
17	0
17	0
16	0
16	0
16	0
16	0
16	0
16	0
17	0
16	0
16	0
16	0
16	0
16	0
16	0
12	0
17	0
17	0
16	0
16	0
16	0
16	0
16	0
16	0
16	0
16	0
16	0
12	0
16	0
17	0
16	0
16	0
16	0
1	0
1	0
8	0
16	0
16	0
16	0
12	0
17	0
17	0
16	0
16	0
16	0
13	0
11	4
11	0
6	3
17	0
2	2
9	0
9	8
1	0
2	2
8	0
8	8
2	3
17	0
12	8
17	0
12	0
12	0
12	4
13	13
13	0
3	0
1	0
17	0
12	0
16	0
1	0
16	0
1	0
8	0
1	0
1	0
1	0
1	0
1	0
17	0
17	0
12	0
12	0
12	0
1	0
8	0
8	0
1	0
17	0
16	0
16	0
16	0
16	0
8	0
8	0
1	0
8	0
1	0
1	0
1	0
1	0
1	0
1	0
1	0
13	0
13	0
13	17
3	2
8	0
8	8
4	0
4	0
2	4
6	0
6	3
3	0
3	3
17	0
5	5
3	0
3	0
3	3
6	6
6	0
3	0
1	1
8	8
8	0
12	0
8	0
8	16
13	0
13	13
13	0
1	0
8	0
8	0
8	0
8	0
8	0
1	0
8	0
8	0
8	0
8	0
3	0
1	0
1	0
8	0
1	0
8	0
1	0
1	0
1	0
1	0
16	0
16	0
3	0
3	0
8	0
8	0
8	0
8	0
8	0
12	0
5	5
3	0
2	2
8	0
8	8
16	0
2	0
12	4
4	0
3	3
2	0
6	0
6	2
8	0
8	8
13	0
13	13
13	0
12	0
16	0
16	0
16	0
8	0
8	0
12	0
16	0
16	0
16	0
16	0
16	0
16	0
1	0
1	0
1	0
8	0
8	0
16	0
12	0
12	0
1	0
16	0
16	0
16	0
8	0
8	0
12	0
3	0
3	0
16	0
16	0
16	0
16	0
16	0
16	0
16	0
16	0
1	0
1	0
1	0
12	0
12	0
11	6
1	11
4	0
4	4
11	0
11	3
3	0
3	1
2	0
2	0
2	0
11	2
8	0
8	0
8	0
8	8
2	2
12	12
13	0
13	13
13	0
12	0
3	0
1	0
1	0
12	0
16	0
1	0
8	0
8	0
1	0
1	0
8	0
8	0
8	0
1	0
8	0
1	0
12	0
16	0
12	0
8	0
8	0
1	0
12	0
12	0
1	0
8	0
8	0
3	0
8	0
8	0
8	0
8	0
8	0
1	0
1	0
1	0
12	0
12	0
12	6
8	11
4	0
4	4
6	0
6	3
12	0
12	0
12	8
13	0
13	13
13	0
12	0
1	0
8	0
1	0
12	0
12	0
12	0
8	0
8	0
8	0
1	0
1	0
3	0
8	0
8	0
8	0
8	0
1	0
12	0
12	0
12	0
12	0
8	0
1	0
12	0
12	0
12	0
8	0
8	0
8	0
12	0
1	0
12	0
12	0
1	0
8	0
8	0
3	0
8	0
8	0
8	0
8	0
1	0
12	0
12	0
12	0
12	0
5	5
16	0
11	11
5	5
1	6
11	0
11	11
4	0
4	4
17	0
6	3
2	0
1	0
1	2
8	0
8	0
8	8
2	2
1	6
12	0
8	0
12	0
8	0
8	8
5	5
16	0
16	4
17	0
11	3
3	0
3	10
1	0
1	0
1	0
1	0
1	16
13	0
13	13
13	0
1	0
1	0
1	0
16	0
1	0
1	0
12	0
16	0
16	0
1	0
1	0
1	0
8	0
8	0
1	0
3	0
8	0
1	0
8	0
1	0
13	0
13	0
13	17
3	0
8	0
8	0
1	0
3	3
4	0
2	4
11	0
6	3
3	0
3	3
1	3
1	1
17	0
17	8
17	0
17	0
12	4
13	0
13	13
13	0
13	0
12	0
17	0
12	0
16	0
12	0
16	0
8	0
8	0
8	0
1	0
1	0
1	0
1	0
17	0
17	0
17	0
17	0
17	0
13	0
12	0
17	0
17	0
17	0
1	0
1	0
1	0
1	0
8	0
16	0
16	0
3	0
8	0
8	0
8	0
8	0
13	0
17	0
2	2
9	0
9	8
16	0
17	2
1	0
17	8
13	0
13	13
13	0
17	0
17	0
17	0
16	0
17	0
17	0
17	0
17	0
1	0
1	0
1	0
17	0
17	0
17	0
16	0
17	0
1	0
1	0
1	0
17	0
12	0
17	0
17	0
17	0
1	0
12	0
17	0
17	0
1	0
1	0
1	0
1	0
17	0
12	0
17	0
17	0
16	0
8	0
8	0
8	0
1	0
1	0
17	0
17	0
17	0
12	0
17	0
17	0
13	0
13	0
13	17
12	4
12	0
6	3
4	0
3	3
6	6
3	0
3	0
1	1
8	0
8	0
8	8
1	0
16	0
8	0
8	16
13	0
13	13
13	0
12	0
16	0
16	0
16	0
8	0
12	0
12	0
16	0
1	0
1	0
1	0
1	0
1	0
1	0
1	0
1	0
1	0
16	0
16	0
13	0
12	0
1	0
1	0
16	0
16	0
13	0
16	0
16	0
16	0
16	0
16	0
8	0
8	0
1	0
1	0
1	0
1	0
1	0
12	0
5	5
3	0
2	2
8	0
8	8
4	0
2	4
12	0
12	0
12	0
12	1
12	0
12	0
12	4
13	13
13	0
1	0
8	0
8	0
8	0
1	0
8	0
8	0
8	0
1	0
8	0
8	0
12	0
1	0
8	0
8	0
12	0
12	0
8	0
8	0
12	0
8	0
8	0
12	0
8	0
8	0
1	0
8	0
1	0
8	0
8	0
8	0
3	0
1	0
1	0
8	0
16	0
12	0
1	0
8	0
8	0
12	0
12	0
12	0
13	0
13	0
13	17
3	2
8	0
8	8
4	0
4	0
4	4
11	11
1	3
11	0
11	0
11	1
1	0
1	0
1	0
1	0
16	0
16	16
13	0
13	13
13	0
12	0
16	0
3	0
16	0
16	0
16	0
16	0
3	0
1	0
1	0
8	0
1	0
1	0
1	0
1	0
1	0
16	0
16	0
16	0
13	0
16	0
3	0
16	0
16	0
16	0
1	0
1	0
1	0
3	0
3	0
3	0
3	0
3	0
1	0
1	0
8	0
1	0
12	0
4	0
4	4
8	0
8	3
16	0
1	0
1	0
4	16
1	0
1	0
3	0
1	16
13	0
13	13
13	0
12	0
1	0
16	0
16	0
12	0
16	0
12	0
1	0
1	0
16	0
16	0
16	0
8	0
8	0
8	0
1	0
16	0
16	0
12	0
12	0
1	0
16	0
16	0
16	0
16	0
12	0
16	0
12	0
1	0
8	0
8	0
16	0
1	0
8	0
8	0
16	0
16	0
8	0
1	0
1	0
1	0
16	0
16	0
12	0
13	0
4	4
16	0
6	3
2	0
2	0
6	2
8	0
8	0
8	8
3	0
2	2
8	0
8	0
8	8
13	0
13	13
13	0
3	0
16	0
1	0
8	0
12	0
12	0
12	0
16	0
16	0
1	0
1	0
8	0
8	0
8	0
1	0
1	0
16	0
16	0
8	0
12	0
1	0
16	0
1	0
1	0
8	0
12	0
12	0
3	0
3	0
16	0
16	0
8	0
8	0
1	0
1	0
1	0
8	0
8	0
3	0
1	0
1	0
1	0
12	0
5	5
11	6
11	4
11	0
11	11
2	0
6	3
8	0
8	0
8	0
8	0
8	8
16	0
16	0
16	16
13	0
13	13
13	0
12	0
16	0
1	0
8	0
16	0
8	0
12	0
16	0
1	0
1	0
1	0
8	0
8	0
1	0
16	0
16	0
16	0
16	0
16	0
12	0
12	0
1	0
1	0
1	0
8	0
8	0
12	0
12	0
16	0
16	0
8	0
16	0
1	0
1	0
1	0
1	0
8	0
8	0
16	0
16	0
16	0
12	0
4	0
4	4
9	9
8	8
8	0
8	0
8	8
13	13
5	6
1	0
1	0
1	0
1	0
1	1
8	0
8	8
5	5
8	0
8	0
8	0
8	8
16	0
12	4
13	0
13	13
13	0
12	0
16	0
16	0
16	0
3	0
1	0
16	0
16	0
16	0
8	0
16	0
12	0
1	0
16	0
12	0
16	0
16	0
16	0
16	0
3	0
16	0
16	0
1	0
8	0
8	0
16	0
16	0
1	0
1	0
1	0
1	0
1	0
1	0
12	0
12	0
12	0
12	7
13	0
13	13
13	0
12	0
12	0
12	0
12	0
12	0
12	0
1	0
1	0
16	0
12	0
12	0
12	0
12	0
12	0
1	0
1	0
12	0
12	0
12	0
12	0
12	0
12	0
12	0
12	0
12	0
12	0
1	0
1	0
1	0
12	0
12	0
12	0
12	0
12	0
12	0
1	0
1	0
12	0
12	0
12	0
1	0
12	0
12	0
12	0
12	0
12	0
1	0
1	0
12	0
12	0
12	0
1	0
1	0
13	0
8	0
8	0
8	3
16	0
16	0
16	16
11	0
11	11
3	0
3	3
3	0
1	1
13	0
13	13
13	0
1	0
1	0
8	0
3	0
16	0
16	0
3	0
3	0
16	0
16	0
16	0
16	0
16	0
3	0
3	0
3	0
1	0
1	0
1	0
12	0
12	0
1	0
1	0
1	0
16	0
16	0
3	0
3	0
3	0
1	0
1	0
16	0
16	0
8	0
16	0
16	0
16	0
16	0
3	0
3	0
3	0
1	0
1	0
1	0
17	0
17	0
12	3
17	0
2	16
17	0
6	3
11	0
3	3
1	0
12	2
8	0
8	8
13	0
13	13
13	0
17	0
17	0
8	0
8	0
12	0
17	0
17	0
1	0
16	0
16	0
16	0
8	0
8	0
1	0
1	0
1	0
8	0
8	0
12	0
17	0
17	0
1	0
17	0
8	0
8	0
8	0
17	0
17	0
1	0
16	0
16	0
17	0
17	0
16	0
16	0
8	0
8	0
8	0
1	0
1	0
1	0
1	0
8	0
12	0
13	0
13	0
13	17
17	0
11	11
17	0
17	0
17	16
3	0
17	0
3	3
16	0
16	0
16	1
13	0
11	0
14	14
11	0
11	11
3	0
11	3
17	0
6	3
17	0
17	0
17	16
17	16
17	3
13	0
13	13
13	0
16	0
3	0
16	0
16	0
13	0
16	0
16	0
16	0
3	0
16	0
3	0
17	0
17	0
17	0
17	0
17	0
1	0
16	0
16	0
16	0
17	0
16	0
16	0
1	0
3	0
3	0
1	0
16	0
16	0
17	0
4	0
4	4
3	3
3	0
17	3
1	0
1	1
8	0
8	0
8	8
16	0
16	0
17	16
1	0
1	0
1	16
2	3
13	0
13	13
13	0
17	0
17	0
1	0
1	0
1	0
12	0
17	0
1	0
1	0
8	0
17	0
17	0
17	0
17	0
17	0
17	0
1	0
1	0
12	0
12	0
17	0
1	0
1	0
1	0
1	0
12	0
17	0
17	0
17	0
1	0
1	0
1	0
1	0
8	0
8	0
8	0
17	0
17	0
17	0
17	0
11	11
4	0
17	0
17	4
17	0
17	11
17	0
17	3
1	0
1	0
1	0
16	16
13	0
13	13
13	0
17	0
17	0
17	0
17	0
17	0
17	0
17	0
17	0
17	0
17	0
17	0
17	0
17	0
17	0
1	0
1	0
16	0
16	0
17	0
17	0
17	0
17	0
17	0
16	0
17	0
17	0
17	0
1	0
17	0
17	0
17	0
17	0
17	0
17	0
17	0
17	0
17	0
1	0
1	0
1	0
1	0
16	0
16	0
17	0
12	0
12	12
4	0
4	0
4	4
3	0
17	0
17	0
1	3
3	3
16	0
1	1
13	0
13	13
13	0
12	0
16	0
16	0
16	0
12	0
17	0
3	0
8	0
8	0
1	0
1	0
3	0
1	0
17	0
1	0
1	0
16	0
16	0
16	0
12	0
12	0
16	0
1	0
16	0
1	0
12	0
17	0
12	0
1	0
8	0
1	0
1	0
8	0
3	0
16	0
3	0
3	0
17	0
1	0
1	0
1	0
16	0
16	0
8	0
12	0
12	0
3	0
5	5
16	0
11	11
16	0
16	16
3	3
4	0
3	3
3	2
2	0
2	0
3	3
3	0
3	0
1	16
2	2
8	0
8	0
8	8
16	0
16	0
17	16
17	0
6	0
17	16
13	0
13	13
13	0
12	0
16	0
16	0
1	0
1	0
16	0
16	0
16	0
16	0
1	0
16	0
8	0
16	0
16	0
16	0
16	0
1	0
16	0
16	0
16	0
16	0
16	0
16	0
16	0
1	0
1	0
1	0
1	0
3	0
1	0
12	0
12	0
12	0
12	7
13	0
13	13
13	0
12	0
12	0
12	0
12	0
12	0
12	0
1	0
1	0
16	0
12	0
12	0
12	0
12	0
12	0
1	0
1	0
12	0
12	0
12	0
12	0
12	0
12	0
12	0
12	0
12	0
12	0
1	0
1	0
1	0
12	0
12	0
12	0
12	0
12	0
12	0
1	0
1	0
12	0
12	0
12	0
1	0
12	0
12	0
12	0
12	0
12	0
1	0
1	0
12	0
12	0
12	0
1	0
1	0
17	0
1	0
17	0
17	0
17	16
17	0
3	3
13	13
13	0
1	0
1	0
1	0
1	0
1	0
1	0
1	0
1	0
16	0
17	0
17	0
1	0
1	0
1	0
1	0
17	0
17	0
17	0
17	0
1	0
1	0
1	0
1	0
1	0
1	0
1	0
1	0
17	0
1	0
17	0
1	0
1	0
1	0
1	0
1	0
1	0
8	0
1	0
1	0
17	0
17	0
17	0
17	0
1	0
1	0
1	0
1	0
1	0
1	0
1	0
1	0
13	0
2	4
3	3
3	6
1	0
1	0
1	0
1	0
1	1
8	8
3	0
3	3
13	0
13	13
13	0
17	0
1	0
1	0
1	0
13	0
1	0
1	0
1	0
16	0
1	0
1	0
1	0
1	0
1	0
1	0
1	0
16	0
16	0
12	0
13	0
17	0
16	0
1	0
1	0
1	0
12	0
1	0
1	0
1	0
16	0
1	0
1	0
1	0
1	0
1	0
1	0
1	0
1	0
1	0
1	0
16	0
16	0
1	0
3	0
12	0
13	0
13	0
13	17
11	11
4	0
11	4
5	6
8	0
8	8
2	2
1	0
1	0
1	6
1	0
1	0
1	1
8	0
8	8
13	0
13	0
13	13
13	0
13	0
1	0
1	0
1	0
16	0
13	0
13	0
1	0
1	0
1	0
1	0
1	0
1	0
1	0
1	0
1	0
8	0
1	0
13	0
13	0
1	0
1	0
1	0
16	0
13	0
13	0
1	0
1	0
1	0
1	0
1	0
1	0
1	0
1	0
1	0
1	0
1	0
1	0
13	0
12	4
3	3
1	1
2	2
11	0
11	0
6	6
8	0
8	0
12	0
8	0
8	8
13	0
13	13
13	0
12	0
16	0
16	0
8	0
12	0
16	0
16	0
16	0
16	0
8	0
8	0
8	0
8	0
1	0
8	0
8	0
8	0
8	0
12	0
12	0
12	0
16	0
8	0
8	0
1	0
8	0
1	0
16	0
1	0
16	0
16	0
16	0
16	0
1	0
1	0
8	0
1	0
1	0
1	0
8	0
8	0
8	0
8	0
12	0
13	0
3	3
4	0
11	4
11	11
3	0
3	3
2	0
3	0
1	16
1	0
1	0
1	1
8	0
8	0
8	8
13	0
13	13
13	0
3	0
3	0
1	0
1	0
8	0
8	0
1	0
16	0
3	0
3	0
1	0
3	0
1	0
1	0
1	0
1	0
1	0
8	0
8	0
12	0
12	0
1	0
1	0
1	0
16	0
8	0
12	0
3	0
3	0
16	0
16	0
16	0
3	0
3	0
3	0
1	0
3	0
1	0
1	0
1	0
1	0
13	0
13	0
13	17
8	0
8	0
8	16
16	0
11	0
11	11
1	3
2	3
13	0
13	13
13	0
12	0
16	0
16	0
1	0
13	0
16	0
16	0
16	0
16	0
1	0
1	0
1	0
16	0
16	0
16	0
16	0
1	0
1	0
1	0
13	0
13	0
12	0
16	0
1	0
12	0
13	0
16	0
16	0
16	0
16	0
16	0
1	0
12	0
16	0
1	0
16	0
16	0
16	0
16	0
16	0
16	0
1	0
1	0
1	0
13	0
13	0
12	0
3	0
12	0
16	0
16	0
16	16
3	0
11	0
3	0
3	3
1	0
3	3
17	0
12	11
2	3
17	0
13	13
13	0
12	0
8	0
12	0
12	0
12	0
12	0
12	0
12	0
1	0
1	0
1	0
1	0
3	0
1	0
1	0
1	0
1	0
12	0
12	0
12	0
12	0
1	0
1	0
1	0
12	0
12	0
12	0
12	0
3	0
3	0
16	0
16	0
16	0
16	0
1	0
1	0
1	0
3	0
1	0
1	0
17	0
1	0
13	0
2	0
5	5
8	8
4	4
8	8
3	0
17	0
3	16
3	3
17	0
17	0
1	3
3	3
1	0
1	0
1	0
1	1
8	0
8	0
8	0
8	0
8	0
8	8
13	0
13	13
13	0
16	0
16	0
8	0
1	0
1	0
1	0
1	0
1	0
1	0
1	0
1	0
1	0
1	0
1	0
1	0
8	0
16	0
16	0
16	0
1	0
1	0
1	0
8	0
1	0
1	0
12	0
3	0
3	0
1	0
1	0
1	0
1	0
1	0
12	0
11	0
11	11
16	0
16	0
16	16
5	0
3	3
1	0
11	0
1	1
2	2
8	0
8	0
8	8
13	0
13	13
13	0
1	0
17	0
17	0
1	0
1	0
12	0
12	0
12	0
1	0
16	0
1	0
1	0
1	0
1	0
1	0
1	0
8	0
8	0
8	0
12	0
1	0
1	0
16	0
1	0
1	0
1	0
12	0
12	0
16	0
17	0
16	0
16	0
16	0
17	0
3	0
1	0
1	0
1	0
1	0
1	0
1	0
8	0
13	0
13	0
13	17
3	11
17	4
1	3
3	3
3	0
1	6
12	0
12	0
8	8
17	0
12	4
2	2
3	0
11	0
11	11
13	0
13	0
13	13
13	0
16	0
16	0
1	0
16	0
8	0
12	0
13	0
1	0
17	0
16	0
17	0
17	0
16	0
8	0
8	0
12	0
8	0
1	0
12	0
13	0
16	0
1	0
8	0
8	0
12	0
13	0
16	0
16	0
16	0
1	0
1	0
1	0
1	0
17	0
16	0
17	0
17	0
16	0
13	0
13	0
13	17
11	0
11	11
4	4
17	3
2	2
12	12
12	12
17	0
12	0
12	0
12	4
13	0
13	13
13	0
13	0
3	0
16	0
1	0
1	0
17	0
13	0
17	0
16	0
16	0
1	0
1	0
1	0
17	0
17	0
17	0
17	0
17	0
17	0
13	0
17	0
12	0
16	0
16	0
1	0
1	0
1	0
16	0
16	0
16	0
13	0
16	0
16	0
16	0
16	0
17	0
1	0
17	0
17	0
12	0
17	0
17	0
17	0
13	0
3	0
3	0
3	3
3	6
6	0
1	0
1	1
8	0
8	8
13	13
13	0
1	0
1	0
8	0
16	0
16	0
1	0
1	0
1	0
1	0
1	0
8	0
8	0
16	0
1	0
1	0
1	0
1	0
8	0
8	0
8	0
1	0
1	0
16	0
16	0
8	0
1	0
1	0
1	0
1	0
1	0
1	0
8	0
8	0
1	0
3	0
16	0
16	0
3	0
3	0
1	0
1	0
1	0
8	0
8	0
8	0
1	0
1	0
3	0
13	0
12	3
17	0
16	0
12	1
5	5
2	6
8	0
8	0
8	0
8	0
8	0
8	8
13	13
11	0
11	4
1	0
1	0
1	16
17	0
1	3
13	13
13	0
13	13
13	0
17	0
17	0
16	0
1	0
12	0
8	0
8	0
8	0
16	0
16	0
16	0
1	0
16	0
17	0
1	0
1	0
1	0
1	0
8	0
12	0
17	0
1	0
1	0
17	0
12	0
12	0
1	0
1	0
1	0
1	0
8	0
8	0
8	0
16	0
16	0
12	0
3	4
2	2
17	0
6	6
17	0
8	0
8	8
12	0
12	0
12	0
12	4
13	0
13	13
13	0
12	0
16	0
12	0
1	0
12	0
12	0
16	0
16	0
16	0
1	0
1	0
1	0
16	0
16	0
16	0
16	0
12	0
16	0
12	0
12	0
12	0
1	0
12	0
12	0
12	0
12	0
16	0
16	0
16	0
12	0
16	0
8	0
8	0
8	0
1	0
1	0
1	0
16	0
17	0
16	0
16	0
16	0
12	0
12	0
12	0
12	0
5	5
4	0
4	4
3	0
3	11
16	0
16	0
16	16
2	0
2	2
8	0
8	8
13	0
13	13
13	0
12	0
8	0
16	0
8	0
3	0
3	0
12	0
3	0
3	0
8	0
1	0
8	0
8	0
8	0
1	0
8	0
8	0
16	0
8	0
12	0
12	0
1	0
8	0
16	0
16	0
12	0
16	0
12	0
3	0
1	0
16	0
3	0
3	0
4	0
8	0
3	0
1	0
8	0
3	0
1	0
1	0
8	0
16	0
8	0
17	0
3	0
5	5
3	11
4	0
11	4
17	0
17	0
17	10
1	0
1	0
1	1
17	0
12	0
12	4
13	0
13	13
13	0
17	0
16	0
17	0
17	0
17	0
12	0
12	0
16	0
16	0
17	0
17	0
17	0
1	0
1	0
17	0
17	0
17	0
17	0
12	0
12	0
12	0
17	0
16	0
17	0
17	0
12	0
12	0
12	0
16	0
16	0
16	0
16	0
3	0
17	0
17	0
1	0
1	0
1	0
1	0
17	0
17	0
17	0
12	0
4	0
4	4
12	0
3	3
2	0
2	2
1	6
8	0
8	0
8	8
1	6
8	0
8	8
12	0
12	0
12	0
12	0
12	8
16	0
16	0
1	16
1	0
1	0
16	16
13	13
13	0
1	0
1	0
1	0
8	0
1	0
1	0
1	0
1	0
1	0
1	0
1	0
1	0
3	0
1	0
1	0
8	0
1	0
16	0
16	0
3	0
3	0
3	0
3	0
1	0
1	0
1	0
1	0
8	0
8	0
1	0
1	0
1	0
1	0
13	0
5	0
5	5
11	0
11	11
16	0
16	4
1	3
16	0
11	6
3	0
1	0
1	1
8	0
8	0
8	0
8	8
12	0
12	4
12	0
16	0
2	3
13	0
13	13
13	0
16	0
3	0
16	0
16	0
16	0
16	0
16	0
1	0
1	0
1	0
16	0
16	0
16	0
16	0
1	0
16	0
16	0
1	0
16	0
12	0
16	0
16	0
16	0
16	0
16	0
16	0
16	0
16	0
16	0
16	0
1	0
1	0
1	0
1	0
1	0
13	0
12	0
12	0
12	0
12	0
12	8
4	0
4	4
3	0
3	0
1	0
1	3
3	0
2	0
2	3
13	0
13	13
13	0
12	0
8	0
8	0
1	0
1	0
8	0
12	0
8	0
8	0
8	0
1	0
3	0
1	0
1	0
1	0
1	0
1	0
1	0
8	0
12	0
12	0
1	0
8	0
1	0
3	0
8	0
12	0
12	0
1	0
12	0
12	0
12	0
8	0
8	0
1	0
3	0
1	0
1	0
1	0
1	0
1	0
1	0
12	0
5	5
3	0
3	3
16	0
11	6
1	0
1	1
8	8
13	13
13	0
1	0
1	0
1	0
16	0
16	0
16	0
16	0
16	0
16	0
16	0
1	0
16	0
16	0
16	0
16	0
16	0
16	0
1	0
1	0
16	0
16	0
1	0
1	0
16	0
16	0
16	0
16	0
16	0
16	0
1	0
1	0
1	0
16	0
16	0
16	0
16	0
17	0
17	0
1	0
16	0
16	0
16	0
1	0
1	0
16	0
1	0
1	0
1	0
1	0
12	0
2	2
6	0
6	0
11	11
16	0
16	16
3	3
1	0
1	11
5	5
3	11
11	4
3	3
12	0
12	0
8	8
13	0
13	13
13	0
1	0
1	0
1	0
8	0
8	0
8	0
12	0
16	0
1	0
1	0
1	0
16	0
16	0
16	0
1	0
1	0
8	0
8	0
8	0
12	0
1	0
1	0
1	0
1	0
8	0
12	0
12	0
16	0
1	0
8	0
8	0
8	0
1	0
1	0
1	0
1	0
16	0
16	0
16	0
16	0
13	0
13	0
13	17
12	0
12	6
12	0
12	0
1	1
8	0
12	8
4	0
11	4
11	0
3	0
3	3
3	0
1	0
1	3
3	3
3	0
1	0
1	1
5	5
17	0
12	6
12	0
17	0
17	0
8	17
17	17
12	17
13	0
13	13
13	0
13	0
1	0
12	0
16	0
13	0
1	0
1	0
1	0
1	0
1	0
17	0
1	0
1	0
1	0
1	0
1	0
12	0
12	0
12	0
1	0
1	0
16	0
16	0
16	0
3	0
3	0
12	0
12	0
12	17
11	11
11	4
3	0
3	5
16	0
16	0
16	3
3	0
3	0
3	3
6	0
1	0
1	1
8	0
8	0
8	0
8	0
8	8
13	0
13	13
13	0
12	0
12	0
12	0
12	0
12	0
12	0
12	0
1	0
1	0
1	0
1	0
8	0
1	0
1	0
1	0
8	0
8	0
8	0
8	0
12	0
12	0
12	0
8	0
12	0
12	0
16	0
16	0
16	0
3	0
3	0
3	0
3	0
1	0
3	0
1	0
1	0
8	0
5	5
17	0
11	6
16	0
17	0
1	1
8	0
8	0
8	0
8	8
13	0
13	13
13	0
12	0
12	0
8	0
12	0
12	0
12	0
1	0
16	0
8	0
16	0
16	0
17	0
16	0
1	0
1	0
8	0
8	0
8	0
8	0
12	0
12	0
16	0
16	0
8	0
12	0
12	0
1	0
1	0
8	0
8	0
8	0
8	0
8	0
16	0
16	0
16	0
16	0
16	0
1	0
8	0
8	0
8	0
8	0
12	0
12	0
12	0
17	0
4	4
17	0
2	2
17	17
17	17
17	17
12	0
12	0
9	4
17	0
13	13
13	0
12	0
12	0
16	0
1	0
12	0
17	0
17	0
16	0
16	0
12	0
16	0
12	0
17	0
17	0
17	0
17	0
12	0
12	0
12	0
12	0
12	0
12	0
17	0
1	0
12	0
12	0
17	0
16	0
16	0
16	0
12	0
16	0
12	0
17	0
16	0
17	0
1	0
1	0
17	0
17	0
12	0
12	0
12	0
12	0
12	0
12	0
12	0
12	0
3	0
17	0
3	3
1	0
11	6
17	0
17	0
17	1
13	13
1	0
1	1
8	8
13	0
13	13
13	0
12	0
1	0
16	0
17	0
12	0
17	0
12	0
16	0
16	0
16	0
17	0
17	0
17	0
17	0
1	0
1	0
1	0
8	0
12	0
12	0
16	0
16	0
1	0
16	0
17	0
8	0
17	0
12	0
16	0
16	0
16	0
16	0
16	0
16	0
16	0
17	0
17	0
1	0
1	0
1	0
1	0
8	0
8	0
12	0
12	0
3	0
3	0
14	0
14	14
11	0
11	11
16	0
16	0
16	3
3	0
3	3
6	0
6	6
8	8
2	2
8	8
4	4
13	13
13	0
1	0
1	0
1	0
1	0
1	0
16	0
1	0
16	0
3	0
16	0
3	0
3	0
3	0
1	0
8	0
1	0
1	0
1	0
16	0
1	0
1	0
3	0
1	0
1	0
16	0
16	0
3	0
1	0
16	0
14	0
16	0
16	0
16	0
3	0
3	0
3	0
3	0
3	0
1	0
8	0
13	0
13	0
13	17
12	11
4	0
4	4
17	3
17	0
2	2
12	12
12	0
12	0
12	0
12	12
17	0
8	12
17	0
17	0
12	4
13	0
13	13
13	0
13	0
12	0
17	0
12	0
17	0
12	0
13	0
1	0
17	0
12	0
17	0
12	0
17	0
1	0
12	0
17	0
12	0
17	0
12	0
13	0
17	0
17	0
12	0
17	0
17	0
13	0
1	0
3	0
8	0
3	0
3	0
1	0
1	0
12	0
12	0
17	0
12	0
17	0
13	0
3	0
11	11
4	0
11	4
6	0
6	6
8	0
8	8
3	11
17	0
12	6
12	0
17	0
8	8
2	0
2	0
2	0
11	2
12	0
12	0
12	0
12	0
12	12
8	0
8	8
2	2
13	13
17	17
17	17
17	17
17	17
17	0
17	8
13	13
2	0
16	0
16	0
16	16
13	0
13	13
13	0
3	0
16	0
1	0
1	0
1	0
16	0
3	0
16	0
16	0
3	0
1	0
17	0
3	0
17	0
1	0
12	0
12	0
8	0
13	0
11	0
11	4
3	3
3	0
3	0
3	0
3	3
1	0
1	0
1	0
1	0
1	0
1	1
12	0
12	0
12	4
13	0
13	13
13	0
12	0
12	0
12	0
12	0
12	0
12	0
12	0
16	0
1	0
1	0
1	0
1	0
1	0
1	0
12	0
12	0
12	0
12	0
12	0
12	0
12	0
12	0
12	0
12	0
12	0
12	0
12	0
16	0
16	0
16	0
16	0
3	0
1	0
1	0
1	0
1	0
1	0
1	0
1	0
17	0
17	0
17	4
17	0
3	3
17	0
17	0
17	10
3	3
17	0
17	0
17	0
17	0
17	0
1	16
5	5
1	2
8	8
13	13
13	0
17	0
1	0
1	0
17	0
1	0
1	0
17	0
17	0
17	0
17	0
1	0
17	0
17	0
17	0
1	0
1	0
1	0
1	0
1	0
1	0
17	0
17	0
1	0
1	0
1	0
1	0
1	0
17	0
17	0
17	0
17	0
17	0
17	0
17	0
17	0
17	0
17	0
17	0
17	0
17	0
17	0
12	0
3	0
3	0
3	3
11	0
11	4
1	0
11	6
1	6
8	0
8	8
2	2
2	6
8	0
8	0
8	0
8	8
1	0
1	0
1	0
1	0
1	0
1	0
1	0
16	16
16	0
3	4
13	0
13	13
13	0
12	0
1	0
1	0
16	0
8	0
12	0
16	0
8	0
16	0
16	0
16	0
16	0
1	0
1	0
16	0
16	0
16	0
16	0
16	0
16	0
16	0
16	0
1	0
1	0
1	0
8	0
8	0
1	0
1	0
8	0
12	0
5	5
16	0
2	2
6	6
8	0
8	8
13	0
6	4
1	6
8	0
8	8
1	0
12	4
5	5
12	0
12	2
12	0
12	8
12	6
13	13
17	0
17	0
16	0
2	1
8	8
2	2
12	12
12	12
13	13
13	0
13	17
11	11
4	0
4	0
4	0
4	4
3	0
11	3
3	3
3	0
3	3
1	0
2	0
2	2
1	0
12	6
12	0
1	8
13	0
13	13
13	0
3	0
16	0
1	0
1	0
16	0
1	0
1	0
1	0
12	0
2	0
5	5
2	6
8	0
8	8
16	0
16	0
16	0
16	16
3	7
4	0
2	3
13	0
13	13
13	0
1	0
1	0
1	0
1	0
1	0
17	0
1	0
1	0
1	0
1	0
1	0
16	0
16	0
16	0
3	0
1	0
1	0
3	0
8	0
17	0
17	0
3	0
1	0
1	0
1	0
1	0
17	0
1	0
3	0
1	0
1	0
17	0
17	0
1	0
1	0
8	0
3	0
16	0
3	0
3	0
1	0
1	0
3	0
1	0
13	0
17	0
6	11
1	0
1	0
16	16
16	0
11	0
1	1
3	0
3	3
3	3
4	0
2	3
13	0
13	13
13	0
17	0
16	0
16	0
16	0
8	0
16	0
17	0
16	0
16	0
16	0
16	0
16	0
16	0
3	0
3	0
1	0
16	0
16	0
16	0
17	0
3	0
16	0
16	0
16	0
16	0
8	0
16	0
17	0
16	0
16	0
16	0
8	0
16	0
16	0
16	0
16	0
16	0
16	0
3	0
3	0
1	0
16	0
1	0
13	0
3	0
8	0
2	0
1	16
16	0
16	11
17	0
17	0
17	11
1	6
1	0
1	0
1	0
1	1
8	0
8	0
8	8
13	0
13	13
13	0
1	0
1	0
1	0
8	0
8	0
16	0
16	0
16	0
16	0
1	0
1	0
1	0
1	0
1	0
1	0
8	0
8	0
8	0
16	0
12	0
1	0
16	0
1	0
8	0
16	0
1	0
1	0
8	0
16	0
16	0
16	0
16	0
16	0
16	0
1	0
1	0
1	0
1	0
1	0
13	0
8	0
8	0
8	17
13	13
9	0
17	17
17	17
8	17
9	9
8	0
8	0
8	7
13	0
13	0
13	13
13	0
12	0
8	0
8	0
8	0
1	0
8	0
12	0
8	0
8	0
17	0
17	0
8	0
17	0
17	0
16	0
8	0
8	0
8	0
8	0
13	0
8	0
8	0
8	0
17	0
8	0
16	0
8	0
12	0
1	0
8	0
8	0
8	0
8	0
8	0
8	0
17	0
8	0
16	0
16	0
16	0
8	0
8	0
8	0
12	0
11	0
11	11
16	0
16	0
16	16
11	0
11	11
2	0
2	2
1	0
1	0
1	0
1	1
8	0
8	8
4	0
2	3
13	13
13	0
1	0
1	0
1	0
1	0
1	0
16	0
16	0
1	0
1	0
1	0
1	0
1	0
1	0
1	0
8	0
8	0
1	0
1	0
16	0
16	0
1	0
1	0
16	0
1	0
16	0
16	0
16	0
16	0
16	0
16	0
16	0
3	0
3	0
3	0
8	0
1	0
1	0
1	0
1	0
8	0
12	0
11	0
11	11
4	4
3	0
1	0
16	3
17	0
17	0
17	10
2	2
12	12
12	12
13	13
3	0
5	0
5	5
2	2
12	12
13	13
13	0
8	0
8	0
8	0
8	0
12	0
12	0
16	0
8	0
17	0
17	0
1	0
12	0
1	0
1	0
8	0
8	0
8	0
8	0
12	0
16	0
1	0
8	0
17	0
8	0
12	0
8	0
3	0
3	0
8	0
1	0
17	0
17	0
17	0
17	0
1	0
1	0
12	0
1	0
1	0
13	0
11	0
11	11
4	4
1	0
1	0
1	1
8	0
8	8
3	3
17	0
2	0
2	3
1	0
17	0
8	16
13	0
13	13
13	0
12	0
3	0
1	0
1	0
1	0
1	0
12	0
1	0
1	0
1	0
1	0
1	0
1	0
1	0
1	0
1	0
1	0
16	0
1	0
12	0
12	0
1	0
1	0
1	0
1	0
12	0
12	0
3	0
3	0
3	0
16	0
1	0
1	0
1	0
8	0
1	0
1	0
1	0
17	0
1	0
1	0
12	0
5	5
11	0
11	11
4	0
11	4
3	0
3	0
1	1
13	13
13	0
1	0
1	0
16	0
16	0
16	0
16	0
8	0
1	0
1	0
1	0
1	0
1	0
16	0
16	0
1	0
1	0
1	0
1	0
1	0
1	0
1	0
1	0
1	0
16	0
16	0
1	0
1	0
1	0
1	0
1	0
1	0
1	0
1	0
1	0
1	0
1	0
16	0
16	0
16	0
16	0
1	0
1	0
1	0
1	0
1	0
1	0
1	0
1	0
16	0
12	0
8	0
12	0
12	3
8	0
8	0
8	8
5	5
8	8
13	0
13	13
13	0
12	0
17	0
8	0
8	0
12	0
12	0
12	0
16	0
8	0
16	0
8	0
8	0
12	0
8	0
8	0
8	0
8	0
1	0
8	0
12	0
12	0
12	0
12	0
8	0
12	0
12	0
12	0
8	0
1	0
8	0
16	0
8	0
12	0
12	0
16	0
8	0
12	0
16	0
16	0
8	0
16	0
8	0
8	0
12	0
12	0
12	0
12	0
8	0
12	0
3	3
4	0
4	0
12	4
1	3
16	0
16	16
2	0
2	2
6	0
6	0
6	6
8	0
8	0
8	0
8	0
8	8
2	2
12	0
12	0
12	12
13	13
13	0
3	0
3	0
8	0
8	0
8	0
8	0
3	0
8	0
1	0
1	0
1	0
8	0
3	0
8	0
8	0
1	0
8	0
12	0
8	0
8	0
8	0
8	0
12	0
8	0
16	0
3	0
3	0
3	0
8	0
8	0
3	0
8	0
8	0
1	0
1	0
1	0
17	0
12	6
12	0
6	0
12	0
9	1
8	0
8	8
2	2
12	12
12	12
4	0
4	0
17	4
17	0
3	3
16	0
16	16
13	13
3	0
17	6
12	6
17	0
17	0
8	8
17	3
17	0
6	0
1	1
17	0
1	0
1	10
5	5
17	0
17	0
17	11
17	0
17	0
17	7
10	0
2	0
1	0
2	10
13	0
13	13
13	0
17	0
1	0
1	0
17	0
17	0
1	0
1	0
1	0
1	0
12	0
3	0
3	0
3	0
3	0
12	0
5	5
3	3
3	0
14	0
14	0
14	14
3	0
3	3
9	9
8	0
8	0
8	8
17	0
2	3
12	0
12	0
12	4
17	4
17	0
17	4
1	0
3	0
2	0
3	0
3	3
1	0
1	0
1	1
1	1
12	0
12	0
12	4
13	13
13	0
1	0
17	0
12	0
12	0
12	0
1	0
1	0
1	0
1	0
16	0
17	0
1	0
1	0
1	0
17	0
17	0
16	0
16	0
1	0
1	0
17	0
1	0
8	0
16	0
1	0
17	0
11	0
11	11
4	0
4	4
3	3
3	0
1	3
1	0
1	1
8	0
8	0
8	8
17	0
17	0
17	16
16	0
1	0
16	16
5	5
17	0
11	11
17	0
11	4
3	0
11	11
1	3
17	0
17	0
17	10
17	0
17	0
1	0
1	1
17	0
17	0
17	16
13	0
13	13
13	0
17	0
16	0
3	0
17	0
1	0
1	0
17	0
16	0
3	0
3	0
17	0
3	0
1	0
17	0
1	0
1	0
1	0
8	0
17	0
17	0
12	0
1	0
3	0
3	0
3	2
4	0
17	14
17	0
17	0
17	16
17	0
6	0
9	14
5	6
8	0
8	8
2	2
2	0
6	0
6	6
8	0
8	0
8	8
17	0
17	0
17	3
3	3
3	0
3	3
4	0
11	0
4	4
17	0
17	0
17	0
1	16
13	0
13	13
13	0
17	0
1	0
16	0
17	0
8	0
16	0
3	0
1	0
1	0
17	0
16	0
3	0
1	0
1	0
8	0
8	0
8	0
8	0
12	0
1	0
1	0
12	0
4	0
4	4
3	0
2	2
8	0
8	8
3	6
1	3
1	0
1	0
1	0
9	1
8	0
8	0
8	0
8	0
8	8
17	0
11	2
12	12
12	0
3	4
13	0
13	13
13	0
16	0
12	0
16	0
3	0
12	0
1	0
1	0
1	0
16	0
16	0
16	0
12	0
16	0
16	0
1	0
16	0
16	0
16	0
16	0
12	0
12	0
16	0
3	0
3	0
12	0
1	0
3	0
3	0
1	0
1	0
1	0
1	0
1	0
17	0
12	0
5	5
12	12
17	0
1	16
3	3
3	3
17	0
17	0
17	10
17	0
17	3
17	0
2	2
17	6
8	0
8	8
13	0
13	0
13	13
13	0
17	0
1	0
8	0
8	0
12	0
12	0
13	0
17	0
17	0
17	0
1	0
17	0
17	0
1	0
1	0
8	0
16	0
16	0
12	0
13	0
1	0
17	0
1	0
16	0
12	0
13	0
1	0
17	0
16	0
17	0
17	0
17	0
17	0
17	0
17	0
1	0
17	0
17	0
1	0
13	0
11	11
11	0
11	11
3	0
3	3
1	0
17	0
17	10
1	0
1	1
1	0
1	0
1	16
4	0
11	4
11	0
11	4
11	0
6	6
8	0
8	0
8	8
17	0
17	0
3	7
1	0
1	0
17	16
13	0
13	13
13	0
1	0
1	0
16	0
1	0
12	0
16	0
3	0
1	0
1	0
1	0
16	0
1	0
16	0
12	0
1	0
1	0
3	0
3	0
3	0
1	0
1	0
1	0
1	0
1	0
1	0
1	0
1	0
1	0
17	0
4	4
17	0
3	0
3	3
1	3
1	0
1	0
1	1
17	0
3	0
2	16
17	0
11	0
11	11
8	0
2	0
2	10
3	0
6	6
8	8
16	0
17	0
17	0
12	16
13	0
13	13
13	0
17	0
17	0
1	0
16	0
17	0
17	0
1	0
1	0
17	0
17	0
12	0
17	0
1	0
8	0
16	0
16	0
17	0
16	0
1	0
17	0
17	0
17	0
3	0
1	0
1	0
1	0
1	0
1	0
1	0
17	0
17	0
17	0
13	0
4	0
4	0
11	4
17	0
17	0
17	10
3	3
1	0
1	0
1	0
1	1
1	0
1	0
1	1
17	0
12	4
2	2
12	0
11	0
11	11
13	13
13	0
17	0
16	0
8	0
12	0
12	0
8	0
16	0
1	0
1	0
1	0
1	0
1	0
17	0
17	0
8	0
8	0
12	0
12	0
8	0
8	0
17	0
1	0
12	0
12	0
12	0
17	0
16	0
16	0
16	0
1	0
1	0
1	0
1	0
1	0
1	0
1	0
1	0
17	0
2	2
8	8
16	0
16	16
2	0
3	5
17	0
6	3
17	0
17	3
17	3
17	0
17	0
1	3
17	0
17	10
17	0
17	14
3	3
17	6
9	0
1	1
8	0
8	8
3	0
3	16
2	0
16	0
16	16
13	0
13	13
13	0
1	0
1	0
1	0
16	0
16	0
1	0
17	0
17	0
17	0
17	0
17	0
17	0
17	0
17	0
17	0
17	0
17	0
16	0
16	0
17	0
8	0
17	0
8	0
17	0
17	0
17	0
17	0
13	0
13	0
13	17
8	0
11	0
3	0
3	3
6	4
12	0
12	6
12	0
8	0
8	0
8	8
17	0
2	2
12	12
3	0
3	3
1	0
2	0
16	0
16	16
13	0
13	13
13	0
13	0
1	0
16	0
16	0
12	0
12	0
12	0
8	0
17	0
17	0
16	0
12	0
12	0
1	0
1	0
1	0
1	0
16	0
16	0
13	0
1	0
13	0
16	0
16	0
3	0
16	0
16	0
8	0
1	0
12	0
12	0
8	0
8	0
8	0
12	0
5	5
16	0
11	11
4	0
11	4
1	3
5	6
8	0
8	8
3	3
13	13
13	0
16	0
16	0
16	0
1	0
1	0
1	0
1	0
1	0
1	0
16	0
16	0
16	0
16	0
1	0
1	0
1	0
1	0
1	0
1	0
1	0
1	0
16	0
16	0
1	0
1	0
1	0
1	0
1	0
1	0
1	0
1	0
1	0
1	0
16	0
16	0
16	0
16	0
16	0
1	0
1	0
1	0
17	0
1	0
1	0
1	0
1	0
16	0
17	0
11	0
11	11
4	0
4	4
17	3
3	3
3	3
3	6
1	0
1	0
1	1
8	0
8	8
8	0
12	0
17	0
12	16
13	13
3	3
1	0
1	1
8	8
5	5
3	3
3	0
1	3
1	0
1	0
1	1
8	0
8	8
13	0
13	13
13	0
1	0
1	0
16	0
1	0
16	0
3	0
16	0
1	0
16	0
1	0
3	0
3	0
1	0
3	0
3	0
3	0
3	0
12	0
1	0
1	0
1	0
1	0
1	0
1	0
16	0
3	0
1	3
1	0
1	1
13	13
13	0
1	0
1	0
1	0
1	0
8	0
1	0
1	0
1	0
1	0
1	0
1	0
1	0
1	0
1	0
1	0
1	0
1	0
1	0
8	0
1	0
1	0
1	0
1	0
1	0
8	0
1	0
1	0
1	0
1	0
1	0
1	0
8	0
1	0
1	0
1	0
1	0
1	0
1	0
1	0
8	0
1	0
1	0
1	0
1	0
1	0
1	0
1	0
1	0
1	0
1	0
1	0
1	0
1	0
1	0
13	0
3	4
3	0
11	11
3	3
16	16
6	0
11	0
3	0
3	14
3	0
3	7
1	0
1	1
4	0
4	4
13	0
13	13
13	0
16	0
16	0
1	0
1	0
1	0
8	0
1	0
16	0
16	0
16	0
16	0
3	0
3	0
1	0
1	0
1	0
1	0
1	0
8	0
12	0
3	0
3	0
16	0
1	0
3	0
8	0
8	0
16	0
16	0
16	0
16	0
16	0
16	0
16	0
16	0
16	0
3	0
3	0
1	0
1	0
1	0
13	0
2	3
17	0
17	0
11	0
11	6
8	0
8	8
4	0
11	4
1	1
13	0
13	13
13	0
17	0
17	0
1	0
1	0
12	0
17	0
17	0
8	0
17	0
1	0
1	0
1	0
1	0
16	0
17	0
1	0
1	0
1	0
1	0
12	0
12	0
17	0
1	0
1	0
1	0
12	0
8	0
16	0
8	0
1	0
1	0
1	0
1	0
16	0
17	0
17	0
17	0
1	0
8	0
16	0
1	0
1	0
1	0
1	0
12	0
12	0
12	0
12	3
17	0
17	1
13	0
13	13
13	0
17	0
17	0
12	0
17	0
17	0
17	0
17	0
12	0
17	0
17	0
12	0
12	0
17	0
12	0
12	0
12	0
12	0
17	0
12	0
12	0
12	0
12	0
12	0
12	0
17	0
12	0
17	0
17	0
12	0
17	0
12	0
17	0
12	0
17	0
17	0
17	0
12	0
12	0
12	0
12	0
17	0
17	0
17	0
17	0
12	0
17	0
17	0
12	0
17	0
12	0
12	0
17	0
17	0
12	0
6	0
1	0
1	1
8	0
8	8
13	0
13	13
13	0
1	0
1	0
8	0
8	0
8	0
8	0
1	0
1	0
1	0
8	0
8	0
8	0
1	0
8	0
1	0
1	0
8	0
8	0
8	0
8	0
12	0
1	0
8	0
8	0
8	0
8	0
8	0
1	0
1	0
8	0
8	0
8	0
8	0
1	0
1	0
1	0
8	0
8	0
8	0
1	0
1	0
1	0
8	0
8	0
8	0
1	0
1	0
1	0
1	0
1	0
8	0
17	0
17	6
12	1
12	8
17	0
17	3
5	0
11	2
12	0
12	8
5	5
5	6
1	1
12	8
13	0
13	0
13	13
13	0
1	0
17	0
17	0
12	0
17	0
12	0
12	0
12	0
1	0
1	0
1	0
12	0
12	0
12	0
1	0
12	0
17	0
12	0
12	0
13	0
17	0
1	0
1	0
1	0
12	0
13	0
12	0
17	0
17	0
17	0
1	0
17	0
16	0
17	0
3	0
3	0
8	0
8	0
12	0
1	0
1	0
1	0
13	0
4	0
11	11
4	4
2	2
9	9
1	1
8	0
8	8
2	0
2	2
8	0
8	8
13	0
13	13
13	0
12	0
8	0
16	0
1	0
12	0
16	0
16	0
16	0
3	0
3	0
1	0
1	0
8	0
1	0
2	0
1	0
8	0
16	0
8	0
3	0
16	0
1	0
8	0
16	0
8	0
12	0
12	0
16	0
16	0
1	0
16	0
16	0
16	0
16	0
3	0
8	0
8	0
8	0
2	0
2	0
1	0
8	0
16	0
8	0
13	0
12	6
1	0
1	8
16	0
16	0
16	16
3	0
3	3
9	9
8	2
9	9
8	0
8	0
8	8
13	0
13	13
13	0
1	0
1	0
8	0
3	0
3	0
8	0
12	0
8	0
3	0
16	0
3	0
3	0
3	0
8	0
8	0
8	0
8	0
8	0
8	0
12	0
1	0
8	0
1	0
8	0
3	0
8	0
8	0
12	0
1	0
1	0
1	0
16	0
8	0
1	0
16	0
3	0
3	0
8	0
8	0
1	0
8	0
8	0
16	0
17	3
17	0
17	0
17	0
17	0
17	16
3	3
3	0
3	3
13	13
13	0
3	0
16	0
1	0
1	0
16	0
1	0
1	0
16	0
16	0
16	0
1	0
1	0
16	0
16	0
16	0
16	0
16	0
1	0
1	0
1	0
1	0
3	0
16	0
16	0
1	0
1	0
17	0
16	0
16	0
16	0
1	0
1	0
1	0
1	0
16	0
16	0
17	0
17	0
17	0
16	0
16	0
1	0
1	0
1	0
1	0
1	0
3	0
16	0
12	0
5	0
5	5
4	0
4	4
2	2
3	0
6	3
3	0
9	11
17	0
17	3
17	0
17	1
17	0
17	0
12	4
5	5
3	3
16	0
16	0
16	16
3	0
11	11
3	3
1	0
1	1
8	0
8	0
8	8
13	13
13	0
17	0
1	0
1	0
17	0
1	0
1	0
1	0
1	0
1	0
17	0
1	0
1	0
3	0
1	0
1	0
1	0
3	0
8	0
1	0
8	0
8	0
1	0
8	0
17	0
17	0
17	0
17	0
17	0
12	0
3	2
17	0
8	8
16	0
16	0
16	16
3	0
6	11
1	0
1	3
17	0
12	2
8	8
5	5
16	0
16	0
16	0
16	16
2	0
6	6
8	8
2	0
6	3
1	6
1	0
9	1
8	0
8	0
8	8
1	0
1	0
1	16
13	13
13	0
1	0
1	0
1	0
17	0
1	0
1	0
1	0
8	0
1	0
1	0
1	0
1	0
1	0
8	0
8	0
8	0
16	0
8	0
3	0
1	0
8	0
17	0
17	0
17	0
1	0
3	0
11	11
3	0
3	4
2	2
2	0
6	0
6	6
9	9
8	8
3	0
3	11
2	0
11	3
3	3
4	0
4	4
3	0
11	0
1	1
1	0
3	3
3	0
3	2
9	9
8	0
8	0
8	8
1	0
1	0
1	16
1	0
1	0
16	16
13	13
13	0
1	0
1	0
1	0
1	0
1	0
1	0
1	0
1	0
3	0
1	0
8	0
8	0
1	0
1	0
1	0
17	0
8	0
1	0
8	0
8	0
8	0
17	0
1	0
8	0
12	0
17	0
5	5
6	0
6	3
3	0
1	16
2	3
3	0
1	0
16	3
2	2
8	0
8	0
8	8
17	0
5	5
1	0
17	0
1	0
1	16
17	0
12	9
17	0
16	0
16	3
13	13
13	0
1	0
16	0
16	0
1	0
1	0
1	0
8	0
16	0
16	0
16	0
1	0
1	0
1	0
1	0
1	0
1	0
17	0
16	0
16	0
16	0
16	0
8	0
8	0
8	0
8	0
8	0
1	0
1	0
1	0
1	0
1	0
8	0
13	0
11	11
4	0
11	4
1	1
13	0
13	13
13	0
12	0
1	0
1	0
1	0
1	0
1	0
1	0
1	0
1	0
1	0
1	0
12	0
1	0
1	0
1	0
1	0
1	0
1	0
1	0
12	0
12	0
1	0
1	0
1	0
1	0
12	0
1	0
16	0
1	0
1	0
1	0
12	0
12	0
12	0
3	0
1	0
1	0
1	0
1	0
1	0
17	0
1	0
1	0
1	0
12	0
12	0
17	0
1	0
1	0
1	0
1	0
1	0
12	0
16	0
8	3
4	0
4	0
2	4
8	0
8	0
8	0
8	0
8	8
16	0
12	4
13	0
13	13
13	0
12	0
16	0
12	0
1	0
12	0
12	0
12	0
12	0
3	0
3	0
8	0
1	0
8	0
16	0
16	0
16	0
16	0
16	0
12	0
12	0
12	0
12	0
16	0
12	0
12	0
12	0
12	0
12	0
16	0
1	0
1	0
8	0
8	0
8	0
8	0
8	0
1	0
8	0
8	0
16	0
16	0
16	0
16	0
12	0
17	0
17	0
6	3
17	0
17	0
17	4
17	0
17	0
17	0
17	3
17	10
17	0
17	16
17	0
2	2
17	0
8	8
13	13
13	0
17	0
1	0
17	0
17	0
8	0
8	0
16	0
17	0
17	0
17	0
17	0
17	0
17	0
17	0
17	0
17	0
1	0
8	0
8	0
1	0
17	0
17	0
17	0
17	0
17	0
8	0
8	0
17	0
17	0
17	0
17	0
17	0
17	0
17	0
17	0
17	0
17	0
17	0
17	0
17	0
17	0
13	0
8	0
8	2
8	8
2	3
12	0
12	0
12	12
13	0
13	13
13	0
1	0
1	0
12	0
1	0
12	0
8	0
1	0
1	0
12	0
8	0
12	0
12	0
12	0
8	0
8	0
12	0
12	0
12	0
12	0
12	0
12	0
1	0
1	0
8	0
1	0
1	0
1	0
1	0
12	0
12	0
8	0
12	0
12	0
12	0
1	0
1	0
8	0
1	0
8	0
8	0
12	0
12	0
12	0
12	0
12	0
12	0
1	0
1	0
8	0
17	0
11	0
11	4
1	3
17	1
17	0
17	0
17	4
13	13
13	0
1	0
17	0
17	0
17	0
17	0
17	0
1	0
17	0
17	0
17	0
17	0
17	0
17	0
17	0
1	0
17	0
17	0
17	0
17	0
17	0
1	0
17	0
17	0
1	0
1	0
1	0
1	0
1	0
17	0
17	0
17	0
17	0
17	0
1	0
1	0
3	0
17	0
17	0
1	0
1	0
17	0
17	0
17	0
17	0
17	0
1	0
1	0
1	0
17	0
17	0
13	0
5	0
5	5
16	0
16	0
1	0
2	1
17	3
13	0
13	13
13	0
1	0
1	0
17	0
12	0
12	0
16	0
16	0
16	0
17	0
1	0
8	0
12	0
12	0
16	0
17	0
17	0
17	0
1	0
12	0
12	0
12	0
12	0
12	0
17	0
16	0
12	0
17	0
17	0
17	0
17	0
12	0
12	0
12	0
12	0
1	0
16	0
16	0
16	0
16	0
16	0
17	0
17	0
1	0
12	0
12	0
12	0
1	0
1	0
16	0
8	0
8	0
2	0
2	2
11	0
6	6
8	8
16	0
16	0
16	0
16	16
9	9
8	8
5	5
8	0
2	0
2	2
11	0
11	6
8	0
8	0
8	8
9	9
9	8
13	0
13	13
13	0
8	0
8	0
8	0
3	0
8	0
8	0
8	0
8	0
16	0
8	0
8	0
8	0
1	0
8	0
16	0
16	0
8	0
9	0
8	0
8	0
8	0
2	0
16	0
8	0
3	0
8	0
8	0
16	0
3	0
3	0
17	0
8	0
16	0
13	0
13	0
13	17
8	0
5	5
3	0
1	1
13	0
13	13
13	0
12	0
1	0
16	0
13	0
13	0
1	0
16	0
16	0
16	0
1	0
1	0
13	0
13	0
1	0
16	0
1	0
1	0
1	0
3	0
8	0
13	0
12	0
16	0
16	0
13	0
1	0
1	0
1	0
1	0
1	0
1	0
1	0
13	0
13	0
12	0
16	0
1	0
13	0
1	0
1	0
16	0
16	0
1	0
3	0
13	0
13	0
1	0
3	0
1	0
13	0
13	0
4	4
3	3
16	0
16	0
16	0
17	0
1	3
2	2
12	12
13	0
13	13
13	0
17	0
1	0
12	0
12	0
17	0
17	0
17	0
1	0
1	0
1	0
12	0
8	0
17	0
17	0
1	0
1	0
1	0
12	0
12	0
12	0
17	0
1	0
1	0
12	0
12	0
17	0
17	0
1	0
1	0
1	0
1	0
12	0
16	0
17	0
1	0
1	0
1	0
17	0
1	0
1	0
1	0
12	0
12	0
12	0
12	0
17	0
17	0
12	0
17	6
8	8
17	0
2	0
2	3
4	0
11	4
3	0
3	0
3	3
2	2
8	0
8	0
8	0
8	8
1	0
16	0
16	16
12	0
12	0
12	4
13	0
13	13
13	0
12	0
12	0
12	0
12	0
1	0
3	0
3	0
1	0
1	0
8	0
8	0
8	0
12	0
1	0
16	0
12	0
12	0
12	0
12	0
12	0
12	0
16	0
12	0
8	0
16	0
12	0
12	0
3	0
3	0
3	0
3	0
3	0
1	0
1	0
8	0
13	0
2	6
8	0
8	8
5	0
3	0
3	3
13	0
13	13
13	0
1	0
16	0
16	0
1	0
1	0
1	0
16	0
16	0
16	0
3	0
16	0
12	0
12	0
8	0
16	0
3	0
3	0
16	0
1	0
12	0
12	0
12	0
16	0
1	0
1	0
1	0
1	0
8	0
1	0
3	0
3	0
12	0
12	0
12	0
12	0
16	0
16	0
1	0
1	0
1	0
16	0
3	0
1	0
12	0
12	0
12	0
8	0
16	0
16	0
1	0
17	0
17	0
5	5
3	0
17	11
17	0
17	4
12	0
12	0
8	8
17	0
3	4
1	0
1	2
8	8
13	13
13	0
1	0
17	0
16	0
16	0
16	0
8	0
16	0
17	0
17	0
16	0
16	0
16	0
16	0
17	0
17	0
1	0
1	0
1	0
8	0
8	0
1	0
1	0
16	0
16	0
16	0
16	0
16	0
16	0
1	0
17	0
16	0
16	0
16	0
17	0
1	0
1	0
17	0
16	0
17	0
17	0
1	0
1	0
1	0
12	0
13	0
13	17
11	0
11	11
4	4
2	0
2	0
6	2
12	0
12	12
2	3
12	0
13	13
13	0
13	0
12	0
1	0
1	0
12	0
1	0
1	0
1	0
1	0
1	0
1	0
16	0
3	0
1	0
1	0
1	0
1	0
1	0
12	0
12	0
13	0
16	0
1	0
1	0
1	0
12	0
1	0
1	0
1	0
1	0
1	0
1	0
13	0
16	0
16	0
16	0
16	0
3	0
1	0
1	0
1	0
1	0
1	0
12	0
12	0
12	0
5	5
16	0
11	11
4	0
11	4
1	3
1	1
13	0
13	13
13	0
17	0
1	0
16	0
1	0
1	0
16	0
3	0
16	0
1	0
1	0
1	0
1	0
17	0
16	0
16	0
1	0
1	0
1	0
1	0
12	0
17	0
12	0
12	0
16	0
16	0
17	0
16	0
16	0
1	0
1	0
1	0
1	0
1	0
17	0
16	0
16	0
16	0
16	0
16	0
16	0
1	0
1	0
1	0
1	0
12	0
17	0
1	0
1	0
16	0
13	0
17	0
11	11
17	0
16	4
3	0
1	6
12	0
12	0
8	8
2	0
2	0
2	3
13	0
13	13
13	0
17	0
17	0
1	0
16	0
17	0
16	0
17	0
16	0
16	0
16	0
16	0
1	0
1	0
17	0
1	0
16	0
16	0
16	0
12	0
12	0
17	0
16	0
1	0
16	0
1	0
1	0
16	0
17	0
16	0
16	0
16	0
17	0
17	0
16	0
16	0
16	0
1	0
8	0
1	0
1	0
16	0
1	0
16	0
17	0
12	0
5	5
16	0
11	11
11	0
11	4
3	0
3	0
1	0
1	3
3	0
1	14
1	0
17	0
17	10
2	0
6	3
11	0
2	0
11	2
1	0
1	1
8	0
8	8
12	0
8	0
12	16
13	13
13	0
3	0
1	0
1	0
1	0
1	0
1	0
16	0
1	0
1	0
8	0
1	0
1	0
1	0
1	0
8	0
8	0
8	0
1	0
1	0
16	0
3	0
3	0
1	0
1	0
1	0
1	0
3	0
1	0
1	0
1	0
1	0
17	0
3	2
17	0
8	8
16	0
16	0
16	16
3	3
12	0
6	6
12	0
8	8
2	0
2	0
3	3
5	5
3	0
3	4
3	0
3	3
3	0
1	6
1	0
1	0
1	1
8	0
8	0
8	0
8	0
8	8
8	0
12	0
16	0
8	16
13	13
13	0
1	0
1	0
1	0
1	0
1	0
1	0
1	0
1	0
1	0
1	0
1	0
1	0
1	0
1	0
1	0
1	0
8	0
1	0
1	0
1	0
1	0
1	0
1	0
1	0
12	0
11	11
11	4
3	0
11	11
3	3
2	0
2	2
6	6
8	0
8	0
8	0
8	8
16	16
2	2
12	0
12	8
13	0
13	13
13	0
1	0
3	0
1	0
8	0
8	0
12	0
12	0
16	0
8	0
8	0
8	0
8	0
8	0
8	0
1	0
1	0
8	0
8	0
12	0
12	0
12	0
8	0
8	0
1	0
8	0
12	0
16	0
16	0
16	0
3	0
1	0
3	0
8	0
1	0
1	0
8	0
8	0
8	0
3	0
1	0
12	0
17	0
17	0
17	2
3	0
11	11
17	3
4	0
4	4
3	0
2	0
1	4
17	0
11	0
1	1
1	0
3	3
9	9
17	8
17	10
12	0
12	8
4	0
4	16
13	0
13	13
13	0
17	0
3	0
8	0
1	0
3	0
17	0
3	0
3	0
3	0
1	0
16	0
17	0
17	0
1	0
12	0
12	0
16	0
16	0
16	0
17	0
17	0
17	0
17	0
17	0
17	0
8	0
8	0
3	0
2	0
3	0
1	0
1	0
1	0
12	0
12	0
5	0
5	0
1	7
13	0
8	0
13	13
13	0
12	0
8	0
8	0
8	0
1	0
16	0
16	0
16	0
16	0
12	0
12	0
12	0
12	0
16	0
16	0
16	0
16	0
12	0
12	0
12	0
12	0
8	0
8	0
8	0
12	0
16	0
16	0
16	0
16	0
16	0
12	0
12	0
8	0
12	0
12	0
16	0
8	0
1	0
16	0
16	0
16	0
16	0
12	0
12	0
8	0
12	0
8	0
8	0
8	0
8	0
16	0
13	0
8	0
8	3
4	0
2	4
8	0
2	2
12	0
8	0
8	0
12	12
17	17
17	17
12	0
12	0
12	4
17	0
13	13
13	0
12	0
12	0
16	0
12	0
12	0
12	0
12	0
12	0
8	0
8	0
8	0
1	0
1	0
1	0
16	0
16	0
16	0
16	0
12	0
12	0
12	0
16	0
16	0
16	0
12	0
12	0
12	0
12	0
8	0
8	0
8	0
3	0
8	0
1	0
1	0
8	0
1	0
1	0
1	0
16	0
16	0
12	0
17	0
2	3
17	0
12	0
11	4
2	2
1	0
6	6
8	0
8	0
8	8
17	0
2	2
6	6
12	0
8	0
8	8
16	0
16	0
16	16
5	5
3	0
3	4
5	6
17	0
12	0
8	0
8	8
12	0
8	0
8	8
13	13
8	0
8	0
8	8
5	5
8	0
8	0
8	8
16	0
12	0
4	0
4	16
2	0
16	0
16	0
16	16
13	0
13	13
13	0
17	0
17	0
1	0
8	0
1	0
8	0
8	0
1	0
8	0
17	0
17	0
11	4
1	3
1	1
17	0
12	0
12	4
13	13
13	0
1	0
17	0
17	0
1	0
1	0
17	0
1	0
1	0
17	0
17	0
12	0
12	0
12	0
1	0
1	0
17	0
17	0
17	0
12	0
12	0
1	0
17	0
17	0
12	0
1	0
1	0
1	0
1	0
17	0
17	0
17	0
12	0
12	0
1	0
17	0
3	0
17	0
17	0
17	0
1	0
17	0
17	0
17	0
12	0
12	0
1	0
1	0
1	0
17	0
17	0
13	0
5	0
5	5
16	0
11	11
4	0
4	4
5	6
12	0
8	0
8	8
11	0
4	0
4	0
4	16
4	0
16	16
13	0
13	13
13	0
16	0
16	0
16	0
16	0
16	0
16	0
12	0
16	0
16	0
1	0
8	0
16	0
16	0
16	0
16	0
16	0
16	0
16	0
16	0
12	0
12	0
16	0
1	0
16	0
16	0
12	0
16	0
16	0
14	0
16	0
16	0
16	0
1	0
8	0
1	0
1	0
16	0
16	0
16	0
16	0
12	0
3	0
12	0
3	0
1	7
13	0
2	0
13	13
13	0
1	0
16	0
16	0
1	0
1	0
16	0
16	0
16	0
16	0
1	0
16	0
12	0
12	0
16	0
1	0
1	0
16	0
1	0
12	0
12	0
12	0
16	0
16	0
1	0
1	0
1	0
16	0
1	0
16	0
16	0
12	0
12	0
12	0
12	0
16	0
1	0
1	0
16	0
1	0
1	0
1	0
16	0
12	0
12	0
12	0
1	0
1	0
1	0
1	0
16	0
16	0
12	0
3	0
11	11
4	0
4	4
11	0
11	0
11	11
12	0
12	0
12	12
16	0
16	0
16	16
13	0
13	13
13	0
12	0
16	0
16	0
16	0
3	0
16	0
12	0
3	0
3	0
3	0
3	0
3	0
1	0
8	0
16	0
16	0
16	0
16	0
16	0
12	0
12	0
16	0
16	0
3	0
16	0
12	0
16	0
13	0
3	0
16	0
3	0
3	0
3	0
4	0
3	0
1	0
1	0
1	0
8	0
16	0
16	0
16	0
16	0
12	0
5	5
16	0
12	0
11	11
17	0
3	4
1	3
1	6
8	0
12	0
8	0
12	8
12	0
12	0
12	4
13	13
13	0
1	0
12	0
1	0
1	0
1	0
1	0
1	0
3	0
3	0
1	0
1	0
1	0
1	0
17	0
12	0
12	0
12	0
12	0
12	0
1	0
1	0
1	0
12	0
1	0
1	0
1	0
1	0
1	0
3	0
3	0
16	0
16	0
16	0
3	0
1	0
1	0
1	0
17	0
17	0
12	0
12	0
12	0
13	0
13	0
13	17
3	2
9	0
1	1
8	8
4	0
4	4
6	6
12	0
12	12
5	5
16	0
11	11
16	0
2	2
8	8
13	13
13	0
3	0
16	0
8	0
16	0
1	0
8	0
8	0
3	0
1	0
1	0
8	0
8	0
8	0
16	0
16	0
16	0
16	0
1	0
8	0
8	0
16	0
3	0
16	0
1	0
1	0
8	0
8	0
13	0
1	0
1	0
1	0
8	0
8	0
1	0
1	0
8	0
8	0
1	0
16	0
16	0
13	0
11	0
11	11
4	0
4	4
12	0
8	0
8	0
8	0
8	8
9	9
16	0
16	16
5	5
11	11
17	4
1	0
12	6
12	0
17	0
17	0
1	0
1	8
17	0
12	4
11	11
16	0
16	16
2	6
12	0
8	0
8	0
8	0
8	8
13	13
11	0
4	14
11	11
12	0
12	0
8	0
8	8
4	0
4	4
13	0
13	13
13	0
12	0
3	0
3	0
16	0
1	0
1	0
1	0
8	0
8	0
16	0
8	0
16	0
16	0
13	0
13	0
12	7
13	13
13	13
13	0
16	0
16	0
1	0
1	0
8	0
1	0
1	0
16	0
12	0
1	0
8	0
8	0
1	0
16	0
16	0
16	0
1	0
1	0
8	0
1	0
1	0
16	0
1	0
1	0
8	0
1	0
1	0
16	0
16	0
12	0
1	0
8	0
1	0
1	0
16	0
16	0
16	0
1	0
1	0
8	0
16	0
16	0
12	0
1	0
8	0
1	0
16	0
16	0
1	0
1	0
1	0
1	0
16	0
16	0
12	0
5	0
5	5
2	0
2	2
8	0
8	8
17	0
12	0
12	4
16	0
16	11
1	0
1	0
1	1
17	0
12	0
12	4
13	13
13	0
17	0
17	0
1	0
17	0
12	0
12	0
12	0
16	0
1	0
16	0
16	0
16	0
16	0
1	0
1	0
17	0
17	0
12	0
16	0
12	0
16	0
1	0
17	0
1	0
16	0
16	0
12	0
16	0
8	0
8	0
8	0
16	0
16	0
16	0
16	0
16	0
16	0
16	0
1	0
1	0
12	0
12	0
12	1
13	0
13	13
13	0
12	0
12	0
8	0
12	0
12	0
12	0
1	0
12	0
12	0
12	0
12	0
12	0
12	0
12	0
1	0
12	0
12	0
12	0
12	0
12	0
12	0
12	0
12	0
12	0
12	0
12	0
12	0
1	0
1	0
12	0
12	0
12	0
12	0
12	0
12	0
1	0
12	0
12	0
12	0
12	0
12	0
12	0
12	0
12	0
12	0
12	0
12	0
1	0
12	0
12	0
12	0
12	0
1	0
1	0
12	0
8	0
12	17
12	0
12	6
12	0
12	0
12	8
17	3
17	0
11	4
3	0
3	0
3	3
3	0
1	3
1	0
1	0
1	0
1	1
5	5
2	2
12	12
13	13
13	0
8	0
12	0
12	0
8	0
16	0
16	0
1	0
1	0
3	0
1	0
16	0
16	0
1	0
1	0
1	0
1	0
1	0
12	0
12	0
1	0
1	0
1	0
8	0
12	0
12	0
12	0
12	0
16	0
16	0
16	0
17	0
17	0
3	0
3	0
3	0
4	0
8	0
8	0
8	3
4	0
2	4
3	0
3	3
3	0
3	3
1	0
1	1
16	0
1	0
16	1
13	13
13	0
1	0
1	0
1	0
8	0
1	0
1	0
1	0
8	0
8	0
1	0
3	0
8	0
3	0
1	0
1	0
1	0
1	0
16	0
16	0
16	0
1	0
1	0
1	0
1	0
8	0
1	0
1	0
1	0
1	0
1	0
16	0
8	0
8	0
16	0
8	0
8	0
8	0
1	0
1	0
1	0
1	0
1	0
1	0
12	0
3	2
8	0
8	0
1	8
16	0
3	14
3	0
2	2
12	12
12	12
13	0
13	13
13	0
16	0
12	0
12	0
12	0
12	0
12	0
16	0
3	0
16	0
12	0
16	0
16	0
16	0
3	0
16	0
3	0
12	0
8	0
12	0
12	0
12	0
16	0
12	0
12	0
12	0
12	0
16	0
16	0
3	0
16	0
12	0
12	0
1	0
16	0
16	0
16	0
16	0
16	0
3	0
16	0
12	0
12	0
12	0
12	0
12	0
12	0
12	0
3	0
11	11
11	0
11	4
5	6
8	0
8	0
8	0
8	0
8	8
3	11
3	13
1	11
1	0
1	3
8	0
8	8
5	5
8	0
8	0
8	8
11	4
5	5
3	11
3	6
3	0
3	0
6	1
8	8
1	0
12	0
1	0
1	3
8	8
17	0
11	4
13	13
13	0
1	0
1	0
1	0
16	0
1	0
1	0
1	0
3	0
1	0
3	0
1	0
1	0
1	0
1	0
1	0
1	0
1	0
1	0
16	0
1	0
1	0
12	0
8	0
5	5
2	0
2	2
8	0
8	8
8	0
12	0
1	16
17	0
2	2
12	12
12	12
13	0
13	13
13	0
12	0
1	0
16	0
16	0
16	0
12	0
12	0
17	0
1	0
1	0
16	0
16	0
8	0
17	0
1	0
8	0
1	0
16	0
16	0
12	0
17	0
1	0
1	0
16	0
16	0
12	0
12	0
12	0
1	0
16	0
16	0
8	0
8	0
8	0
1	0
16	0
8	0
16	0
17	0
1	0
8	0
8	0
12	0
17	0
3	2
8	0
8	0
1	8
8	0
8	8
12	0
12	0
12	16
12	0
12	6
12	0
12	12
13	13
14	6
1	1
12	0
8	0
8	8
3	11
2	2
17	0
6	11
17	0
17	0
17	16
17	10
16	0
17	16
13	13
17	3
1	10
13	13
13	0
1	0
17	0
1	0
17	0
17	0
17	0
8	0
17	0
1	0
1	0
1	0
8	0
8	0
17	0
1	0
1	0
17	0
1	0
17	0
17	0
17	0
12	0
12	0
12	0
16	0
13	0
17	0
6	3
17	0
17	0
1	0
1	14
17	3
9	9
8	8
2	2
12	12
5	5
17	0
6	3
17	0
17	0
17	16
1	0
1	3
8	0
2	2
8	12
12	0
12	0
12	12
13	0
13	13
13	0
8	0
16	0
16	0
16	0
16	0
8	0
8	0
16	0
16	0
8	0
8	0
8	0
8	0
1	0
1	0
12	0
12	0
8	0
8	0
1	0
16	0
17	0
17	0
8	0
1	0
8	0
1	0
8	0
16	0
16	0
8	0
12	0
8	17
13	13
9	0
9	17
17	17
8	17
9	9
8	0
8	0
8	3
4	0
4	4
12	0
12	6
12	0
12	12
5	5
12	0
11	11
2	2
12	12
13	13
12	12
17	0
17	16
17	0
13	13
13	0
1	0
8	0
1	0
1	0
1	0
12	0
1	0
12	0
16	0
1	0
12	0
12	0
1	0
1	0
1	0
12	0
16	0
1	0
1	0
1	0
1	0
17	0
8	0
1	0
1	0
1	0
8	0
8	0
8	0
12	0
12	0
12	0
12	0
12	6
12	0
12	12
4	0
11	4
2	2
12	12
1	0
1	16
5	5
3	0
2	2
1	0
1	0
1	0
1	1
8	8
11	0
11	4
5	6
8	0
8	0
8	0
8	0
8	0
8	8
2	0
2	2
12	12
12	12
1	0
16	16
13	0
13	13
13	0
1	0
1	0
16	0
16	0
1	0
1	0
1	0
3	0
8	0
16	0
1	0
12	0
12	0
1	0
1	0
1	0
1	0
1	0
1	0
1	0
1	0
1	0
3	0
13	0
3	0
11	11
11	0
11	4
1	0
2	2
1	0
1	0
1	1
8	0
8	8
2	2
12	12
13	0
13	13
13	0
12	0
1	0
16	0
16	0
1	0
12	0
12	0
3	0
16	0
1	0
1	0
1	0
1	0
1	0
8	0
1	0
1	0
16	0
12	0
12	0
12	0
16	0
1	0
1	0
1	0
12	0
12	0
12	0
3	0
16	0
16	0
3	0
16	0
16	0
1	0
1	0
1	0
1	0
8	0
8	0
8	0
1	0
1	0
12	0
5	5
1	0
3	0
3	3
16	0
16	0
16	3
3	0
3	3
3	0
3	3
8	0
8	12
5	5
12	12
13	13
13	0
1	0
1	0
1	0
12	0
1	0
12	0
1	0
1	0
1	0
16	0
3	0
3	0
3	0
1	0
1	0
1	0
1	0
1	0
12	0
12	0
1	0
1	0
16	0
1	0
12	0
1	0
12	0
1	0
1	0
3	0
1	0
1	0
3	0
16	0
16	0
3	0
3	0
1	0
1	0
1	0
1	0
1	0
12	0
11	11
4	0
11	4
11	0
11	6
2	0
1	0
2	1
8	0
8	0
8	0
8	0
12	8
12	0
12	0
12	4
13	0
13	13
13	0
12	0
12	0
12	0
12	0
12	0
12	0
12	0
3	0
1	0
1	0
8	0
12	0
12	0
12	0
12	0
12	0
12	0
12	0
12	0
12	0
12	0
12	0
12	0
12	0
12	0
12	0
12	0
3	0
16	0
1	0
1	0
1	0
1	0
1	0
1	0
8	0
12	0
8	0
12	0
12	0
12	0
3	0
5	5
1	3
1	0
1	0
1	1
13	13
13	0
1	0
1	0
1	0
1	0
16	0
16	0
16	0
1	0
16	0
1	0
1	0
1	0
1	0
1	0
1	0
1	0
1	0
1	0
1	0
1	0
1	0
1	0
1	0
1	0
1	0
1	0
16	0
16	0
1	0
1	0
1	0
1	0
1	0
1	0
1	0
1	0
1	0
16	0
16	0
16	0
1	0
1	0
1	0
1	0
1	0
1	0
1	0
1	0
1	0
16	0
16	0
13	0
2	0
2	2
2	0
6	0
11	6
8	8
11	4
3	0
6	0
3	11
1	0
17	0
17	0
1	16
13	0
13	13
13	0
12	0
1	0
16	0
8	0
1	0
12	0
12	0
1	0
1	0
16	0
16	0
16	0
16	0
1	0
1	0
1	0
1	0
1	0
12	0
12	0
16	0
1	0
1	0
16	0
8	0
12	0
12	0
12	0
1	0
3	0
16	0
16	0
16	0
16	0
16	0
16	0
16	0
1	0
1	0
1	0
1	0
1	0
12	0
5	0
5	5
11	0
11	11
11	0
11	4
1	0
1	0
1	0
1	0
1	3
12	0
12	0
12	1
12	0
12	0
12	4
13	13
13	0
12	0
1	0
1	0
12	0
12	0
12	0
12	0
16	0
1	0
1	0
1	0
1	0
1	0
12	0
12	0
12	0
12	0
12	0
12	0
12	0
12	0
12	0
1	0
1	0
12	0
12	0
12	0
16	0
16	0
16	0
16	0
3	0
1	0
1	0
1	0
1	0
1	0
1	0
1	0
12	0
12	0
11	11
4	0
4	4
3	0
1	0
1	3
1	0
1	0
1	0
8	16
2	2
2	0
6	6
8	8
13	13
13	0
1	0
1	0
1	0
8	0
8	0
8	0
8	0
1	0
1	0
1	0
8	0
1	0
1	0
1	0
8	0
2	0
1	0
1	0
8	0
8	0
8	0
8	0
1	0
1	0
8	0
8	0
8	0
8	0
1	0
1	0
3	0
3	0
1	0
3	0
1	0
1	0
1	0
1	0
8	0
8	0
2	0
1	0
1	0
12	0
12	0
12	17
12	2
1	0
1	0
1	0
1	1
8	8
4	0
4	0
2	4
12	6
12	0
12	12
17	0
6	0
3	3
12	12
16	0
16	0
16	16
13	0
13	13
13	0
12	0
1	0
1	0
12	0
1	0
12	0
12	0
12	0
12	0
8	0
8	0
8	0
3	0
1	0
1	0
1	0
16	0
16	0
16	0
12	0
1	0
1	0
12	0
12	0
12	0
1	0
1	0
1	0
8	0
8	0
12	0
3	0
12	0
8	0
8	0
12	0
3	3
17	4
16	0
12	0
11	11
17	0
16	3
3	0
3	3
3	0
6	6
8	8
12	0
12	4
13	0
13	13
13	0
12	0
12	0
12	0
8	0
12	0
12	0
12	0
16	0
16	0
16	0
16	0
16	0
3	0
1	0
1	0
12	0
12	0
12	0
12	0
12	0
12	0
12	0
12	0
12	0
12	0
12	0
12	0
12	0
16	0
16	0
16	0
16	0
16	0
16	0
16	0
16	0
16	0
3	0
1	0
1	0
12	0
12	0
12	0
14	0
14	2
1	0
1	0
1	0
1	1
8	8
16	0
12	0
12	4
3	0
3	3
1	0
1	3
16	0
16	0
16	16
13	13
13	0
1	0
3	0
1	0
1	0
1	0
1	0
1	0
1	0
16	0
16	0
16	0
3	0
16	0
1	0
1	0
1	0
1	0
1	0
16	0
1	0
1	0
1	0
16	0
16	0
16	0
1	0
1	0
14	0
1	0
1	0
1	0
1	0
1	0
16	0
16	0
16	0
3	0
1	0
1	0
1	0
13	0
5	0
5	5
16	0
11	11
16	0
1	0
16	16
12	12
13	0
13	13
13	0
12	0
16	0
16	0
16	0
12	0
12	0
16	0
16	0
16	0
16	0
16	0
16	0
12	0
16	0
16	0
16	0
16	0
16	0
8	0
12	0
12	0
16	0
16	0
16	0
12	0
12	0
16	0
16	0
16	0
16	0
16	0
16	0
16	0
12	0
16	0
16	0
16	0
16	0
16	0
16	0
16	0
16	0
16	0
12	0
12	0
12	0
1	0
16	0
12	0
17	0
3	3
16	0
4	0
4	0
4	16
11	0
11	11
1	3
16	0
16	16
13	0
13	13
13	0
17	0
16	0
16	0
16	0
17	0
16	0
16	0
1	0
1	0
16	0
16	0
16	0
16	0
16	0
16	0
1	0
16	0
16	0
17	0
17	0
17	0
16	0
16	0
16	0
16	0
17	0
16	0
16	0
1	0
1	0
16	0
16	0
16	0
3	0
16	0
16	0
16	0
16	0
3	0
3	0
1	0
16	0
16	0
17	0
17	0
13	0
17	0
16	3
17	0
11	4
11	11
3	11
1	0
11	11
16	0
16	16
13	0
13	13
13	0
3	0
16	0
1	0
16	0
17	0
16	0
16	0
1	0
1	0
16	0
16	0
16	0
16	0
16	0
1	0
1	0
16	0
16	0
1	0
12	0
17	0
16	0
16	0
16	0
16	0
17	0
16	0
16	0
1	0
1	0
16	0
1	0
16	0
16	0
16	0
16	0
16	0
16	0
16	0
1	0
1	0
16	0
16	0
1	0
17	0
17	0
12	0
11	0
11	11
4	0
4	4
6	0
6	3
8	2
17	0
6	6
8	0
8	8
17	0
2	6
12	0
12	12
5	5
17	0
2	6
12	0
12	12
17	0
17	0
17	0
17	16
17	0
17	0
17	7
16	0
16	0
16	16
13	0
13	13
13	0
12	0
3	0
16	0
16	0
16	0
16	0
1	0
8	0
16	0
17	0
17	0
12	0
1	0
3	0
3	0
16	0
16	0
1	0
8	0
8	0
8	0
1	0
8	0
16	0
1	0
16	0
13	0
3	0
11	11
4	0
11	4
11	0
11	11
1	3
1	0
1	1
1	0
1	0
1	16
13	0
13	13
13	0
12	0
3	0
16	0
1	0
1	0
3	0
3	0
3	0
16	0
16	0
3	0
3	0
3	0
1	0
1	0
1	0
1	0
1	0
1	0
12	0
3	0
1	0
1	0
1	0
1	0
1	0
3	0
1	0
1	0
16	0
16	0
16	0
3	0
16	0
16	0
3	0
3	0
3	0
1	0
1	0
1	0
1	0
1	0
1	0
11	0
11	0
3	14
2	0
6	6
8	8
2	0
2	0
3	3
1	0
16	0
16	0
16	16
5	5
6	0
6	3
1	0
1	0
1	0
1	0
1	3
4	0
11	4
3	0
11	11
3	3
1	1
3	1
2	0
6	0
3	3
4	0
11	4
17	0
17	0
17	10
3	3
1	0
1	0
1	0
1	3
13	13
13	0
3	0
3	0
3	0
1	0
8	0
16	0
16	0
1	0
1	0
17	0
1	0
1	0
1	0
1	0
1	0
16	0
16	0
13	0
8	0
16	16
16	0
11	0
11	11
3	0
11	3
3	0
3	3
13	0
13	13
13	0
12	0
12	0
1	0
1	0
12	0
12	0
16	0
16	0
8	0
1	0
1	0
1	0
12	0
16	0
16	0
3	0
1	0
1	0
1	0
12	0
12	0
12	0
16	0
1	0
1	0
12	0
12	0
8	0
3	0
1	0
1	0
1	0
1	0
1	0
16	0
16	0
16	0
16	0
16	0
8	0
3	0
1	0
1	0
1	0
12	0
12	0
12	0
17	0
11	0
11	11
17	0
3	4
1	3
17	0
1	6
12	0
12	0
12	8
3	0
3	0
3	3
16	0
3	4
5	5
17	0
1	6
17	0
17	0
1	0
1	8
17	0
17	0
17	3
11	0
1	0
16	16
13	13
13	0
1	0
1	0
1	0
16	0
1	0
1	0
1	0
1	0
1	0
1	0
1	0
1	0
1	0
1	0
1	0
1	0
1	0
16	0
16	0
16	0
1	0
1	0
1	0
16	0
16	0
16	0
1	0
1	0
16	0
13	0
13	0
13	17
12	0
12	7
5	5
11	0
11	3
4	0
4	4
12	0
12	6
12	0
12	12
5	5
12	0
11	11
2	0
2	0
6	2
8	8
1	0
1	3
2	0
2	2
8	12
12	0
12	0
12	12
13	0
13	13
13	0
12	0
12	0
16	0
16	0
16	0
16	0
16	0
16	0
1	0
8	0
16	0
1	0
8	0
1	0
1	0
16	0
1	0
1	0
8	0
8	0
8	0
8	0
8	0
12	0
16	0
12	0
12	0
12	0
12	0
12	0
12	0
12	0
3	7
13	0
13	13
13	0
12	0
1	0
12	0
12	0
12	0
12	0
1	0
1	0
12	0
12	0
12	0
12	0
12	0
12	0
12	0
12	0
3	0
3	0
12	0
12	0
12	0
12	0
12	0
12	0
12	0
12	0
1	0
12	0
12	0
12	0
12	0
12	0
12	0
12	0
12	0
1	0
12	0
12	0
12	0
12	0
12	0
12	0
3	0
12	0
12	0
12	0
12	0
12	0
12	0
12	0
12	0
12	0
12	0
12	0
16	3
11	0
11	4
3	3
5	6
16	0
16	0
1	1
8	0
8	0
8	8
1	0
12	4
17	0
13	13
13	0
12	0
1	0
1	0
1	0
12	0
12	0
12	0
16	0
1	0
3	0
1	0
1	0
1	0
1	0
1	0
16	0
1	0
8	0
12	0
12	0
12	0
12	0
16	0
1	0
1	0
12	0
12	0
12	0
16	0
16	0
16	0
16	0
1	0
1	0
1	0
1	0
1	0
1	0
1	0
1	0
1	0
1	0
1	0
1	3
5	6
1	1
13	0
13	13
13	0
1	0
1	0
1	0
8	0
1	0
1	0
1	0
1	0
1	0
1	0
1	0
1	0
1	0
1	0
1	0
1	0
1	0
8	0
1	0
1	0
1	0
1	0
1	0
8	0
1	0
1	0
1	0
1	0
1	0
1	0
1	0
1	0
1	0
1	0
1	0
1	0
1	0
1	0
8	0
1	0
1	0
1	0
1	0
8	0
1	0
1	0
1	0
1	0
1	0
1	0
1	0
1	0
1	0
12	0
3	0
3	5
16	0
12	0
12	3
5	6
1	0
1	0
1	0
1	0
1	1
13	0
13	13
13	0
12	0
16	0
8	0
8	0
12	0
1	0
17	0
16	0
16	0
16	0
16	0
16	0
16	0
1	0
1	0
1	0
8	0
8	0
12	0
12	0
17	0
16	0
16	0
8	0
8	0
12	0
1	0
12	0
16	0
16	0
16	0
16	0
16	0
16	0
16	0
16	0
1	0
1	0
1	0
1	0
1	0
8	0
8	0
8	0
12	0
12	0
17	6
17	4
5	6
16	0
16	0
16	0
16	1
8	0
8	0
8	8
17	0
12	4
17	0
2	11
1	0
11	0
1	0
3	0
3	1
8	0
8	0
8	0
8	0
8	8
3	0
2	0
2	10
13	0
13	13
13	0
17	0
17	0
17	0
17	0
12	0
1	0
17	0
17	0
17	0
1	0
17	0
17	0
17	0
17	0
8	0
1	0
1	0
12	0
1	0
1	0
16	0
1	0
16	0
17	0
16	0
17	0
17	0
17	0
17	0
13	0
13	0
13	17
17	0
5	5
11	11
4	0
11	4
16	0
16	0
16	3
1	0
17	0
1	0
12	16
1	0
1	14
17	0
17	0
9	6
9	9
8	0
8	0
8	8
17	4
17	0
17	0
17	0
17	16
17	2
12	0
12	6
12	8
17	0
1	16
13	0
13	0
13	13
13	0
13	0
17	0
1	0
17	0
17	0
12	0
13	0
12	0
1	0
1	0
16	0
12	0
12	0
16	0
1	0
1	0
17	0
1	0
1	0
1	0
1	0
12	0
12	0
12	7
13	13
13	0
1	0
1	0
1	0
1	0
1	0
1	0
1	0
1	0
1	0
1	0
1	0
1	0
1	0
1	0
1	0
1	0
1	0
1	0
1	0
1	0
1	0
1	0
1	0
1	0
1	0
1	0
1	0
1	0
1	0
1	0
1	0
1	0
1	0
1	0
1	0
1	0
1	0
1	0
1	0
1	0
1	0
1	0
1	0
1	0
1	0
1	0
1	0
1	0
1	0
1	0
1	0
1	0
1	0
1	0
1	0
12	0
8	12
12	0
12	0
12	12
4	0
4	4
17	0
17	0
17	3
9	9
8	0
8	0
8	8
2	2
12	12
12	12
2	3
13	0
13	13
13	0
1	0
12	0
1	0
1	0
16	0
16	0
1	0
17	0
17	0
17	0
1	0
1	0
17	0
1	0
1	0
1	0
1	0
16	0
16	0
12	0
1	0
17	0
1	0
16	0
16	0
12	0
1	0
12	0
12	0
16	0
16	0
17	0
17	0
17	0
17	0
17	0
1	0
17	0
2	0
13	0
3	0
14	0
1	0
14	0
14	14
6	6
8	0
8	0
8	0
8	8
17	0
11	4
17	3
17	0
1	1
2	0
1	0
1	0
1	0
16	16
5	5
1	0
11	0
16	0
16	0
16	0
16	16
13	0
13	13
13	0
16	0
16	0
8	0
1	0
17	0
17	0
16	0
16	0
17	0
1	0
16	0
1	0
1	0
16	0
16	0
16	0
16	0
16	0
14	0
14	0
14	0
1	0
8	0
16	0
16	0
16	0
16	0
8	0
8	0
12	0
12	1
8	0
13	0
13	17
8	0
8	14
2	0
3	3
17	0
6	3
17	0
17	16
4	0
4	4
17	0
11	4
1	0
3	3
3	0
3	3
1	0
1	0
1	1
17	0
12	0
17	0
12	4
13	0
13	13
13	0
1	0
3	0
1	0
1	0
12	0
17	0
1	0
17	0
1	0
1	0
1	0
1	0
1	0
1	0
17	0
1	0
1	0
17	0
12	0
12	0
1	0
16	0
16	0
16	0
1	0
1	0
8	0
1	0
1	0
12	0
5	5
11	0
11	11
16	0
16	4
11	0
11	6
16	0
16	0
16	0
16	1
17	0
8	0
8	8
16	0
2	4
13	0
13	13
13	0
16	0
16	0
16	0
1	0
12	0
12	0
12	0
16	0
16	0
1	0
1	0
1	0
1	0
1	0
1	0
16	0
16	0
1	0
12	0
12	0
16	0
16	0
1	0
16	0
3	0
12	0
12	0
16	0
16	0
3	0
16	0
16	0
16	0
1	0
1	0
1	0
1	0
1	0
1	0
1	0
12	0
3	0
3	0
3	3
8	0
2	0
2	2
17	0
2	11
1	0
11	0
11	1
13	0
13	13
13	0
12	0
8	0
8	0
8	0
17	0
17	0
17	0
8	0
1	0
8	0
17	0
17	0
17	0
17	0
17	0
1	0
1	0
8	0
8	0
12	0
17	0
8	0
8	0
8	0
12	0
12	0
17	0
17	0
8	0
1	0
8	0
3	0
16	0
3	0
8	0
8	0
17	0
17	0
17	0
1	0
1	0
1	0
8	0
12	0
12	0
8	0
2	2
12	0
12	8
5	5
12	0
12	8
2	2
17	0
17	6
17	0
17	0
1	0
1	1
8	0
8	0
8	0
8	0
8	8
13	0
13	13
13	0
12	0
8	0
12	0
8	0
12	0
12	0
12	0
1	0
1	0
17	0
1	0
1	0
1	0
1	0
1	0
1	0
8	0
8	0
12	0
12	0
12	0
1	0
1	0
8	0
8	0
1	0
12	0
12	0
12	0
16	0
16	0
17	0
1	0
1	0
17	0
1	0
1	0
1	0
12	0
13	0
13	17
11	11
4	0
11	4
6	0
6	3
1	0
3	3
1	1
17	0
12	0
12	4
5	5
3	11
6	0
3	4
17	0
12	8
16	0
16	0
16	0
16	16
13	0
13	13
13	0
1	0
1	0
1	0
1	0
17	0
12	0
12	0
12	0
1	0
1	0
1	0
12	0
12	0
1	0
1	0
1	0
16	0
16	0
16	0
13	0
13	0
1	0
3	0
3	0
1	0
1	0
1	0
1	0
1	0
17	0
12	0
12	0
12	0
13	0
17	0
17	0
1	7
11	0
11	6
8	8
13	0
13	13
13	0
12	0
1	0
1	0
8	0
8	0
12	0
8	0
16	0
1	0
1	0
8	0
8	0
12	0
12	0
8	0
1	0
1	0
8	0
8	0
8	0
12	0
12	0
1	0
8	0
8	0
8	0
12	0
8	0
1	0
1	0
1	0
8	0
8	0
12	0
12	0
8	0
8	0
8	0
16	0
16	0
16	0
8	0
8	0
8	0
8	0
12	0
12	0
8	0
1	0
8	0
13	0
14	3
6	0
16	4
3	0
3	3
1	0
3	3
1	6
1	0
1	1
8	0
12	0
12	0
8	0
8	0
8	8
2	2
3	3
6	6
8	0
8	0
8	8
16	2
3	0
3	4
13	0
13	0
13	13
13	0
1	0
1	0
1	0
1	0
1	0
16	0
16	0
1	0
1	0
16	0
1	0
1	0
1	0
1	0
8	0
1	0
1	0
1	0
16	0
16	0
3	0
1	0
3	0
1	0
1	0
1	0
1	0
1	0
1	0
8	0
14	0
14	11
3	0
3	0
3	16
9	9
1	0
1	0
1	0
1	0
1	1
8	0
8	8
16	0
16	0
16	0
16	16
13	0
13	13
13	0
17	0
16	0
1	0
16	0
16	0
12	0
12	0
1	0
1	0
1	0
1	0
1	0
1	0
16	0
16	0
16	0
16	0
16	0
16	0
12	0
12	0
17	0
16	0
16	0
16	0
12	0
17	0
3	0
3	0
3	0
3	0
8	0
8	0
1	0
1	0
1	0
1	0
1	0
8	0
16	0
13	0
17	0
17	0
17	3
9	9
16	0
1	0
1	0
1	0
1	1
8	0
8	0
8	0
8	8
13	0
13	13
13	0
12	0
1	0
17	0
17	0
17	0
12	0
17	0
17	0
17	0
16	0
1	0
1	0
16	0
1	0
1	0
1	0
16	0
16	0
12	0
12	0
17	0
17	0
16	0
1	0
1	0
12	0
12	0
12	0
17	0
17	0
17	0
17	0
12	0
16	0
16	0
1	0
1	0
1	0
1	0
1	0
1	0
16	0
16	0
12	0
12	0
12	0
17	0
17	0
12	1
17	0
17	0
8	8
13	0
13	13
13	0
12	0
12	0
12	0
12	0
12	0
12	0
12	0
1	0
1	0
8	0
12	0
12	0
12	0
1	0
12	0
1	0
12	0
12	0
12	0
12	0
12	0
12	0
1	0
12	0
12	0
17	0
1	0
1	0
1	0
12	0
12	0
12	0
12	0
12	0
12	0
17	0
17	0
17	0
17	0
1	0
1	0
12	0
12	0
12	0
12	0
12	0
1	0
1	0
13	0
9	9
8	0
8	8
16	0
2	0
2	2
3	0
3	0
3	3
13	0
13	13
13	0
1	0
3	0
8	0
8	0
1	0
17	0
8	0
1	0
8	0
3	0
8	0
8	0
16	0
16	0
16	0
3	0
3	0
3	0
8	0
8	0
12	0
8	0
8	0
8	0
8	0
12	0
3	0
16	0
3	0
3	0
3	0
3	0
8	0
3	0
1	0
8	0
8	0
16	0
16	0
3	0
3	0
3	0
3	0
8	0
8	0
17	0
1	0
16	0
11	0
16	3
11	0
11	4
3	3
3	0
3	0
1	0
1	3
3	0
3	3
1	6
12	0
12	8
3	0
11	16
13	0
13	0
13	13
13	0
1	0
8	0
8	0
8	0
8	0
12	0
1	0
1	0
1	0
16	0
16	0
1	0
1	0
1	0
16	0
16	0
16	0
8	0
12	0
13	0
1	0
1	0
16	0
8	0
8	0
17	0
16	0
16	0
16	0
16	0
3	0
3	0
1	0
16	0
1	0
3	0
1	0
1	0
1	0
12	0
13	0
13	17
3	2
16	0
1	0
1	0
1	1
8	8
16	0
12	0
1	4
2	0
2	2
8	8
13	0
13	13
13	0
12	0
1	0
8	0
16	0
8	0
8	0
12	0
8	0
8	0
1	0
1	0
1	0
8	0
8	0
2	0
1	0
8	0
8	0
8	0
12	0
8	0
8	0
1	0
16	0
1	0
12	0
12	0
13	0
12	0
13	0
1	0
1	0
1	0
1	0
1	0
8	0
1	0
8	0
8	0
2	0
1	0
2	0
13	0
17	6
8	8
4	0
11	4
1	3
1	0
1	1
13	0
13	13
13	0
1	0
1	0
1	0
1	0
1	0
1	0
1	0
1	0
1	0
1	0
1	0
1	0
1	0
8	0
1	0
1	0
1	0
1	0
1	0
12	0
1	0
1	0
1	0
1	0
8	0
1	0
1	0
1	0
1	0
1	0
1	0
1	0
1	0
1	0
1	0
1	0
1	0
8	0
16	0
1	0
3	0
1	0
1	0
1	0
12	0
1	0
1	0
1	0
1	0
12	0
3	0
3	5
1	3
3	0
1	6
8	0
8	0
8	8
5	5
11	11
3	0
3	3
8	8
5	5
8	8
13	0
13	13
13	0
1	0
1	0
8	0
16	0
12	0
12	0
12	0
3	0
8	0
8	0
8	0
16	0
16	0
16	0
8	0
1	0
1	0
16	0
12	0
12	0
17	0
8	0
1	0
8	0
16	0
12	0
12	0
16	0
16	0
16	0
16	0
16	0
1	0
8	0
8	0
16	0
16	0
16	0
16	0
8	0
1	0
13	0
16	0
17	0
16	10
11	0
11	10
1	0
1	0
1	16
2	2
12	12
13	0
13	13
13	0
16	0
16	0
12	0
8	0
12	0
12	0
16	0
16	0
8	0
8	0
12	0
8	0
12	0
12	0
1	0
8	0
8	0
8	0
12	0
12	0
16	0
16	0
1	0
12	0
12	0
12	0
12	0
8	0
8	0
8	0
8	0
12	0
16	0
16	0
16	0
16	0
16	0
1	0
1	0
1	0
8	0
8	0
8	0
12	0
12	0
12	0
13	0
17	0
12	0
12	0
12	0
12	7
5	5
11	11
4	0
4	4
3	3
17	0
1	0
1	1
17	0
1	3
13	0
13	13
13	0
12	0
1	0
1	0
1	0
8	0
1	0
17	0
17	0
8	0
8	0
8	0
1	0
1	0
1	0
1	0
1	0
1	0
8	0
8	0
12	0
17	0
3	0
8	0
1	0
1	0
1	0
12	0
17	0
1	0
1	0
17	0
17	0
12	0
3	0
8	0
1	0
1	0
1	0
1	0
1	0
1	0
12	0
8	0
12	0
8	4
8	0
2	2
8	8
16	0
16	0
16	16
14	0
3	3
16	0
11	0
11	0
2	3
5	5
11	0
11	4
16	0
4	0
4	0
4	0
4	0
16	16
13	0
13	13
13	0
8	0
8	0
16	0
16	0
16	0
16	0
16	0
1	0
16	0
16	0
16	0
12	0
8	0
16	0
16	0
4	0
16	0
16	0
16	0
17	0
8	0
8	0
8	0
8	0
16	0
16	0
16	0
16	0
16	0
16	0
16	0
16	0
12	0
3	11
1	0
12	0
12	16
3	0
6	11
6	0
2	2
17	0
2	11
13	13
17	0
17	0
17	3
9	0
9	0
9	8
13	13
5	5
3	0
2	16
14	0
2	14
11	0
6	11
8	0
8	8
4	0
4	4
13	0
13	13
13	0
17	0
17	0
1	0
17	0
17	0
1	0
8	0
8	0
16	0
3	0
3	0
8	0
8	0
1	0
1	0
1	0
1	0
8	0
12	0
8	0
8	0
17	0
8	0
17	0
17	0
17	0
17	0
12	0
11	0
1	4
8	0
12	0
17	0
12	0
12	16
12	0
12	10
13	13
13	0
17	0
1	0
1	0
16	0
16	0
1	0
1	0
16	0
16	0
16	0
12	0
16	0
16	0
8	0
17	0
16	0
12	0
12	0
12	0
12	0
12	0
1	0
1	0
16	0
1	0
16	0
1	0
1	0
12	0
12	0
16	0
12	0
16	0
16	0
16	0
16	0
16	0
1	0
8	0
17	0
12	0
12	0
16	0
16	0
12	0
1	0
1	0
1	0
12	0
17	0
4	0
14	16
11	11
13	13
3	0
3	7
14	0
11	11
11	4
11	11
16	16
13	0
13	13
13	0
12	0
3	0
16	0
16	0
12	0
16	0
12	0
16	0
16	0
16	0
16	0
16	0
16	0
16	0
16	0
16	0
16	0
16	0
3	0
12	0
16	0
16	0
16	0
16	0
16	0
16	0
16	0
12	0
16	0
16	0
16	0
16	0
16	0
16	0
16	0
16	0
16	0
16	0
16	0
16	0
3	0
16	0
16	0
1	0
17	0
11	11
17	0
17	0
17	4
17	3
3	3
8	0
8	0
8	8
17	0
17	0
17	0
17	16
3	11
3	0
3	3
17	0
17	0
11	0
2	3
3	3
4	0
4	4
5	5
11	11
3	0
1	4
1	0
3	3
17	0
17	0
1	2
9	9
8	0
8	0
8	8
2	2
8	12
12	0
12	0
12	12
13	0
13	0
13	13
13	0
16	0
16	0
16	0
16	0
13	0
3	0
1	0
17	0
16	0
17	0
16	0
17	0
16	0
16	0
17	0
11	11
16	0
17	0
16	0
1	4
3	0
3	3
14	0
11	14
3	11
1	0
1	0
16	16
4	0
11	4
13	0
13	0
13	13
13	0
16	0
16	0
16	0
1	0
16	0
12	0
16	0
16	0
16	0
16	0
16	0
1	0
1	0
1	0
1	0
1	0
1	0
1	0
12	0
13	0
16	0
16	0
16	0
16	0
1	0
17	0
12	0
16	0
16	0
16	0
16	0
16	0
16	0
16	0
1	0
1	0
3	0
1	0
1	0
1	0
13	0
3	0
3	0
3	0
1	17
13	0
13	0
13	13
13	0
1	0
1	0
1	0
1	0
1	0
1	0
1	0
1	0
1	0
1	0
1	0
1	0
1	0
1	0
1	0
1	0
1	0
1	0
12	0
12	0
12	0
1	0
1	0
1	0
1	0
1	0
1	0
1	0
1	0
1	0
1	0
1	0
12	0
1	0
1	0
1	0
1	0
1	0
1	0
1	0
3	0
3	0
1	0
12	0
1	0
1	0
1	0
1	0
1	0
1	0
1	0
12	0
2	2
12	12
16	0
16	0
16	16
3	0
11	11
3	0
3	11
5	5
16	0
11	11
4	0
11	4
9	9
8	0
8	0
8	8
3	3
2	2
8	12
12	0
12	0
12	12
13	0
13	13
13	0
3	0
3	0
8	0
16	0
3	0
16	0
3	0
16	0
1	0
1	0
16	0
3	0
16	0
1	0
1	0
12	0
12	0
1	0
16	0
1	0
12	0
16	0
16	0
3	0
3	0
3	0
3	0
8	0
16	0
16	0
16	0
3	0
12	0
12	0
12	7
13	13
13	0
1	0
1	0
1	0
1	0
1	0
1	0
1	0
1	0
1	0
1	0
1	0
1	0
1	0
1	0
1	0
1	0
1	0
1	0
1	0
1	0
1	0
1	0
1	0
1	0
1	0
1	0
1	0
1	0
1	0
1	0
1	0
1	0
1	0
1	0
1	0
1	0
1	0
1	0
1	0
1	0
1	0
1	0
1	0
1	0
1	0
1	0
1	0
1	0
1	0
1	0
1	0
1	0
1	0
1	0
1	0
13	0
3	0
3	0
5	0
3	3
11	0
3	4
16	0
11	0
11	11
3	3
1	0
17	0
17	0
17	0
1	16
17	0
6	14
17	0
17	11
3	3
17	0
17	0
17	10
17	0
17	0
17	16
13	0
13	0
14	14
11	0
6	11
3	6
1	0
1	0
1	0
1	8
4	0
4	4
13	0
13	13
13	0
17	0
8	0
8	0
8	0
8	0
8	0
17	0
16	0
16	0
16	0
16	0
16	0
16	0
8	0
1	0
1	0
1	0
17	0
13	0
14	11
11	4
11	11
3	0
3	0
16	0
16	16
11	11
11	0
11	0
9	16
3	0
11	11
1	0
17	0
17	10
5	2
8	0
8	0
8	0
8	8
13	0
13	13
13	0
1	0
3	0
16	0
8	0
16	0
3	0
16	0
3	0
1	0
1	0
1	0
1	0
1	0
1	0
1	0
8	0
8	0
16	0
16	0
12	0
12	0
1	0
16	0
16	0
16	0
3	0
1	0
16	0
16	0
16	0
3	0
3	0
1	0
3	0
1	0
13	0
11	0
11	11
16	0
17	0
17	0
1	4
3	3
17	0
1	11
3	0
1	0
1	0
1	0
1	1
13	0
13	13
13	0
1	0
17	0
16	0
1	0
1	0
17	0
17	0
17	0
3	0
16	0
16	0
1	0
1	0
1	0
1	0
1	0
16	0
16	0
16	0
17	0
17	0
1	0
1	0
16	0
1	0
16	0
17	0
17	0
17	0
17	0
16	0
16	0
16	0
16	0
16	0
1	0
1	0
1	0
1	0
1	0
1	0
16	0
13	0
3	0
16	14
11	11
17	0
2	11
3	0
12	0
12	0
9	16
3	0
2	2
11	0
6	0
8	8
16	0
1	0
1	16
13	0
13	13
13	0
16	0
16	0
16	0
16	0
16	0
16	0
3	0
16	0
16	0
8	0
3	0
12	0
1	0
12	0
1	0
16	0
16	0
16	0
16	0
12	0
3	0
16	0
1	0
16	0
16	0
12	0
16	0
16	0
16	0
3	0
12	0
12	0
12	0
8	0
8	0
3	0
3	0
1	0
12	0
13	0
4	0
4	0
4	17
13	0
13	0
13	13
13	0
1	0
1	0
16	0
1	0
1	0
16	0
16	0
4	0
16	0
16	0
1	0
1	0
1	0
16	0
16	0
16	0
1	0
1	0
12	0
1	0
1	0
16	0
16	0
1	0
1	0
1	0
16	0
16	0
1	0
16	0
1	0
1	0
1	0
1	0
16	0
1	0
16	0
16	0
8	0
16	0
4	0
4	0
1	0
1	0
1	0
1	0
1	0
1	0
1	0
16	0
1	0
1	0
13	0
3	0
3	6
16	0
11	0
4	0
16	16
11	11
3	0
2	0
16	0
2	1
12	0
12	0
12	0
12	8
3	2
2	0
2	0
6	6
8	0
8	0
8	8
5	5
3	0
3	3
16	0
16	16
11	11
2	2
17	0
17	11
12	10
17	0
12	0
8	8
16	0
4	16
13	0
13	13
13	0
1	0
16	0
8	0
16	0
1	0
1	0
16	0
3	0
16	0
16	0
16	0
12	0
1	0
12	0
17	0
8	0
8	0
1	0
12	0
13	0
1	0
1	1
13	13
13	0
1	0
1	0
1	0
1	0
1	0
1	0
1	0
1	0
1	0
1	0
16	0
1	0
1	0
1	0
1	0
1	0
1	0
1	0
8	0
1	0
1	0
1	0
1	0
16	0
8	0
1	0
1	0
1	0
1	0
1	0
1	0
8	0
1	0
1	0
1	0
1	0
1	0
1	0
16	0
1	0
1	0
1	0
1	0
1	0
1	0
1	0
1	0
1	0
1	0
1	0
1	0
1	0
1	0
1	0
1	0
12	0
3	7
3	11
16	0
16	4
17	0
6	3
8	0
12	0
17	0
12	0
12	16
16	0
17	0
9	10
11	0
6	11
1	0
3	4
2	0
3	3
1	0
1	1
8	0
8	0
8	0
8	8
13	0
13	13
13	0
12	0
16	0
16	0
1	0
16	0
12	0
16	0
1	0
1	0
1	0
17	0
1	0
17	0
1	0
8	0
8	0
8	0
1	0
1	0
16	0
16	0
1	0
8	0
8	0
8	0
17	0
8	0
16	0
16	0
16	0
12	0
17	0
11	3
11	0
11	4
6	0
6	3
3	0
1	0
1	16
13	0
13	13
13	0
12	0
8	0
8	0
8	0
12	0
16	0
16	0
8	0
1	0
1	0
8	0
8	0
16	0
8	0
1	0
1	0
8	0
8	0
8	0
8	0
12	0
12	0
8	0
8	0
8	0
12	0
8	0
1	0
8	0
1	0
8	0
8	0
8	0
16	0
16	0
8	0
8	0
1	0
8	0
1	0
1	0
8	0
8	0
8	0
8	0
12	0
12	0
12	0
12	0
12	7
13	13
13	0
1	0
1	0
1	0
1	0
1	0
1	0
1	0
1	0
1	0
1	0
1	0
1	0
1	0
1	0
1	0
1	0
1	0
1	0
1	0
1	0
1	0
1	0
1	0
1	0
1	0
1	0
1	0
1	0
1	0
1	0
1	0
1	0
1	0
1	0
1	0
1	0
1	0
1	0
1	0
1	0
1	0
1	0
1	0
1	0
1	0
1	0
1	0
1	0
1	0
1	0
1	0
1	0
1	0
1	0
1	0
17	0
12	7
5	5
16	0
11	11
17	4
17	3
17	6
1	0
1	1
8	0
8	8
12	0
12	4
3	11
16	0
11	11
3	0
2	0
3	0
3	3
1	0
1	0
1	0
16	0
16	16
1	0
3	4
2	10
17	0
2	11
13	0
13	13
13	0
12	0
17	0
12	0
12	0
12	0
17	0
17	0
1	0
1	0
1	0
1	0
1	0
1	0
1	0
16	0
16	0
16	0
12	0
17	0
17	0
1	0
1	0
8	0
12	0
12	0
16	0
13	0
3	0
5	5
14	11
11	4
16	0
2	11
11	0
11	11
1	0
11	0
16	0
16	0
16	16
13	0
13	13
13	0
17	0
16	0
17	0
16	0
3	0
16	0
16	0
16	0
16	0
16	0
3	0
8	0
1	0
1	0
1	0
16	0
16	0
16	0
12	0
12	0
16	0
16	0
16	0
17	0
8	0
12	0
16	0
16	0
16	0
16	0
16	0
16	0
16	0
8	0
3	0
3	0
3	0
1	0
1	0
1	0
16	0
16	0
16	0
12	0
17	0
11	11
4	0
11	4
2	0
2	0
2	0
3	3
12	0
12	10
16	0
16	0
16	16
13	0
13	13
13	0
12	0
16	0
16	0
8	0
12	0
8	0
12	0
3	0
1	0
2	0
17	0
1	0
1	0
1	0
1	0
1	0
16	0
8	0
8	0
12	0
12	0
1	0
16	0
16	0
1	0
12	0
12	0
12	0
3	0
16	0
16	0
3	0
16	0
1	0
1	0
2	0
2	0
1	0
8	0
1	0
1	0
16	0
16	0
13	0
13	0
13	17
3	11
4	0
4	4
6	0
6	3
1	0
2	2
8	0
8	8
17	0
12	2
8	0
8	8
16	0
16	0
16	3
13	0
13	13
13	0
13	0
12	0
16	0
16	0
16	0
13	0
17	0
17	0
8	0
1	0
17	0
1	0
1	0
1	0
16	0
16	0
16	0
16	0
16	0
13	0
8	0
16	0
16	0
16	0
16	0
13	0
13	0
3	0
3	0
3	0
8	0
1	0
1	0
1	0
1	0
17	0
1	0
1	0
12	0
11	0
3	0
3	3
16	0
3	0
11	4
3	0
1	3
1	0
1	0
1	0
1	0
1	0
16	1
12	0
11	0
12	4
12	0
13	13
13	0
12	0
12	0
12	0
12	0
12	0
12	0
12	0
12	0
1	0
1	0
1	0
1	0
1	0
16	0
16	0
12	0
12	0
12	0
12	0
12	0
12	0
12	0
12	0
12	0
12	0
12	0
12	0
16	0
16	0
1	0
1	0
1	0
1	0
1	0
1	0
1	0
1	0
1	0
1	0
13	0
17	0
11	11
4	0
11	4
1	3
1	0
1	0
1	1
13	0
13	13
13	0
17	0
17	0
8	0
1	0
1	0
17	0
1	0
1	0
1	0
1	0
1	0
1	0
1	0
1	0
1	0
1	0
1	0
1	0
1	0
12	0
17	0
17	0
12	0
3	0
1	0
12	0
16	0
1	0
1	0
1	0
1	0
1	0
1	0
1	0
16	0
17	0
8	0
16	0
1	0
1	0
1	0
1	0
1	0
1	0
12	0
17	0
16	0
12	0
13	0
3	0
3	3
8	8
13	0
13	13
13	0
1	0
1	0
8	0
8	0
12	0
16	0
1	0
16	0
1	0
8	0
8	0
8	0
12	0
1	0
1	0
1	0
8	0
8	0
8	0
12	0
1	0
1	0
1	0
8	0
12	0
8	0
16	0
1	0
1	0
1	0
8	0
12	0
12	0
12	0
1	0
1	0
1	0
8	0
8	0
8	0
3	0
1	0
8	0
8	0
12	0
12	0
1	0
1	0
1	0
8	0
8	0
16	0
1	0
13	0
2	6
8	8
5	5
3	0
3	0
3	0
3	3
17	0
1	0
12	1
13	0
13	13
13	0
17	0
8	0
8	0
8	0
12	0
1	0
17	0
8	0
1	0
1	0
8	0
8	0
3	0
1	0
1	0
8	0
8	0
1	0
12	0
12	0
1	0
8	0
8	0
8	0
12	0
12	0
8	0
1	0
8	0
17	0
1	0
8	0
1	0
1	0
8	0
8	0
8	0
3	0
3	0
1	0
17	0
1	0
1	0
12	0
12	0
12	0
12	0
17	0
12	0
17	3
12	0
11	11
4	0
4	0
4	0
4	4
3	0
2	0
2	10
17	0
11	3
17	0
2	0
2	3
12	16
13	13
13	0
17	0
17	0
17	0
17	0
12	0
12	0
17	0
17	0
16	0
16	0
3	0
3	0
8	0
8	0
8	0
17	0
17	0
17	0
16	0
1	0
8	0
17	0
17	0
17	0
16	0
1	0
17	0
17	0
16	0
12	0
12	0
16	0
16	0
16	0
3	0
3	0
1	0
3	0
8	0
12	0
5	0
5	5
11	0
11	11
4	0
4	4
17	0
1	0
1	0
1	1
17	0
12	0
12	8
12	0
12	0
12	4
13	13
13	0
1	0
8	0
1	0
12	0
8	0
1	0
1	0
1	0
1	0
3	0
1	0
1	0
1	0
17	0
12	0
12	0
12	0
12	0
1	0
1	0
1	0
1	0
12	0
1	0
8	0
1	0
1	0
1	0
16	0
16	0
8	0
8	0
8	0
3	0
3	0
1	0
1	0
1	0
17	0
12	0
12	0
12	0
8	0
5	5
17	0
12	6
12	0
8	0
8	8
4	0
4	4
1	0
1	1
17	0
1	3
13	13
13	0
8	0
1	0
1	0
12	0
1	0
8	0
1	0
8	0
1	0
12	0
12	0
8	0
8	0
8	0
1	0
1	0
1	0
1	0
1	0
1	0
8	0
1	0
1	0
1	0
8	0
8	0
8	0
1	0
1	0
1	0
1	0
8	0
8	0
8	0
12	0
12	0
8	0
8	0
1	0
3	0
1	0
1	0
1	0
1	0
12	0
17	0
3	0
3	0
3	3
11	0
6	4
3	0
1	6
8	0
8	8
12	0
12	4
2	2
8	12
12	0
12	0
12	12
13	0
13	13
13	0
12	0
1	0
12	0
12	0
12	0
12	0
12	0
16	0
1	0
8	0
12	0
12	0
12	0
1	0
8	0
12	0
12	0
12	0
16	0
12	0
12	0
1	0
1	0
12	0
16	0
12	0
17	0
16	0
16	0
16	0
16	0
3	0
1	0
1	0
8	0
12	0
12	0
12	0
1	0
12	0
12	0
12	6
12	0
12	12
17	4
1	6
8	0
8	0
8	0
8	0
8	0
8	8
12	0
12	4
12	0
12	3
5	5
6	4
3	6
1	0
1	0
1	1
8	8
17	0
4	0
4	10
17	0
12	2
12	0
12	0
8	8
16	0
16	0
1	0
4	16
13	0
13	13
13	0
17	0
17	0
16	0
17	0
1	0
16	0
16	0
8	0
17	0
12	0
12	0
16	0
16	0
16	0
1	0
16	0
1	0
16	0
16	0
17	0
16	0
11	0
11	0
11	3
8	0
12	0
11	4
2	0
6	2
8	0
8	0
8	0
8	8
1	0
16	16
13	13
13	0
1	0
8	0
8	0
16	0
8	0
1	0
8	0
8	0
8	0
8	0
8	0
1	0
1	0
1	0
8	0
8	0
1	0
16	0
16	0
16	0
8	0
8	0
1	0
16	0
1	0
8	0
1	0
16	0
16	0
16	0
16	0
8	0
8	0
8	0
8	0
1	0
1	0
1	0
8	0
8	0
8	0
1	0
1	0
16	0
17	0
17	3
17	0
17	3
17	0
8	8
13	0
13	0
13	13
13	0
17	0
8	0
17	0
17	0
17	0
17	0
17	0
1	0
17	0
17	0
17	0
12	0
17	0
17	0
17	0
17	0
16	0
12	0
12	0
12	0
12	0
8	0
8	0
8	0
17	0
17	0
1	0
1	0
8	0
16	0
12	0
12	0
12	0
12	0
1	0
17	0
17	0
17	0
17	0
17	0
1	0
16	0
12	0
12	0
12	0
12	0
1	0
17	0
17	0
17	0
13	0
13	0
12	17
12	4
16	0
3	3
9	9
8	0
8	0
8	8
13	0
13	0
13	13
13	0
12	0
12	0
16	0
8	0
12	0
12	0
12	0
8	0
12	0
16	0
16	0
8	0
16	0
16	0
1	0
8	0
16	0
8	0
8	0
8	0
8	0
12	0
16	0
16	0
12	0
12	0
1	0
1	0
8	0
8	0
16	0
16	0
12	0
12	0
12	0
12	0
16	0
16	0
1	0
1	0
16	0
16	0
8	0
12	0
8	0
12	0
12	0
12	0
12	7
13	13
13	0
1	0
1	0
1	0
1	0
1	0
1	0
1	0
1	0
1	0
1	0
1	0
1	0
1	0
1	0
1	0
1	0
1	0
1	0
1	0
1	0
1	0
1	0
1	0
1	0
1	0
1	0
1	0
1	0
1	0
1	0
1	0
1	0
1	0
1	0
1	0
1	0
1	0
1	0
1	0
1	0
1	0
1	0
1	0
1	0
1	0
1	0
1	0
1	0
1	0
1	0
1	0
1	0
1	0
1	0
1	0
13	0
5	0
5	3
3	6
8	8
8	0
8	8
5	5
8	0
8	8
13	0
13	13
13	0
1	0
16	0
16	0
1	0
12	0
16	0
8	0
8	0
16	0
8	0
8	0
1	0
16	0
16	0
8	0
16	0
8	0
8	0
8	0
8	0
12	0
16	0
16	0
16	0
8	0
12	0
16	0
8	0
8	0
16	0
8	0
8	0
8	0
16	0
16	0
16	0
16	0
16	0
16	0
8	0
8	0
8	0
8	0
8	0
12	0
12	0
16	0
12	0
1	0
11	11
4	4
17	0
17	0
17	10
17	6
17	0
1	0
1	8
13	13
13	0
1	0
3	0
1	0
1	0
1	0
17	0
1	0
17	0
17	0
12	0
1	0
17	0
17	0
17	0
17	0
17	0
17	0
17	0
1	0
1	0
1	0
1	0
1	0
1	0
1	0
1	0
1	0
17	0
17	0
12	0
1	0
1	0
1	0
1	0
1	0
3	0
17	0
17	0
17	0
17	0
12	0
12	0
1	0
1	0
1	0
1	0
1	0
12	0
11	11
16	0
16	0
16	16
16	0
11	11
3	2
3	3
1	0
1	6
1	1
8	8
3	0
12	0
1	0
1	3
17	0
17	0
17	10
1	0
1	0
1	16
13	0
13	13
13	0
16	0
16	0
3	0
1	0
1	0
1	0
1	0
1	0
1	0
1	0
1	0
12	0
17	0
17	0
1	0
1	0
3	0
1	0
1	0
12	0
1	0
3	0
3	0
16	0
16	0
16	0
3	0
3	0
1	0
1	0
1	0
1	0
1	0
1	0
13	0
11	0
11	11
4	0
4	4
8	0
8	0
8	8
2	2
12	12
12	12
16	0
3	4
13	13
11	11
4	0
4	4
2	2
9	9
17	0
5	5
9	9
8	0
8	0
8	8
3	0
2	8
12	0
13	13
13	0
12	0
16	0
16	0
16	0
16	0
8	0
16	0
1	0
1	0
8	0
8	0
17	0
1	0
8	0
8	0
1	0
17	0
8	0
8	0
8	0
1	0
1	0
8	0
12	0
12	0
12	0
16	0
16	0
16	0
16	0
17	0
17	0
11	11
4	4
17	0
17	0
17	3
17	3
1	0
17	0
1	1
17	0
17	3
17	0
13	13
13	0
17	0
17	0
17	0
17	0
17	0
17	0
17	0
17	0
17	0
17	0
17	0
17	0
17	0
17	0
17	0
17	0
17	0
17	0
12	0
17	0
17	0
1	0
17	0
17	0
17	0
17	0
17	0
17	0
1	0
1	0
17	0
17	0
17	0
17	0
17	0
17	0
17	0
17	0
17	0
17	0
17	0
1	0
17	0
12	0
13	0
13	0
13	17
12	6
12	0
8	0
8	8
4	0
11	4
1	0
1	16
2	2
8	12
12	0
12	0
12	12
13	0
13	13
13	0
13	0
8	0
8	0
1	0
8	0
12	0
13	0
12	0
8	0
1	0
1	0
1	0
1	0
1	0
12	0
12	0
12	0
8	0
16	0
13	0
1	0
1	0
1	0
1	0
1	0
8	0
12	0
13	0
13	0
1	0
1	0
1	0
12	0
16	0
1	0
1	0
1	0
1	0
1	0
1	0
12	0
11	0
5	5
11	0
11	11
1	0
1	0
16	0
16	0
3	16
1	0
1	2
8	0
8	0
8	0
8	8
4	0
4	14
11	0
11	11
11	0
11	11
3	0
3	3
3	3
1	0
1	0
16	0
16	0
16	16
4	0
4	4
13	13
13	0
1	0
16	0
3	0
16	0
16	0
16	0
3	0
1	0
3	0
1	0
8	0
8	0
1	0
3	0
16	0
3	0
1	0
1	0
1	0
16	0
16	0
1	0
1	0
1	0
1	0
1	0
3	0
12	0
5	0
5	5
8	2
17	0
2	0
11	0
6	6
1	0
1	0
1	1
8	8
11	0
3	4
2	6
8	0
8	8
16	0
16	0
16	0
4	16
11	0
11	0
3	0
1	16
13	0
13	13
13	0
16	0
12	0
1	0
16	0
16	0
16	0
1	0
1	0
8	0
16	0
16	0
12	0
16	0
16	0
3	0
12	0
16	0
16	0
16	0
16	0
16	0
16	0
16	0
16	0
1	0
1	0
1	0
1	0
1	0
16	0
16	0
1	0
12	0
6	0
6	0
5	3
11	0
11	4
1	0
1	0
1	0
1	3
8	0
8	0
8	0
8	16
17	0
12	0
9	6
8	0
8	8
4	0
4	4
1	0
1	0
1	0
1	0
16	16
13	13
13	0
1	0
1	0
1	0
1	0
1	0
8	0
8	0
8	0
8	0
1	0
8	0
8	0
8	0
3	0
1	0
3	0
1	0
1	0
1	0
1	0
8	0
16	0
16	0
1	0
1	0
1	0
1	0
8	0
1	0
8	0
8	0
17	0
13	0
3	4
3	0
3	5
16	0
17	0
17	10
13	0
13	13
13	0
1	0
1	0
1	0
3	0
3	0
12	0
16	0
16	0
16	0
16	0
1	0
12	0
12	0
8	0
16	0
16	0
16	0
16	0
1	0
12	0
12	0
16	0
1	0
12	0
3	0
3	0
3	0
16	0
16	0
16	0
1	0
12	0
12	0
12	0
12	0
1	0
1	0
3	0
3	0
3	0
16	0
16	0
1	0
12	0
12	0
12	0
1	0
1	0
1	0
3	0
13	0
13	0
13	17
8	0
6	3
8	0
2	2
1	0
1	0
1	1
8	8
16	0
12	0
1	4
2	0
6	0
6	2
8	8
2	0
2	2
8	0
8	0
12	0
8	0
8	8
13	0
13	13
13	0
13	0
1	0
1	0
16	0
16	0
16	0
16	0
13	0
1	0
16	0
16	0
16	0
16	0
1	0
8	0
16	0
1	0
16	0
16	0
13	0
1	0
16	0
16	0
16	0
16	0
1	0
1	0
1	0
1	0
16	0
16	0
16	0
13	0
1	0
12	0
16	7
11	0
11	6
8	8
13	0
13	13
13	0
12	0
1	0
1	0
8	0
12	0
12	0
1	0
1	0
1	0
1	0
8	0
8	0
12	0
12	0
8	0
1	0
1	0
1	0
8	0
8	0
12	0
12	0
1	0
1	0
12	0
12	0
12	0
8	0
1	0
1	0
1	0
8	0
8	0
12	0
12	0
8	0
1	0
1	0
16	0
16	0
16	0
8	0
1	0
8	0
8	0
12	0
12	0
8	0
1	0
1	0
12	0
17	0
12	0
11	6
8	0
8	0
8	8
13	0
13	13
13	0
1	0
12	0
12	0
17	0
12	0
16	0
1	0
16	0
8	0
12	0
8	0
12	0
12	0
1	0
16	0
8	0
8	0
8	0
8	0
8	0
12	0
1	0
8	0
12	0
12	0
12	0
1	0
12	0
8	0
8	0
8	0
8	0
12	0
12	0
1	0
16	0
16	0
12	0
8	0
1	0
1	0
1	0
16	0
8	0
12	0
12	0
1	0
12	0
16	0
17	0
11	0
3	3
5	6
3	0
3	0
3	3
3	0
1	1
1	0
1	0
16	8
13	0
13	13
13	0
12	0
3	0
1	0
8	0
1	0
1	0
1	0
1	0
1	0
1	0
3	0
3	0
3	0
3	0
1	0
1	0
1	0
8	0
8	0
12	0
12	0
3	0
1	0
8	0
8	0
12	0
1	0
1	0
1	0
1	0
8	0
1	0
1	0
1	0
1	0
3	0
3	0
3	0
1	0
1	0
1	0
1	0
8	0
1	0
12	0
12	0
12	0
17	4
16	0
2	2
8	8
12	0
8	8
16	0
16	0
4	16
5	5
14	6
3	0
3	0
3	1
8	8
1	0
1	0
1	0
1	16
5	5
5	6
8	0
8	0
8	8
13	0
13	13
13	0
12	0
16	0
16	0
16	0
16	0
17	0
1	0
1	0
8	0
16	0
16	0
1	0
1	0
8	0
1	0
1	0
8	0
16	0
1	0
16	0
16	0
1	0
1	0
1	0
16	0
16	0
16	0
16	0
16	0
16	0
16	0
1	0
13	0
5	5
11	0
11	11
1	0
3	4
2	6
8	0
8	8
1	0
12	4
4	11
3	3
1	0
1	1
4	0
4	4
13	0
13	13
13	0
1	0
1	0
1	0
1	0
1	0
1	0
12	0
16	0
1	0
1	0
1	0
1	0
1	0
1	0
1	0
1	0
1	0
1	0
1	0
12	0
16	0
1	0
1	0
1	0
1	0
1	0
12	0
16	0
3	0
1	0
16	0
16	0
1	0
1	0
1	0
1	0
1	0
1	0
3	0
1	0
8	0
5	5
1	0
1	0
16	16
11	0
11	4
5	5
5	6
12	0
8	0
8	8
13	0
13	0
13	13
13	0
1	0
1	0
1	0
1	0
1	0
8	0
1	0
8	0
1	0
1	0
1	0
1	0
8	0
8	0
1	0
8	0
1	0
8	0
12	0
1	0
1	0
1	0
8	0
1	0
8	0
1	0
1	0
1	0
8	0
1	0
1	0
1	0
1	0
1	0
1	0
1	0
1	0
1	0
8	0
8	0
8	0
1	0
8	0
12	0
17	0
17	11
4	0
4	4
1	0
1	0
1	1
17	0
11	0
12	4
3	0
3	11
1	1
17	0
2	2
8	0
8	0
8	0
8	0
8	8
17	0
17	16
4	0
4	4
13	13
13	0
1	0
16	0
16	0
17	0
17	0
1	0
1	0
1	0
1	0
1	0
1	0
1	0
1	0
1	0
1	0
1	0
1	0
1	0
1	0
1	0
1	0
3	0
17	0
3	0
3	0
1	0
17	0
17	0
8	0
12	0
3	0
1	0
1	0
1	0
16	0
11	0
6	3
11	0
3	4
16	0
2	2
8	0
8	0
12	0
8	0
8	8
3	0
6	16
1	0
12	0
8	16
13	13
2	2
9	9
8	0
8	0
8	8
13	13
13	13
13	0
16	0
1	0
8	0
1	0
16	0
16	0
16	0
1	0
1	0
1	0
8	0
16	0
8	0
16	0
1	0
8	0
8	0
8	0
8	0
16	0
1	0
8	0
16	0
16	0
16	0
16	0
1	0
8	0
1	0
16	0
16	0
16	0
1	0
1	0
12	0
14	3
16	0
17	0
17	4
17	0
2	11
17	0
17	0
17	0
12	0
17	16
11	0
11	11
4	0
11	4
11	0
12	10
1	0
1	1
13	0
13	13
13	0
12	0
1	0
1	0
1	0
8	0
1	0
8	0
17	0
16	0
8	0
8	0
1	0
16	0
1	0
1	0
1	0
1	0
1	0
1	0
12	0
12	0
1	0
12	0
1	0
1	0
16	0
16	0
17	0
17	0
8	0
8	0
17	0
17	0
16	0
11	0
8	0
8	0
12	0
3	0
2	2
8	0
8	0
8	0
8	8
4	0
4	4
11	0
11	11
17	3
5	6
8	0
8	8
17	0
2	2
8	0
8	8
2	0
12	3
17	0
12	4
13	0
13	13
13	0
12	0
16	0
16	0
16	0
12	0
8	0
1	0
1	0
8	0
16	0
16	0
1	0
8	0
1	0
16	0
12	0
17	0
16	0
16	0
12	0
12	0
3	0
1	0
1	0
8	0
8	0
16	0
16	0
11	0
16	0
8	0
1	0
1	0
12	0
11	0
11	0
6	3
11	0
11	4
3	3
9	9
8	0
8	0
8	8
8	0
2	3
8	0
8	16
13	13
13	0
16	0
1	0
8	0
1	0
1	0
8	0
16	0
16	0
16	0
8	0
1	0
1	0
8	0
8	0
16	0
16	0
8	0
8	0
8	0
16	0
16	0
1	0
1	0
8	0
1	0
8	0
8	0
16	0
16	0
16	0
16	0
16	0
16	0
16	0
16	0
1	0
1	0
8	0
16	0
16	0
16	0
8	0
8	0
8	0
12	0
5	0
5	5
1	0
12	6
12	0
1	0
1	0
1	1
8	8
4	0
11	4
17	0
6	3
8	0
12	0
12	4
12	0
6	14
17	0
17	0
9	6
8	0
8	0
8	0
8	8
17	0
1	11
17	0
17	0
17	10
1	0
1	0
1	0
1	16
1	0
3	4
5	5
11	0
11	11
17	0
12	0
9	6
8	0
8	0
8	8
16	0
17	0
2	10
1	0
1	4
16	0
1	0
1	0
4	16
16	0
16	16
3	0
2	14
13	0
12	0
11	0
6	3
11	0
3	4
17	0
2	0
11	0
11	6
1	0
1	0
1	1
8	0
8	8
16	0
4	0
11	0
2	16
3	0
3	0
3	0
3	0
3	0
3	16
5	5
12	8
16	0
16	16
13	0
13	13
13	0
12	0
1	0
16	0
16	0
16	0
16	0
16	0
8	0
16	0
1	0
1	0
16	0
16	0
16	0
1	0
3	0
16	0
16	0
16	0
16	0
8	0
8	0
1	0
1	0
1	0
1	0
1	0
1	0
16	0
13	0
11	4
17	0
6	3
17	0
2	2
8	0
8	0
8	8
3	3
11	11
17	3
17	0
1	0
1	0
17	16
13	0
13	13
13	0
1	0
1	0
16	0
16	0
17	0
17	0
17	0
17	0
1	0
16	0
16	0
16	0
16	0
1	0
1	0
1	0
1	0
17	0
17	0
12	0
12	0
1	0
1	0
16	0
16	0
12	0
12	0
16	0
16	0
16	0
16	0
8	0
1	0
1	0
16	0
16	0
16	0
1	0
1	0
1	0
1	0
13	0
11	0
6	3
16	0
3	0
1	4
1	0
1	3
11	0
2	2
12	0
6	6
12	0
1	0
8	0
8	0
8	0
8	0
8	0
8	8
13	0
13	13
13	0
12	0
16	0
16	0
16	0
8	0
8	0
12	0
12	0
1	0
12	0
12	0
12	0
16	0
16	0
1	0
1	0
8	0
8	0
16	0
12	0
12	0
8	0
8	0
16	0
16	0
8	0
16	0
8	0
1	0
8	0
8	0
8	0
12	0
1	0
12	0
12	0
12	0
12	0
12	0
12	0
1	16
16	0
11	11
2	0
6	0
6	6
8	8
1	0
16	3
17	0
17	0
12	0
16	16
3	0
3	0
3	14
3	0
6	11
1	3
3	0
12	0
1	16
13	0
13	13
13	0
1	0
1	0
1	0
8	0
1	0
1	0
1	0
16	0
16	0
16	0
8	0
16	0
16	0
1	0
8	0
8	0
8	0
8	0
8	0
1	0
16	0
16	0
16	0
16	0
16	0
1	0
1	0
8	0
8	0
1	0
1	0
17	0
17	0
17	0
3	1
5	3
1	1
3	0
12	6
12	0
17	0
8	8
3	3
4	0
4	4
13	13
13	0
1	0
1	0
1	0
1	0
1	0
12	0
12	0
1	0
1	0
1	0
1	0
1	0
12	0
12	0
12	0
1	0
1	0
1	0
1	0
1	0
1	0
1	0
1	0
1	0
1	0
12	0
12	0
12	0
1	0
1	0
1	0
1	0
1	0
1	0
1	0
1	0
1	0
12	0
12	0
1	0
1	0
1	0
1	0
1	0
1	0
13	0
5	0
5	5
17	0
11	3
1	0
17	0
1	0
3	16
3	3
4	2
8	0
8	8
2	0
6	2
8	0
8	8
13	0
13	13
13	0
1	0
16	0
1	0
8	0
8	0
8	0
12	0
16	0
16	0
8	0
1	0
1	0
1	0
1	0
1	0
1	0
8	0
8	0
8	0
12	0
16	0
1	0
16	0
1	0
8	0
8	0
12	0
16	0
16	0
16	0
16	0
16	0
16	0
8	0
8	0
1	0
1	0
1	0
1	0
1	0
13	0
11	0
2	0
2	2
3	0
6	14
1	0
1	0
1	0
1	16
14	14
3	0
3	1
1	0
2	0
1	0
3	0
1	0
1	16
13	0
13	0
13	13
13	0
1	0
16	0
8	0
8	0
16	0
16	0
1	0
8	0
8	0
1	0
1	0
1	0
1	0
1	0
1	0
1	0
16	0
16	0
8	0
13	0
16	0
1	0
16	0
16	0
8	0
16	0
16	0
16	0
8	0
1	0
1	0
8	0
8	0
8	0
1	0
1	0
1	0
12	0
17	0
17	0
14	3
12	0
11	11
16	0
16	0
16	0
4	16
2	2
3	0
3	0
3	3
17	0
17	6
17	0
12	8
17	10
16	0
17	16
5	5
3	0
17	0
1	0
1	3
17	6
8	0
8	8
1	0
2	0
1	0
1	1
16	0
1	0
16	16
13	0
13	13
13	0
12	0
17	0
16	0
16	0
1	0
16	0
12	0
16	0
17	0
17	0
16	0
16	0
16	0
16	0
16	0
16	0
1	0
1	0
1	0
1	0
17	0
13	0
11	11
4	0
4	0
4	0
4	0
16	4
3	11
1	0
17	0
1	10
1	0
1	0
1	16
13	0
13	0
13	13
13	0
8	0
8	0
8	0
1	0
8	0
12	0
13	0
16	0
8	0
8	0
3	0
1	0
1	0
1	0
1	0
1	0
16	0
16	0
12	0
13	0
1	0
16	0
16	0
16	0
1	0
13	0
12	0
1	0
3	0
8	0
8	0
4	0
4	0
16	0
3	0
1	0
1	0
1	0
1	0
1	0
1	0
16	0
12	0
17	0
17	0
17	3
17	0
17	0
17	0
1	0
1	3
1	0
1	0
1	16
17	11
17	3
17	0
17	3
2	2
17	0
6	0
6	6
12	0
12	8
13	0
13	13
13	0
17	0
17	0
17	0
17	0
17	0
16	0
16	0
16	0
17	0
17	0
17	0
17	0
16	0
17	0
1	0
1	0
8	0
12	0
12	0
12	0
17	0
1	0
17	0
17	0
16	0
16	0
1	0
17	0
16	0
17	0
17	0
16	0
16	0
17	0
17	0
12	0
13	0
12	17
8	0
8	5
8	0
6	3
17	0
17	0
1	4
17	0
17	0
12	3
2	0
2	2
8	0
8	0
8	0
8	0
8	8
2	0
2	2
12	12
16	0
12	0
16	16
13	0
13	13
13	0
12	0
8	0
8	0
8	0
17	0
1	0
1	0
12	0
1	0
16	0
16	0
12	0
17	0
1	0
1	0
16	0
16	0
16	0
12	0
12	0
8	0
17	0
16	0
8	0
8	0
8	0
8	0
8	0
8	0
2	0
1	0
12	0
6	0
6	3
8	0
12	0
1	4
16	1
17	0
2	2
8	0
8	8
2	2
12	12
17	0
1	16
5	5
17	0
4	4
1	3
17	0
17	0
17	0
17	1
17	0
17	0
17	4
13	13
13	0
1	0
1	0
8	0
1	0
12	0
1	0
1	0
1	0
1	0
1	0
1	0
1	0
1	0
1	0
17	0
1	0
17	0
17	0
1	0
17	0
8	0
8	0
8	0
8	0
17	0
1	0
8	0
8	0
8	0
12	0
16	0
1	0
12	0
3	11
4	0
4	4
17	0
6	3
2	0
2	0
6	2
8	8
17	2
8	8
8	0
8	0
8	16
5	5
11	0
3	4
2	0
2	2
8	8
17	0
6	3
17	3
5	6
17	0
8	8
16	0
16	0
16	0
16	16
4	0
4	14
3	0
6	11
17	3
8	0
8	8
5	0
3	4
1	0
3	4
13	13
13	0
1	0
1	0
1	0
1	0
16	0
1	0
1	0
1	0
8	0
1	0
1	0
1	0
1	0
1	0
1	0
1	0
12	0
17	11
3	4
17	0
3	11
17	0
11	3
17	2
8	8
12	0
12	10
17	0
17	0
17	16
13	0
13	13
13	0
12	0
12	0
12	0
8	0
12	0
12	0
12	0
17	0
12	0
8	0
8	0
8	0
12	0
12	0
12	0
17	0
1	0
12	0
12	0
12	0
12	0
12	0
12	0
1	0
8	0
12	0
12	0
12	0
12	0
1	0
8	0
8	0
17	0
12	0
8	0
1	0
8	0
12	0
12	0
12	0
12	0
16	0
1	0
12	0
5	6
1	0
1	0
1	1
8	0
8	8
4	0
11	4
1	0
12	16
13	0
13	13
13	0
1	0
1	0
1	0
1	0
17	0
12	0
3	0
1	0
1	0
1	0
1	0
1	0
1	0
16	0
1	0
1	0
1	0
1	0
12	0
17	0
17	0
1	0
1	0
1	0
12	0
12	0
12	0
3	0
1	0
1	0
1	0
1	0
12	0
1	0
1	0
1	0
8	0
1	0
16	0
1	0
1	0
1	0
1	0
12	0
12	0
17	0
11	0
11	4
11	11
3	0
11	16
4	0
4	0
4	16
13	0
13	13
13	0
17	0
14	0
16	0
16	0
17	0
17	0
16	0
16	0
16	0
4	0
16	0
16	0
17	0
16	0
16	0
16	0
16	0
4	0
16	0
12	0
17	0
17	0
14	0
16	0
16	0
16	0
3	0
3	0
16	0
16	0
4	0
12	0
16	0
17	0
14	0
16	0
16	0
16	0
16	0
16	0
16	0
16	0
16	0
12	0
17	0
17	0
3	0
14	0
16	0
13	0
3	2
3	11
3	0
11	0
3	14
4	0
4	4
13	13
3	11
3	0
11	11
3	0
3	0
3	3
1	0
12	0
12	4
4	0
4	4
13	0
13	13
13	0
16	0
16	0
1	0
1	0
1	0
1	0
16	0
16	0
1	0
3	0
3	0
1	0
16	0
16	0
1	0
1	0
16	0
1	0
1	0
12	0
16	0
16	0
1	0
1	0
1	0
1	0
1	0
1	0
1	0
16	0
1	0
14	0
16	0
1	0
16	0
3	0
1	0
17	0
5	5
17	0
17	0
17	0
17	3
17	0
12	6
17	0
17	0
1	8
13	0
13	0
13	13
13	0
12	0
17	0
17	0
17	0
12	0
17	0
17	0
17	0
17	0
17	0
17	0
17	0
17	0
17	0
17	0
17	0
17	0
17	0
12	0
12	0
17	0
17	0
8	0
17	0
12	0
13	0
17	0
17	0
17	0
1	0
8	0
17	0
17	0
17	0
17	0
17	0
17	0
17	0
17	0
17	0
17	0
8	0
17	0
12	0
12	0
13	0
13	13
17	0
17	0
17	17
2	17
12	17
13	0
13	13
13	13
13	0
16	0
8	0
16	0
1	0
16	0
16	0
16	0
16	0
16	0
12	0
8	0
8	0
16	0
8	0
16	0
8	0
16	0
12	0
8	0
13	0
16	0
16	0
16	0
1	0
1	0
16	0
8	0
16	0
8	0
8	0
12	0
8	0
12	0
16	0
8	0
1	0
1	0
17	0
17	0
8	0
12	0
12	0
12	0
13	0
16	0
16	0
16	0
16	0
1	0
11	0
11	0
11	3
11	0
11	4
3	3
3	0
3	3
17	0
2	0
11	0
11	6
12	0
12	8
3	0
11	16
13	0
13	13
13	0
1	0
16	0
16	0
12	0
8	0
8	0
12	0
16	0
16	0
17	0
16	0
12	0
1	0
16	0
16	0
1	0
16	0
16	0
8	0
12	0
12	0
16	0
16	0
16	0
12	0
12	0
12	0
1	0
16	0
16	0
16	0
16	0
16	0
16	0
17	0
12	0
12	0
1	0
16	0
16	0
16	0
13	0
13	0
13	17
6	11
1	0
16	4
5	6
3	0
3	0
3	3
5	6
3	0
1	1
8	0
8	0
8	8
2	3
13	0
13	13
13	0
12	0
16	0
1	0
1	0
1	0
12	0
12	0
12	0
1	0
1	0
1	0
1	0
16	0
1	0
16	0
16	0
16	0
16	0
1	0
12	0
12	0
1	0
16	0
1	0
1	0
12	0
12	0
13	0
16	0
16	0
16	0
16	0
16	0
1	0
1	0
1	0
3	0
16	0
1	0
16	0
11	0
11	0
11	16
16	0
1	0
16	3
1	0
2	0
1	0
1	16
3	0
11	14
8	0
12	0
11	11
1	0
1	0
1	16
13	0
13	13
13	0
1	0
3	0
16	0
16	0
16	0
16	0
12	0
3	0
1	0
8	0
8	0
8	0
8	0
8	0
1	0
16	0
8	0
16	0
16	0
12	0
1	0
3	0
1	0
1	0
16	0
3	0
3	0
3	0
3	0
1	0
1	0
1	0
1	0
1	0
1	0
8	0
8	0
8	0
8	0
12	0
17	0
17	0
4	10
3	3
1	0
1	0
1	0
1	1
5	5
2	2
12	0
12	0
12	12
12	0
5	5
12	12
13	13
13	0
16	0
17	0
8	0
12	0
8	0
12	0
16	0
1	0
16	0
1	0
1	0
1	0
12	0
12	0
12	0
12	0
12	0
12	0
12	0
12	0
12	0
1	0
1	0
12	0
12	0
12	0
12	0
16	0
16	0
16	0
16	0
1	0
1	0
1	0
1	0
1	0
1	0
12	0
12	0
12	0
12	0
12	0
3	2
16	0
1	0
1	0
1	1
8	8
16	0
2	0
1	4
1	0
1	0
1	0
1	3
1	0
2	3
5	5
4	0
4	4
3	10
17	0
12	0
17	0
17	8
16	0
4	16
13	0
13	13
13	0
3	0
1	0
1	0
1	0
1	0
1	0
1	0
1	0
3	0
1	0
17	0
1	0
17	0
1	0
12	0
17	0
17	0
1	0
17	0
1	0
1	0
1	0
1	0
16	0
16	0
16	0
1	0
1	0
1	0
1	0
1	0
12	0
17	0
6	11
1	0
3	4
17	0
2	11
1	3
17	0
17	0
17	2
3	0
12	0
17	0
8	8
1	0
1	0
1	0
16	16
4	0
4	0
11	14
1	0
12	0
12	16
17	4
17	0
17	11
17	0
11	4
1	1
2	2
12	0
12	8
13	0
13	13
13	0
12	0
17	0
16	0
17	0
17	0
1	0
1	0
1	0
16	0
16	0
16	0
1	0
16	0
17	0
1	0
12	0
17	0
17	0
17	0
1	0
1	0
12	0
12	0
12	0
3	0
3	7
1	0
1	1
13	0
13	13
13	0
12	0
8	0
1	0
1	0
12	0
12	0
1	0
1	0
1	0
1	0
1	0
12	0
12	0
8	0
1	0
1	0
1	0
1	0
1	0
12	0
12	0
12	0
1	0
1	0
12	0
12	0
8	0
1	0
1	0
1	0
1	0
12	0
12	0
12	0
12	0
8	0
1	0
1	0
1	0
8	0
3	0
1	0
1	0
1	0
12	0
12	0
8	0
8	0
1	0
1	0
12	0
12	0
13	0
8	0
8	8
5	5
8	0
8	8
13	0
13	13
13	0
1	0
8	0
16	0
16	0
1	0
8	0
8	0
8	0
8	0
8	0
8	0
16	0
8	0
8	0
8	0
8	0
8	0
8	0
8	0
8	0
12	0
8	0
8	0
8	0
1	0
8	0
8	0
8	0
8	0
8	0
8	0
8	0
8	0
12	0
8	0
8	0
8	0
16	0
8	0
8	0
16	0
1	0
8	0
8	0
8	0
12	0
8	0
1	0
8	0
16	0
8	0
12	0
5	5
3	3
1	0
16	0
16	1
8	0
8	0
8	0
8	0
8	0
8	8
13	0
13	13
13	0
12	0
1	0
8	0
16	0
12	0
16	0
3	0
1	0
1	0
16	0
16	0
16	0
1	0
1	0
1	0
8	0
8	0
8	0
8	0
12	0
12	0
1	0
16	0
8	0
8	0
12	0
1	0
1	0
1	0
8	0
8	0
8	0
3	0
3	0
1	0
16	0
16	0
1	0
1	0
8	0
8	0
8	0
8	0
8	0
12	0
12	0
13	0
13	0
13	17
12	0
11	11
3	0
16	0
16	16
16	0
11	11
1	0
12	16
1	0
2	0
2	10
6	0
3	0
6	0
3	2
1	0
3	0
1	0
1	1
11	0
12	0
12	0
8	8
2	0
9	2
12	2
12	0
12	0
12	12
4	4
13	0
13	13
13	0
12	0
16	0
1	0
1	0
3	0
16	0
12	0
1	0
1	0
1	0
17	0
14	0
14	0
16	0
1	0
16	0
16	0
16	0
1	0
1	0
1	0
2	0
12	0
12	0
12	0
12	7
13	13
13	0
1	0
1	0
1	0
12	0
12	0
1	0
1	0
1	0
1	0
12	0
12	0
12	0
1	0
1	0
1	0
1	0
1	0
12	0
12	0
12	0
1	0
1	0
1	0
12	0
12	0
1	0
1	0
1	0
1	0
1	0
12	0
12	0
1	0
1	0
1	0
1	0
1	0
1	0
12	0
1	0
1	0
1	0
12	0
12	0
12	0
1	0
1	0
1	0
1	0
12	0
12	0
1	0
1	0
1	0
13	0
8	0
8	0
3	3
16	0
3	0
11	4
4	2
8	0
8	0
8	8
13	0
13	0
13	13
13	0
1	0
1	0
1	0
8	0
13	0
1	0
1	0
8	0
1	0
1	0
1	0
1	0
1	0
8	0
1	0
8	0
1	0
8	0
12	0
12	0
1	0
1	0
1	0
12	0
12	0
13	0
1	0
1	0
8	0
8	0
1	0
1	0
1	0
8	0
8	0
8	0
1	0
1	0
8	0
1	0
8	0
1	0
8	0
12	0
12	0
13	0
13	13
3	0
3	0
3	0
16	7
17	0
11	11
17	4
17	0
17	6
17	0
17	0
8	8
17	3
17	0
17	13
13	0
13	17
13	13
13	0
16	0
16	0
12	0
12	0
12	0
8	0
16	0
16	0
16	0
16	0
17	0
17	0
17	0
16	0
16	0
12	0
12	0
12	0
8	0
16	0
16	0
16	0
16	0
12	0
12	0
16	0
3	0
3	0
3	0
16	0
16	0
16	0
16	0
17	0
17	0
17	0
17	0
17	0
16	0
13	0
17	0
5	5
11	0
11	3
11	0
3	4
17	0
3	11
3	3
17	0
2	2
17	6
8	8
8	0
8	16
16	0
12	2
8	0
8	8
13	0
13	13
13	0
12	0
17	0
1	0
16	0
8	0
8	0
17	0
8	0
8	0
8	0
1	0
8	0
8	0
16	0
8	0
1	0
16	0
8	0
8	0
12	0
12	0
1	0
1	0
16	0
16	0
16	0
16	0
16	0
16	0
16	0
17	0
3	0
1	0
8	0
17	0
1	0
8	0
17	0
3	11
17	0
12	4
16	16
11	11
1	0
1	0
1	16
17	0
2	2
8	0
8	0
8	8
3	11
3	0
11	11
17	0
2	0
2	3
17	0
17	0
17	0
17	16
5	5
3	3
1	0
1	3
13	0
13	13
13	0
17	0
1	0
3	0
1	0
17	0
17	0
3	0
1	0
1	0
1	0
17	0
17	0
17	0
1	0
3	0
1	0
1	0
17	0
3	0
3	0
3	0
3	0
1	0
17	0
17	0
1	0
1	0
16	0
16	0
17	0
11	0
3	0
3	3
17	4
6	6
17	0
1	0
1	1
12	0
12	0
12	8
17	0
17	0
17	10
17	0
17	0
17	0
17	3
3	3
12	0
12	8
17	0
3	4
13	0
13	13
13	0
1	0
17	0
17	0
1	0
12	0
17	0
17	0
17	0
17	0
1	0
12	0
17	0
17	0
1	0
17	0
17	0
17	0
16	0
12	0
17	0
16	0
17	0
16	0
16	0
1	0
3	0
1	0
1	0
1	0
12	0
17	0
17	0
17	0
12	0
5	5
11	4
3	0
16	0
16	16
2	3
3	0
3	0
1	0
1	3
1	6
17	0
8	8
16	0
3	4
3	0
3	14
17	0
2	11
1	0
1	0
1	16
13	0
13	13
13	0
12	0
12	0
1	0
3	0
16	0
1	0
1	0
1	0
16	0
16	0
1	0
12	0
1	0
17	0
1	0
1	0
1	0
1	0
1	0
12	0
1	0
1	0
16	0
16	0
16	0
16	0
3	0
3	0
3	0
16	0
1	0
1	0
1	0
16	0
12	0
5	5
12	0
12	6
12	0
12	12
4	0
4	0
4	0
4	4
16	0
16	0
16	16
13	0
13	13
13	0
12	0
1	0
16	0
16	0
12	0
4	0
12	0
16	0
8	0
16	0
16	0
16	0
4	0
4	0
16	0
16	0
16	0
16	0
12	0
12	0
12	0
1	0
16	0
16	0
16	0
16	0
4	0
12	0
1	0
1	0
16	0
8	0
12	0
12	0
12	0
16	0
16	0
4	0
16	0
16	0
16	0
16	0
16	0
12	0
12	0
5	6
1	0
1	1
1	0
1	0
1	1
8	0
8	8
13	0
13	0
13	13
13	0
1	0
8	0
8	0
8	0
8	0
1	0
1	0
1	0
8	0
8	0
8	0
8	0
8	0
1	0
1	0
1	0
8	0
8	0
8	0
8	0
12	0
1	0
1	0
8	0
8	0
13	0
1	0
1	0
1	0
8	0
8	0
8	0
8	0
1	0
1	0
1	0
1	0
1	0
8	0
1	0
1	0
8	0
8	0
8	0
8	0
1	0
1	0
13	0
13	0
13	17
3	11
4	0
4	4
6	0
6	3
3	3
3	0
3	0
1	0
1	3
3	3
2	2
8	8
1	0
1	0
1	0
1	16
13	0
13	13
13	0
13	0
1	0
1	0
1	0
8	0
8	0
8	0
1	0
3	0
3	0
8	0
1	0
1	0
1	0
1	0
1	0
16	0
8	0
8	0
13	0
1	0
1	0
1	0
8	0
13	0
1	0
3	0
3	0
3	0
8	0
8	0
8	0
3	0
3	0
1	0
8	0
1	0
12	0
5	5
3	0
12	2
8	0
8	8
16	0
16	0
16	3
13	0
13	13
13	0
12	0
1	0
16	0
16	0
12	0
12	0
16	0
8	0
16	0
8	0
16	0
16	0
12	0
8	0
16	0
16	0
16	0
16	0
12	0
12	0
12	0
12	0
1	0
16	0
12	0
12	0
12	0
16	0
16	0
16	0
16	0
16	0
12	0
12	0
8	0
3	0
3	0
1	0
1	0
16	0
16	0
16	0
16	0
12	0
12	0
12	0
12	0
1	0
17	0
3	2
6	6
8	0
8	0
8	8
16	0
17	0
17	4
17	0
2	11
1	0
11	0
1	0
1	0
1	0
1	0
1	0
1	0
1	0
16	16
5	5
17	11
17	0
17	4
17	0
17	0
17	10
17	0
17	0
17	0
17	1
1	0
1	3
1	0
12	0
17	0
17	0
17	0
16	16
13	13
13	0
1	0
3	0
1	0
17	0
17	0
16	0
1	0
8	0
17	0
16	0
1	0
8	0
17	0
17	0
1	0
1	0
1	0
1	0
12	0
11	0
11	11
16	0
16	4
17	0
2	11
17	0
6	3
8	0
12	0
17	0
12	0
12	16
3	11
17	0
11	0
17	0
17	16
17	6
8	0
8	8
16	0
2	0
1	16
13	0
13	13
13	0
12	0
8	0
1	0
8	0
17	0
16	0
3	0
1	0
16	0
16	0
16	0
12	0
1	0
8	0
8	0
16	0
16	0
16	0
16	0
12	0
3	0
16	0
17	0
17	0
2	0
8	0
8	0
8	0
8	0
16	0
8	0
8	0
12	0
11	0
11	3
8	0
2	0
1	4
3	3
3	0
2	2
6	6
8	0
8	0
8	8
16	0
16	16
5	5
16	0
16	4
3	0
6	16
8	0
8	0
8	0
8	8
1	0
2	0
1	0
2	16
13	0
13	13
13	0
1	0
8	0
8	0
16	0
12	0
17	0
16	0
16	0
1	0
1	0
8	0
16	0
8	0
8	0
1	0
16	0
16	0
8	0
16	0
16	0
1	0
8	0
1	0
1	0
1	0
8	0
8	0
1	0
16	0
12	0
17	0
5	5
3	11
16	0
16	4
6	6
8	0
8	0
8	8
1	0
17	0
17	10
1	0
1	0
1	0
1	16
13	0
13	13
13	0
1	0
1	0
16	0
12	0
1	0
12	0
12	0
17	0
1	0
8	0
1	0
1	0
1	0
1	0
1	0
1	0
1	0
1	0
12	0
12	0
1	0
1	0
1	0
1	0
1	0
12	0
17	0
16	0
16	0
16	0
3	0
16	0
8	0
1	0
8	0
1	0
1	0
1	0
1	0
1	0
12	0
5	5
16	0
11	11
4	4
4	0
11	3
3	3
3	0
2	16
1	0
17	0
17	0
1	0
17	16
13	0
13	13
13	0
1	0
16	0
8	0
8	0
16	0
16	0
12	0
16	0
16	0
8	0
8	0
8	0
1	0
1	0
1	0
1	0
16	0
16	0
12	0
12	0
1	0
1	0
8	0
8	0
8	0
16	0
12	0
12	0
16	0
16	0
16	0
3	0
3	0
3	0
8	0
8	0
8	0
1	0
1	0
1	0
1	0
1	0
17	0
17	11
16	0
4	0
17	4
17	0
6	3
3	0
3	5
3	3
17	3
17	0
17	0
17	0
17	0
1	0
1	0
17	16
13	0
13	13
13	0
12	0
17	0
17	0
8	0
17	0
17	0
17	0
17	0
8	0
1	0
1	0
1	0
1	0
17	0
1	0
1	0
1	0
17	0
17	0
17	0
17	0
17	0
1	0
8	0
8	0
17	0
17	0
16	0
16	0
16	0
8	0
8	0
8	0
1	0
1	0
1	0
1	0
1	0
17	0
12	0
3	0
3	11
17	0
2	11
1	0
3	0
1	0
1	0
1	0
1	0
1	16
1	0
17	4
4	0
4	4
17	0
6	3
1	0
1	0
1	0
3	3
9	9
8	0
8	8
1	0
17	0
1	0
1	16
5	5
17	0
17	4
17	0
2	11
1	0
1	0
1	0
1	0
16	16
13	13
13	0
1	0
1	0
1	0
8	0
8	0
1	0
1	0
1	0
17	0
17	0
1	0
1	0
1	0
1	0
1	0
1	0
1	0
3	0
1	0
13	0
13	13
17	0
17	0
17	3
17	0
17	0
17	3
17	0
17	0
17	4
17	0
17	11
17	0
17	0
17	16
17	0
2	2
6	6
8	0
8	8
1	0
1	0
1	0
16	0
16	16
13	0
5	0
13	17
13	13
13	13
13	0
17	0
17	0
17	0
12	0
17	0
17	0
17	0
1	0
8	0
8	0
8	0
17	0
17	0
17	0
8	0
8	0
17	0
17	0
17	0
17	0
17	0
17	0
17	0
17	0
17	0
17	0
17	0
17	0
12	0
3	0
6	0
3	0
1	0
3	3
11	4
17	0
6	3
17	6
17	0
6	0
1	11
1	0
17	0
17	0
17	16
12	0
11	11
1	0
17	0
16	0
1	16
3	0
3	0
3	6
1	1
8	0
8	0
8	8
2	2
12	12
12	0
12	6
12	8
13	13
13	0
1	0
1	0
8	0
1	0
1	0
1	0
1	0
16	0
1	0
1	0
1	0
1	0
16	0
16	0
16	0
12	0
8	0
8	0
1	0
17	0
1	0
1	0
1	0
13	0
17	0
6	0
16	0
16	3
11	0
3	4
1	0
17	0
17	10
3	3
1	0
17	0
1	1
1	0
12	0
17	0
17	0
17	0
8	16
11	11
11	11
17	0
2	11
2	2
6	0
6	11
17	0
4	16
1	0
17	0
17	16
13	0
13	13
13	0
17	0
17	0
17	0
17	0
12	0
12	0
12	0
1	0
17	0
1	0
8	0
1	0
8	0
1	0
16	0
8	0
8	0
17	0
17	0
1	0
1	0
1	0
1	0
1	0
1	0
12	0
12	0
11	11
4	0
11	4
3	0
3	5
5	2
8	0
8	0
8	0
8	0
8	8
8	0
17	0
17	0
12	16
12	0
12	0
12	4
13	13
13	0
1	0
12	0
12	0
12	0
12	0
1	0
1	0
1	0
1	0
1	0
1	0
8	0
8	0
1	0
16	0
1	0
12	0
12	0
1	0
1	0
1	0
1	0
12	0
12	0
12	0
16	0
3	0
16	0
1	0
1	0
1	0
1	0
1	0
1	0
8	0
1	0
8	0
8	0
13	0
3	11
16	0
16	4
17	0
6	3
3	0
3	16
1	16
5	5
14	0
11	0
11	11
16	0
16	4
17	0
2	11
12	0
12	0
8	8
17	0
3	16
3	11
3	0
3	11
17	0
2	0
2	3
17	0
17	0
17	0
17	16
13	13
11	0
3	0
3	3
11	4
17	0
2	11
11	0
11	11
2	2
17	0
6	0
6	11
8	0
8	6
3	11
1	0
16	0
16	16
11	11
17	0
17	11
17	0
3	3
17	3
17	0
17	3
13	0
12	0
11	0
11	6
2	2
17	0
11	0
11	11
17	4
17	0
6	3
1	0
17	0
17	0
12	16
2	11
12	0
12	0
12	4
12	0
12	0
12	11
17	0
12	0
17	0
12	10
5	5
11	11
17	0
17	0
1	16
17	0
17	11
17	0
12	6
8	0
8	8
13	0
13	13
13	0
12	0
16	0
16	0
16	0
12	0
12	0
12	0
1	0
1	0
8	0
16	0
16	0
16	0
1	0
1	0
1	0
1	0
1	0
1	0
8	0
1	0
17	0
12	0
12	7
16	0
11	11
11	0
11	6
3	0
3	0
3	11
16	0
17	0
17	10
13	13
13	0
16	0
16	0
16	0
16	0
16	0
16	0
16	0
1	0
16	0
16	0
16	0
16	0
16	0
3	0
3	0
16	0
16	0
16	0
16	0
1	0
16	0
16	0
16	0
16	0
16	0
16	0
1	0
16	0
1	0
16	0
16	0
16	0
16	0
16	0
16	0
16	0
16	0
3	0
3	0
1	0
16	0
16	0
16	0
16	0
1	0
11	0
3	11
4	0
4	4
11	0
11	3
3	3
2	2
6	0
6	6
3	0
1	0
1	16
5	5
11	11
11	4
1	0
2	11
1	3
11	11
1	0
1	1
16	0
16	0
16	16
13	13
13	0
1	0
1	0
8	0
8	0
8	0
8	0
8	0
1	0
1	0
1	0
1	0
1	0
8	0
8	0
8	0
1	0
16	0
16	0
16	0
1	0
1	0
1	0
1	0
8	0
8	0
8	0
8	0
8	0
8	0
8	0
1	0
8	0
1	0
12	0
11	0
11	4
3	0
3	3
2	2
6	6
8	8
16	0
11	0
12	3
1	0
1	0
16	1
17	0
11	0
12	4
2	0
3	5
1	0
12	1
13	0
13	13
13	0
12	0
1	0
1	0
1	0
1	0
12	0
16	0
1	0
1	0
16	0
16	0
16	0
16	0
16	0
1	0
1	0
1	0
1	0
12	0
12	0
12	0
1	0
1	0
1	0
3	0
16	0
16	0
1	0
1	0
1	0
16	0
16	0
1	0
1	0
1	0
16	0
12	0
1	1
8	0
8	0
8	0
8	0
8	0
8	0
8	8
4	0
11	4
3	3
17	0
17	0
17	10
17	0
1	1
13	13
13	0
1	0
1	0
1	0
1	0
17	0
1	0
1	0
1	0
1	0
1	0
8	0
3	0
3	0
17	0
17	0
17	0
17	0
17	0
1	0
1	0
1	0
1	0
1	0
1	0
1	0
1	0
1	0
1	0
1	0
1	0
8	0
8	0
8	0
1	0
3	0
16	0
3	0
3	0
17	0
17	0
17	0
12	0
5	0
5	5
11	11
4	0
11	4
5	6
1	0
1	0
1	8
8	0
12	0
12	4
13	0
13	13
13	0
12	0
12	0
8	0
8	0
12	0
8	0
12	0
8	0
8	0
1	0
1	0
1	0
1	0
1	0
8	0
8	0
8	0
8	0
12	0
12	0
12	0
8	0
12	0
8	0
1	0
12	0
8	0
12	0
8	0
8	0
8	0
16	0
16	0
16	0
16	0
1	0
1	0
1	0
8	0
8	0
8	0
8	0
8	0
12	0
12	0
11	0
3	0
3	3
4	0
11	4
11	11
5	6
1	1
8	0
8	8
12	0
12	0
12	4
13	0
13	13
13	0
12	0
12	0
1	0
1	0
1	0
1	0
1	0
16	0
16	0
1	0
1	0
1	0
1	0
1	0
12	0
12	0
12	0
12	0
12	0
12	0
12	0
12	0
12	0
1	0
1	0
12	0
1	0
12	0
16	0
16	0
16	0
16	0
16	0
16	0
1	0
1	0
1	0
1	0
1	0
12	0
12	0
12	0
12	0
13	0
11	11
4	0
11	4
1	0
3	3
1	0
3	0
3	3
12	0
12	0
12	4
5	5
11	11
17	0
16	0
16	16
11	11
13	0
13	0
13	13
13	0
16	0
16	0
16	0
1	0
1	0
12	0
1	0
12	0
1	0
12	0
12	0
1	0
16	0
16	0
16	0
16	0
16	0
1	0
12	0
13	0
16	0
16	0
1	0
1	0
1	0
3	0
16	0
3	0
3	0
1	0
1	0
1	0
12	0
12	0
12	0
12	0
12	0
16	0
12	0
17	0
5	5
14	0
6	3
8	0
12	0
1	4
17	0
2	2
17	0
12	6
8	0
8	8
12	0
12	16
13	13
12	0
17	16
5	6
17	0
17	0
8	8
17	0
8	8
2	2
12	12
13	13
5	5
11	11
6	4
1	0
17	0
17	0
8	16
11	11
16	0
1	0
4	0
4	0
12	16
3	3
2	3
1	0
1	0
1	2
8	0
8	8
16	0
16	0
16	0
16	16
13	0
13	13
13	0
17	0
1	0
1	0
12	0
12	0
17	0
11	11
17	0
17	0
12	4
3	3
17	6
8	17
17	0
17	0
1	0
3	3
13	13
17	4
11	11
16	0
17	0
17	10
17	0
12	4
13	13
13	0
13	0
13	13
13	0
16	0
16	0
16	0
1	0
16	0
1	0
17	0
16	0
16	0
16	0
16	0
16	0
16	0
16	0
17	0
16	0
16	0
16	0
17	0
17	0
16	0
17	0
16	0
16	0
17	0
16	0
16	0
1	0
1	0
17	0
1	0
1	0
1	0
16	0
16	0
13	0
3	0
5	5
11	11
3	0
9	16
16	0
11	11
17	0
17	0
17	10
1	0
1	0
1	0
1	0
1	16
8	0
2	0
2	2
8	8
13	0
13	0
13	13
13	0
16	0
17	0
1	0
8	0
16	0
16	0
16	0
16	0
1	0
1	0
1	0
16	0
8	0
8	0
17	0
1	0
8	0
16	0
8	0
13	0
17	0
1	0
8	0
16	0
16	0
16	0
16	0
16	0
16	0
16	0
16	0
1	0
17	0
1	0
1	0
16	0
12	0
17	0
12	7
12	0
17	7
17	0
11	11
11	13
11	11
1	0
16	0
16	0
16	16
13	13
13	0
1	0
1	0
16	0
16	0
1	0
1	0
1	0
11	0
1	0
1	0
16	0
16	0
16	0
17	0
12	0
11	0
16	0
16	0
16	0
16	0
1	0
1	0
16	0
16	0
16	0
16	0
12	0
1	0
11	0
16	0
16	0
1	0
17	0
17	0
17	0
17	0
16	0
16	0
11	0
11	0
1	0
16	0
16	0
16	0
16	0
13	0
13	0
13	17
8	0
2	2
17	0
17	0
12	3
9	9
8	0
8	0
8	8
16	0
16	0
16	4
11	0
11	3
2	3
4	0
1	4
13	0
13	13
13	0
13	0
8	0
8	0
1	0
8	0
1	0
1	0
1	0
16	0
16	0
16	0
8	0
8	0
8	0
8	0
8	0
1	0
1	0
8	0
13	0
1	0
8	0
1	0
1	0
1	0
1	0
1	0
17	0
8	0
16	0
1	0
1	0
8	0
16	0
16	0
16	0
8	0
17	0
17	0
12	0
12	4
16	0
16	11
1	3
1	0
1	0
1	1
17	0
12	0
12	4
13	13
13	0
1	0
17	0
17	0
12	0
1	0
1	0
17	0
17	0
8	0
17	0
16	0
1	0
1	0
1	0
1	0
17	0
17	0
17	0
12	0
12	0
1	0
1	0
17	0
12	0
12	0
1	0
1	0
17	0
17	0
1	0
17	0
1	0
17	0
1	0
8	0
8	0
1	0
1	0
1	0
1	0
17	0
17	0
17	0
12	0
12	0
13	0
17	0
11	3
16	0
12	0
1	4
17	0
6	3
2	0
2	0
6	2
8	8
16	3
17	0
1	2
17	0
17	0
11	0
11	6
8	8
13	0
13	13
13	0
12	0
16	0
1	0
1	0
16	0
8	0
1	0
1	0
1	0
1	0
16	0
16	0
16	0
17	0
1	0
1	0
1	0
16	0
16	0
12	0
12	0
8	0
1	0
16	0
16	0
16	0
16	0
8	0
8	0
8	0
8	0
8	0
1	0
1	0
1	0
16	0
8	0
12	0
5	5
3	11
3	0
3	4
17	0
6	3
16	16
3	11
1	0
1	0
1	0
4	0
16	16
12	0
12	0
12	3
1	0
1	0
1	0
1	0
1	0
1	3
1	0
12	0
1	0
1	16
5	5
6	6
8	0
8	8
3	0
3	0
1	0
16	0
16	16
13	0
13	13
13	0
12	0
3	0
17	0
16	0
1	0
8	0
1	0
1	0
16	0
1	0
1	0
1	0
1	0
1	0
1	0
1	0
1	0
16	0
16	0
1	0
16	0
12	0
3	0
11	11
4	0
4	4
17	0
17	3
17	3
17	2
5	6
12	0
12	17
13	13
17	0
17	0
8	8
13	13
16	0
4	0
17	0
17	16
17	0
13	13
13	0
17	0
17	0
17	0
17	0
12	0
17	0
17	0
17	0
17	0
17	0
17	0
8	0
17	0
17	0
17	0
16	0
17	0
16	0
16	0
12	0
17	0
16	0
16	0
12	0
12	0
3	0
17	0
17	0
17	0
17	0
17	0
17	0
17	0
17	0
17	0
17	0
12	0
12	11
16	0
4	4
6	0
6	3
17	0
17	0
17	3
9	9
8	0
8	0
8	0
8	8
2	0
16	0
16	16
5	5
3	0
3	0
3	0
3	3
4	0
4	0
2	4
8	8
16	0
12	0
1	0
4	16
1	0
2	0
12	0
1	16
13	0
13	13
13	0
1	0
12	0
16	0
1	0
1	0
3	0
17	0
3	0
1	0
3	0
16	0
17	0
16	0
1	0
17	0
17	0
17	0
17	0
1	0
1	0
1	0
1	0
1	0
17	0
1	3
1	0
1	0
1	1
17	0
12	0
12	4
13	0
13	13
13	0
17	0
17	0
1	0
12	0
17	0
17	0
17	0
16	0
17	0
17	0
12	0
12	0
12	0
17	0
17	0
17	0
17	0
12	0
12	0
12	0
17	0
12	0
17	0
17	0
1	0
12	0
17	0
17	0
17	0
17	0
12	0
12	0
12	0
12	0
17	0
1	0
1	0
1	0
1	0
17	0
17	0
17	0
12	0
12	0
12	0
17	0
17	0
17	0
1	0
12	0
1	0
1	0
1	0
1	0
1	0
3	3
4	0
11	4
3	0
3	5
3	0
6	3
3	3
1	0
1	16
13	0
13	13
13	0
1	0
3	0
8	0
8	0
8	0
8	0
1	0
3	0
1	0
16	0
1	0
3	0
3	0
8	0
1	0
1	0
1	0
8	0
8	0
12	0
3	0
1	0
1	0
8	0
8	0
8	0
12	0
1	0
1	0
1	0
1	0
1	0
3	0
16	0
3	0
3	0
3	0
3	0
8	0
1	0
1	0
13	0
5	0
5	5
16	0
11	11
4	0
11	4
1	3
1	0
1	0
1	0
1	1
3	3
2	2
12	12
13	0
13	13
13	0
3	0
1	0
1	0
1	0
1	0
12	0
12	0
16	0
3	0
16	0
3	0
3	0
1	0
1	0
1	0
1	0
1	0
1	0
12	0
12	0
12	0
3	0
1	0
1	0
1	0
1	0
12	0
12	0
16	0
16	0
16	0
16	0
16	0
16	0
3	0
3	0
3	0
1	0
1	0
1	0
1	0
1	0
12	0
17	0
1	0
1	0
1	16
2	2
8	0
8	8
16	0
2	0
2	0
6	2
8	0
8	0
8	0
8	0
8	8
5	5
12	0
12	0
12	6
8	8
16	0
16	0
12	16
13	0
13	13
13	0
1	0
16	0
16	0
16	0
16	0
1	0
16	0
1	0
16	0
16	0
16	0
1	0
17	0
16	0
16	0
16	0
16	0
16	0
16	0
1	0
1	0
1	0
1	0
8	0
16	0
16	0
16	0
2	0
16	0
16	0
16	0
16	0
12	0
12	0
1	14
2	0
2	0
6	0
6	2
8	0
8	0
8	0
8	8
1	0
17	3
12	0
12	16
4	0
4	4
11	4
17	0
2	11
5	6
12	0
12	8
1	0
1	0
16	16
11	11
1	0
17	0
17	0
3	16
17	0
2	11
2	0
2	0
6	2
8	8
2	10
13	0
13	13
13	0
12	0
1	0
3	0
16	0
8	0
8	0
12	0
1	0
2	0
2	0
2	0
1	0
1	0
1	0
1	0
17	0
1	0
12	0
8	0
12	0
12	0
12	7
1	0
1	1
13	0
13	13
13	0
17	0
12	0
1	0
1	0
17	0
17	0
12	0
12	0
1	0
1	0
1	0
12	0
17	0
17	0
12	0
12	0
1	0
17	0
12	0
12	0
17	0
12	0
1	0
1	0
17	0
17	0
17	0
12	0
12	0
1	0
1	0
12	0
12	0
17	0
12	0
12	0
12	0
1	0
17	0
17	0
12	0
12	0
1	0
1	0
17	0
17	0
17	0
12	0
1	0
1	0
17	0
17	0
13	0
14	0
11	11
3	0
1	16
3	0
1	0
1	0
3	3
16	0
1	0
1	2
1	0
1	0
1	0
1	1
8	0
8	8
4	2
8	8
13	0
13	0
13	13
13	0
12	0
8	0
1	0
8	0
8	0
12	0
1	0
1	0
1	0
1	0
1	0
1	0
1	0
1	0
8	0
1	0
8	0
8	0
8	0
13	0
16	0
1	0
1	0
1	0
16	0
16	0
1	0
1	0
1	0
1	0
1	0
1	0
1	0
1	0
1	0
1	0
13	0
13	0
5	0
13	17
12	10
1	1
4	0
4	0
4	0
4	0
16	4
3	3
2	2
1	0
6	6
8	0
8	8
1	0
2	0
1	0
1	0
16	0
16	16
13	0
13	13
13	0
12	0
8	0
1	0
1	0
8	0
12	0
1	0
1	0
1	0
1	0
8	0
12	0
12	0
1	0
1	0
16	0
16	0
16	0
16	0
12	0
16	0
16	0
17	0
12	0
12	0
1	0
1	0
16	0
1	0
1	0
1	0
1	0
1	0
1	0
12	0
12	0
16	3
16	0
16	0
16	0
17	0
3	4
6	0
6	3
1	0
2	10
11	0
12	10
1	0
1	16
5	5
11	0
11	10
12	0
1	0
1	0
1	16
13	0
13	13
13	0
12	0
12	0
16	0
8	0
8	0
8	0
17	0
1	0
12	0
1	0
1	0
8	0
17	0
1	0
12	0
1	0
1	0
8	0
8	0
12	0
12	0
1	0
8	0
16	0
16	0
16	0
16	0
16	0
8	0
8	0
8	0
1	0
1	0
12	0
12	0
1	3
1	0
1	0
1	0
1	0
3	0
1	1
13	13
13	0
1	0
1	0
1	0
1	0
1	0
1	0
1	0
1	0
1	0
1	0
1	0
1	0
1	0
1	0
1	0
1	0
1	0
1	0
1	0
1	0
1	0
1	0
1	0
1	0
1	0
1	0
1	0
1	0
1	0
1	0
1	0
1	0
1	0
1	0
1	0
1	0
1	0
1	0
1	0
1	0
1	0
1	0
1	0
1	0
1	0
1	0
1	0
1	0
1	0
1	0
12	0
5	0
5	5
12	0
12	6
12	0
8	8
12	12
4	0
11	4
1	3
1	1
13	0
13	13
13	0
12	0
1	0
1	0
1	0
12	0
16	0
3	0
1	0
1	0
1	0
12	0
12	0
16	0
16	0
1	0
1	0
1	0
1	0
1	0
12	0
12	0
1	0
1	0
1	0
1	0
3	0
16	0
3	0
3	0
1	0
1	0
1	0
16	0
16	0
8	0
12	0
12	0
16	0
16	0
3	0
1	0
1	0
1	0
1	0
1	0
3	0
3	0
3	3
3	0
3	3
1	0
17	0
1	10
5	5
3	0
11	0
11	11
17	0
2	11
1	0
2	0
1	0
1	0
1	0
16	16
1	0
4	4
13	13
13	0
1	0
16	0
16	0
16	0
16	0
16	0
1	0
1	0
17	0
1	0
8	0
1	0
1	0
1	0
1	0
1	0
1	0
16	0
16	0
1	0
1	0
1	0
1	0
1	0
16	0
16	0
1	0
1	0
1	0
1	0
1	0
1	0
1	0
17	0
1	0
8	0
13	0
11	11
4	0
11	4
3	6
1	0
1	0
2	1
8	0
8	8
13	0
13	13
13	0
3	0
3	0
8	0
1	0
1	0
1	0
1	0
1	0
1	0
1	0
1	0
1	0
1	0
1	0
1	0
1	0
1	0
16	0
8	0
12	0
12	0
3	0
3	0
1	0
12	0
12	0
1	0
1	0
1	0
1	0
1	0
16	0
8	0
3	0
3	0
16	0
1	0
1	0
1	0
1	0
1	0
1	0
16	0
8	0
12	0
1	0
3	0
13	0
16	0
16	0
16	11
2	2
8	0
8	0
8	0
8	8
5	5
3	3
13	0
13	13
13	0
16	0
8	0
8	0
8	0
12	0
8	0
16	0
16	0
8	0
8	0
8	0
8	0
1	0
16	0
16	0
8	0
8	0
8	0
12	0
12	0
12	0
16	0
1	0
8	0
3	0
12	0
12	0
8	0
8	0
8	0
8	0
8	0
8	0
16	0
16	0
16	0
8	0
8	0
8	0
8	0
8	0
8	0
8	0
12	0
12	0
12	0
13	0
13	0
13	17
5	0
5	5
1	3
1	1
5	5
17	0
17	0
17	10
17	0
17	0
17	3
1	0
1	0
1	0
1	1
2	2
8	0
8	0
8	8
5	5
12	12
12	12
13	13
13	0
8	0
1	0
1	0
1	0
17	0
17	0
17	0
17	0
1	0
1	0
12	0
17	0
1	0
1	0
8	0
12	0
1	0
12	0
12	0
8	0
8	0
1	0
1	0
1	0
1	0
1	0
1	0
1	0
17	0
17	0
17	0
17	0
17	0
13	0
1	0
1	0
1	0
3	3
13	0
13	0
13	13
13	0
1	0
8	0
8	0
8	0
1	0
8	0
1	0
8	0
16	0
8	0
16	0
8	0
1	0
8	0
1	0
8	0
16	0
8	0
8	0
8	0
13	0
8	0
8	0
8	0
1	0
1	0
1	0
1	0
8	0
16	0
8	0
13	0
8	0
12	0
1	0
1	0
8	0
16	0
8	0
16	0
8	0
16	0
8	0
12	0
8	0
1	0
1	0
1	0
8	0
16	0
1	0
11	0
11	0
11	11
1	0
3	4
17	0
2	11
8	0
2	0
2	2
17	0
11	0
11	6
8	8
2	2
12	12
12	12
2	0
2	2
12	12
12	0
12	12
5	6
12	12
8	0
8	12
12	0
12	12
16	0
16	0
16	0
16	16
13	0
13	0
13	13
13	0
16	0
16	0
16	0
16	0
16	0
12	0
16	0
16	0
1	0
16	0
1	0
16	0
16	0
16	0
16	0
16	0
16	0
12	0
12	0
17	0
17	0
12	0
12	0
16	0
12	0
5	6
1	3
6	0
1	1
8	0
8	0
8	8
13	0
13	13
13	0
1	0
1	0
1	0
1	0
1	0
1	0
1	0
1	0
1	0
8	0
16	0
8	0
1	0
1	0
1	0
1	0
8	0
16	0
16	0
12	0
12	0
1	0
1	0
1	0
1	0
1	0
1	0
1	0
1	0
8	0
16	0
12	0
12	0
1	0
1	0
1	0
1	0
1	0
1	0
1	0
1	0
8	0
16	0
12	0
12	0
12	0
1	0
1	0
1	0
17	0
3	3
1	0
1	0
1	0
1	0
1	16
17	0
2	11
11	0
11	3
3	0
3	3
3	0
3	0
3	3
13	0
13	13
13	0
17	0
17	0
17	0
8	0
8	0
8	0
12	0
3	0
17	0
17	0
17	0
8	0
8	0
8	0
1	0
1	0
1	0
16	0
16	0
12	0
12	0
17	0
17	0
17	0
16	0
12	0
12	0
17	0
3	0
1	0
1	0
1	0
1	0
17	0
16	0
17	0
8	0
8	0
1	0
1	0
1	0
13	0
3	0
11	11
4	0
4	0
4	4
3	3
1	0
1	3
1	1
13	0
13	0
13	13
13	0
1	0
8	0
16	0
16	0
1	0
1	0
3	0
1	0
1	0
16	0
16	0
16	0
3	0
3	0
3	0
1	0
16	0
16	0
16	0
12	0
1	0
3	0
16	0
16	0
1	0
1	0
3	0
3	0
1	0
1	0
16	0
16	0
3	0
16	0
3	0
16	0
16	0
3	0
3	0
3	0
16	0
16	0
16	0
16	0
12	0
1	0
13	0
12	0
12	0
12	1
8	0
8	8
17	0
2	2
17	0
17	0
11	6
8	0
8	0
8	8
17	0
16	0
16	0
17	16
13	0
13	13
13	0
17	0
17	0
16	0
16	0
12	0
12	0
12	0
17	0
16	0
12	0
1	0
16	0
16	0
17	0
12	0
16	0
16	0
1	0
12	0
12	0
17	0
16	0
12	0
16	0
16	0
12	0
16	0
12	0
16	0
16	0
16	0
16	0
17	0
12	0
1	0
1	0
16	0
16	0
16	0
13	0
17	0
2	2
9	0
1	1
8	8
1	0
1	0
1	0
1	16
2	2
12	12
2	0
2	2
12	12
12	0
12	12
13	13
17	0
11	11
4	0
11	4
1	3
1	0
1	0
1	0
1	1
3	0
3	6
1	6
8	8
4	0
11	3
11	11
16	0
16	16
5	5
4	0
3	3
1	0
1	0
1	3
3	0
3	3
1	0
2	0
2	0
1	0
1	0
16	0
16	16
13	0
13	13
13	0
12	0
16	0
16	0
3	0
3	0
16	0
12	0
3	11
16	0
16	0
16	16
3	6
3	0
3	0
6	1
8	8
2	0
11	0
2	0
6	2
8	0
8	8
13	13
13	0
1	0
3	0
1	0
1	0
1	0
1	0
3	0
3	0
3	0
3	0
1	0
1	0
2	0
2	0
2	0
2	0
1	0
1	0
16	0
2	0
1	0
1	0
1	0
1	0
1	0
1	0
3	0
3	0
3	0
3	0
17	0
17	0
3	0
3	0
3	0
1	0
1	0
2	0
2	0
2	0
1	0
1	0
13	0
3	0
3	0
3	3
8	0
3	0
1	0
1	16
16	0
3	0
3	0
3	3
11	0
11	0
6	0
6	2
8	8
16	0
2	0
2	0
3	16
13	0
13	0
13	13
13	0
1	0
1	0
16	0
16	0
12	0
16	0
16	0
16	0
16	0
16	0
16	0
16	0
16	0
1	0
16	0
16	0
16	0
16	0
8	0
13	0
16	0
1	0
1	0
1	0
1	0
16	0
1	0
16	0
1	0
16	0
16	0
16	0
16	0
16	0
3	0
13	0
12	0
12	0
12	0
12	7
13	13
8	0
5	5
17	0
2	2
9	0
1	1
1	0
1	0
1	4
12	0
12	6
12	8
2	10
13	0
13	0
13	13
13	0
12	0
12	0
12	0
16	0
8	0
12	0
17	0
16	0
17	0
8	0
8	0
8	0
8	0
12	0
12	0
8	0
16	0
8	0
12	0
13	0
8	0
12	0
16	0
16	0
12	0
12	0
8	0
8	0
16	0
8	0
16	0
16	0
8	0
17	0
8	0
8	0
8	0
12	0
5	5
11	0
11	3
16	0
16	0
17	16
2	10
13	0
13	13
13	0
8	0
8	0
8	0
16	0
1	0
16	0
16	0
16	0
16	0
16	0
16	0
16	0
1	0
16	0
16	0
16	0
16	0
16	0
16	0
16	0
12	0
8	0
8	0
16	0
8	0
8	0
16	0
8	0
16	0
16	0
16	0
16	0
16	0
12	0
8	0
8	0
16	0
16	0
16	0
16	0
16	0
16	0
16	0
16	0
12	0
12	0
8	0
8	0
16	0
13	0
3	0
3	0
3	0
1	0
1	0
1	7
13	0
13	0
13	13
13	0
1	0
16	0
16	0
16	0
1	0
16	0
16	0
1	0
1	0
16	0
16	0
8	0
1	0
1	0
1	0
1	0
16	0
16	0
12	0
12	0
1	0
16	0
16	0
16	0
16	0
16	0
1	0
1	0
1	0
16	0
16	0
16	0
8	0
1	0
1	0
1	0
1	0
1	0
1	0
1	0
1	0
16	0
1	0
12	0
12	0
1	0
1	0
1	0
16	0
12	0
8	0
8	0
12	0
12	17
13	13
9	0
9	17
17	17
8	17
12	3
4	0
4	4
2	3
3	6
3	0
3	3
8	0
8	8
2	0
2	2
6	6
8	0
8	8
12	12
13	13
13	0
8	0
1	0
1	0
1	0
1	0
1	0
3	0
3	0
8	0
1	0
1	0
1	0
1	0
8	0
1	0
1	0
8	0
1	0
16	0
1	0
1	0
1	0
8	0
1	0
8	0
8	0
8	0
8	0
3	0
1	0
1	0
3	0
3	0
13	0
12	0
1	0
3	3
4	0
4	0
12	4
12	0
12	6
12	0
1	0
1	1
8	8
12	0
12	6
12	0
12	0
12	0
12	0
8	0
12	8
16	0
16	16
13	0
13	0
13	13
13	0
8	0
8	0
12	0
8	0
12	0
8	0
8	0
12	0
12	0
12	0
12	0
13	0
8	0
12	0
8	0
12	0
16	0
16	0
8	0
13	0
1	0
1	0
8	0
8	0
3	0
12	0
8	0
12	0
12	0
1	0
1	0
8	0
12	0
13	0
13	0
13	17
8	2
17	0
17	0
17	0
12	6
9	0
1	1
8	8
2	2
12	12
11	0
11	4
16	16
13	13
17	11
16	0
16	0
17	16
1	6
12	0
12	8
13	0
13	13
13	0
13	0
16	0
1	0
8	0
1	0
8	0
16	0
1	0
3	0
1	0
12	0
13	0
16	0
16	0
1	0
1	0
12	0
8	0
16	0
13	0
13	0
16	0
17	0
17	0
12	0
17	0
8	0
1	0
8	0
8	0
12	0
16	0
1	0
12	0
3	0
2	2
8	0
8	0
8	0
8	8
11	0
11	4
2	0
6	11
8	0
8	16
13	0
13	13
13	0
12	0
8	0
16	0
8	0
12	0
12	0
1	0
1	0
1	0
8	0
8	0
16	0
16	0
16	0
1	0
8	0
8	0
8	0
8	0
12	0
12	0
1	0
8	0
16	0
16	0
12	0
12	0
16	0
1	0
16	0
16	0
16	0
1	0
16	0
8	0
16	0
16	0
16	0
16	0
1	0
8	0
8	0
8	0
8	0
12	0
11	0
11	4
3	3
1	1
17	0
12	0
12	4
13	13
13	0
1	0
17	0
1	0
1	0
1	0
1	0
1	0
1	0
1	0
17	0
12	0
1	0
1	0
1	0
1	0
17	0
17	0
17	0
1	0
1	0
1	0
12	0
8	0
1	0
1	0
1	0
1	0
1	0
17	0
17	0
17	0
1	0
1	0
1	0
1	0
3	0
8	0
1	0
3	0
1	0
12	0
17	0
17	0
12	0
1	0
1	0
1	0
1	0
16	0
1	0
12	0
11	11
3	0
3	4
17	0
2	11
17	0
2	2
9	0
1	1
8	8
17	6
3	0
3	0
1	1
8	8
8	0
8	0
8	0
8	16
3	11
3	0
1	6
8	0
8	0
8	8
4	0
4	4
13	0
13	13
13	0
12	0
17	0
17	0
1	0
1	0
1	0
8	0
1	0
16	0
1	0
1	0
1	0
1	0
1	0
8	0
1	0
1	0
1	0
1	0
17	0
17	0
8	0
8	0
1	0
1	0
1	0
16	0
17	0
1	0
12	0
17	0
11	11
17	0
11	4
17	0
17	0
2	0
3	3
1	3
1	0
1	0
1	0
1	0
1	0
1	1
12	0
12	0
12	4
12	0
13	13
13	0
12	0
12	0
12	0
12	0
12	0
17	0
12	0
3	0
1	0
1	0
1	0
1	0
1	0
1	0
12	0
12	0
12	0
12	0
12	0
12	0
12	0
12	0
12	0
12	0
12	0
17	0
3	0
16	0
16	0
3	0
17	0
3	0
1	0
1	0
1	0
1	0
1	0
1	0
12	0
3	0
12	0
12	0
12	0
1	16
2	2
2	0
6	0
6	6
1	6
1	0
8	8
3	0
3	11
16	0
16	0
16	16
1	0
11	4
13	13
13	0
8	0
1	0
1	0
1	0
1	0
1	0
1	0
1	0
1	0
1	0
1	0
8	0
8	0
8	0
1	0
1	0
1	0
1	0
1	0
1	0
1	0
8	0
1	0
1	0
1	0
1	0
16	0
16	0
16	0
16	0
16	0
1	0
1	0
1	0
1	0
1	0
8	0
8	0
12	0
3	11
3	0
4	4
17	0
6	3
3	2
17	6
12	0
8	8
16	0
16	0
16	16
13	13
14	0
11	0
14	14
12	12
1	6
8	0
12	0
8	0
8	0
13	0
8	0
8	8
16	4
13	13
13	0
1	0
1	0
16	0
16	0
16	0
1	0
16	0
16	0
16	0
16	0
1	0
1	0
1	0
1	0
1	0
1	0
16	0
16	0
1	0
1	0
1	0
1	0
8	0
8	0
1	0
8	0
8	0
1	0
16	0
1	0
16	0
13	0
17	6
1	0
1	0
1	1
8	0
8	0
8	8
4	0
4	4
5	0
11	2
3	6
1	0
8	8
13	0
13	13
13	0
1	0
8	0
8	0
1	0
8	0
12	0
12	0
1	0
1	0
8	0
8	0
8	0
1	0
3	0
1	0
1	0
8	0
8	0
8	0
12	0
17	0
1	0
8	0
8	0
1	0
12	0
12	0
12	0
1	0
1	0
1	0
1	0
1	0
1	0
8	0
8	0
1	0
3	0
3	0
3	0
1	0
1	0
12	0
1	2
3	0
1	0
1	0
1	0
1	1
8	0
8	0
8	0
13	0
8	0
8	0
8	0
8	8
13	13
13	0
1	0
8	0
1	0
16	0
8	0
8	0
16	0
1	0
1	0
16	0
16	0
16	0
8	0
8	0
1	0
8	0
8	0
8	0
8	0
16	0
1	0
8	0
8	0
8	0
16	0
8	0
8	0
1	0
1	0
1	0
16	0
16	0
1	0
1	0
1	0
1	0
8	0
8	0
1	0
1	0
8	0
8	0
8	0
12	0
12	6
12	0
16	0
16	1
8	0
8	0
8	0
8	0
8	8
2	2
12	12
4	0
4	4
2	0
2	0
2	2
6	6
8	0
8	8
3	0
3	0
3	3
1	0
16	0
16	16
13	13
13	0
1	0
1	0
1	0
1	0
1	0
1	0
1	0
1	0
1	0
1	0
1	0
8	0
8	0
1	0
1	0
1	0
1	0
1	0
8	0
1	0
1	0
1	0
1	0
1	0
8	0
8	0
8	0
3	0
1	0
3	0
3	0
3	0
17	0
3	11
4	0
4	4
17	0
6	3
2	3
2	0
1	0
1	0
1	16
17	10
17	0
17	0
17	16
13	0
13	13
13	0
17	0
1	0
8	0
1	0
1	0
17	0
17	0
8	0
8	0
8	0
8	0
1	0
8	0
1	0
1	0
1	0
1	0
17	0
17	0
12	0
17	0
1	0
1	0
8	0
1	0
1	0
17	0
17	0
3	0
3	0
3	0
3	0
3	0
8	0
8	0
1	0
1	0
8	0
1	0
1	0
1	0
1	0
12	0
5	5
17	0
16	3
17	0
6	4
3	0
3	0
3	3
17	0
1	6
8	0
8	0
8	8
8	0
13	13
13	0
12	0
8	0
8	0
1	0
8	0
8	0
12	0
1	0
8	0
17	0
17	0
1	0
1	0
1	0
1	0
8	0
8	0
8	0
8	0
8	0
1	0
8	0
8	0
1	0
1	0
8	0
8	0
12	0
1	0
8	0
16	0
3	0
16	0
16	0
17	0
17	0
1	0
1	0
1	0
1	0
8	0
12	0
12	0
8	0
5	5
8	0
8	0
8	8
13	13
8	8
13	13
12	17
12	0
12	17
13	13
5	0
12	3
13	13
13	0
8	0
8	0
8	0
8	0
8	0
8	0
8	0
8	0
8	0
8	0
8	0
8	0
8	0
17	0
12	0
12	0
8	0
12	0
12	0
12	0
8	0
8	0
8	0
8	0
8	0
8	0
8	0
1	0
8	0
8	0
8	0
8	0
8	0
8	0
8	0
8	0
8	0
17	0
17	0
12	0
12	0
8	0
12	0
12	0
13	0
12	0
12	6
1	0
1	0
1	1
8	0
8	8
16	0
16	16
11	0
11	11
11	0
11	3
5	0
11	3
2	10
13	0
13	13
13	0
1	0
3	0
16	0
3	0
1	0
12	0
12	0
12	0
1	0
3	0
16	0
16	0
1	0
1	0
1	0
16	0
3	0
1	0
3	0
12	0
12	0
3	0
3	0
3	0
3	0
12	0
12	0
12	0
12	0
12	0
1	0
1	0
3	0
3	0
16	0
16	0
16	0
1	0
1	0
1	0
17	0
1	0
17	0
1	0
1	3
17	0
17	0
17	1
13	0
13	0
13	13
13	0
1	0
1	0
1	0
1	0
13	0
1	0
1	0
1	0
1	0
1	0
1	0
12	0
13	0
1	0
1	0
1	0
1	0
1	0
12	0
12	0
13	0
1	0
1	0
1	0
12	0
13	0
1	0
1	0
1	0
16	0
1	0
1	0
12	0
1	0
1	0
1	0
1	0
1	0
1	0
1	0
1	0
16	0
1	0
12	0
12	0
1	0
1	0
1	0
12	0
3	11
4	0
4	4
1	0
1	0
17	0
1	3
17	10
17	6
17	0
1	0
1	0
1	1
8	0
8	0
8	8
2	2
12	12
3	0
17	0
17	0
16	16
13	0
13	13
13	0
17	0
3	0
17	0
17	0
1	0
1	0
17	0
1	0
1	0
1	0
16	0
12	0
1	0
1	0
1	0
17	0
1	0
16	0
16	0
12	0
1	0
3	0
3	0
17	0
1	0
17	0
17	0
17	0
17	0
1	0
1	0
17	0
1	0
1	0
12	0
12	0
12	6
12	12
12	12
17	12
13	0
13	13
13	0
12	0
12	0
12	0
12	0
12	0
12	0
12	0
16	0
16	0
12	0
12	0
12	0
12	0
12	0
12	0
16	0
12	0
12	0
12	0
12	0
12	0
12	0
1	0
12	0
12	0
12	0
12	0
12	0
16	0
12	0
12	0
12	0
12	0
12	0
12	0
12	0
16	0
12	0
12	0
12	0
12	0
12	0
12	0
12	0
12	0
12	0
12	0
12	0
16	0
12	0
12	0
1	0
1	3
1	0
1	1
13	0
13	13
13	0
1	0
1	0
1	0
1	0
1	0
1	0
1	0
1	0
1	0
1	0
1	0
1	0
1	0
1	0
1	0
1	0
1	0
1	0
1	0
1	0
1	0
1	0
1	0
1	0
1	0
1	0
1	0
1	0
1	0
1	0
1	0
1	0
1	0
1	0
1	0
1	0
1	0
1	0
1	0
1	0
1	0
1	0
1	0
1	0
12	0
1	0
1	0
1	0
1	0
1	0
1	0
1	0
1	0
11	0
11	0
11	4
16	0
11	0
1	1
16	0
1	1
3	0
2	14
17	0
6	3
1	0
1	0
1	16
13	13
13	0
1	0
3	0
1	0
1	0
1	0
8	0
1	0
1	0
1	0
1	0
8	0
1	0
1	0
1	0
1	0
1	0
1	0
1	0
8	0
8	0
1	0
1	0
1	0
8	0
1	0
1	0
8	0
1	0
3	0
16	0
1	0
16	0
16	0
16	0
1	0
8	0
1	0
1	0
1	0
8	0
1	0
1	0
1	0
13	0
3	11
4	0
4	4
2	3
17	3
2	0
2	0
6	2
8	0
8	0
8	0
8	0
8	8
2	0
17	10
5	5
2	2
9	0
8	9
1	0
1	17
13	0
13	13
13	0
17	0
17	0
8	0
1	0
1	0
1	0
8	0
8	0
1	0
1	0
1	0
1	0
1	0
8	0
8	0
8	0
1	0
1	0
1	0
12	0
8	0
8	0
8	0
3	0
3	0
3	0
8	0
1	0
1	0
1	0
8	0
8	0
8	0
3	0
1	0
12	0
2	2
17	0
2	3
11	0
1	4
8	6
17	0
1	1
8	0
8	0
8	8
12	0
12	4
17	0
2	2
12	12
12	0
12	12
13	13
13	0
1	0
8	0
16	0
16	0
12	0
12	0
16	0
8	0
1	0
1	0
8	0
12	0
12	0
16	0
1	0
8	0
1	0
12	0
12	0
16	0
8	0
16	0
16	0
16	0
16	0
16	0
8	0
8	0
8	0
16	0
1	0
1	0
1	0
1	0
8	0
12	0
12	0
12	0
12	0
17	0
12	16
17	0
17	0
17	0
1	3
17	0
17	0
17	10
2	2
12	12
12	12
2	0
16	0
16	16
13	0
13	13
13	0
17	0
8	0
8	0
17	0
8	0
12	0
12	0
12	0
17	0
16	0
1	0
17	0
8	0
8	0
1	0
12	0
16	0
8	0
8	0
12	0
12	0
17	0
16	0
1	0
8	0
12	0
12	0
12	0
17	0
16	0
16	0
17	0
17	0
17	0
17	0
1	0
3	0
1	0
1	0
1	0
16	0
16	0
17	0
12	0
5	5
17	0
11	4
17	0
17	0
17	10
17	0
17	1
17	0
17	0
17	4
17	0
13	13
13	0
17	0
17	0
12	0
17	0
12	0
17	0
17	0
17	0
17	0
17	0
17	0
17	0
17	0
17	0
17	0
17	0
17	0
12	0
12	0
17	0
17	0
17	0
17	0
17	0
17	0
17	0
17	0
17	0
17	0
17	0
17	0
1	0
3	0
17	0
17	0
17	0
17	0
17	0
17	0
17	0
17	0
17	0
12	0
12	0
12	0
5	5
3	0
12	6
12	0
12	0
9	0
8	0
8	8
2	2
12	12
4	0
4	4
3	0
12	0
1	3
1	0
1	1
17	0
2	2
1	0
1	6
8	0
8	8
13	13
13	0
1	0
1	0
1	0
1	0
1	0
1	0
1	0
1	0
1	0
1	0
1	0
1	0
1	0
1	0
1	0
1	0
1	0
1	0
1	0
1	0
1	0
1	0
3	0
12	0
12	0
12	0
8	0
8	0
1	0
8	0
1	0
8	0
1	0
1	0
13	0
11	0
11	11
16	0
16	0
16	0
16	16
16	0
11	11
3	3
2	2
12	0
12	0
12	12
8	0
13	13
13	0
12	0
12	0
12	0
8	0
12	0
3	0
12	0
1	0
16	0
16	0
16	0
16	0
16	0
3	0
3	0
2	0
12	0
8	0
12	0
12	0
12	0
12	0
12	0
16	0
16	0
12	0
3	0
12	0
1	0
16	0
16	0
8	0
8	0
16	0
16	0
16	0
16	0
16	0
3	0
3	0
2	0
12	0
8	0
17	0
17	0
17	0
11	6
17	0
8	17
2	2
17	6
8	8
17	4
17	0
2	11
17	0
17	0
17	3
9	9
8	8
8	0
17	0
17	0
17	0
1	16
5	5
1	0
1	1
12	12
4	0
11	4
5	5
11	11
11	11
3	0
1	1
4	0
11	4
5	5
2	2
12	12
12	12
13	0
13	13
13	0
12	0
1	0
1	0
1	0
1	0
17	0
16	0
12	0
16	0
16	0
1	0
16	0
16	0
17	0
1	0
17	0
17	0
17	0
13	0
13	0
13	17
8	0
8	0
8	0
8	3
16	0
6	4
2	2
12	12
12	0
12	6
1	0
1	0
1	0
1	1
17	0
17	12
17	0
17	0
17	12
2	2
12	6
12	12
13	13
13	0
13	0
16	0
16	0
12	0
16	0
1	0
12	0
1	0
12	0
1	0
16	0
1	0
1	0
1	0
8	0
8	0
16	0
1	0
16	0
16	0
13	0
1	0
1	0
1	0
16	0
16	0
16	0
16	0
12	0
12	0
1	0
12	0
12	0
12	0
11	11
4	0
4	4
1	0
1	0
1	0
1	16
2	2
8	0
2	6
12	8
8	0
13	13
13	0
12	0
1	0
8	0
8	0
8	0
8	0
8	0
8	0
8	0
1	0
1	0
1	0
8	0
8	0
8	0
8	0
8	0
1	0
8	0
12	0
12	0
8	0
1	0
8	0
8	0
12	0
8	0
8	0
8	0
8	0
1	0
8	0
8	0
8	0
1	0
3	0
1	0
8	0
8	0
8	0
8	0
8	0
1	0
8	0
12	0
13	0
11	0
11	11
4	0
11	4
1	0
1	0
1	0
1	1
5	5
16	0
11	11
16	4
3	0
3	0
3	3
8	0
8	0
8	8
2	2
6	0
6	0
6	6
1	1
8	0
8	0
8	0
8	0
8	8
13	0
13	0
13	13
13	0
3	0
3	0
3	0
16	0
16	0
16	0
16	0
3	0
8	0
8	0
8	0
1	0
8	0
8	0
16	0
16	0
16	0
1	0
1	0
1	0
1	0
16	0
16	0
16	0
16	0
3	0
3	0
12	0
16	0
11	0
4	0
16	16
3	0
3	0
1	3
3	3
1	0
11	2
5	5
3	2
8	0
8	0
8	0
8	12
13	0
13	13
13	0
16	0
16	0
16	0
8	0
8	0
12	0
12	0
16	0
16	0
16	0
16	0
8	0
8	0
1	0
1	0
8	0
8	0
16	0
8	0
12	0
17	0
1	0
16	0
16	0
1	0
12	0
17	0
16	0
16	0
16	0
16	0
16	0
16	0
16	0
16	0
8	0
8	0
1	0
1	0
1	0
17	0
17	0
11	4
1	3
1	1
13	13
13	0
17	0
8	0
1	0
1	0
1	0
3	0
17	0
17	0
17	0
1	0
1	0
1	0
17	0
17	0
17	0
17	0
17	0
1	0
1	0
1	0
17	0
17	0
8	0
1	0
1	0
1	0
17	0
17	0
8	0
1	0
1	0
1	0
1	0
17	0
17	0
17	0
17	0
17	0
1	0
17	0
17	0
17	0
1	0
1	0
1	0
17	0
17	0
17	0
1	0
1	0
1	0
17	0
17	0
12	0
11	11
4	0
4	4
17	0
2	11
3	0
3	0
3	16
5	5
1	0
1	0
1	2
8	8
13	0
13	13
13	0
12	0
1	0
8	0
1	0
12	0
12	0
12	0
17	0
8	0
17	0
1	0
1	0
3	0
1	0
1	0
1	0
1	0
16	0
8	0
12	0
1	0
1	0
1	0
1	0
1	0
12	0
12	0
12	0
1	0
1	0
8	0
16	0
1	0
1	0
17	0
1	0
3	0
1	0
1	0
1	0
1	0
1	0
1	0
16	0
1	0
11	11
4	0
11	4
5	5
1	6
1	0
1	1
8	8
3	0
3	3
2	2
8	0
8	0
8	0
8	0
8	0
8	0
8	0
8	8
13	13
8	8
5	5
8	0
8	8
13	0
13	0
13	13
13	0
1	0
1	0
1	0
16	0
16	0
8	0
1	0
8	0
16	0
8	0
16	0
16	0
8	0
8	0
1	0
8	0
16	0
16	0
16	0
16	0
1	0
1	0
1	0
1	0
8	0
1	0
1	0
1	0
1	0
1	0
17	0
17	11
4	0
4	4
2	3
17	3
17	2
12	12
8	0
8	8
1	0
1	16
13	0
13	13
13	0
17	0
17	0
1	0
1	0
17	0
3	0
1	0
1	0
1	0
1	0
1	0
17	0
1	0
1	0
17	0
1	0
1	0
1	0
1	0
17	0
3	0
17	0
1	0
1	0
1	0
1	0
1	0
1	0
1	0
1	0
1	0
1	0
3	0
1	0
1	0
17	0
17	0
17	0
1	0
1	0
1	0
1	0
1	0
1	0
3	0
13	0
11	0
11	4
3	0
3	3
3	0
3	3
8	0
2	0
2	2
8	8
12	0
12	0
12	4
13	0
13	13
13	0
1	0
8	0
1	0
1	0
8	0
1	0
12	0
16	0
16	0
1	0
8	0
1	0
8	0
1	0
12	0
12	0
16	0
12	0
12	0
12	0
12	0
8	0
12	0
8	0
1	0
8	0
12	0
12	0
3	0
16	0
16	0
3	0
3	0
3	0
1	0
8	0
1	0
1	0
8	0
12	0
12	0
12	0
12	0
12	0
3	0
5	5
11	0
11	11
16	0
16	4
17	0
2	0
11	6
12	0
8	0
8	8
1	0
3	4
13	13
13	0
1	0
1	0
16	0
1	0
16	0
16	0
1	0
1	0
16	0
16	0
16	0
17	0
17	0
1	0
8	0
1	0
1	0
1	0
16	0
1	0
1	0
16	0
16	0
1	0
16	0
16	0
1	0
1	0
16	0
16	0
16	0
16	0
16	0
16	0
16	0
17	0
17	0
1	0
1	0
8	0
1	0
1	0
1	0
12	0
13	0
13	17
11	11
4	0
11	4
5	5
3	6
1	0
1	0
1	0
1	1
8	0
8	0
8	0
8	0
8	0
8	0
8	0
8	0
8	8
12	0
12	0
12	4
2	2
12	0
8	0
8	8
13	13
8	0
8	0
8	0
8	8
5	5
1	0
1	0
1	0
1	0
1	1
8	0
8	0
8	0
8	8
13	0
13	13
13	0
12	0
13	0
1	0
3	0
3	0
1	0
1	0
1	0
1	0
1	0
1	0
1	0
1	0
1	0
17	0
17	11
17	0
17	4
17	0
2	11
1	0
1	0
1	0
1	0
1	0
16	16
5	5
12	0
12	0
12	0
12	1
8	0
8	0
12	8
13	0
13	0
13	13
13	0
16	0
17	0
17	0
12	0
16	0
12	0
16	0
1	0
1	0
1	0
12	0
12	0
12	0
1	0
8	0
12	0
12	0
16	0
12	0
17	0
1	0
17	0
16	0
16	0
17	0
1	0
17	0
1	0
1	0
1	0
1	0
1	0
1	0
1	0
1	0
12	0
13	0
13	0
13	17
3	11
4	0
4	4
2	2
1	0
6	6
8	0
8	0
8	8
11	0
2	2
11	0
11	6
8	0
8	0
8	0
8	0
8	8
1	0
1	0
1	0
1	16
13	0
13	13
13	0
13	0
1	0
1	0
8	0
8	0
8	0
12	0
8	0
1	0
1	0
16	0
13	0
12	0
1	0
1	0
1	0
1	0
16	0
16	0
13	0
1	0
3	0
8	0
1	0
1	0
1	0
1	0
1	0
8	0
1	0
8	0
12	0
12	0
1	3
1	0
1	1
8	0
12	0
9	0
12	4
13	0
13	13
13	0
1	0
1	0
1	0
12	0
12	0
12	0
1	0
8	0
12	0
8	0
12	0
12	0
12	0
8	0
17	0
8	0
12	0
12	0
12	0
12	0
12	0
12	0
8	0
12	0
12	0
12	0
8	0
8	0
8	0
12	0
12	0
12	0
12	0
12	0
1	0
1	0
1	0
8	0
8	0
8	0
12	0
12	0
12	0
12	0
12	0
12	0
1	0
1	0
1	0
12	0
3	0
5	5
4	0
4	4
3	0
3	3
17	0
17	0
17	0
1	0
1	1
1	0
1	0
17	0
2	0
1	0
1	1
8	0
8	0
8	8
6	6
8	0
8	0
8	8
13	0
13	13
13	0
3	0
1	0
17	0
1	0
1	0
1	0
1	0
1	0
1	0
1	0
8	0
1	0
1	0
1	0
1	0
8	0
1	0
8	0
8	0
3	0
3	0
3	0
3	0
3	0
1	0
1	0
1	0
17	0
1	0
1	0
1	0
1	0
13	0
1	0
11	11
16	0
16	16
11	0
11	11
1	0
2	0
1	0
1	0
1	16
3	3
3	0
11	0
11	11
2	2
1	3
13	0
13	0
13	13
13	0
1	0
8	0
1	0
1	0
1	0
12	0
12	0
3	0
1	0
3	0
8	0
8	0
1	0
1	0
8	0
8	0
1	0
1	0
8	0
13	0
1	0
1	0
1	0
1	0
1	0
1	0
3	0
16	0
16	0
16	0
3	0
1	0
1	0
1	0
3	0
3	0
1	0
1	0
12	0
2	2
8	0
8	8
5	5
8	0
8	8
4	0
4	4
12	12
3	6
1	3
1	0
1	0
1	1
8	0
8	8
2	2
1	0
1	0
1	0
1	6
1	0
1	0
1	1
8	0
8	0
8	8
2	2
3	0
6	6
1	0
1	0
1	1
8	0
8	0
8	8
13	13
13	0
1	0
16	0
1	0
1	0
1	0
16	0
1	0
1	0
1	0
8	0
8	0
1	0
1	0
16	0
16	0
3	0
3	0
3	0
1	0
1	0
1	0
13	0
5	0
5	3
3	0
2	2
9	9
8	8
16	0
11	4
6	0
6	3
2	3
17	0
12	0
17	0
12	16
12	0
12	4
13	0
13	13
13	0
12	0
12	0
12	0
12	0
12	0
12	0
12	0
16	0
16	0
8	0
8	0
8	0
8	0
12	0
12	0
12	0
12	0
8	0
12	0
12	0
12	0
8	0
17	0
12	0
8	0
12	0
3	0
16	0
16	0
8	0
1	0
8	0
16	0
16	0
8	0
8	0
8	0
12	0
12	0
12	0
5	5
3	11
4	0
4	4
1	0
1	0
1	1
17	0
12	0
12	4
3	0
3	14
2	0
16	0
16	16
4	0
4	4
13	0
13	13
13	0
3	0
16	0
8	0
4	0
8	0
8	0
17	0
3	0
16	0
17	0
17	0
3	0
1	0
1	0
1	0
1	0
4	0
4	0
8	0
13	0
16	0
8	0
8	0
8	0
8	0
12	0
16	0
3	0
3	0
16	0
3	0
1	0
17	0
17	0
17	0
1	0
3	0
1	0
1	0
13	0
8	0
8	3
4	0
11	4
16	0
2	0
2	0
3	3
17	0
2	2
9	0
9	8
1	0
1	3
17	0
3	0
11	6
8	0
8	8
2	0
2	2
12	12
12	12
12	0
12	0
12	4
13	0
13	13
13	0
1	0
17	0
8	0
8	0
1	0
1	0
17	0
16	0
12	0
1	0
8	0
17	0
1	0
1	0
12	0
16	0
1	0
12	0
3	0
16	0
16	0
3	0
17	0
3	0
3	0
3	0
3	0
8	0
8	0
8	0
12	0
12	11
4	0
4	4
11	0
11	3
2	0
1	0
6	2
8	8
1	0
2	2
8	0
8	0
8	0
8	0
8	8
13	0
13	13
13	0
3	0
3	0
1	0
8	0
16	0
12	0
12	0
3	0
1	0
1	0
1	0
8	0
1	0
8	0
8	0
8	0
16	0
16	0
12	0
12	0
12	0
1	0
1	0
1	0
16	0
12	0
12	0
3	0
3	0
8	0
3	0
8	0
8	0
1	0
8	0
1	0
1	0
1	0
1	0
8	0
12	0
11	0
2	3
11	0
11	4
17	0
12	0
9	6
8	0
8	0
8	8
1	0
1	0
16	0
1	16
5	5
16	0
11	11
4	0
11	4
1	0
1	0
1	0
1	0
1	0
3	3
3	3
11	11
2	0
2	2
8	8
5	5
8	0
17	0
11	0
9	2
8	8
1	0
1	0
16	0
16	16
13	0
13	13
13	0
12	0
16	0
16	0
16	0
16	0
16	0
16	0
16	0
16	0
16	0
12	0
16	0
1	0
1	0
1	0
1	0
12	0
8	0
3	0
3	3
11	0
11	4
5	0
3	3
11	0
2	2
12	0
6	6
12	0
1	0
8	0
8	0
8	0
8	0
8	0
8	8
16	0
4	0
11	0
4	16
13	0
13	13
13	0
12	0
16	0
16	0
8	0
12	0
12	0
12	0
12	0
1	0
16	0
16	0
12	0
12	0
16	0
16	0
16	0
16	0
16	0
16	0
12	0
16	0
16	0
16	0
16	0
3	0
8	0
1	0
1	0
8	0
1	0
12	0
12	0
12	0
13	0
16	0
11	11
16	0
16	0
16	0
16	16
3	11
2	0
6	0
6	6
8	8
5	5
5	6
12	0
1	0
8	0
8	0
8	8
17	0
2	3
13	0
13	13
13	0
12	0
3	0
16	0
16	0
3	0
3	0
1	0
1	0
8	0
1	0
1	0
16	0
1	0
1	0
8	0
16	0
8	0
3	0
16	0
12	0
12	0
16	0
16	0
16	0
16	0
16	0
16	0
16	0
16	0
3	0
3	0
1	0
1	0
8	0
1	0
1	0
12	0
1	0
8	0
12	8
1	0
3	0
1	16
13	13
8	0
8	8
3	0
3	0
1	16
13	13
13	0
11	3
11	0
11	4
17	0
3	3
3	3
1	6
8	0
8	0
8	8
5	5
3	3
5	6
8	0
8	0
8	0
8	0
8	0
8	0
8	8
13	0
13	13
13	0
12	0
16	0
1	0
1	0
1	0
1	0
12	0
16	0
1	0
1	0
1	0
16	0
1	0
1	0
1	0
1	0
16	0
1	0
16	0
16	0
1	0
16	0
12	0
17	0
17	3
17	0
17	0
1	16
17	0
17	0
17	0
1	16
17	0
2	0
1	0
1	0
1	0
1	0
16	0
3	3
5	5
17	0
12	6
12	0
12	0
8	0
8	8
1	0
1	0
1	0
1	0
1	16
5	5
8	0
8	0
8	0
8	8
1	0
1	3
13	0
13	13
13	0
17	0
12	0
12	0
17	0
16	0
12	0
17	0
17	0
17	0
1	0
1	0
17	0
1	0
16	0
1	0
16	0
1	0
1	0
1	0
1	0
17	0
3	3
3	0
17	0
1	16
3	3
1	1
17	0
17	0
1	10
17	0
17	0
16	16
2	2
11	11
3	0
17	0
16	0
16	0
16	16
11	4
13	0
13	0
13	13
13	0
16	0
16	0
3	0
1	0
12	0
12	0
1	0
1	0
1	0
1	0
1	0
1	0
3	0
16	0
16	0
16	0
1	0
16	0
12	0
13	0
3	0
16	0
1	0
1	0
1	0
1	0
1	0
3	0
1	0
1	0
3	0
1	0
1	0
1	0
3	0
12	0
12	0
6	3
1	0
8	16
16	0
11	0
11	3
5	5
4	0
4	0
4	4
3	3
2	0
2	0
3	0
3	3
17	3
17	2
17	0
17	0
11	11
17	0
5	5
11	0
6	0
6	0
11	11
17	2
17	0
3	3
2	2
3	0
3	3
3	0
1	0
1	0
16	0
16	16
5	5
3	0
1	0
3	0
1	0
16	16
13	0
13	0
13	13
13	0
1	0
1	0
16	0
3	0
16	0
16	0
16	0
16	0
16	0
3	0
3	0
13	0
17	0
12	0
12	7
13	0
12	0
13	13
13	0
1	0
8	0
16	0
8	0
1	0
1	0
1	0
16	0
16	0
8	0
8	0
8	0
1	0
1	0
1	0
8	0
16	0
12	0
12	0
12	0
12	0
8	0
8	0
8	0
1	0
8	0
1	0
1	0
8	0
16	0
12	0
12	0
12	0
1	0
1	0
1	0
8	0
16	0
1	0
1	0
1	0
12	0
12	0
12	0
12	0
1	0
1	0
8	0
8	0
8	0
8	0
1	0
11	0
11	0
11	11
16	0
11	16
13	0
13	13
13	0
1	0
16	0
16	0
16	0
1	0
16	0
16	0
16	0
16	0
16	0
16	0
16	0
16	0
16	0
16	0
16	0
16	0
16	0
1	0
16	0
16	0
16	0
16	0
16	0
1	0
16	0
16	0
16	0
16	0
16	0
16	0
1	0
12	0
1	0
16	0
16	0
16	0
16	0
16	0
16	0
16	0
16	0
16	0
11	0
12	0
1	0
16	0
16	0
16	0
16	0
16	0
16	0
17	0
17	0
11	11
16	0
17	0
17	0
1	16
3	3
3	0
11	3
1	3
1	0
17	0
4	10
11	0
11	2
5	5
3	3
1	0
1	0
1	1
8	0
8	8
13	0
13	13
13	0
17	0
17	0
1	0
16	0
12	0
1	0
1	0
16	0
16	0
16	0
1	0
12	0
1	0
1	0
1	0
1	0
1	0
8	0
16	0
12	0
1	0
1	0
16	0
16	0
16	0
16	0
16	0
1	0
1	0
1	0
1	0
1	0
16	0
16	0
13	0
12	0
3	0
3	7
3	0
3	5
3	0
11	11
11	0
11	4
3	3
3	3
8	8
13	13
13	0
1	0
1	0
1	0
1	0
16	0
16	0
3	0
1	0
1	0
1	0
16	0
16	0
16	0
16	0
1	0
1	0
1	0
1	0
1	0
1	0
1	0
1	0
1	0
1	0
1	0
16	0
16	0
8	0
1	0
1	0
1	0
16	0
16	0
16	0
16	0
16	0
1	0
16	0
1	0
1	0
1	0
1	0
1	0
1	0
1	0
13	0
2	0
3	0
3	3
16	0
2	0
11	4
1	0
1	3
5	5
1	0
3	4
17	0
2	2
17	0
17	0
11	6
8	0
8	0
8	8
8	0
8	0
16	0
16	16
13	0
13	13
13	0
12	0
1	0
8	0
8	0
1	0
17	0
16	0
17	0
17	0
1	0
8	0
12	0
17	0
8	0
8	0
16	0
16	0
8	0
8	0
12	0
1	0
3	0
16	0
16	0
16	0
16	0
1	0
8	0
1	0
1	0
17	0
3	0
17	0
13	0
17	6
8	0
8	8
16	0
3	0
3	3
4	0
11	4
9	9
9	0
8	0
9	9
8	0
8	0
8	8
1	0
16	16
13	0
13	13
13	0
1	0
1	0
1	0
1	0
1	0
12	0
1	0
16	0
3	0
8	0
17	0
17	0
1	0
8	0
8	0
1	0
1	0
1	0
1	0
12	0
3	0
1	0
1	0
1	0
16	0
1	0
1	0
1	0
16	0
16	0
16	0
16	0
3	0
3	0
17	0
17	0
1	0
1	0
8	0
8	0
2	2
8	0
8	0
8	0
8	0
8	8
2	2
12	12
13	13
13	0
8	0
8	0
8	0
1	0
8	0
8	0
8	0
8	0
8	0
8	0
1	0
12	0
8	0
8	0
8	0
8	0
1	0
8	0
12	0
12	0
12	0
8	0
8	0
1	0
1	0
1	0
8	0
8	0
8	0
1	0
12	0
12	0
12	0
8	0
8	0
8	0
1	0
1	0
8	0
8	0
8	0
8	0
12	0
12	0
12	0
8	0
8	0
8	0
1	0
12	0
3	11
3	0
3	4
11	0
3	0
3	3
16	0
1	0
1	0
1	16
1	0
1	16
1	0
1	0
1	16
13	0
13	13
13	0
3	0
1	0
8	0
1	0
8	0
8	0
17	0
16	0
3	0
16	0
16	0
1	0
8	0
8	0
8	0
1	0
8	0
8	0
8	0
17	0
12	0
16	0
16	0
8	0
8	0
8	0
8	0
3	0
3	0
16	0
16	0
16	0
16	0
16	0
16	0
16	0
1	0
8	0
1	0
8	0
1	0
12	0
12	0
3	5
1	0
2	2
8	0
8	0
8	0
8	0
8	8
5	5
3	0
2	2
8	0
8	0
8	8
16	0
16	0
16	16
3	0
6	11
17	0
1	3
8	0
8	0
8	8
13	13
13	0
1	0
8	0
8	0
8	0
1	0
1	0
8	0
8	0
3	0
8	0
8	0
1	0
1	0
1	0
1	0
1	0
8	0
8	0
8	0
1	0
8	0
1	0
1	0
1	0
8	0
8	0
8	0
8	0
1	0
1	0
1	0
8	0
12	0
3	0
3	11
3	0
2	2
6	6
8	0
8	0
8	8
16	0
16	0
16	0
16	16
11	0
3	4
13	13
11	0
11	4
1	0
17	0
3	2
17	0
2	11
1	6
8	0
8	8
8	0
17	0
1	0
12	1
8	0
8	8
12	0
12	0
12	4
12	0
13	13
13	0
12	0
16	0
12	0
8	0
17	0
12	0
12	0
8	0
8	0
8	0
8	0
16	0
8	0
12	0
12	0
16	0
16	0
16	0
16	0
16	0
1	0
1	0
12	0
6	11
1	0
3	4
3	0
1	0
16	16
1	0
1	3
5	6
8	0
8	0
8	0
8	0
8	8
1	0
16	16
13	0
13	13
13	0
1	0
1	0
1	0
1	0
16	0
12	0
12	0
1	0
1	0
1	0
1	0
1	0
1	0
1	0
1	0
1	0
1	0
16	0
16	0
12	0
16	0
1	0
1	0
1	0
16	0
12	0
17	0
16	0
16	0
16	0
16	0
16	0
1	0
1	0
1	0
1	0
1	0
1	0
1	0
1	0
12	0
17	0
17	7
16	0
16	4
6	11
5	6
8	0
8	0
8	0
8	8
8	0
8	16
13	0
13	13
13	0
12	0
1	0
12	0
8	0
1	0
8	0
12	0
12	0
16	0
1	0
8	0
1	0
8	0
8	0
8	0
1	0
1	0
1	0
12	0
12	0
12	0
1	0
1	0
12	0
8	0
1	0
8	0
12	0
12	0
3	0
3	0
3	0
12	0
16	0
1	0
8	0
1	0
8	0
8	0
8	0
1	0
1	0
1	0
12	0
12	0
5	5
3	3
1	0
1	0
1	0
1	0
1	1
8	0
8	0
8	0
8	8
2	4
17	0
2	2
8	0
8	0
8	0
8	0
8	8
12	0
12	0
12	0
12	4
13	0
13	13
13	0
12	0
1	0
8	0
8	0
8	0
16	0
1	0
1	0
1	0
1	0
12	0
12	0
1	0
1	0
12	0
12	0
12	0
12	0
12	0
12	0
12	0
1	0
1	0
1	0
1	0
1	0
1	0
8	0
8	0
8	0
8	0
8	0
1	0
13	0
1	0
11	11
4	4
17	0
3	3
1	0
17	0
17	0
1	16
5	5
4	0
4	4
12	6
12	0
12	8
8	0
2	2
6	6
8	0
8	0
8	0
8	0
8	0
8	8
16	0
16	0
16	16
5	5
4	0
4	4
1	0
1	0
1	0
1	16
13	13
11	0
3	0
3	3
4	0
4	0
2	4
11	11
2	2
3	0
11	0
11	0
2	11
1	0
1	1
1	0
1	0
1	0
4	16
1	0
1	0
3	0
1	0
1	16
13	0
13	0
8	0
8	0
8	0
8	0
8	3
2	0
2	16
6	6
8	0
8	8
16	0
16	0
16	2
11	0
11	11
3	0
2	2
8	0
8	0
8	8
3	0
2	2
2	0
11	11
13	0
13	13
13	0
12	0
1	0
8	0
16	0
16	0
16	0
16	0
16	0
3	0
1	0
8	0
8	0
3	0
8	0
1	0
3	0
8	0
8	0
8	0
8	0
1	0
16	0
8	0
3	0
16	0
1	0
1	0
8	0
16	0
16	0
16	0
16	0
13	0
13	0
11	0
14	14
11	0
11	0
11	11
11	0
11	11
3	0
2	0
2	4
4	0
4	0
4	0
4	4
11	0
11	0
11	11
17	0
12	6
12	0
12	8
2	0
16	0
16	0
16	16
13	0
13	13
13	0
3	0
16	0
16	0
16	0
16	0
16	0
16	0
16	0
16	0
8	0
16	0
12	0
12	0
1	0
16	0
16	0
3	0
12	0
12	0
16	0
16	0
16	0
1	0
16	0
16	0
1	0
1	0
16	0
16	0
16	0
17	0
17	0
17	3
1	0
17	0
17	0
17	4
1	6
8	0
8	0
8	8
3	11
17	6
3	0
3	0
6	1
8	8
1	0
1	0
1	0
1	16
13	0
13	13
13	0
17	0
17	0
1	0
1	0
1	0
1	0
17	0
16	0
16	0
16	0
1	0
1	0
1	0
1	0
17	0
1	0
1	0
1	0
1	0
17	0
1	0
1	0
1	0
17	0
1	0
1	0
1	0
1	0
1	0
1	0
17	0
17	0
16	0
16	0
17	0
3	0
11	0
14	0
11	11
4	0
4	4
11	0
11	11
3	0
3	3
16	16
3	0
11	11
11	0
11	4
11	0
11	11
3	3
3	0
1	0
1	0
1	1
13	0
13	13
13	0
1	0
16	0
16	0
3	0
16	0
16	0
1	0
3	0
1	0
3	0
1	0
1	0
1	0
16	0
1	0
1	0
1	0
16	0
16	0
1	0
16	0
16	0
1	0
16	0
3	0
3	0
3	0
3	0
3	0
3	0
3	0
3	0
3	0
1	0
3	0
1	0
12	0
3	0
5	5
4	0
4	0
11	4
11	0
6	3
3	3
8	0
16	16
13	0
13	13
13	0
3	0
16	0
16	0
16	0
12	0
12	0
3	0
8	0
8	0
8	0
4	0
16	0
4	0
8	0
8	0
8	0
16	0
16	0
8	0
12	0
12	0
3	0
16	0
16	0
16	0
12	0
12	0
8	0
8	0
8	0
8	0
16	0
1	0
1	0
3	0
3	0
4	0
4	0
8	0
8	0
8	0
16	0
16	0
8	0
12	0
12	0
13	0
9	9
8	8
16	0
16	0
1	3
2	0
2	16
11	0
11	0
11	11
3	0
2	2
11	0
11	11
13	0
13	13
13	0
8	0
3	0
1	0
16	0
1	0
8	0
8	0
8	0
1	0
1	0
16	0
16	0
11	0
8	0
1	0
1	0
16	0
16	0
16	0
8	0
8	0
16	0
16	0
16	0
16	0
1	0
8	0
12	0
1	0
1	0
8	0
16	0
16	0
16	0
16	0
11	0
1	0
11	0
8	0
1	0
1	0
16	0
17	0
3	0
11	3
1	0
11	0
3	4
3	0
12	6
12	0
8	0
8	8
16	0
16	16
13	0
13	13
13	0
1	0
16	0
1	0
8	0
12	0
12	0
12	0
8	0
16	0
8	0
8	0
1	0
12	0
12	0
12	0
8	0
1	0
16	0
3	0
12	0
17	0
1	0
16	0
3	0
1	0
12	0
12	0
12	0
1	0
3	0
3	0
1	0
8	0
8	0
8	0
8	0
1	0
12	0
12	0
12	0
1	0
16	0
16	0
3	0
12	0
16	0
12	0
11	11
12	0
12	0
12	4
5	0
3	3
1	1
17	0
12	4
13	0
13	13
13	0
17	0
16	0
1	0
16	0
17	0
16	0
17	0
1	0
1	0
16	0
16	0
16	0
17	0
3	0
1	0
1	0
16	0
16	0
12	0
17	0
17	0
16	0
16	0
12	0
12	0
17	0
12	0
17	0
1	0
1	0
16	0
16	0
16	0
16	0
16	0
16	0
16	0
12	0
3	0
1	0
1	0
16	0
16	0
12	0
17	0
12	0
1	0
11	11
4	0
4	4
17	0
6	3
16	16
1	0
11	11
17	0
17	0
1	16
1	0
17	0
1	0
1	3
17	0
1	0
17	11
17	0
11	0
3	0
3	3
13	0
13	13
13	0
3	0
3	0
1	0
1	0
1	0
1	0
1	0
1	0
3	0
16	0
16	0
12	0
1	0
1	0
1	0
17	0
1	0
16	0
16	0
12	0
3	0
3	0
3	0
16	0
3	0
8	0
1	0
1	0
1	0
1	0
1	0
1	0
1	0
12	0
12	0
12	17
2	2
8	0
8	0
8	8
11	0
6	4
1	6
1	0
1	0
1	0
1	0
1	1
12	0
12	0
8	8
12	0
12	4
13	0
13	13
13	0
12	0
1	0
12	0
12	0
12	0
12	0
12	0
1	0
1	0
1	0
1	0
1	0
16	0
16	0
1	0
12	0
12	0
8	0
12	0
12	0
12	0
12	0
12	0
12	0
12	0
12	0
16	0
16	0
8	0
16	0
16	0
1	0
1	0
1	0
1	0
1	0
1	0
13	0
1	0
1	0
1	1
13	13
13	0
8	0
1	0
1	0
1	0
8	0
1	0
1	0
1	0
1	0
1	0
1	0
1	0
1	0
1	0
3	0
1	0
1	0
8	0
8	0
1	0
1	0
1	0
1	0
1	0
1	0
1	0
8	0
1	0
1	0
1	0
1	0
1	0
1	0
1	0
1	0
1	0
1	0
1	0
1	0
8	0
1	0
1	0
1	0
1	0
1	0
1	0
1	0
1	0
1	0
8	0
1	0
1	0
1	0
1	0
12	0
6	6
8	0
8	0
8	8
16	0
4	0
4	0
4	16
16	0
11	0
11	0
11	0
2	6
8	0
8	8
3	3
1	0
1	3
5	6
8	0
12	8
16	0
5	5
3	3
6	2
12	0
12	8
1	0
1	0
1	16
13	0
13	13
13	0
1	0
16	0
1	0
1	0
16	0
16	0
1	0
1	0
16	0
16	0
16	0
3	0
1	0
1	0
1	0
16	0
16	0
3	0
3	0
3	0
16	0
16	0
16	0
1	0
1	0
1	0
13	0
14	11
1	0
3	0
3	16
3	3
16	0
17	0
17	10
17	0
2	4
14	0
11	14
6	6
9	9
8	8
1	0
1	0
16	0
16	0
16	16
13	0
13	13
13	0
12	0
16	0
16	0
16	0
16	0
17	0
16	0
16	0
16	0
3	0
1	0
1	0
1	0
1	0
1	0
16	0
16	0
16	0
16	0
12	0
16	0
16	0
16	0
16	0
1	0
16	0
3	0
16	0
16	0
16	0
17	0
16	0
17	0
3	0
3	0
1	0
12	0
13	0
13	0
13	17
17	0
5	5
16	3
17	0
17	11
17	0
11	4
3	3
5	6
17	0
8	8
17	0
17	0
17	0
17	16
3	11
17	6
3	0
3	0
1	1
8	8
3	0
3	0
3	3
1	1
2	0
2	2
8	0
8	0
8	8
1	0
3	0
1	0
1	0
1	0
1	0
1	0
1	0
16	0
16	16
11	4
13	13
13	0
1	0
17	0
1	0
1	0
1	0
3	0
17	0
17	0
17	0
1	0
1	0
1	0
17	0
12	0
12	0
12	0
12	0
17	0
1	7
13	0
13	0
13	0
13	13
13	0
12	0
12	0
16	0
12	0
12	0
12	0
12	0
1	0
1	0
12	0
12	0
12	0
12	0
17	0
1	0
17	0
12	0
12	0
12	0
12	0
12	0
12	0
16	0
12	0
16	0
12	0
16	0
16	0
16	0
12	0
12	0
12	0
12	0
12	0
12	0
1	0
1	0
12	0
12	0
17	0
16	0
12	0
12	0
12	0
12	0
12	0
12	0
12	0
16	0
12	0
13	0
5	0
13	17
12	11
4	0
4	4
6	0
6	3
1	0
1	0
1	1
8	0
12	0
9	4
3	0
3	14
8	0
2	0
2	0
6	2
8	0
8	0
8	8
3	0
3	4
16	0
16	0
1	0
1	16
1	0
2	0
1	0
1	16
13	13
13	0
1	0
1	0
8	0
1	0
1	0
1	0
8	0
1	0
8	0
1	0
1	0
1	0
17	0
8	0
1	0
8	0
8	0
8	0
8	0
1	0
8	0
8	0
8	0
8	0
17	0
3	2
8	0
8	0
12	0
8	0
8	8
2	2
12	12
12	12
11	0
3	4
1	0
11	6
8	8
1	0
12	0
12	0
16	16
13	0
13	13
13	0
12	0
1	0
16	0
16	0
16	0
12	0
12	0
16	0
16	0
16	0
16	0
1	0
1	0
1	0
16	0
12	0
16	0
16	0
16	0
12	0
1	0
12	0
16	0
16	0
16	0
1	0
1	0
8	0
8	0
16	0
16	0
12	0
12	0
16	0
16	0
16	0
1	0
1	0
12	0
3	0
3	3
11	0
11	4
5	6
3	0
3	0
3	3
5	6
1	1
8	0
8	0
8	8
12	0
12	4
13	13
13	0
1	0
1	0
1	0
1	0
12	0
8	0
16	0
16	0
16	0
1	0
1	0
1	0
1	0
1	0
8	0
8	0
12	0
12	0
8	0
16	0
1	0
1	0
1	0
12	0
1	0
12	0
12	0
1	0
16	0
16	0
16	0
16	0
1	0
1	0
1	0
1	0
1	0
1	0
1	0
8	0
1	0
12	0
12	0
3	3
5	6
8	0
8	8
3	11
3	0
3	0
3	3
1	0
1	0
16	16
5	5
11	0
2	2
12	0
12	6
8	0
8	0
8	8
17	0
12	0
12	3
8	8
1	0
2	0
1	0
1	3
16	0
16	16
13	0
13	13
13	0
12	0
16	0
1	0
8	0
16	0
1	0
16	0
16	0
16	0
12	0
1	0
1	0
1	0
16	0
17	0
1	0
1	0
3	0
3	0
16	0
1	0
1	0
1	0
1	0
1	0
1	0
17	0
12	0
3	11
16	0
4	0
3	4
1	3
1	0
1	1
1	0
12	4
2	2
1	0
11	0
11	11
5	5
11	11
11	4
17	0
2	11
6	0
3	3
3	3
17	0
12	0
12	3
1	0
1	11
16	0
16	0
16	16
5	5
16	0
16	0
16	16
2	2
12	12
12	12
13	13
13	0
1	0
1	0
1	0
1	0
1	0
12	0
1	0
1	0
1	0
1	0
1	0
1	0
1	0
1	0
1	0
1	0
1	0
1	0
1	0
1	0
1	0
12	0
11	0
12	0
12	0
12	6
8	8
4	0
11	4
1	3
1	0
1	0
1	1
3	0
3	3
13	13
17	0
17	0
17	10
5	5
2	2
12	12
13	13
5	5
1	3
1	0
1	1
13	0
13	13
13	0
1	0
1	0
1	0
1	0
1	0
1	0
16	0
1	0
1	0
1	0
1	0
1	0
12	0
1	0
1	0
1	0
1	0
1	0
12	0
12	0
12	0
1	0
1	0
1	0
1	0
1	0
1	0
1	0
1	0
1	0
1	0
12	0
5	5
12	0
12	6
12	0
8	0
8	8
8	0
2	2
8	8
4	0
4	4
1	3
1	0
1	1
13	0
13	13
13	0
12	0
8	0
8	0
1	0
1	0
12	0
12	0
8	0
8	0
8	0
12	0
1	0
8	0
8	0
3	0
1	0
1	0
1	0
1	0
12	0
12	0
8	0
8	0
12	0
1	0
12	0
12	0
12	0
8	0
8	0
8	0
12	0
12	0
8	0
8	0
12	0
1	0
8	0
3	0
3	0
3	0
1	0
13	0
12	0
12	6
12	0
8	8
4	0
4	0
16	0
16	16
3	3
1	3
1	0
1	1
13	0
13	13
13	0
12	0
1	0
8	0
8	0
1	0
12	0
12	0
8	0
8	0
8	0
8	0
8	0
1	0
3	0
3	0
3	0
1	0
1	0
12	0
12	0
12	0
8	0
1	0
8	0
8	0
1	0
12	0
12	0
8	0
8	0
8	0
12	0
12	0
12	0
8	0
8	0
3	0
3	0
3	0
3	0
3	0
1	0
1	0
1	0
12	0
11	0
3	0
3	3
16	0
17	0
3	4
11	0
3	0
3	3
2	0
2	2
8	0
8	8
17	0
2	2
8	8
12	0
12	0
12	4
5	5
16	0
16	4
3	0
3	3
3	0
1	3
3	0
17	0
17	3
17	0
1	3
17	0
17	0
17	0
1	16
13	13
13	0
17	0
12	0
12	0
12	0
16	0
16	0
1	0
1	0
12	0
12	0
16	0
16	0
16	0
17	0
17	0
17	0
3	0
1	0
1	0
1	0
8	0
17	0
11	0
11	0
3	3
4	0
4	0
4	0
16	16
2	0
6	3
3	0
3	3
13	0
13	0
13	13
13	0
1	0
8	0
8	0
8	0
13	0
8	0
8	0
8	0
8	0
8	0
1	0
1	0
16	0
8	0
8	0
8	0
8	0
8	0
8	0
8	0
8	0
8	0
8	0
8	0
8	0
13	0
8	0
8	0
8	0
8	0
8	0
8	0
3	0
3	0
3	0
16	0
16	0
3	0
8	0
8	0
8	0
8	0
8	0
12	0
8	0
1	0
6	0
3	0
3	0
3	3
4	0
4	4
1	0
3	0
1	0
1	0
1	3
5	5
3	0
6	11
1	0
1	0
1	0
1	16
1	0
8	4
13	13
13	0
1	0
1	0
1	0
1	0
1	0
1	0
1	0
1	0
1	0
1	0
8	0
8	0
8	0
1	0
1	0
1	0
8	0
8	0
8	0
8	0
1	0
1	0
1	0
8	0
1	0
1	0
3	0
3	0
1	0
1	0
1	0
1	0
1	0
1	0
1	0
8	0
8	0
13	0
6	6
8	8
11	0
2	2
17	0
2	2
3	6
9	9
8	8
5	5
1	2
8	8
4	0
4	0
4	0
4	4
3	0
2	0
3	0
3	3
1	0
1	0
16	1
13	0
13	0
13	13
13	0
1	0
1	0
8	0
8	0
1	0
8	0
16	0
8	0
16	0
1	0
8	0
16	0
16	0
1	0
1	0
1	0
1	0
16	0
16	0
1	0
8	0
16	0
17	0
8	0
3	0
1	0
8	0
8	0
1	0
1	0
8	0
16	0
12	0
8	0
12	0
12	0
12	7
13	0
13	0
13	13
13	0
1	0
1	0
1	0
1	0
1	0
1	0
1	0
1	0
1	0
1	0
1	0
1	0
12	0
1	0
1	0
1	0
1	0
1	0
12	0
12	0
12	0
8	0
8	0
1	0
12	0
1	0
1	0
1	0
1	0
1	0
1	0
12	0
12	0
12	0
1	0
1	0
1	0
1	0
1	0
1	0
1	0
1	0
1	0
12	0
12	0
12	0
1	0
1	0
1	0
1	0
1	0
11	0
5	5
11	0
11	11
11	0
11	4
11	0
11	11
1	0
1	1
8	0
8	0
8	0
8	8
1	0
1	0
16	16
13	13
13	0
3	0
16	0
1	0
1	0
1	0
1	0
1	0
16	0
16	0
1	0
1	0
1	0
1	0
1	0
8	0
1	0
1	0
16	0
16	0
1	0
1	0
16	0
1	0
1	0
1	0
1	0
1	0
1	0
16	0
3	0
3	0
16	0
1	0
3	0
1	0
1	0
1	0
8	0
8	0
8	0
1	0
12	0
11	0
11	11
4	0
4	4
1	6
8	0
8	8
1	0
8	0
8	0
16	16
13	0
13	13
13	0
3	0
1	0
16	0
16	0
1	0
1	0
8	0
8	0
8	0
3	0
3	0
1	0
1	0
8	0
1	0
16	0
16	0
16	0
8	0
12	0
12	0
3	0
1	0
16	0
16	0
12	0
1	0
1	0
16	0
16	0
1	0
1	0
3	0
3	0
8	0
3	0
3	0
1	0
1	0
1	0
16	0
16	0
16	0
8	0
12	0
12	0
5	5
3	0
3	0
3	0
3	3
4	0
4	0
4	4
1	0
12	11
1	0
1	1
8	0
16	16
13	0
13	13
13	0
12	0
8	0
16	0
16	0
8	0
12	0
12	0
3	0
16	0
3	0
8	0
1	0
8	0
1	0
1	0
8	0
16	0
16	0
8	0
12	0
12	0
1	0
8	0
8	0
16	0
12	0
12	0
12	0
8	0
3	0
3	0
3	0
1	0
3	0
8	0
3	0
1	0
8	0
1	0
1	0
8	0
8	0
12	0
13	13
1	0
1	0
3	0
12	3
4	0
4	0
4	4
3	3
3	0
9	6
8	0
8	8
2	0
3	0
3	3
1	0
1	0
1	0
16	16
5	5
17	0
11	11
17	0
4	4
3	3
1	0
1	0
1	1
17	0
12	0
12	4
13	13
13	13
13	0
1	0
1	0
1	0
1	0
1	0
16	0
8	0
16	0
1	0
1	0
1	0
1	0
1	0
1	0
1	0
8	0
8	0
3	0
3	0
3	0
1	0
1	0
1	0
1	0
12	0
3	0
3	0
3	14
1	6
8	0
8	0
8	8
17	0
17	0
17	0
16	16
4	0
4	4
4	0
4	0
4	4
1	0
1	0
1	0
1	0
1	3
3	6
6	0
1	1
8	0
8	8
17	0
3	3
1	0
3	4
13	0
13	0
13	13
13	0
16	0
16	0
1	0
16	0
1	0
16	0
16	0
3	0
1	0
1	0
1	0
1	0
16	0
1	0
1	0
16	0
1	0
13	0
1	0
1	0
1	0
16	0
16	0
3	0
3	0
12	0
5	5
16	0
11	11
4	0
4	4
1	3
1	0
1	6
3	0
1	1
8	0
8	8
3	5
11	11
3	11
3	0
11	11
16	0
16	0
16	0
16	16
4	0
4	0
4	0
4	16
13	0
13	13
13	0
3	0
1	0
1	0
1	0
16	0
16	0
16	0
8	0
1	0
1	0
16	0
16	0
1	0
8	0
16	0
1	0
16	0
16	0
16	0
16	0
3	0
3	0
3	0
3	0
1	0
1	0
1	0
1	0
1	0
1	0
1	0
12	0
12	0
12	0
12	7
13	0
12	0
13	13
13	0
12	0
8	0
8	0
8	0
1	0
1	0
1	0
1	0
12	0
12	0
12	0
12	0
1	0
1	0
1	0
8	0
1	0
12	0
12	0
8	0
1	0
1	0
8	0
8	0
12	0
1	0
1	0
1	0
12	0
1	0
12	0
12	0
8	0
12	0
1	0
1	0
8	0
1	0
1	0
16	0
1	0
16	0
12	0
12	0
12	0
12	0
1	0
1	0
8	0
1	0
1	0
1	0
13	0
3	0
11	3
11	0
11	4
3	3
5	6
12	0
12	8
3	0
3	0
1	0
1	2
1	0
1	1
5	5
3	0
16	0
16	1
1	0
16	0
1	16
2	2
17	0
17	0
17	0
1	6
1	0
1	0
1	1
8	0
8	8
13	0
13	13
13	0
12	0
3	0
16	0
1	0
1	0
1	0
16	0
3	0
3	0
3	0
1	0
1	0
16	0
8	0
8	0
8	0
8	0
12	0
1	0
1	0
1	0
1	0
1	0
1	0
1	0
12	0
12	0
12	17
12	0
12	3
4	0
4	0
17	4
17	0
17	0
2	10
17	0
1	6
17	0
1	1
8	0
8	8
13	0
13	0
13	13
13	0
12	0
1	0
16	0
16	0
16	0
8	0
12	0
12	0
17	0
17	0
17	0
17	0
17	0
1	0
1	0
1	0
8	0
16	0
8	0
13	0
1	0
1	0
17	0
16	0
8	0
13	0
12	0
12	0
12	0
8	0
8	0
3	0
17	0
17	0
17	0
17	0
17	0
17	0
1	0
17	0
17	0
17	0
17	0
3	3
17	0
17	3
17	0
1	0
13	0
17	0
1	0
1	0
1	1
1	0
1	0
1	0
1	1
8	0
8	8
13	0
13	0
13	13
13	0
16	0
1	0
1	0
1	0
16	0
8	0
13	0
16	0
17	0
1	0
1	0
1	0
1	0
1	0
1	0
1	0
8	0
16	0
8	0
13	0
1	0
16	0
8	0
17	0
17	0
17	0
17	0
16	0
17	0
1	0
1	0
17	0
1	0
17	0
1	0
1	0
12	0
1	0
12	0
12	0
1	7
8	0
13	0
13	17
12	0
12	0
12	7
13	0
13	13
13	0
1	0
1	0
12	0
12	0
12	0
12	0
1	0
1	0
12	0
12	0
1	0
12	0
12	0
1	0
12	0
12	0
12	0
12	0
12	0
12	0
12	0
1	0
12	0
12	0
12	0
12	0
1	0
12	0
12	0
12	0
12	0
1	0
1	0
1	0
1	0
1	0
12	0
12	0
12	0
12	0
12	0
12	0
12	0
12	0
12	0
12	0
17	0
17	17
17	0
17	17
13	0
13	13
13	0
17	0
17	0
17	0
17	0
17	0
17	0
17	0
17	0
17	0
17	0
17	0
17	0
17	0
17	0
17	0
17	0
17	0
17	0
17	0
17	0
17	0
17	0
17	0
17	0
17	0
17	0
17	0
17	0
17	0
17	0
17	0
17	0
17	0
17	0
17	0
17	0
17	0
17	0
17	0
17	0
17	0
17	0
17	0
17	0
17	0
17	0
17	0
17	0
17	0
17	0
17	0
17	0
17	0
13	0
13	0
13	17
17	0
8	0
12	17
13	13
9	0
17	17
17	17
8	17
9	9
17	0
12	0
12	7
13	0
13	13
13	0
17	0
17	0
17	0
8	0
17	0
17	0
17	0
12	0
8	0
17	0
17	0
17	0
17	0
17	0
17	0
17	0
8	0
8	0
17	0
17	0
17	0
17	0
17	0
17	0
17	0
17	0
17	0
13	0
13	0
13	0
1	0
8	0
8	0
17	0
17	0
17	0
17	0
17	0
17	0
17	0
17	0
17	0
13	0
12	0
11	11
4	0
4	4
1	3
5	6
8	0
8	0
8	0
8	8
1	0
1	0
2	0
1	0
16	16
2	3
17	0
13	13
13	0
12	0
12	0
8	0
16	0
16	0
12	0
12	0
12	0
8	0
8	0
8	0
1	0
1	0
1	0
1	0
1	0
16	0
16	0
16	0
12	0
17	0
1	0
1	0
1	0
16	0
12	0
12	0
12	0
3	0
8	0
3	0
1	0
1	0
1	0
1	0
8	0
1	0
1	0
1	0
1	0
12	0
17	0
11	11
4	0
4	4
17	0
17	0
17	2
12	12
17	3
17	2
3	3
17	0
17	0
17	0
1	6
17	0
8	8
17	0
12	0
12	4
17	0
13	13
13	0
12	0
12	0
17	0
12	0
3	0
12	0
12	0
17	0
17	0
17	0
1	0
1	0
1	0
17	0
17	0
17	0
12	0
17	0
12	0
12	0
12	0
17	0
17	0
1	0
3	0
3	0
17	0
17	0
3	0
3	0
1	0
17	0
17	0
17	0
17	0
17	0
11	0
5	5
11	0
11	11
4	0
4	4
3	3
5	0
3	0
3	0
3	3
13	0
13	13
13	0
1	0
1	0
1	0
1	0
1	0
16	0
1	0
3	0
3	0
1	0
1	0
1	0
1	0
1	0
3	0
3	0
1	0
1	0
1	0
1	0
1	0
1	0
1	0
1	0
1	0
12	0
1	0
1	0
3	0
3	0
1	0
1	0
1	0
16	0
1	0
1	0
1	0
1	0
1	0
3	0
3	0
1	0
1	0
1	0
12	0
1	0
12	0
12	3
4	0
4	0
2	4
3	3
3	3
3	0
2	0
1	0
1	3
8	8
8	0
8	0
8	0
8	16
2	0
2	14
2	2
8	0
8	8
16	0
16	0
16	16
13	0
13	13
13	0
3	0
3	0
16	0
1	0
12	0
8	0
8	0
1	0
16	0
8	0
16	0
12	0
8	0
1	0
8	0
16	0
16	0
16	0
16	0
12	0
3	0
16	0
4	0
3	0
3	0
1	0
1	0
3	0
1	0
1	0
8	0
8	0
8	0
17	0
3	0
1	0
3	3
3	0
2	0
11	4
3	0
3	3
9	9
8	8
1	0
16	0
1	2
8	8
5	5
11	0
6	3
17	0
17	0
16	0
1	16
17	0
17	0
17	10
3	3
17	0
1	6
17	8
17	0
17	14
17	3
17	0
17	1
17	0
2	2
8	0
8	8
17	0
12	10
12	0
1	0
17	16
13	13
13	0
3	0
3	0
1	0
16	0
16	0
16	0
16	0
12	0
16	0
1	0
1	0
1	0
1	0
16	0
1	0
13	0
11	0
11	11
4	0
4	4
3	3
3	0
2	2
1	0
1	0
1	1
8	0
8	0
8	0
8	0
8	8
3	0
3	3
2	0
16	0
16	0
16	0
16	0
16	16
13	13
14	0
11	0
14	14
3	0
11	11
3	0
2	2
12	12
1	0
2	2
12	12
12	12
1	0
12	0
16	16
4	0
4	4
13	13
13	0
1	0
3	0
16	0
16	0
3	0
3	0
3	0
3	0
1	0
3	0
1	0
1	0
1	0
1	0
1	0
8	0
12	0
8	0
2	3
11	0
11	4
8	0
2	0
2	2
9	9
8	8
16	0
11	6
8	8
12	0
12	4
13	0
13	13
13	0
12	0
12	0
16	0
12	0
12	0
12	0
12	0
8	0
8	0
8	0
8	0
8	0
8	0
8	0
16	0
12	0
12	0
12	0
12	0
12	0
12	0
8	0
12	0
16	0
12	0
12	0
12	0
12	0
1	0
16	0
16	0
16	0
16	0
8	0
8	0
1	0
8	0
16	0
8	0
1	0
12	0
12	0
12	0
12	0
12	6
12	8
4	0
11	4
1	3
1	0
1	1
17	0
12	0
12	4
13	13
11	0
3	0
3	3
2	0
6	0
6	2
8	0
8	8
3	11
12	13
12	11
17	0
12	0
12	3
1	0
1	0
1	0
1	0
1	0
1	1
4	0
4	4
13	0
13	13
13	0
12	0
1	0
12	0
1	0
12	0
1	0
12	0
17	0
17	0
16	0
1	0
12	0
16	0
1	0
1	0
1	0
17	0
17	0
17	0
12	0
16	0
16	0
8	0
5	6
8	0
8	0
8	0
12	8
12	0
12	0
12	8
5	5
8	0
8	8
13	13
13	0
8	0
1	0
8	0
8	0
8	0
1	0
8	0
8	0
8	0
16	0
8	0
8	0
16	0
12	0
12	0
12	0
8	0
8	0
8	0
8	0
8	0
8	0
8	0
8	0
8	0
8	0
8	0
12	0
8	0
8	0
8	0
8	0
8	0
1	0
8	0
8	0
12	0
12	0
12	0
12	0
12	0
8	0
8	0
8	0
8	0
8	0
13	0
8	0
5	5
5	6
8	0
8	0
8	0
8	8
8	0
8	0
8	0
8	8
5	5
3	3
8	0
8	8
13	0
13	13
13	0
12	0
1	0
8	0
8	0
8	0
8	0
12	0
16	0
16	0
16	0
16	0
8	0
1	0
16	0
8	0
1	0
1	0
8	0
8	0
12	0
3	0
1	0
1	0
1	0
8	0
8	0
12	0
12	0
16	0
8	0
8	0
1	0
16	0
16	0
16	0
16	0
8	0
8	0
8	0
8	0
1	0
17	0
17	2
17	6
8	8
16	0
17	0
1	4
17	0
6	3
17	0
17	3
17	0
17	0
17	10
17	0
2	2
17	0
12	6
12	0
12	0
8	8
13	0
13	13
13	0
12	0
12	0
12	0
17	0
8	0
8	0
8	0
17	0
17	0
17	0
17	0
17	0
8	0
17	0
12	0
12	0
12	0
8	0
8	0
12	0
17	0
12	0
12	0
16	0
16	0
16	0
16	0
17	0
16	0
8	0
1	0
8	0
17	0
17	0
17	0
17	0
12	0
3	3
16	0
16	0
3	4
17	0
2	11
2	3
17	0
2	2
8	8
2	0
17	0
17	16
17	0
12	3
13	13
13	0
17	0
17	0
1	0
8	0
8	0
8	0
1	0
17	0
17	0
8	0
17	0
8	0
1	0
1	0
1	0
1	0
17	0
17	0
8	0
8	0
17	0
17	0
8	0
17	0
8	0
8	0
8	0
3	0
3	0
16	0
16	0
16	0
17	0
17	0
8	0
17	0
1	0
1	0
1	0
1	0
17	0
17	0
13	0
3	0
8	0
16	3
4	0
11	4
12	12
12	12
1	3
1	0
1	1
13	0
13	13
13	0
1	0
1	0
1	0
1	0
1	0
1	0
1	0
12	0
1	0
1	0
1	0
1	0
16	0
12	0
3	0
12	0
1	0
1	0
1	0
12	0
1	0
12	0
1	0
1	0
12	0
12	0
12	0
1	0
12	0
1	0
1	0
1	0
1	0
1	0
16	0
16	0
8	0
1	0
12	0
3	0
1	0
1	0
1	0
1	0
12	0
1	0
12	0
17	0
11	11
17	0
11	4
3	3
1	0
1	0
1	0
1	1
3	11
5	5
3	0
14	0
14	14
11	0
11	11
6	0
6	6
1	0
1	1
8	8
17	4
1	0
17	0
12	16
17	0
17	0
17	3
1	3
16	0
16	16
13	0
13	13
13	0
12	0
16	0
3	0
3	0
1	0
17	0
1	0
8	0
16	0
1	0
8	0
8	0
17	0
3	0
16	0
1	0
1	0
1	0
1	0
1	0
1	0
1	0
3	0
16	0
14	0
12	0
17	0
6	3
8	0
8	0
8	16
17	0
11	11
17	0
17	0
17	10
17	6
8	8
1	0
2	0
2	10
13	0
13	13
13	0
17	0
16	0
8	0
1	0
8	0
8	0
12	0
17	0
16	0
1	0
1	0
17	0
16	0
8	0
1	0
1	0
1	0
8	0
8	0
12	0
12	0
1	0
16	0
8	0
8	0
8	0
12	0
17	0
1	0
1	0
8	0
8	0
16	0
16	0
1	0
17	0
16	0
1	0
8	0
1	0
1	0
12	0
13	0
13	17
8	2
4	0
12	0
11	6
8	8
11	0
11	4
17	0
6	3
1	6
17	8
8	0
8	16
2	2
1	0
1	0
1	3
8	0
8	0
8	0
13	0
8	0
8	0
13	0
8	8
13	13
13	0
8	0
8	0
1	0
1	0
1	0
1	0
16	0
1	0
1	0
1	0
1	0
1	0
16	0
8	0
1	0
8	0
8	0
8	0
1	0
16	0
16	0
1	0
1	0
16	0
16	0
3	0
1	0
1	0
1	0
1	0
12	0
3	11
4	0
4	4
6	0
11	3
11	0
2	2
3	0
9	6
8	0
8	8
2	2
12	12
12	12
1	0
1	0
1	0
1	16
5	5
6	0
6	3
17	0
17	0
17	0
17	3
2	3
17	3
17	0
2	2
17	0
12	6
12	12
17	0
12	12
12	12
13	0
13	13
13	0
12	0
8	0
3	0
8	0
8	0
1	0
1	0
8	0
3	0
3	0
3	0
8	0
8	0
8	0
8	0
1	0
1	0
8	0
1	0
1	0
1	0
17	0
17	6
8	8
17	0
11	4
17	0
1	1
17	0
17	0
17	4
17	0
17	3
5	5
17	0
2	11
17	0
11	4
3	0
16	0
16	3
8	0
11	0
2	0
6	2
8	8
1	0
2	0
2	0
1	0
16	0
16	0
16	16
13	0
13	13
13	0
12	0
1	0
1	0
12	0
1	0
17	0
17	0
17	0
1	0
1	0
8	0
1	0
1	0
8	0
17	0
17	0
1	0
17	0
17	0
17	0
12	0
1	0
1	0
17	0
17	0
13	0
2	2
12	12
12	12
4	0
11	4
8	0
17	0
17	0
3	3
3	3
1	0
1	3
1	0
1	1
13	13
13	0
1	0
1	0
1	0
1	0
1	0
1	0
1	0
1	0
1	0
8	0
17	0
17	0
17	0
8	0
1	0
1	0
1	0
1	0
1	0
1	0
1	0
1	0
1	0
17	0
8	0
1	0
1	0
1	0
8	0
8	0
8	0
12	0
12	0
8	0
8	0
17	0
8	0
8	0
8	0
3	0
1	0
1	0
1	0
12	0
3	0
5	5
2	0
2	0
6	2
8	8
2	0
2	2
6	6
8	0
8	8
2	0
12	2
4	0
11	4
8	0
12	0
8	8
12	0
12	0
12	4
13	13
13	0
1	0
1	0
12	0
12	0
12	0
1	0
1	0
8	0
16	0
16	0
16	0
16	0
1	0
1	0
16	0
12	0
12	0
12	0
1	0
1	0
1	0
1	0
12	0
12	0
1	0
2	0
1	0
1	0
16	0
16	0
1	0
1	0
8	0
16	0
16	0
16	0
12	0
11	11
16	0
16	4
3	0
3	3
17	3
8	0
8	0
8	0
8	0
8	8
2	0
2	0
2	0
6	2
8	0
8	0
8	8
16	0
3	4
13	0
13	13
13	0
12	0
12	0
16	0
16	0
1	0
12	0
12	0
16	0
1	0
1	0
17	0
1	0
1	0
1	0
16	0
16	0
16	0
16	0
12	0
12	0
1	0
12	0
16	0
16	0
16	0
16	0
16	0
1	0
3	0
1	0
1	0
8	0
16	0
1	0
1	0
2	0
3	0
1	0
3	0
3	8
13	4
3	0
11	11
6	0
6	11
1	0
1	3
1	0
2	0
2	10
1	0
11	0
11	0
1	16
16	0
11	0
1	0
2	16
13	13
13	0
1	0
8	0
16	0
16	0
16	0
8	0
8	0
8	0
1	0
1	0
1	0
1	0
1	0
8	0
8	0
16	0
16	0
1	0
16	0
16	0
8	0
16	0
16	0
16	0
16	0
16	0
16	0
16	0
8	0
8	0
8	0
8	0
1	0
1	0
1	0
1	0
13	0
13	0
13	17
12	0
8	8
17	0
2	11
11	0
11	4
11	0
11	11
1	0
1	0
1	0
1	1
8	0
8	0
8	0
8	0
8	8
1	0
17	0
17	0
1	16
5	5
6	11
1	0
3	4
8	0
8	8
12	0
12	0
12	0
8	16
2	3
2	0
6	6
8	8
13	13
13	0
1	0
1	0
1	0
1	0
1	0
8	0
16	0
1	0
1	0
1	0
1	0
16	0
16	0
16	0
16	0
16	0
16	0
1	0
1	0
1	0
12	0
4	0
11	0
11	6
8	0
8	0
8	8
4	0
11	4
1	0
1	0
1	0
1	1
1	0
1	16
5	5
3	0
11	0
11	11
4	0
4	4
3	6
3	0
3	0
6	1
8	8
2	0
2	2
8	0
8	0
8	0
8	0
8	8
12	0
12	0
12	4
17	0
13	13
13	0
3	0
12	0
1	0
1	0
12	0
12	0
12	0
12	0
16	0
16	0
1	0
1	0
16	0
16	0
1	0
1	0
1	0
1	0
1	0
1	0
1	0
12	0
5	5
11	6
11	0
11	0
16	11
11	4
6	0
6	3
3	0
3	2
1	11
8	0
12	0
12	0
12	0
8	16
13	13
13	13
17	17
17	17
17	17
13	0
13	13
13	0
13	0
17	0
17	0
17	0
16	0
8	0
1	0
8	0
8	0
1	0
8	0
12	0
1	0
16	0
17	0
17	0
17	0
17	0
17	0
13	0
17	0
17	0
17	0
3	0
8	0
11	0
16	0
16	0
8	0
8	0
1	0
1	0
8	0
8	0
1	0
17	0
17	17
17	17
17	0
17	0
17	17
13	0
13	13
13	0
17	0
17	0
17	0
17	0
17	0
17	0
17	0
17	0
17	0
17	0
17	0
17	0
17	0
17	0
17	0
17	0
17	0
17	0
17	0
17	0
17	0
17	0
17	0
17	0
17	0
17	0
17	0
17	0
17	0
17	0
17	0
17	0
17	0
17	0
17	0
17	0
17	0
17	0
17	0
17	0
17	0
17	0
17	0
17	0
17	0
17	0
17	0
17	0
17	0
17	0
17	0
13	0
17	0
17	17
17	0
17	0
17	17
17	17
17	0
17	17
17	17
13	0
13	0
13	13
13	0
17	0
17	0
17	0
17	0
17	0
17	0
17	0
17	0
17	0
17	0
17	0
17	0
17	0
17	0
17	0
17	0
17	0
17	0
17	0
17	0
17	0
17	0
17	0
17	0
17	0
17	0
17	0
17	0
17	0
17	0
17	0
17	0
17	0
17	0
17	0
17	0
17	0
17	0
17	0
17	0
17	0
17	0
17	0
17	0
17	0
17	0
13	0
13	13
3	7
13	0
13	13
13	0
12	0
1	0
8	0
12	0
12	0
12	0
1	0
1	0
1	0
12	0
12	0
12	0
12	0
17	0
1	0
1	0
12	0
12	0
12	0
12	0
12	0
1	0
12	0
12	0
12	0
12	0
12	0
1	0
1	0
1	0
12	0
12	0
12	0
12	0
1	0
1	0
1	0
12	0
12	0
12	0
12	0
1	0
12	0
12	0
12	0
12	0
12	0
1	0
1	0
12	0
12	0
12	0
17	0
1	0
12	0
3	0
2	0
6	0
3	3
1	0
1	1
12	0
12	0
12	4
13	13
13	0
1	0
8	0
8	0
8	0
16	0
1	0
1	0
16	0
16	0
8	0
12	0
8	0
16	0
1	0
1	0
12	0
16	0
12	0
12	0
8	0
1	0
8	0
8	0
16	0
8	0
1	0
1	0
1	0
12	0
8	0
8	0
12	0
8	0
16	0
1	0
3	0
3	0
3	0
1	0
1	0
17	0
17	0
17	0
8	0
8	0
1	0
1	0
3	0
12	0
2	2
12	6
17	12
17	0
17	12
12	12
11	0
11	4
3	0
6	3
1	0
1	0
1	0
1	16
1	0
12	0
1	0
1	16
3	0
2	14
8	0
12	0
12	0
12	8
16	0
16	16
13	0
13	13
13	0
1	0
8	0
8	0
8	0
1	0
1	0
1	0
1	0
8	0
16	0
8	0
1	0
1	0
1	0
1	0
8	0
8	0
16	0
1	0
1	0
1	0
16	0
16	0
16	0
3	0
8	0
8	0
8	0
1	0
1	0
12	0
3	0
3	11
17	0
6	3
3	0
3	3
3	0
3	3
2	2
8	8
12	0
12	16
4	0
4	4
2	4
11	0
6	0
6	0
6	2
8	0
8	8
1	0
17	0
1	0
1	16
13	0
13	13
13	0
1	0
1	0
1	0
12	0
12	0
1	0
1	0
1	0
1	0
12	0
8	0
1	0
3	0
1	0
1	0
1	0
1	0
1	0
1	0
1	0
16	0
8	0
8	0
8	0
8	0
1	0
1	0
12	0
12	0
12	0
1	0
12	0
4	0
12	7
13	0
13	13
13	0
12	0
1	0
12	0
12	0
12	0
12	0
1	0
1	0
1	0
12	0
12	0
12	0
12	0
1	0
1	0
1	0
12	0
12	0
12	0
12	0
12	0
1	0
1	0
12	0
12	0
12	0
12	0
1	0
1	0
1	0
12	0
12	0
12	0
12	0
1	0
1	0
1	0
12	0
12	0
12	0
1	0
1	0
12	0
12	0
12	0
12	0
1	0
1	0
12	0
12	0
12	0
12	0
1	0
1	0
13	0
8	0
12	0
8	8
13	13
13	0
1	0
1	0
1	0
8	0
1	0
1	0
1	0
1	0
8	0
8	0
8	0
8	0
1	0
1	0
1	0
1	0
1	0
8	0
1	0
1	0
1	0
1	0
8	0
8	0
8	0
8	0
1	0
1	0
1	0
8	0
8	0
8	0
1	0
1	0
1	0
1	0
1	0
1	0
8	0
1	0
1	0
1	0
8	0
8	0
8	0
1	0
1	0
1	0
1	0
8	0
8	0
1	0
1	0
1	0
13	0
13	0
13	17
2	2
12	12
12	12
17	0
11	4
1	0
12	6
8	0
8	0
8	0
8	0
8	0
8	0
8	8
8	0
2	0
2	2
12	0
8	0
8	0
8	0
8	8
13	0
13	13
13	0
13	0
16	0
16	0
1	0
8	0
8	0
8	0
16	0
8	0
16	0
16	0
2	0
16	0
16	0
8	0
16	0
16	0
8	0
16	0
13	0
1	0
16	0
12	0
16	0
16	0
16	0
8	0
1	0
1	0
8	0
8	0
8	0
12	0
17	0
12	6
12	0
12	0
12	12
13	0
13	13
13	0
12	0
8	0
8	0
12	0
12	0
12	0
12	0
12	0
12	0
12	0
12	0
12	0
12	0
12	0
12	0
12	0
12	0
12	0
12	0
12	0
12	0
12	0
8	0
8	0
12	0
12	0
16	0
12	0
12	0
12	0
12	0
12	0
12	0
12	0
12	0
12	0
12	0
12	0
12	0
12	0
12	0
12	0
12	0
12	0
12	0
12	0
12	0
8	0
8	0
12	0
12	0
12	0
3	0
11	11
11	0
11	4
2	0
2	2
1	0
1	6
8	0
8	0
8	0
8	8
3	0
2	0
3	0
3	3
2	0
2	2
8	8
16	0
12	0
2	3
13	0
13	13
13	0
1	0
16	0
16	0
1	0
12	0
16	0
3	0
3	0
16	0
3	0
16	0
12	0
16	0
1	0
8	0
16	0
16	0
16	0
16	0
12	0
8	0
16	0
3	0
16	0
16	0
1	0
1	0
1	0
1	0
8	0
8	0
8	0
3	0
16	0
12	0
16	0
11	0
16	0
16	16
3	0
2	0
3	0
3	3
1	0
1	0
1	0
1	0
1	0
1	0
1	1
17	0
11	10
13	13
13	0
16	0
16	0
16	0
16	0
8	0
8	0
16	0
16	0
16	0
16	0
1	0
1	0
1	0
1	0
1	0
16	0
16	0
8	0
8	0
16	0
1	0
16	0
16	0
16	0
8	0
16	0
16	0
16	0
16	0
16	0
16	0
16	0
3	0
1	0
1	0
1	0
1	0
1	0
1	0
1	0
11	0
11	11
17	0
11	4
3	3
3	3
1	0
1	11
1	0
1	0
1	0
1	16
1	0
2	0
2	0
1	0
16	16
5	5
16	0
16	0
2	1
11	0
11	2
8	0
8	8
12	0
12	10
12	0
12	16
13	13
13	0
3	0
1	0
1	0
1	0
16	0
1	0
16	0
16	0
1	0
1	0
1	0
16	0
16	0
1	0
16	0
1	0
16	0
16	0
16	0
3	0
3	0
1	0
1	0
1	0
1	0
1	0
1	0
1	0
1	0
12	0
17	16
17	0
11	11
2	3
1	0
1	0
1	1
1	0
1	16
5	5
2	0
2	2
11	0
1	6
8	0
8	0
8	0
8	8
1	0
12	0
1	0
1	0
1	0
16	16
17	0
12	4
8	0
2	0
2	2
6	6
8	0
8	8
2	2
11	0
6	6
8	0
8	0
8	8
13	0
13	13
13	0
1	0
1	0
8	0
16	0
16	0
16	0
16	0
16	0
8	0
8	0
16	0
17	0
1	0
8	0
8	0
8	0
1	0
1	0
12	0
3	0
3	5
4	0
4	4
3	3
3	0
3	0
3	3
1	1
13	0
13	13
13	0
1	0
3	0
1	0
1	0
12	0
12	0
8	0
3	0
1	0
1	0
1	0
1	0
3	0
3	0
3	0
1	0
3	0
1	0
1	0
1	0
12	0
3	0
3	0
1	0
1	0
12	0
3	0
3	0
1	0
1	0
1	0
1	0
1	0
3	0
3	0
3	0
3	0
3	0
3	0
3	0
3	0
1	0
1	0
1	0
1	0
12	0
3	0
12	0
2	2
17	0
2	0
11	0
11	6
1	0
1	0
1	1
8	8
2	2
12	12
12	12
11	0
3	4
3	0
2	2
9	0
9	8
16	0
12	0
16	0
4	16
17	0
11	0
11	0
11	6
8	8
16	0
16	16
13	0
13	13
13	0
12	0
16	0
17	0
16	0
16	0
17	0
8	0
8	0
16	0
16	0
3	0
12	0
8	0
1	0
16	0
12	0
12	0
16	0
1	0
1	0
1	0
8	0
16	0
8	0
16	0
16	0
3	0
13	0
4	0
4	4
11	0
11	11
3	0
3	3
17	0
3	0
9	2
8	0
8	8
3	0
3	0
3	3
1	0
1	0
1	0
16	16
13	0
13	13
13	0
3	0
1	0
16	0
16	0
3	0
16	0
16	0
17	0
1	0
1	0
3	0
3	0
3	0
1	0
1	0
1	0
1	0
16	0
16	0
12	0
17	0
16	0
1	0
16	0
16	0
16	0
16	0
16	0
3	0
3	0
1	0
1	0
1	0
1	0
1	0
1	0
3	0
1	0
13	0
13	0
13	17
3	11
4	0
4	4
11	0
6	3
6	0
3	3
1	0
2	0
2	3
1	0
1	16
5	5
16	0
16	4
2	0
6	3
1	0
3	0
1	0
1	3
3	3
1	0
8	0
8	8
16	0
17	0
11	0
2	16
1	0
17	0
1	0
1	0
1	16
5	5
1	0
1	0
1	0
1	0
1	16
5	5
6	6
3	0
3	0
1	1
8	0
8	8
13	13
13	0
1	0
1	0
8	0
1	0
1	0
1	0
1	0
1	0
12	0
3	0
5	5
11	0
11	3
11	0
3	4
2	0
1	2
8	0
8	0
8	0
8	0
8	8
2	0
3	2
16	0
1	0
11	0
17	16
5	5
17	0
17	3
17	0
17	0
17	4
17	0
2	11
17	6
8	0
8	0
8	0
8	8
16	0
16	16
5	5
12	0
12	6
12	8
16	0
16	0
16	16
13	13
13	0
12	0
1	0
16	0
16	0
16	0
16	0
16	0
8	0
1	0
1	0
1	0
8	0
1	0
8	0
8	0
16	0
12	0
8	0
12	0
12	0
12	0
12	0
12	7
13	0
13	13
13	0
12	0
1	0
1	0
8	0
1	0
1	0
12	0
1	0
12	0
12	0
12	0
8	0
12	0
12	0
12	0
12	0
12	0
8	0
12	0
12	0
12	0
12	0
1	0
8	0
1	0
1	0
12	0
12	0
12	0
12	0
8	0
12	0
12	0
12	0
1	0
1	0
1	0
1	0
12	0
12	0
12	0
12	0
8	0
12	0
12	0
12	0
1	0
1	0
1	0
1	0
17	0
17	0
16	3
17	0
6	4
1	0
1	1
8	0
8	8
1	0
12	4
13	0
13	13
13	0
17	0
17	0
12	0
12	0
17	0
17	0
1	0
8	0
1	0
16	0
16	0
8	0
1	0
1	0
16	0
16	0
1	0
12	0
12	0
12	0
17	0
17	0
16	0
12	0
12	0
17	0
17	0
1	0
16	0
1	0
16	0
12	0
17	0
16	0
16	0
16	0
8	0
1	0
1	0
8	0
1	0
1	0
12	0
12	0
12	0
17	0
16	0
16	0
11	11
16	4
17	0
17	0
17	6
12	12
8	0
8	12
16	0
3	0
3	3
2	0
6	0
6	2
1	1
8	0
8	8
1	0
12	4
13	0
13	13
13	0
12	0
16	0
16	0
16	0
16	0
12	0
16	0
16	0
16	0
16	0
16	0
16	0
8	0
1	0
8	0
8	0
1	0
16	0
16	0
12	0
12	0
16	0
1	0
16	0
16	0
16	0
17	0
17	0
1	0
1	0
16	0
16	0
16	0
16	0
16	0
1	0
12	0
17	0
14	10
1	0
1	0
1	0
1	0
1	1
1	0
1	0
1	1
8	0
5	5
1	0
1	0
1	0
1	0
1	0
1	1
13	13
13	0
1	0
1	0
1	0
1	0
1	0
8	0
3	0
8	0
1	0
1	0
1	0
1	0
1	0
1	0
1	0
1	0
1	0
1	0
1	0
1	0
8	0
1	0
1	0
1	0
8	0
16	0
17	0
8	0
8	0
1	0
1	0
8	0
8	0
1	0
1	0
1	0
1	0
1	0
1	0
13	0
5	0
5	5
3	0
11	3
11	0
11	4
16	3
5	6
1	0
1	0
1	8
13	0
13	13
13	0
12	0
16	0
16	0
16	0
12	0
16	0
16	0
16	0
16	0
16	0
8	0
16	0
8	0
16	0
16	0
1	0
16	0
16	0
8	0
8	0
16	0
16	0
16	0
8	0
16	0
12	0
16	0
16	0
16	0
16	0
16	0
1	0
16	0
16	0
16	0
8	0
16	0
16	0
1	0
1	0
1	0
16	0
16	0
8	0
8	0
17	0
3	11
17	0
11	4
3	3
17	0
17	0
17	0
17	1
13	0
13	13
13	0
17	0
3	0
3	0
12	0
12	0
17	0
17	0
17	0
17	0
17	0
17	0
12	0
17	0
17	0
17	0
17	0
17	0
17	0
17	0
17	0
17	0
3	0
3	0
12	0
12	0
17	0
17	0
17	0
17	0
17	0
17	0
17	0
12	0
17	0
3	0
16	0
17	0
17	0
1	0
17	0
17	0
17	0
17	0
12	0
17	0
17	0
3	0
3	0
13	0
13	0
13	17
3	11
16	0
16	4
17	0
6	3
1	0
1	0
1	0
12	3
17	0
16	3
12	0
12	6
12	0
12	8
3	0
3	0
1	0
1	16
5	5
4	0
4	4
1	0
1	0
1	0
1	0
16	0
1	16
13	13
13	0
3	0
12	0
12	0
12	0
12	0
1	0
1	0
1	0
1	0
1	0
8	0
12	0
1	0
1	0
1	0
1	0
1	0
1	0
1	0
1	0
8	0
8	0
1	0
8	0
1	0
1	0
12	0
13	0
11	0
11	11
4	4
1	0
3	0
1	0
1	3
1	0
1	0
16	16
13	0
13	13
13	0
3	0
3	0
1	0
1	0
12	0
12	0
3	0
3	0
1	0
1	0
1	0
16	0
1	0
16	0
1	0
1	0
1	0
16	0
12	0
12	0
12	0
3	0
1	0
1	0
12	0
12	0
12	0
1	0
1	0
1	0
1	0
1	0
16	0
3	0
3	0
1	0
3	0
1	0
1	0
1	0
1	0
16	0
16	0
1	0
12	0
12	0
12	0
5	5
12	0
11	11
4	0
11	4
1	0
3	3
1	0
17	0
17	10
17	0
12	6
12	0
1	0
1	8
5	5
3	6
1	0
1	0
1	1
12	12
12	0
12	0
12	12
12	0
12	8
17	0
13	13
13	0
12	0
17	0
1	0
12	0
12	0
17	0
1	0
1	0
1	0
1	0
12	0
1	0
1	0
1	0
12	0
12	0
12	0
1	0
16	0
3	0
3	0
17	0
1	0
1	0
1	0
17	0
17	0
17	0
12	0
12	0
12	0
17	6
17	4
1	0
3	3
17	0
1	0
1	3
8	0
8	0
8	8
17	0
2	2
8	0
8	8
13	13
13	0
1	0
1	0
1	0
1	0
1	0
16	0
16	0
16	0
1	0
1	0
16	0
1	0
1	0
16	0
17	0
16	0
17	0
8	0
8	0
8	0
8	0
1	0
1	0
1	0
1	0
8	0
16	0
1	0
16	0
16	0
16	0
16	0
16	0
1	0
1	0
1	0
1	0
1	0
16	0
16	0
16	0
1	0
1	0
13	0
13	0
13	17
3	11
4	0
4	4
6	0
11	3
11	0
2	2
12	0
12	6
12	0
8	8
1	0
1	0
1	0
1	16
5	5
16	0
3	4
3	0
3	3
2	0
2	2
2	0
2	0
11	0
11	6
8	8
3	0
11	16
3	0
2	14
8	0
8	0
8	8
1	0
1	16
13	0
13	13
13	0
13	0
3	0
1	0
1	0
1	0
1	0
1	0
3	0
3	0
1	0
1	0
8	0
8	0
1	0
1	0
12	0
1	0
1	0
12	0
11	0
11	4
11	0
3	0
3	3
3	0
3	3
17	0
17	0
17	10
3	3
17	0
17	0
1	0
1	1
17	0
17	0
12	4
17	0
13	13
13	0
12	0
17	0
17	0
17	0
17	0
17	0
17	0
17	0
17	0
17	0
1	0
1	0
1	0
17	0
17	0
17	0
17	0
17	0
12	0
12	0
17	0
17	0
17	0
17	0
12	0
17	0
16	0
16	0
16	0
3	0
3	0
17	0
17	0
17	0
17	0
1	0
1	0
1	0
12	0
12	0
4	14
2	2
12	12
12	12
17	0
17	0
17	16
3	0
17	0
3	0
3	0
17	3
3	0
3	3
17	0
13	0
12	0
13	0
8	0
8	8
13	13
13	0
12	0
1	0
8	0
1	0
16	0
8	0
1	0
1	0
1	0
1	0
1	0
1	0
1	0
1	0
1	0
12	0
1	0
8	0
16	0
16	0
1	0
8	0
1	0
3	0
8	0
8	0
12	0
17	0
17	0
17	0
17	0
17	0
17	0
3	0
1	0
1	0
12	0
5	0
5	5
3	2
6	6
1	0
1	1
8	0
8	8
4	0
17	4
1	0
1	0
1	16
3	14
17	3
17	0
17	0
17	1
17	0
17	0
12	4
17	0
17	4
5	5
13	0
11	3
11	0
11	4
1	1
1	0
1	4
5	5
16	0
11	11
4	4
3	0
3	0
3	0
3	3
2	0
2	0
2	0
6	2
8	0
8	0
8	0
8	0
8	0
8	0
8	0
8	0
8	0
8	8
1	0
16	0
1	16
5	5
3	0
13	0
12	0
12	0
12	3
16	0
17	0
1	1
17	0
11	0
2	4
17	0
13	13
13	0
12	0
17	0
12	0
16	0
12	0
17	0
1	0
16	0
16	0
12	0
12	0
12	0
12	0
16	0
16	0
16	0
16	0
12	0
12	0
12	0
17	0
12	0
12	0
16	0
12	0
12	0
17	0
16	0
16	0
16	0
12	0
12	0
12	0
17	0
16	0
16	0
16	0
16	0
17	0
16	0
17	0
17	0
12	0
12	0
12	0
17	0
17	0
16	0
3	0
3	0
3	0
3	0
3	2
4	0
4	14
11	0
11	11
2	2
1	0
1	0
1	0
1	1
8	0
8	8
1	0
1	0
16	16
4	0
4	4
13	13
13	0
1	0
1	0
1	0
16	0
16	0
16	0
1	0
1	0
1	0
1	0
1	0
1	0
1	0
1	0
1	0
1	0
16	0
16	0
16	0
16	0
1	0
1	0
16	0
1	0
1	0
1	0
1	0
3	0
3	0
11	0
3	0
3	0
1	0
1	0
1	0
1	0
1	0
13	0
13	0
13	17
3	11
16	0
4	4
2	0
6	3
1	0
12	3
17	0
12	0
9	6
8	0
8	8
1	0
16	16
5	5
4	0
4	4
2	10
1	0
1	0
1	16
1	0
1	2
8	0
12	0
12	0
12	12
17	17
17	17
13	13
13	0
13	0
1	0
1	0
1	0
1	0
16	0
1	0
1	0
1	0
1	0
1	0
1	0
1	0
13	0
1	0
1	0
1	0
16	0
1	0
1	0
1	0
12	0
12	0
12	0
1	0
1	0
13	0
8	8
4	4
8	8
11	0
11	4
1	0
11	6
8	0
12	8
12	0
12	4
13	0
13	13
13	0
12	0
12	0
12	0
12	0
12	0
16	0
1	0
8	0
12	0
12	0
16	0
16	0
16	0
1	0
1	0
12	0
12	0
12	0
12	0
12	0
12	0
12	0
12	0
12	0
12	0
12	0
16	0
1	0
8	0
12	0
12	0
1	0
3	0
1	0
3	0
16	0
16	0
1	0
8	0
12	0
12	0
12	0
12	0
12	0
12	0
12	0
1	0
16	0
16	3
3	0
3	0
1	0
1	4
1	0
1	3
1	0
2	2
8	0
8	8
8	0
8	0
8	4
13	13
13	0
1	0
8	0
8	0
8	0
8	0
8	0
1	0
1	0
8	0
8	0
8	0
1	0
8	0
1	0
8	0
8	0
8	0
8	0
8	0
1	0
1	0
1	0
8	0
8	0
8	0
8	0
8	0
3	0
1	0
16	0
8	0
8	0
1	0
3	0
8	0
8	0
1	0
8	0
1	0
1	0
8	0
12	0
2	2
4	2
12	6
8	8
2	0
2	0
3	4
3	0
3	3
9	9
8	0
8	0
8	8
16	0
16	0
16	16
13	0
13	13
13	0
1	0
3	0
1	0
16	0
16	0
12	0
12	0
16	0
3	0
3	0
3	0
17	0
1	0
1	0
1	0
16	0
16	0
16	0
8	0
12	0
12	0
1	0
3	0
16	0
16	0
12	0
12	0
16	0
16	0
16	0
1	0
8	0
3	0
3	0
3	0
3	0
1	0
1	0
1	0
16	0
12	0
5	5
11	11
3	0
2	2
8	0
8	8
2	0
2	3
13	0
13	13
13	0
12	0
16	0
8	0
16	0
1	0
12	0
16	0
8	0
16	0
16	0
12	0
16	0
12	0
1	0
16	0
16	0
16	0
12	0
12	0
12	0
13	0
12	0
16	0
16	0
16	0
12	0
1	0
16	0
16	0
16	0
16	0
12	0
16	0
12	0
8	0
16	0
16	0
16	0
3	0
1	0
8	0
16	0
12	0
12	0
12	0
12	0
8	0
8	0
12	0
17	0
6	11
1	0
17	4
17	0
17	0
17	0
16	16
17	11
1	0
1	0
1	0
1	0
1	16
17	0
17	0
2	10
17	0
12	10
13	0
13	13
13	0
17	0
17	0
12	0
12	0
12	0
12	0
17	0
17	0
1	0
1	0
1	0
1	0
1	0
17	0
17	0
12	0
17	0
12	0
12	0
17	0
17	0
17	0
17	0
12	0
17	0
17	0
17	0
17	0
1	0
16	0
16	0
16	0
1	0
1	0
1	0
1	0
1	0
12	0
5	5
1	0
1	0
16	0
1	0
3	3
17	0
17	0
1	4
3	0
3	0
3	0
3	3
2	0
2	2
8	8
2	0
17	3
12	0
12	0
12	4
13	13
13	0
1	0
8	0
1	0
12	0
12	0
8	0
16	0
8	0
16	0
16	0
17	0
8	0
1	0
8	0
17	0
12	0
12	0
12	0
8	0
8	0
8	0
1	0
12	0
8	0
1	0
1	0
1	0
1	0
1	0
1	0
1	0
1	0
1	0
1	0
3	0
2	0
12	0
5	0
5	5
11	0
11	11
4	0
11	4
1	0
3	0
1	0
1	3
12	0
12	0
12	11
12	0
12	0
12	4
17	0
13	13
13	0
12	0
17	0
1	0
12	0
1	0
12	0
12	0
17	0
1	0
1	0
1	0
1	0
12	0
12	0
12	0
12	0
12	0
16	0
12	0
12	0
12	0
12	0
1	0
1	0
8	0
12	0
12	0
16	0
16	0
16	0
16	0
16	0
1	0
1	0
1	0
1	0
1	0
1	0
12	0
12	0
13	0
3	0
3	3
8	8
5	5
8	0
8	8
5	5
8	0
8	0
8	0
8	8
5	5
8	8
13	0
13	0
13	13
13	0
1	0
8	0
8	0
8	0
12	0
8	0
13	0
16	0
1	0
8	0
8	0
8	0
8	0
8	0
8	0
8	0
16	0
16	0
8	0
13	0
8	0
1	0
8	0
8	0
8	0
13	0
12	0
1	0
8	0
1	0
16	0
8	0
8	0
16	0
16	0
8	0
8	0
8	0
8	0
8	0
16	0
1	0
12	0
12	11
16	0
16	4
17	0
6	3
1	0
12	6
8	8
3	0
6	16
1	0
1	0
1	0
1	16
13	0
13	13
13	0
17	0
17	0
8	0
1	0
8	0
8	0
17	0
16	0
8	0
8	0
1	0
1	0
1	0
1	0
1	0
1	0
8	0
8	0
8	0
12	0
17	0
17	0
1	0
8	0
1	0
8	0
17	0
17	0
3	0
3	0
16	0
16	0
16	0
8	0
1	0
8	0
1	0
1	0
1	0
1	0
1	0
1	0
12	0
11	0
3	0
3	3
16	4
3	0
6	11
8	2
17	0
6	6
1	0
1	0
1	1
8	8
2	6
8	8
13	0
13	13
13	0
16	0
1	0
1	0
1	0
8	0
8	0
12	0
16	0
8	0
8	0
8	0
1	0
1	0
1	0
8	0
1	0
1	0
8	0
16	0
12	0
12	0
8	0
1	0
1	0
1	0
8	0
12	0
16	0
16	0
16	0
16	0
16	0
16	0
8	0
8	0
1	0
1	0
1	0
1	0
8	0
1	0
17	0
17	11
4	0
4	4
17	0
17	0
17	3
3	0
2	0
3	0
3	3
1	0
1	0
1	0
1	0
1	0
1	0
17	16
17	0
17	0
12	4
17	0
13	13
13	0
17	0
17	0
17	0
17	0
1	0
17	0
17	0
17	0
1	0
1	0
1	0
17	0
17	0
1	0
17	0
17	0
17	0
17	0
12	0
17	0
17	0
17	0
17	0
3	0
17	0
17	0
17	0
17	0
3	0
3	0
17	0
17	0
1	0
1	0
1	0
1	0
3	0
3	0
3	3
1	0
1	0
1	0
1	1
5	5
1	0
1	0
1	1
13	13
13	0
1	0
1	0
1	0
1	0
1	0
1	0
1	0
1	0
1	0
1	0
1	0
1	0
1	0
1	0
1	0
1	0
1	0
1	0
1	0
1	0
1	0
1	0
1	0
1	0
1	0
1	0
1	0
1	0
1	0
1	0
1	0
1	0
1	0
1	0
1	0
1	0
1	0
1	0
1	0
1	0
1	0
1	0
1	0
1	0
1	0
1	0
1	0
17	0
3	11
16	0
16	4
17	0
6	3
3	0
2	2
8	0
8	0
8	0
8	8
3	3
17	3
17	0
17	9
17	0
17	0
17	0
17	16
5	5
4	0
4	4
17	0
6	3
17	10
17	0
17	0
17	16
13	0
13	13
13	0
17	0
17	0
17	0
17	0
17	0
17	0
17	0
17	0
17	0
17	0
17	0
17	0
17	0
17	0
17	0
1	0
17	0
16	0
1	0
17	0
8	0
1	0
1	0
17	0
17	0
17	0
1	0
17	0
12	0
11	0
11	4
17	0
2	11
1	0
1	0
1	0
1	1
17	0
12	0
12	4
11	11
17	0
17	0
2	2
12	0
12	9
13	0
13	13
13	0
17	0
17	0
12	0
12	0
12	0
12	0
12	0
17	0
17	0
12	0
17	0
12	0
8	0
17	0
17	0
12	0
12	0
12	0
12	0
12	0
17	0
17	0
17	0
12	0
12	0
12	0
17	0
16	0
17	0
17	0
12	0
1	0
1	0
17	0
17	0
17	0
12	0
8	0
17	0
17	0
12	11
4	0
4	4
3	0
3	0
1	0
1	3
1	0
1	0
1	1
17	0
11	0
2	4
6	0
6	14
3	0
3	3
1	0
1	3
8	0
8	0
8	0
8	8
17	0
2	2
17	0
17	11
17	0
17	2
4	0
11	4
13	13
13	0
3	0
3	0
1	0
1	0
1	0
17	0
1	0
1	0
1	0
1	0
8	0
17	0
1	0
8	0
17	0
1	0
3	0
1	0
1	0
17	0
1	0
1	0
17	0
17	0
17	0
8	0
12	0
3	0
6	2
8	0
17	0
17	16
17	0
12	0
12	4
17	0
17	3
17	2
17	8
12	10
17	0
12	0
12	8
17	0
17	16
13	13
17	0
17	6
8	0
8	0
12	0
8	0
8	8
2	2
8	8
17	0
17	4
17	0
17	0
17	10
16	0
17	16
17	0
13	13
13	0
12	0
1	0
17	0
1	0
17	0
12	0
12	0
16	0
1	0
1	0
8	0
17	0
16	0
8	0
17	0
17	0
8	0
1	0
17	0
17	0
17	0
12	0
3	0
16	0
1	3
16	0
12	9
5	5
3	3
16	6
8	0
8	8
16	0
5	5
16	0
16	0
16	3
1	0
12	11
13	0
13	13
13	0
1	0
1	0
1	0
1	0
12	0
12	0
17	0
1	0
1	0
8	0
1	0
1	0
1	0
16	0
1	0
1	0
1	0
8	0
8	0
17	0
12	0
1	0
1	0
8	0
8	0
12	0
17	0
16	0
1	0
1	0
8	0
3	0
1	0
1	0
8	0
1	0
1	0
1	0
3	0
13	0
17	11
17	0
17	4
17	0
17	0
17	3
17	0
17	0
1	0
1	3
17	0
17	0
17	0
17	16
17	0
17	3
17	0
17	0
17	3
17	16
17	13
13	13
13	0
17	0
17	0
17	0
17	0
17	0
17	0
17	0
16	0
17	0
17	0
17	0
16	0
17	0
8	0
17	0
17	0
17	0
17	0
17	0
17	0
17	0
17	0
17	0
17	0
17	0
17	0
17	0
17	0
17	0
17	0
17	0
17	0
17	0
17	0
17	0
17	0
13	0
11	11
4	0
11	4
1	3
1	0
1	0
1	1
17	0
12	0
12	4
13	0
13	13
13	0
12	0
12	0
12	0
12	0
12	0
12	0
3	0
1	0
17	0
1	0
1	0
1	0
1	0
1	0
17	0
1	0
17	0
12	0
12	0
12	0
12	0
12	0
1	0
12	0
12	0
12	0
1	0
17	0
1	0
17	0
12	0
1	0
3	0
3	0
1	0
1	0
1	0
1	0
1	0
17	0
17	0
12	0
12	0
12	0
12	0
12	0
12	0
5	6
1	3
16	0
16	0
16	1
8	0
8	0
8	0
8	8
11	0
11	4
1	0
12	4
5	5
16	0
16	0
16	0
16	3
1	0
1	1
8	0
8	0
8	8
17	0
17	0
9	4
17	0
6	3
8	2
17	0
6	6
8	8
13	0
13	13
13	0
12	0
16	0
12	0
3	0
12	0
1	0
16	0
16	0
16	0
1	0
3	0
1	0
16	0
16	0
1	0
8	0
8	0
8	0
16	0
16	0
16	0
1	0
1	0
1	0
12	0
5	5
16	0
11	11
6	4
1	0
1	1
8	0
8	8
16	0
16	16
13	0
13	13
13	0
16	0
16	0
16	0
16	0
12	0
16	0
1	0
16	0
8	0
16	0
16	0
16	0
1	0
1	0
1	0
16	0
16	0
16	0
12	0
12	0
12	0
16	0
16	0
16	0
12	0
12	0
1	0
1	0
16	0
16	0
16	0
16	0
16	0
16	0
16	0
16	0
16	0
1	0
1	0
1	0
16	0
16	0
16	0
12	0
12	0
12	0
12	0
17	0
6	11
1	0
3	4
3	0
1	0
16	16
17	0
17	0
16	3
3	3
11	0
11	6
1	0
1	0
1	1
8	0
8	8
17	0
17	0
4	16
17	0
2	3
13	0
13	13
13	0
12	0
3	0
3	0
17	0
16	0
16	0
1	0
1	0
1	0
1	0
8	0
17	0
12	0
16	0
17	0
17	0
16	0
8	0
8	0
17	0
17	0
12	0
16	0
1	0
3	0
3	0
17	0
17	0
16	0
16	0
17	0
1	0
1	0
13	0
16	0
11	11
16	0
11	16
3	0
3	14
3	0
3	3
3	3
1	0
1	6
3	11
5	5
8	0
8	8
16	0
16	0
16	0
16	16
13	0
13	13
13	0
16	0
16	0
16	0
16	0
16	0
16	0
16	0
1	0
1	0
1	0
1	0
1	0
16	0
8	0
1	0
1	0
16	0
16	0
16	0
12	0
16	0
16	0
16	0
16	0
16	0
16	0
16	0
16	0
16	0
16	0
3	0
1	0
1	0
1	0
1	0
1	0
8	0
13	0
13	0
13	17
3	11
16	0
16	4
16	0
6	3
1	0
1	0
12	0
8	16
14	0
3	3
3	0
2	2
11	0
12	0
12	0
8	8
2	3
8	0
8	8
13	4
5	5
11	11
11	4
6	0
6	3
1	0
17	0
17	0
12	16
1	0
17	0
9	0
9	10
3	0
3	3
8	0
8	8
13	0
13	13
13	0
12	0
16	0
8	0
1	0
1	0
3	0
3	0
1	0
1	0
1	0
1	0
1	0
8	0
8	0
8	0
1	0
12	0
5	5
11	11
11	0
11	4
11	0
6	3
3	0
3	5
3	3
1	0
1	1
12	0
12	0
12	4
5	5
11	4
17	0
2	11
8	0
8	8
2	0
3	0
1	16
17	0
2	0
2	2
12	13
12	6
12	0
12	0
12	0
8	8
13	0
13	13
13	0
1	0
1	0
17	0
1	0
12	0
12	0
1	0
1	0
1	0
1	0
1	0
12	0
3	0
16	0
1	0
1	0
8	0
12	0
3	0
1	0
1	0
12	0
12	0
12	0
12	0
12	0
6	3
8	0
2	0
1	4
1	0
2	2
1	0
1	0
1	0
1	1
8	0
8	8
12	6
12	0
1	0
1	0
1	1
12	0
12	0
12	4
2	2
1	0
1	1
8	0
8	8
13	13
13	0
1	0
1	0
1	0
8	0
16	0
16	0
16	0
1	0
1	0
8	0
8	0
16	0
8	0
16	0
1	0
1	0
1	0
8	0
8	0
8	0
8	0
8	0
1	0
8	0
1	0
1	0
1	0
1	0
1	0
1	0
8	0
13	0
13	0
13	17
3	2
16	0
16	0
1	0
1	1
8	8
11	0
3	4
3	0
6	16
3	0
1	0
1	0
1	2
8	0
8	8
12	16
13	13
3	11
3	0
3	11
2	0
2	2
1	0
1	6
8	0
8	8
17	0
17	0
17	0
12	16
16	0
17	4
14	0
6	14
3	0
6	11
6	0
6	3
12	0
12	16
17	0
1	0
1	16
13	13
13	0
1	0
1	0
1	0
1	0
8	0
16	0
16	0
16	0
3	0
1	0
1	0
12	0
11	11
4	0
4	4
3	0
6	3
3	0
3	3
1	0
2	0
2	3
1	0
1	16
5	5
1	0
3	4
17	0
2	11
8	0
2	0
2	2
5	6
9	0
8	0
8	0
8	0
8	0
13	0
8	0
8	0
8	0
8	8
1	0
1	0
16	0
16	0
16	16
13	13
13	0
1	0
1	0
8	0
8	0
8	0
8	0
8	0
1	0
8	0
8	0
3	0
8	0
1	0
1	0
8	0
1	0
1	0
1	0
1	0
1	0
1	0
12	0
3	11
16	0
16	4
17	0
6	3
1	0
1	0
1	0
1	16
17	0
12	3
13	13
14	0
1	0
3	3
1	0
1	0
1	0
1	16
5	5
3	3
17	4
3	0
3	11
17	0
17	0
17	10
17	0
17	0
17	0
17	16
13	13
5	5
17	0
6	3
3	4
3	0
2	0
2	2
2	2
1	1
12	8
2	2
8	0
8	0
8	8
2	0
2	0
1	0
1	0
1	0
1	3
8	0
12	16
12	0
13	13
13	0
17	0
1	0
12	0
12	0
12	0
3	7
13	0
13	13
13	0
12	0
12	0
12	0
12	0
12	0
12	0
12	0
12	0
12	0
12	0
12	0
12	0
12	0
12	0
12	0
12	0
12	0
12	0
12	0
12	0
12	0
12	0
12	0
12	0
12	0
12	0
1	0
12	0
12	0
12	0
12	0
12	0
12	0
12	0
12	0
12	0
12	0
12	0
12	0
12	0
12	0
12	0
12	0
12	0
12	0
12	0
12	0
1	0
12	0
12	0
12	0
12	0
12	0
12	0
1	0
2	1
1	0
1	0
1	1
8	0
8	0
8	8
4	0
4	4
3	3
12	0
12	0
12	4
13	0
13	13
13	0
12	0
1	0
1	0
1	0
1	0
12	0
12	0
1	0
1	0
1	0
1	0
1	0
1	0
3	0
12	0
12	0
1	0
1	0
12	0
12	0
12	0
12	0
12	0
1	0
1	0
1	0
12	0
12	0
1	0
1	0
1	0
1	0
1	0
1	0
8	0
8	0
1	0
1	0
3	0
12	0
12	0
12	0
12	0
5	5
6	11
1	0
12	4
16	0
4	10
1	0
3	0
1	0
1	0
1	16
13	13
14	0
5	3
6	11
1	0
8	4
1	3
1	0
16	16
5	5
5	6
8	0
8	8
13	0
17	0
13	13
17	0
12	0
13	0
17	0
12	0
12	0
1	7
13	0
13	0
13	13
13	0
12	0
1	0
16	0
16	0
1	0
12	0
12	0
1	0
16	0
1	0
16	0
16	0
16	0
1	0
1	0
1	0
1	0
1	0
16	0
16	0
14	0
13	0
6	6
8	0
8	0
8	0
8	8
16	0
3	0
3	3
4	0
11	4
3	0
3	3
1	0
1	1
17	0
12	0
12	4
3	3
11	0
2	2
12	0
12	6
8	0
8	8
2	0
2	3
13	0
13	13
13	0
12	0
3	0
3	0
1	0
1	0
16	0
16	0
12	0
3	0
12	0
1	0
1	0
12	0
12	0
12	0
8	0
1	0
1	0
1	0
16	0
16	0
16	0
16	0
3	0
16	0
16	0
3	0
3	0
3	0
1	0
12	0
3	0
5	5
2	3
3	0
2	0
6	0
3	3
1	0
1	0
1	1
13	13
13	0
1	0
1	0
1	0
1	0
16	0
3	0
16	0
1	0
16	0
1	0
1	0
1	0
16	0
3	0
3	0
1	0
1	0
1	0
1	0
1	0
1	0
1	0
16	0
1	0
1	0
1	0
3	0
16	0
1	0
1	0
1	0
1	0
1	0
16	0
16	0
16	0
16	0
3	0
3	0
3	0
1	0
1	0
1	0
1	0
1	0
1	0
1	0
12	0
17	0
5	5
12	11
17	0
11	4
2	3
17	3
17	3
17	6
17	0
17	1
17	0
1	0
16	1
12	8
12	0
12	0
12	4
3	11
3	0
3	0
3	0
3	6
13	0
14	0
14	14
11	0
11	11
17	0
11	0
11	11
4	0
4	4
3	0
6	16
1	0
17	0
17	16
3	0
17	0
1	0
1	3
17	0
17	3
3	0
3	0
3	1
17	0
17	0
1	16
17	0
17	0
17	16
4	0
4	4
13	13
13	0
3	0
1	0
12	0
13	0
5	0
13	17
8	0
5	5
3	0
1	0
1	0
1	2
11	0
11	11
5	5
6	6
12	0
12	12
4	0
4	4
3	3
9	9
1	0
1	0
1	0
1	16
3	11
3	3
1	0
1	3
2	0
2	0
2	1
12	0
12	0
12	4
4	0
4	4
13	13
13	0
1	0
1	0
1	0
1	0
1	0
1	0
8	0
1	0
1	0
1	0
17	0
12	0
1	0
1	0
1	0
1	0
1	0
1	0
8	0
8	0
1	0
12	0
12	0
11	0
11	11
4	0
11	4
3	0
3	0
3	0
3	3
9	0
9	0
9	8
17	0
12	0
12	4
2	2
8	0
8	0
8	0
8	8
5	5
3	3
16	0
16	6
1	0
1	3
1	0
1	0
1	0
1	1
8	0
8	8
5	5
11	11
4	0
11	4
3	3
5	6
8	0
8	0
8	0
8	8
12	0
12	0
12	4
5	5
11	4
16	0
16	0
16	0
16	16
5	5
5	6
8	0
8	0
8	8
13	0
13	13
13	0
12	0
12	0
1	0
11	11
4	0
4	4
3	0
1	0
1	3
12	0
12	0
8	8
1	0
2	0
2	16
13	0
13	13
13	0
12	0
12	0
16	0
16	0
12	0
16	0
12	0
3	0
1	0
3	0
1	0
8	0
1	0
8	0
1	0
16	0
16	0
16	0
16	0
12	0
12	0
1	0
16	0
1	0
16	0
12	0
16	0
12	0
3	0
1	0
1	0
3	0
8	0
3	0
3	0
1	0
1	0
1	0
8	0
1	0
16	0
1	0
16	0
12	0
12	0
12	0
12	3
1	0
16	0
17	0
16	0
16	0
1	1
8	0
8	8
13	13
13	0
1	0
1	0
1	0
8	0
1	0
1	0
1	0
1	0
1	0
1	0
1	0
1	0
1	0
1	0
1	0
1	0
1	0
1	0
8	0
8	0
1	0
1	0
1	0
1	0
8	0
1	0
1	0
1	0
1	0
1	0
1	0
1	0
1	0
1	0
17	0
1	0
1	0
1	0
1	0
1	0
1	0
1	0
1	0
8	0
8	0
1	0
11	0
17	0
5	5
11	0
4	4
16	0
11	11
1	0
1	0
1	0
1	0
1	0
1	0
1	0
1	0
16	16
5	5
11	0
11	0
14	14
11	13
11	11
8	0
8	0
8	0
8	8
2	2
11	0
11	11
16	0
16	0
16	4
13	13
13	0
16	0
1	0
16	0
16	0
16	0
16	0
16	0
1	0
11	0
1	0
1	0
1	0
1	0
16	0
3	0
16	0
16	0
16	0
1	0
1	0
1	0
1	0
1	0
1	0
1	0
16	0
12	0
12	0
12	0
1	0
1	7
13	0
13	13
13	0
1	0
1	0
1	0
1	0
1	0
1	0
1	0
1	0
1	0
1	0
1	0
12	0
1	0
1	0
1	0
1	0
1	0
1	0
12	0
12	0
12	0
1	0
1	0
1	0
1	0
1	0
1	0
1	0
1	0
1	0
1	0
12	0
12	0
12	0
1	0
1	0
1	0
1	0
1	0
1	0
1	0
1	0
1	0
1	0
12	0
1	0
1	0
1	0
1	0
1	0
1	0
1	0
12	0
2	0
2	2
8	0
2	6
12	0
12	0
12	0
8	12
17	0
8	8
16	0
2	0
2	4
17	0
6	3
3	0
1	3
1	0
11	2
8	8
1	0
1	0
1	16
13	13
11	7
4	0
4	4
11	0
11	11
1	0
1	0
1	1
17	0
17	0
9	4
3	0
1	11
4	0
5	3
17	0
12	0
12	3
1	2
17	0
8	0
8	0
8	8
17	0
17	0
12	4
4	0
4	4
13	13
13	13
13	0
3	0
1	0
16	0
16	0
12	0
17	0
12	0
12	6
1	0
1	0
6	0
12	1
8	8
4	0
11	4
6	0
6	3
12	0
12	12
12	0
12	0
12	4
12	0
13	13
13	0
12	0
12	0
12	0
12	0
12	0
12	0
12	0
1	0
1	0
16	0
1	0
1	0
1	0
8	0
12	0
12	0
12	0
12	0
12	0
12	0
12	0
12	0
12	0
12	0
12	0
12	0
16	0
1	0
1	0
16	0
1	0
1	0
16	0
16	0
1	0
1	0
1	0
1	0
8	0
12	0
3	0
11	11
11	0
11	4
17	0
11	6
17	0
17	0
17	0
1	0
1	1
2	0
1	0
1	1
8	0
8	0
8	0
8	0
8	8
2	0
2	2
8	8
13	0
13	13
13	0
12	0
16	0
1	0
8	0
12	0
12	0
1	0
1	0
1	0
1	0
8	0
12	0
16	0
16	0
16	0
17	0
1	0
8	0
8	0
12	0
16	0
16	0
3	0
16	0
16	0
3	0
1	0
1	0
1	0
1	0
8	0
1	0
1	0
1	0
13	0
1	0
3	0
1	0
1	2
12	12
12	12
5	5
12	12
13	13
13	0
1	0
8	0
16	0
12	0
12	0
1	0
1	0
1	0
8	0
12	0
16	0
12	0
8	0
1	0
1	0
12	0
12	0
12	0
12	0
12	0
12	0
8	0
1	0
8	0
1	0
12	0
1	0
1	0
12	0
16	0
12	0
16	0
12	0
12	0
1	0
1	0
1	0
1	0
1	0
1	0
12	0
12	0
12	0
12	0
12	0
8	0
1	0
1	0
1	0
12	0
3	11
4	0
4	4
6	0
6	3
3	2
1	0
1	0
1	3
8	0
8	8
17	0
12	0
9	4
1	2
1	0
1	0
1	3
8	0
8	0
13	0
8	0
8	8
13	13
17	0
4	0
16	7
17	4
6	11
1	0
1	0
8	0
17	0
8	16
13	0
17	13
17	0
1	0
1	0
1	0
17	0
17	17
13	0
13	0
13	13
13	13
13	13
13	0
3	0
1	0
1	0
8	0
1	0
1	0
1	0
8	0
17	0
12	0
17	0
12	0
12	0
12	6
12	0
8	0
8	0
8	8
2	2
2	0
6	6
8	0
8	0
12	0
8	0
12	8
4	0
11	4
1	0
12	6
12	0
12	0
12	0
12	12
8	0
8	0
8	12
8	0
12	0
9	4
3	11
12	13
12	11
5	6
17	0
8	0
8	0
8	8
17	0
17	0
17	0
8	0
13	0
8	0
8	8
13	13
8	0
8	8
5	5
5	6
17	0
12	0
12	1
8	0
8	0
8	8
16	0
12	4
12	4
13	13
13	0
12	0
17	0
2	3
17	0
12	0
1	4
17	0
6	3
8	0
17	3
3	3
17	0
17	0
17	3
12	10
17	0
12	0
12	8
16	0
4	16
13	13
13	0
1	0
17	0
1	0
12	0
16	0
16	0
16	0
8	0
8	0
17	0
17	0
17	0
17	0
17	0
17	0
1	0
12	0
16	0
16	0
16	0
8	0
8	0
12	0
16	0
16	0
16	0
16	0
16	0
16	0
8	0
8	0
8	0
8	0
8	0
17	0
17	0
17	0
17	0
12	0
17	0
5	5
16	0
11	11
17	4
3	0
3	0
1	0
1	3
3	0
1	3
8	0
8	0
8	0
8	0
8	8
17	0
12	4
12	0
12	3
13	0
13	13
13	0
12	0
17	0
16	0
8	0
12	0
12	0
1	0
1	0
1	0
1	0
1	0
16	0
16	0
16	0
17	0
16	0
12	0
12	0
12	0
12	0
17	0
17	0
12	0
16	0
16	0
16	0
16	0
16	0
16	0
1	0
1	0
1	0
1	0
1	0
1	0
1	0
12	0
6	11
1	0
16	4
5	6
11	0
1	0
1	1
8	0
8	0
8	0
8	8
16	0
16	16
5	5
4	0
4	4
3	0
2	0
3	3
2	0
2	2
8	0
8	0
8	8
2	0
2	2
8	0
8	8
8	0
5	5
17	0
2	2
12	0
12	0
8	8
1	0
3	0
1	0
1	0
16	0
16	16
5	5
1	0
1	4
1	0
4	0
4	0
4	0
4	0
4	16
13	0
13	13
13	0
16	0
16	0
16	0
16	0
16	0
8	0
12	0
3	3
3	0
1	1
13	13
13	0
1	0
1	0
1	0
1	0
1	0
1	0
1	0
1	0
1	0
1	0
1	0
1	0
1	0
1	0
1	0
1	0
1	0
1	0
1	0
1	0
1	0
1	0
1	0
1	0
1	0
1	0
1	0
1	0
1	0
1	0
1	0
1	0
1	0
1	0
1	0
1	0
1	0
1	0
1	0
1	0
1	0
1	0
1	0
1	0
1	0
1	0
1	0
1	0
1	0
1	0
1	0
1	0
1	0
1	0
13	0
5	0
5	5
6	6
8	8
4	0
11	4
1	3
1	0
1	1
17	0
11	0
17	4
17	0
1	3
13	0
13	13
13	0
8	0
17	0
1	0
8	0
8	0
8	0
12	0
17	0
8	0
1	0
1	0
1	0
17	0
17	0
17	0
17	0
8	0
8	0
8	0
12	0
17	0
8	0
1	0
1	0
8	0
8	0
12	0
12	0
16	0
16	0
1	0
1	0
1	0
8	0
3	0
1	0
1	0
17	0
17	0
17	0
17	0
8	0
12	0
3	3
4	0
11	4
3	0
3	5
3	0
2	0
6	0
3	3
1	0
1	0
17	1
12	0
12	0
12	4
13	0
13	13
13	0
12	0
12	0
12	0
17	0
12	0
12	0
12	0
1	0
1	0
1	0
1	0
1	0
1	0
1	0
17	0
17	0
17	0
12	0
12	0
12	0
12	0
12	0
17	0
12	0
12	0
12	0
12	0
1	0
3	0
16	0
16	0
3	0
3	0
2	0
1	0
1	0
1	0
1	0
1	0
17	0
17	0
13	0
17	0
3	3
16	0
2	2
3	6
9	9
8	8
13	0
13	13
13	0
17	0
1	0
17	0
8	0
17	0
17	0
16	0
16	0
17	0
12	0
8	0
8	0
17	0
16	0
8	0
12	0
17	0
8	0
8	0
17	0
17	0
17	0
17	0
17	0
16	0
17	0
16	0
16	0
12	0
8	0
8	0
17	0
17	0
17	0
3	0
16	0
17	0
3	0
16	0
17	0
12	0
8	0
8	0
17	0
17	0
17	0
3	0
16	0
17	0
11	0
3	0
5	5
11	0
11	11
16	0
17	0
17	4
16	2
17	0
2	0
6	6
8	8
3	3
3	0
1	0
1	1
16	16
17	0
2	2
12	0
12	0
12	8
2	0
2	2
8	8
3	0
12	10
12	0
17	16
13	13
3	3
3	3
1	0
1	1
1	0
1	2
8	0
8	0
8	8
3	0
3	2
1	0
1	0
1	0
1	8
5	5
3	0
2	2
8	0
8	8
1	0
1	0
1	1
4	2
8	8
3	0
3	10
2	0
13	0
13	0
1	0
1	0
1	1
1	0
8	16
13	0
13	13
13	0
1	0
1	0
1	0
1	0
1	0
1	0
1	0
1	0
1	0
1	0
8	0
8	0
1	0
1	0
1	0
1	0
1	0
8	0
8	0
8	0
12	0
1	0
1	0
8	0
1	0
1	0
1	0
1	0
1	0
8	0
8	0
8	0
8	0
1	0
1	0
1	0
1	0
1	0
1	0
1	0
1	0
8	0
1	0
8	0
8	0
1	0
1	0
1	0
1	0
1	0
1	0
13	0
13	0
13	17
8	0
2	2
12	0
12	12
16	0
2	0
1	4
1	0
1	3
8	0
2	2
12	0
12	12
13	0
13	13
13	0
13	0
8	0
16	0
16	0
8	0
8	0
12	0
16	0
16	0
16	0
16	0
16	0
8	0
8	0
1	0
8	0
8	0
8	0
8	0
13	0
17	0
16	0
16	0
16	0
16	0
8	0
12	0
13	0
13	0
16	0
16	0
8	0
16	0
16	0
16	0
16	0
8	0
8	0
8	0
8	0
8	0
13	0
3	0
11	11
4	0
11	4
3	0
3	3
17	0
17	0
1	3
1	6
1	0
1	1
8	0
8	0
8	8
1	0
17	0
12	0
1	3
2	0
2	0
6	2
8	8
13	0
13	13
13	0
3	0
3	0
1	0
1	0
1	0
1	0
1	0
1	0
1	0
8	0
8	0
12	0
12	0
1	0
1	0
1	0
1	0
8	0
8	0
12	0
3	0
3	0
16	0
1	0
3	0
1	0
1	0
1	0
1	0
1	0
1	0
1	0
8	0
13	0
17	0
8	3
4	0
11	4
1	3
1	0
1	1
13	0
13	13
13	0
1	0
1	0
1	0
1	0
1	0
1	0
1	0
1	0
1	0
1	0
1	0
1	0
1	0
8	0
1	0
1	0
1	0
1	0
1	0
12	0
17	0
1	0
1	0
1	0
8	0
1	0
1	0
1	0
1	0
1	0
1	0
1	0
1	0
1	0
1	0
1	0
1	0
8	0
8	0
1	0
3	0
1	0
1	0
1	0
12	0
1	0
1	0
1	0
1	0
12	0
3	3
16	6
1	0
1	1
8	0
8	0
8	0
8	0
8	0
8	0
8	8
17	0
17	0
2	2
17	0
17	1
8	0
8	0
8	8
8	0
13	13
13	0
12	0
12	0
12	0
8	0
12	0
12	0
12	0
8	0
8	0
17	0
17	0
17	0
17	0
16	0
1	0
17	0
8	0
12	0
8	0
12	0
12	0
1	0
8	0
12	0
12	0
16	0
16	0
1	0
1	0
8	0
8	0
8	0
8	0
8	0
17	0
17	0
17	0
13	0
2	6
8	0
8	8
5	5
3	0
11	0
16	0
3	3
1	0
1	1
13	0
13	13
13	0
1	0
8	0
8	0
8	0
1	0
3	0
16	0
3	0
1	0
1	0
8	0
1	0
16	0
1	0
1	0
3	0
1	0
1	0
1	0
8	0
12	0
1	0
8	0
1	0
8	0
12	0
3	0
1	0
1	0
1	0
1	0
1	0
8	0
1	0
1	0
1	0
16	0
3	0
3	0
3	0
1	0
1	0
1	0
8	0
12	0
12	0
12	0
5	5
3	0
3	0
3	3
1	0
1	0
1	1
13	13
17	0
12	0
12	1
12	0
12	0
12	0
8	8
13	0
13	13
13	0
12	0
12	0
8	0
8	0
12	0
12	0
12	0
12	0
8	0
1	0
1	0
17	0
17	0
12	0
12	0
12	0
12	0
12	0
12	0
12	0
12	0
12	0
1	0
8	0
8	0
12	0
12	0
12	0
1	0
3	0
3	0
3	0
1	0
1	0
1	0
17	0
16	0
16	0
12	0
12	0
12	0
12	0
12	11
4	0
4	4
17	0
6	3
3	0
1	3
17	0
2	2
8	8
12	10
1	0
1	0
1	16
5	5
3	0
2	2
1	6
8	0
8	0
8	8
16	0
2	0
11	4
2	0
6	3
1	0
1	3
8	0
8	0
8	16
13	0
13	13
13	0
12	0
17	0
17	0
1	0
1	0
1	0
17	0
16	0
16	0
1	0
3	0
1	0
3	0
16	0
3	0
3	0
8	0
8	0
17	0
1	0
1	0
1	0
1	0
1	0
1	0
12	0
3	2
1	0
1	0
1	1
8	8
16	0
2	0
3	4
17	3
1	0
1	3
8	0
8	0
8	16
17	0
2	2
12	12
12	12
12	0
12	0
12	12
13	0
13	13
13	0
12	0
12	0
8	0
12	0
12	0
12	0
1	0
1	0
8	0
8	0
8	0
17	0
1	0
8	0
12	0
12	0
12	0
8	0
8	0
12	0
12	0
12	0
16	0
16	0
1	0
1	0
16	0
16	0
16	0
16	0
1	0
1	0
1	0
1	0
8	0
12	0
17	0
16	3
17	0
12	0
11	4
11	11
1	0
2	2
6	6
12	0
12	17
9	9
13	13
3	11
17	0
2	2
8	8
17	2
17	0
17	16
13	13
13	0
16	0
1	0
17	0
17	0
17	0
1	0
1	0
8	0
8	0
12	0
16	0
16	0
17	0
1	0
1	0
17	0
17	0
17	0
17	0
1	0
1	0
1	0
1	0
17	0
16	0
16	0
16	0
16	0
16	0
1	0
1	0
8	0
12	0
8	0
12	0
16	0
16	0
12	0
11	0
11	4
3	0
3	0
1	1
16	0
11	0
2	4
13	0
13	13
13	0
1	0
16	0
1	0
16	0
12	0
12	0
16	0
16	0
16	0
16	0
1	0
12	0
12	0
16	0
16	0
16	0
16	0
1	0
12	0
12	0
12	0
12	0
12	0
16	0
12	0
12	0
12	0
16	0
16	0
16	0
1	0
1	0
12	0
12	0
16	0
16	0
16	0
16	0
16	0
16	0
16	0
1	0
1	0
12	0
12	0
12	0
1	0
16	0
12	0
12	11
16	0
16	4
11	0
6	3
2	3
3	3
3	0
3	3
1	0
1	0
1	0
1	16
3	0
2	14
8	0
12	0
12	0
12	8
16	0
16	16
13	13
13	0
1	0
3	0
1	0
8	0
1	0
1	0
1	0
1	0
1	0
8	0
8	0
1	0
1	0
1	0
1	0
8	0
8	0
1	0
1	0
1	0
1	0
1	0
8	0
8	0
17	0
16	0
3	0
8	0
8	0
3	0
1	0
1	0
1	0
1	0
8	0
8	0
13	0
5	0
5	5
14	0
2	0
2	0
6	2
8	8
11	0
3	4
17	3
17	6
17	0
17	0
1	1
17	0
8	8
8	0
8	0
8	0
8	8
16	0
17	0
17	0
16	16
3	11
3	0
3	0
1	0
1	3
3	0
3	3
1	0
1	1
1	0
2	2
8	8
1	0
1	0
16	16
4	0
4	4
5	5
3	0
2	2
11	0
11	11
3	0
2	3
1	0
1	0
1	0
1	0
1	16
1	0
12	4
13	13
5	5
6	11
13	0
12	0
8	0
12	6
12	0
12	0
8	0
8	8
4	0
11	4
3	3
1	1
1	0
12	0
12	4
13	0
13	13
13	0
12	0
12	0
1	0
1	0
12	0
1	0
12	0
17	0
1	0
8	0
12	0
16	0
1	0
1	0
1	0
1	0
1	0
1	0
12	0
12	0
12	0
17	0
12	0
12	0
1	0
12	0
12	0
12	0
1	0
1	0
12	0
12	0
12	0
12	0
16	0
16	0
3	0
3	0
1	0
1	0
1	0
1	0
1	0
8	0
16	0
3	2
9	9
8	8
13	0
13	13
13	0
1	0
8	0
8	0
8	0
8	0
16	0
16	0
16	0
8	0
8	0
8	0
8	0
12	0
16	0
8	0
8	0
8	0
8	0
8	0
17	0
17	0
8	0
8	0
8	0
12	0
16	0
16	0
16	0
8	0
8	0
8	0
8	0
17	0
12	0
16	0
8	0
8	0
8	0
8	0
16	0
16	0
8	0
8	0
8	0
17	0
12	0
16	0
8	0
8	0
8	0
8	0
3	0
12	0
5	5
11	0
11	11
3	0
3	4
3	3
16	0
17	0
17	10
17	0
17	0
17	0
1	3
1	0
1	0
1	1
8	0
8	0
8	0
8	8
5	0
3	4
13	0
13	13
13	0
12	0
16	0
16	0
1	0
12	0
3	0
3	0
1	0
1	0
1	0
1	0
12	0
17	0
16	0
16	0
16	0
16	0
1	0
12	0
12	0
12	0
16	0
16	0
3	0
16	0
16	0
1	0
1	0
1	0
3	0
17	0
17	0
1	0
1	0
12	0
12	11
16	0
16	4
3	0
3	3
3	3
8	0
13	0
8	0
8	8
2	0
1	0
3	0
1	16
13	13
13	0
1	0
1	0
1	0
1	0
1	0
1	0
1	0
1	0
3	0
1	0
1	0
1	0
1	0
1	0
1	0
1	0
1	0
1	0
1	0
1	0
1	0
1	0
1	0
1	0
1	0
1	0
1	0
1	0
1	0
12	0
12	0
12	0
1	0
16	0
1	0
1	0
1	0
1	0
1	0
1	0
1	0
1	0
1	0
12	0
3	0
3	0
3	0
3	3
4	0
4	4
11	0
11	11
8	0
8	8
16	0
16	16
3	0
2	14
1	0
1	16
3	0
3	3
17	0
17	0
17	10
17	0
17	0
17	0
17	1
4	0
4	0
4	4
13	0
13	13
13	0
3	0
3	0
1	0
16	0
12	0
3	0
1	0
1	0
1	0
1	0
1	0
1	0
17	0
17	0
1	0
17	0
17	0
16	0
3	0
3	0
3	0
1	0
3	0
1	0
1	0
1	0
3	0
3	0
11	0
11	0
11	3
11	0
11	4
3	3
6	6
8	0
13	0
8	0
8	8
16	0
16	0
16	16
13	13
13	0
1	0
16	0
16	0
16	0
16	0
8	0
16	0
8	0
16	0
8	0
8	0
8	0
1	0
8	0
1	0
8	0
16	0
1	0
1	0
16	0
16	0
16	0
16	0
16	0
8	0
1	0
8	0
16	0
8	0
16	0
16	0
16	0
16	0
16	0
16	0
8	0
8	0
1	0
8	0
8	0
16	0
16	0
16	0
16	0
13	0
11	0
11	11
4	4
3	0
1	0
1	3
1	0
1	0
16	16
2	0
2	2
8	0
8	8
3	0
2	2
8	0
8	8
13	0
13	13
13	0
3	0
3	0
1	0
1	0
8	0
8	0
12	0
3	0
1	0
3	0
3	0
1	0
1	0
16	0
1	0
1	0
8	0
8	0
8	0
12	0
12	0
1	0
1	0
8	0
8	0
3	0
3	0
3	0
16	0
3	0
1	0
3	0
1	0
1	0
3	0
3	0
1	0
1	0
16	0
17	0
3	2
17	0
12	8
16	0
2	0
17	4
17	0
6	3
2	2
12	12
12	12
12	0
12	0
12	12
17	0
1	16
5	5
11	0
11	11
3	0
3	4
16	0
16	0
1	0
4	16
17	0
12	0
17	0
1	16
13	0
13	13
13	0
17	0
12	0
17	0
16	0
12	0
1	0
17	0
16	0
1	0
16	0
16	0
16	0
1	0
1	0
1	0
1	0
16	0
12	0
17	0
16	0
8	0
8	0
8	0
12	0
1	0
12	0
1	0
13	0
12	0
11	11
4	4
6	6
1	0
1	0
1	0
1	1
8	0
8	8
2	2
2	6
12	0
8	0
8	8
1	0
16	0
16	16
5	5
3	0
11	11
4	4
3	0
3	0
1	0
1	3
1	0
1	0
1	0
16	0
16	1
12	0
12	0
12	4
13	13
13	0
1	0
1	0
1	0
1	0
16	0
3	0
1	0
1	0
1	0
16	0
16	0
3	0
1	0
3	0
12	0
1	0
1	0
1	0
8	0
1	0
1	0
1	0
1	0
17	0
17	11
1	0
16	4
17	0
6	3
17	2
1	0
1	0
1	0
1	0
1	0
1	0
1	1
8	8
17	0
17	0
17	0
17	16
3	0
3	11
17	0
17	0
17	0
17	16
17	0
17	4
5	5
4	0
4	4
3	0
3	3
17	3
17	0
17	1
17	0
17	11
17	10
17	0
17	16
17	0
13	13
13	0
17	0
17	0
17	0
17	0
17	0
17	0
16	0
17	0
1	0
1	0
1	0
1	0
1	0
1	0
1	0
1	0
1	0
13	0
5	0
5	5
6	0
6	6
8	8
4	0
11	4
3	3
3	3
6	6
8	8
12	0
12	0
12	4
13	0
13	13
13	0
12	0
12	0
1	0
3	0
1	0
12	0
12	0
1	0
16	0
16	0
3	0
3	0
3	0
1	0
12	0
12	0
1	0
1	0
12	0
12	0
8	0
12	0
1	0
1	0
3	0
1	0
12	0
1	0
1	0
16	0
16	0
16	0
1	0
16	0
3	0
3	0
3	0
3	0
1	0
12	0
12	0
12	0
12	0
11	11
2	0
2	2
1	0
1	0
1	0
1	1
8	8
8	0
8	0
8	16
2	2
8	0
8	0
8	0
8	8
5	5
8	0
8	0
8	0
8	0
8	0
8	0
8	0
8	8
13	0
13	13
13	0
8	0
16	0
16	0
16	0
12	0
8	0
16	0
8	0
8	0
16	0
8	0
1	0
8	0
8	0
16	0
16	0
8	0
8	0
16	0
16	0
16	0
16	0
1	0
1	0
16	0
16	0
16	0
16	0
16	0
3	0
8	0
8	0
5	5
6	6
8	0
8	8
13	0
13	13
13	0
12	0
8	0
8	0
8	0
12	0
12	0
16	0
16	0
8	0
8	0
8	0
12	0
12	0
16	0
1	0
8	0
8	0
8	0
8	0
12	0
12	0
1	0
8	0
8	0
12	0
12	0
8	0
16	0
8	0
8	0
8	0
12	0
12	0
12	0
16	0
1	0
8	0
8	0
8	0
16	0
1	0
8	0
8	0
12	0
12	0
12	0
1	0
1	0
8	0
8	0
8	0
8	0
12	0
11	0
11	11
1	0
12	4
16	0
2	0
2	10
3	0
16	0
16	0
4	16
3	0
2	2
1	0
1	8
13	0
13	13
13	0
1	0
1	0
8	0
3	0
16	0
16	0
17	0
16	0
16	0
3	0
8	0
3	0
3	0
3	0
3	0
1	0
16	0
16	0
16	0
12	0
17	0
1	0
3	0
16	0
16	0
8	0
12	0
17	0
16	0
16	0
16	0
16	0
16	0
3	0
3	0
3	0
3	0
3	0
3	0
3	0
8	0
12	0
17	0
17	0
17	3
17	0
17	0
3	3
17	0
11	4
1	6
8	0
8	0
8	0
8	8
12	0
12	0
12	4
13	0
13	13
13	0
17	0
17	0
17	0
12	0
12	0
12	0
17	0
17	0
17	0
17	0
1	0
1	0
1	0
12	0
12	0
12	0
12	0
1	0
12	0
12	0
17	0
12	0
17	0
12	0
12	0
12	0
17	0
17	0
17	0
12	0
12	0
17	0
1	0
1	0
1	0
1	0
1	0
8	0
12	0
12	0
12	0
5	5
16	0
11	11
17	4
3	3
16	0
17	3
17	0
17	0
17	3
9	9
17	8
8	8
12	0
12	4
5	5
17	2
8	0
8	0
12	8
17	0
17	0
1	0
1	3
17	0
11	6
8	0
12	8
13	0
13	13
13	0
17	0
12	0
12	0
12	0
12	0
17	0
17	0
16	0
17	0
12	0
12	0
17	0
17	0
17	0
17	0
1	0
16	0
16	0
16	0
17	0
16	0
17	0
17	0
17	0
17	0
17	0
17	0
12	0
12	0
17	0
17	0
17	3
17	0
12	6
12	1
17	0
17	0
12	16
17	0
2	0
3	0
3	0
1	0
1	1
3	2
6	6
8	0
8	0
8	0
8	8
2	0
2	10
13	0
13	0
13	13
13	0
17	0
17	0
17	0
8	0
17	0
17	0
17	0
17	0
16	0
16	0
12	0
1	0
16	0
16	0
1	0
16	0
12	0
16	0
12	0
17	0
17	0
16	0
17	0
17	0
17	0
17	0
17	0
16	0
16	0
3	0
3	0
3	0
12	0
12	0
12	6
12	0
12	0
12	0
12	0
12	8
16	0
1	0
3	3
4	0
11	4
3	3
3	0
1	1
12	0
12	0
12	4
12	0
13	13
13	0
12	0
12	0
12	0
12	0
12	0
12	0
12	0
12	0
3	0
16	0
1	0
1	0
1	0
1	0
12	0
12	0
12	0
12	0
12	0
12	0
12	0
12	0
17	0
12	0
12	0
12	0
12	0
12	0
12	0
12	0
12	0
16	0
16	0
3	0
1	0
1	0
3	0
1	0
17	0
16	0
11	11
11	4
5	6
17	0
8	0
8	8
16	0
16	0
1	0
1	1
8	0
8	0
8	8
12	0
12	4
13	13
3	11
6	4
1	0
1	0
1	1
16	0
1	0
1	0
4	16
16	0
16	16
5	5
16	0
11	11
17	4
3	0
1	6
3	3
8	0
8	0
8	0
8	0
8	8
16	0
12	4
13	13
13	0
16	0
16	0
16	0
16	0
16	0
16	0
16	0
16	0
16	0
16	0
16	0
1	0
1	0
1	0
12	0
12	0
11	0
3	0
3	0
3	3
16	0
2	0
3	4
1	3
3	0
3	3
9	9
8	8
17	0
6	3
12	0
12	0
12	4
5	5
2	0
2	2
1	0
2	0
1	0
1	1
8	0
8	8
2	0
2	0
3	4
1	0
1	3
1	0
1	0
16	16
17	0
2	2
12	12
12	12
13	13
13	0
8	0
1	0
1	0
1	0
1	0
12	0
1	0
1	0
16	0
16	0
1	0
1	0
8	0
16	0
3	0
1	0
1	0
8	0
8	0
12	0
2	2
12	12
12	12
2	0
2	0
1	4
9	9
8	0
8	0
8	8
2	0
16	0
16	16
13	0
13	13
13	0
12	0
8	0
8	0
8	0
12	0
8	0
12	0
16	0
16	0
8	0
16	0
1	0
8	0
8	0
8	0
16	0
1	0
8	0
8	0
12	0
17	0
8	0
12	0
8	0
1	0
12	0
8	0
12	0
16	0
16	0
8	0
12	0
12	0
16	0
16	0
1	0
1	0
8	0
8	0
16	0
16	0
16	0
16	0
12	0
11	0
11	4
1	3
1	6
1	0
1	1
8	0
8	8
1	0
1	0
1	1
2	0
2	2
8	8
8	2
5	6
8	0
8	0
8	0
8	8
8	8
5	5
8	0
8	0
8	8
13	13
13	0
1	0
1	0
1	0
1	0
2	0
1	0
1	0
8	0
8	0
1	0
8	0
8	0
1	0
16	0
8	0
1	0
8	0
8	0
8	0
16	0
1	0
1	0
1	0
1	0
1	0
8	0
16	0
1	0
1	0
2	0
1	0
1	0
17	0
17	0
3	0
3	0
3	3
3	0
2	0
3	0
3	3
17	0
1	0
12	1
13	0
13	13
13	0
13	0
17	0
1	0
12	0
12	0
17	0
17	0
16	0
17	0
16	0
16	0
16	0
16	0
16	0
16	0
1	0
1	0
16	0
17	0
12	0
17	0
17	0
1	0
1	0
12	0
12	0
16	0
12	0
1	0
1	0
16	0
16	0
17	0
16	0
16	0
16	0
16	0
16	0
1	0
1	0
17	0
1	0
1	0
17	0
12	0
17	0
16	0
11	11
17	4
4	0
3	3
3	0
1	3
8	0
8	8
16	0
17	10
1	0
12	4
5	5
3	11
11	0
11	4
3	0
3	3
3	0
3	3
1	0
1	0
16	16
4	0
1	4
5	5
3	2
1	0
1	0
1	1
1	6
8	0
8	0
8	0
8	8
13	13
13	0
1	0
1	0
1	0
1	0
1	0
1	0
1	0
1	0
16	0
16	0
16	0
16	0
1	0
1	0
1	0
1	0
16	0
1	0
1	0
1	0
1	0
13	0
12	0
12	0
12	0
12	6
8	8
4	0
11	4
3	0
3	5
1	3
1	1
12	0
12	0
12	4
13	0
13	13
13	0
12	0
12	0
1	0
1	0
12	0
12	0
12	0
1	0
1	0
16	0
16	0
3	0
3	0
1	0
1	0
17	0
1	0
12	0
12	0
12	0
1	0
12	0
1	0
1	0
1	0
12	0
12	0
12	0
1	0
12	0
12	0
12	0
1	0
1	0
16	0
3	0
3	0
3	0
1	0
1	0
17	0
17	0
17	0
3	11
16	0
16	4
2	2
11	0
12	0
12	0
8	8
1	0
2	4
13	0
13	0
13	13
13	0
1	0
1	0
1	0
12	0
17	0
1	0
1	0
1	0
16	0
1	0
1	0
1	0
12	0
1	0
12	0
1	0
16	0
12	0
13	0
1	0
3	0
16	0
1	0
16	0
12	0
12	0
1	0
1	0
16	0
16	0
1	0
1	0
1	0
1	0
1	0
3	0
1	0
12	0
8	0
1	0
1	0
16	0
12	0
13	0
1	0
12	0
12	0
12	6
12	0
16	0
16	1
12	0
12	0
12	0
12	8
3	0
3	11
3	3
1	0
12	4
1	0
3	4
13	13
13	0
1	0
1	0
1	0
12	0
1	0
1	0
1	0
12	0
12	0
12	0
12	0
12	0
16	0
1	0
1	0
1	0
1	0
1	0
1	0
1	0
1	0
1	0
12	0
12	0
12	0
1	0
1	0
1	0
12	0
12	0
12	0
12	0
12	0
1	0
12	0
12	0
3	0
16	0
1	0
1	0
1	0
12	0
1	0
1	1
1	0
1	0
1	1
12	0
8	0
8	0
8	8
13	13
8	0
8	0
8	0
8	0
8	0
8	0
8	8
13	13
2	0
2	0
6	0
6	6
12	0
8	0
8	0
8	0
8	12
13	13
5	0
3	3
12	3
3	0
17	0
12	3
1	0
17	0
2	1
13	0
13	13
13	0
1	0
16	0
1	0
12	0
1	0
16	0
1	0
1	0
1	0
1	0
16	0
1	0
8	0
8	0
16	0
16	0
1	0
1	0
8	0
12	0
5	5
11	11
3	11
11	13
11	11
1	0
1	0
16	0
16	16
11	4
11	0
11	4
5	6
8	0
13	0
12	0
8	8
12	0
12	0
12	4
13	13
3	11
17	0
3	11
1	0
1	1
6	4
3	0
1	16
1	0
1	0
1	16
13	0
13	13
13	0
12	0
12	0
12	0
16	0
12	0
16	0
12	0
16	0
17	0
1	0
12	0
1	0
16	0
8	0
1	0
11	0
8	0
1	0
16	0
8	0
1	0
1	0
1	0
1	0
12	0
12	0
12	17
12	0
12	5
3	3
1	3
17	0
1	1
12	0
12	0
12	4
13	0
13	13
13	0
12	0
12	0
12	0
1	0
12	0
1	0
12	0
16	0
12	0
16	0
16	0
1	0
1	0
1	0
12	0
17	0
17	0
12	0
12	0
12	0
12	0
12	0
12	0
12	0
12	0
12	0
1	0
12	0
16	0
17	0
12	0
12	0
12	0
12	0
12	0
12	0
1	0
1	0
1	0
12	0
17	0
17	0
12	0
12	0
12	0
12	0
11	11
11	4
16	0
2	11
11	11
16	0
16	0
16	16
5	5
17	0
2	11
12	0
12	0
8	8
16	0
16	16
5	3
3	0
6	0
3	14
3	0
2	0
11	0
1	16
16	0
4	16
3	0
6	0
11	0
3	14
3	0
3	10
1	1
11	0
1	4
13	0
13	13
13	0
12	0
16	0
1	0
1	0
16	0
1	0
12	0
16	0
16	0
16	0
16	0
1	0
1	0
1	0
1	0
1	0
16	0
16	0
16	0
16	0
16	0
12	0
1	3
1	0
1	1
12	0
12	0
12	4
13	13
13	0
1	0
12	0
1	0
1	0
1	0
1	0
1	0
12	0
12	0
12	0
12	0
12	0
1	0
1	0
1	0
12	0
12	0
12	0
12	0
12	0
1	0
12	0
12	0
12	0
1	0
1	0
1	0
1	0
12	0
12	0
12	0
12	0
12	0
1	0
1	0
1	0
12	0
1	0
1	0
1	0
16	0
12	0
12	0
12	0
12	0
1	0
1	0
1	0
12	0
1	0
1	0
13	0
13	0
13	17
8	2
17	0
17	0
11	6
8	0
8	8
17	0
17	0
12	4
17	0
12	2
8	0
8	8
12	0
17	0
17	3
16	0
16	16
13	13
3	11
3	0
3	4
17	0
17	0
17	3
9	9
8	0
17	8
17	0
3	4
2	0
2	2
8	8
3	0
10	14
1	0
1	0
1	0
16	16
13	13
5	5
4	0
4	4
6	0
6	3
2	0
6	0
6	2
1	0
12	0
1	0
1	0
1	1
8	8
12	10
2	0
13	0
3	0
2	0
14	2
12	0
12	8
11	0
11	4
16	0
16	11
5	6
12	0
12	0
12	0
12	8
1	0
2	0
1	0
16	16
13	13
3	11
17	0
3	11
2	3
3	0
3	0
3	0
9	0
1	1
1	0
1	0
1	0
1	16
4	0
4	4
13	13
13	13
13	0
1	0
16	0
16	0
16	0
1	0
1	0
1	0
1	0
1	0
1	0
1	0
16	0
16	0
16	0
1	0
1	0
1	0
1	0
16	0
12	0
12	0
16	0
1	0
12	0
8	0
2	0
2	0
14	2
8	0
8	8
11	0
11	4
16	0
6	0
5	3
1	0
11	6
1	0
1	0
1	0
16	0
3	1
8	0
8	0
8	0
8	8
12	0
12	4
5	5
16	0
16	4
3	0
6	6
1	1
17	0
12	0
12	1
8	0
8	0
12	0
8	0
12	8
16	0
2	0
2	0
1	0
1	1
8	0
8	16
13	0
13	13
13	0
12	0
1	0
1	0
1	0
16	0
1	0
16	0
16	0
16	0
16	0
16	0
12	0
12	0
3	0
3	7
13	0
12	0
13	13
13	0
8	0
8	0
1	0
1	0
12	0
1	0
1	0
1	0
1	0
1	0
12	0
12	0
1	0
1	0
1	0
1	0
1	0
12	0
12	0
12	0
12	0
1	0
1	0
12	0
12	0
1	0
1	0
1	0
1	0
1	0
12	0
12	0
12	0
12	0
1	0
1	0
1	0
1	0
1	0
16	0
16	0
1	0
1	0
12	0
12	0
12	0
1	0
1	0
1	0
1	0
1	0
1	0
12	0
8	0
6	0
16	0
16	3
11	0
11	4
1	2
8	0
8	8
12	0
12	0
12	3
1	0
1	0
1	0
1	8
1	0
8	16
5	5
3	0
3	0
3	3
2	0
2	0
1	4
1	0
1	0
1	0
1	0
1	16
5	5
1	0
3	4
8	0
8	12
12	12
8	0
8	8
1	0
1	0
1	16
5	5
16	0
16	1
2	0
3	0
3	0
3	0
8	16
13	0
13	0
13	13
13	0
3	0
12	0
12	0
12	0
1	0
1	0
12	0
17	0
12	17
12	0
6	6
8	0
8	8
13	13
3	0
6	6
8	0
8	8
3	0
4	0
4	0
1	16
8	0
8	8
16	0
16	0
16	16
13	0
13	13
13	0
12	0
12	0
16	0
16	0
12	0
12	0
1	0
1	0
8	0
1	0
1	0
1	0
1	0
16	0
16	0
16	0
16	0
16	0
16	0
12	0
12	0
16	0
16	0
12	0
12	0
12	0
16	0
16	0
16	0
16	0
1	0
1	0
1	0
8	0
1	0
1	0
13	0
8	0
8	8
16	0
16	0
16	16
13	0
13	13
13	0
12	0
1	0
16	0
1	0
1	0
8	0
8	0
16	0
16	0
16	0
1	0
16	0
12	0
3	0
16	0
16	0
16	0
16	0
12	0
12	0
12	0
16	0
16	0
16	0
1	0
1	0
8	0
16	0
16	0
16	0
16	0
12	0
12	0
12	0
12	0
8	0
1	0
1	0
16	0
8	0
16	0
16	0
16	0
12	0
12	0
12	0
1	0
1	0
1	0
1	0
1	0
13	0
8	0
8	8
16	0
16	0
16	16
13	0
13	0
13	13
13	0
1	0
1	0
1	0
8	0
13	0
8	0
1	0
16	0
16	0
16	0
16	0
12	0
13	0
16	0
16	0
16	0
16	0
16	0
12	0
12	0
13	0
16	0
1	0
8	0
13	0
8	0
16	0
16	0
16	0
16	0
8	0
13	0
12	0
13	0
8	0
1	0
1	0
16	0
8	0
16	0
16	0
16	0
16	0
13	0
12	0
1	0
1	0
1	0
1	0
1	0
13	0
11	0
11	11
4	4
5	6
12	0
12	0
12	0
8	8
5	5
4	4
1	0
1	1
3	3
3	0
3	0
3	3
13	0
13	13
13	0
16	0
16	0
3	0
16	0
1	0
8	0
12	0
16	0
16	0
1	0
16	0
1	0
1	0
1	0
1	0
1	0
1	0
1	0
16	0
12	0
1	0
16	0
1	0
1	0
16	0
12	0
16	0
16	0
16	0
16	0
1	0
1	0
1	0
1	0
1	0
16	0
16	0
1	0
1	0
1	0
12	0
12	0
12	0
12	0
12	7
13	0
13	13
13	0
12	0
8	0
16	0
8	0
12	0
12	0
12	0
12	0
16	0
16	0
12	0
12	0
12	0
12	0
1	0
12	0
8	0
12	0
12	0
12	0
12	0
12	0
8	0
12	0
12	0
12	0
1	0
12	0
12	0
8	0
12	0
12	0
12	0
12	0
12	0
1	0
16	0
16	0
12	0
12	0
12	0
12	0
12	0
12	0
12	0
12	0
1	0
16	0
16	0
16	0
12	0
1	0
13	0
17	0
12	6
12	0
4	0
8	8
1	0
2	0
1	0
1	16
2	3
16	16
4	4
11	11
11	0
11	11
8	0
2	0
2	2
3	0
9	9
8	0
8	8
4	0
4	4
13	0
13	13
13	0
1	0
16	0
16	0
16	0
1	0
3	0
1	0
1	0
8	0
8	0
1	0
3	0
3	0
1	0
8	0
8	0
16	0
1	0
3	0
1	0
1	0
12	0
8	0
16	0
1	0
1	0
1	0
1	0
8	0
3	0
3	0
3	0
13	0
3	0
5	5
11	0
11	11
16	0
16	4
17	0
2	0
11	6
12	0
12	0
8	8
16	0
3	4
13	13
3	0
11	11
11	0
11	4
3	3
3	0
12	6
12	0
12	0
8	8
13	0
13	0
13	13
13	0
1	0
16	0
1	0
16	0
16	0
16	0
16	0
16	0
16	0
16	0
1	0
1	0
1	0
1	0
12	0
1	0
16	0
1	0
16	0
16	0
3	0
16	0
16	0
16	0
1	0
1	0
8	0
1	0
16	0
16	0
13	0
13	0
13	17
8	0
2	2
12	12
12	12
16	0
9	0
1	4
1	0
1	3
8	0
8	0
8	16
2	0
2	2
12	0
12	12
13	13
13	0
13	0
8	0
8	0
1	0
8	0
8	0
13	0
16	0
16	0
16	0
1	0
8	0
8	0
8	0
8	0
8	0
1	0
8	0
8	0
8	0
8	0
16	0
8	0
1	0
8	0
8	0
13	0
1	0
8	0
8	0
16	0
16	0
16	0
16	0
16	0
1	0
8	0
8	0
8	0
13	0
17	0
3	0
3	0
3	3
11	0
11	4
17	0
17	3
17	0
17	3
17	0
1	0
16	0
16	16
2	2
2	0
6	6
8	0
8	8
13	0
13	13
13	0
1	0
1	0
1	0
8	0
16	0
8	0
1	0
1	0
1	0
1	0
1	0
1	0
3	0
1	0
1	0
1	0
8	0
8	0
8	0
12	0
1	0
1	0
8	0
8	0
8	0
17	0
16	0
16	0
16	0
3	0
17	0
17	0
1	0
1	0
1	0
1	0
1	0
17	0
1	0
17	0
17	0
17	0
12	3
16	0
16	0
3	16
3	3
17	0
11	3
5	5
1	0
1	1
17	0
6	0
17	0
17	14
17	0
6	3
17	0
12	16
17	0
17	0
11	4
17	0
13	13
13	0
17	0
1	0
1	0
1	0
1	0
1	0
1	0
17	0
17	0
8	0
8	0
12	0
8	0
17	0
12	0
17	0
17	0
8	0
8	0
17	0
17	0
17	0
1	0
16	0
16	0
16	0
1	0
1	0
1	0
1	0
1	0
12	0
11	11
3	0
3	4
17	0
3	0
16	0
16	3
3	3
6	6
8	8
3	0
3	3
17	0
17	0
17	10
17	0
17	0
17	0
17	16
4	0
4	14
3	0
3	0
1	0
1	3
11	11
2	0
1	0
1	0
1	0
1	0
16	16
4	0
4	4
5	5
3	3
8	0
8	0
8	0
8	0
8	0
8	8
5	5
3	3
13	13
13	0
1	0
1	0
1	0
1	0
1	0
1	0
1	0
1	0
1	0
1	0
1	0
1	0
1	0
11	0
13	0
11	0
5	3
11	0
11	4
6	0
6	3
5	6
8	0
8	0
8	0
8	8
8	0
8	0
16	0
8	16
3	11
3	0
2	2
8	8
5	5
3	0
3	0
6	0
6	2
8	8
16	0
16	0
16	0
16	16
13	13
13	0
1	0
1	0
16	0
16	0
16	0
16	0
1	0
1	0
8	0
8	0
16	0
16	0
1	0
1	0
1	0
16	0
16	0
16	0
16	0
8	0
1	0
1	0
8	0
8	0
8	0
16	0
16	0
12	0
12	0
12	4
17	0
6	3
17	0
2	0
2	3
1	0
1	16
5	5
17	0
16	4
17	0
2	11
17	0
12	0
12	3
17	0
17	2
12	0
8	0
8	8
1	0
1	0
1	0
1	16
13	0
13	13
13	0
12	0
8	0
16	0
17	0
8	0
17	0
17	0
17	0
8	0
17	0
1	0
17	0
17	0
12	0
8	0
17	0
17	0
17	0
16	0
16	0
8	0
16	0
1	0
1	0
8	0
8	0
8	0
16	0
17	0
17	0
8	0
11	0
3	0
3	3
16	0
17	0
17	10
1	0
1	0
1	1
5	5
9	9
8	8
13	0
13	13
13	0
12	0
1	0
8	0
17	0
12	0
1	0
12	0
3	0
17	0
17	0
17	0
17	0
1	0
1	0
1	0
1	0
8	0
8	0
8	0
12	0
1	0
1	0
1	0
8	0
8	0
1	0
1	0
12	0
1	0
1	0
17	0
16	0
17	0
16	0
16	0
17	0
1	0
1	0
1	0
1	0
1	0
8	0
8	0
8	0
13	0
11	0
4	14
17	0
11	3
17	0
6	4
3	0
3	0
3	3
3	3
1	0
1	0
1	0
1	1
8	0
12	0
12	0
9	1
8	0
8	0
8	8
3	11
1	0
1	0
1	0
1	0
1	16
13	13
13	0
3	0
1	0
1	0
1	0
1	0
1	0
1	0
1	0
1	0
1	0
1	0
1	0
1	0
1	0
1	0
1	0
1	0
1	0
1	0
1	0
8	0
8	0
1	0
3	0
1	0
1	0
1	0
1	0
1	0
1	0
13	0
5	0
5	5
6	11
17	0
1	0
17	16
17	6
3	0
3	0
1	1
8	8
17	0
2	2
17	0
9	0
11	6
1	0
9	0
1	3
5	5
1	0
1	0
1	0
1	0
1	0
1	16
13	13
13	0
1	0
1	0
1	0
1	0
16	0
8	0
1	0
1	0
8	0
1	0
1	0
1	0
1	0
1	0
1	0
1	0
1	0
1	0
1	0
16	0
16	0
8	0
17	0
8	0
17	0
17	0
1	0
1	0
8	0
8	0
17	0
13	0
11	11
1	0
16	4
17	0
2	11
1	0
1	0
1	0
1	0
1	0
1	1
8	0
8	16
13	0
13	13
13	0
12	0
8	0
8	0
1	0
8	0
8	0
12	0
17	0
16	0
8	0
1	0
1	0
1	0
1	0
1	0
8	0
8	0
8	0
12	0
12	0
17	0
1	0
8	0
1	0
1	0
12	0
12	0
12	0
8	0
16	0
16	0
16	0
16	0
16	0
1	0
1	0
1	0
1	0
1	0
1	0
8	0
8	0
8	0
13	0
11	0
6	3
11	0
11	4
17	0
17	0
11	0
11	6
8	0
8	0
8	8
2	0
2	2
9	9
8	8
4	0
3	3
16	0
16	0
16	16
5	5
4	0
4	4
3	3
2	0
2	2
8	8
3	10
1	0
1	0
16	16
13	0
13	13
13	0
1	0
3	0
16	0
1	0
1	0
8	0
1	0
8	0
1	0
3	0
3	0
2	0
1	0
16	0
16	0
1	0
8	0
17	0
1	0
1	0
8	0
8	0
1	0
16	0
1	0
17	0
3	0
11	11
17	0
11	4
17	0
17	3
17	0
17	0
17	0
17	1
17	0
17	0
17	4
17	0
3	5
17	0
17	0
17	10
17	0
17	0
17	0
1	1
13	0
13	13
13	0
17	0
17	0
17	0
17	0
17	0
17	0
17	0
17	0
17	0
17	0
1	0
17	0
17	0
17	0
17	0
17	0
17	0
1	0
17	0
12	0
17	0
17	0
3	0
17	0
17	0
17	0
17	0
17	0
17	0
17	0
17	0
17	0
17	0
17	0
17	0
14	11
11	0
3	4
17	0
17	0
17	3
17	0
17	3
17	0
1	3
1	0
1	0
1	0
1	1
8	0
8	0
8	0
8	8
17	0
17	0
17	0
12	16
17	0
2	2
17	0
3	0
11	0
11	6
8	8
13	0
13	13
13	0
17	0
1	0
1	0
12	0
12	0
17	0
16	0
17	0
17	0
17	0
8	0
17	0
12	0
17	0
16	0
16	0
16	0
12	0
17	0
17	0
1	0
1	0
16	0
1	0
1	0
1	0
1	0
12	0
2	0
2	2
2	0
2	6
8	0
8	0
8	0
8	8
16	0
2	0
11	4
16	2
3	0
6	6
8	8
5	5
16	0
16	4
17	0
3	11
3	0
6	16
1	0
1	0
1	0
1	16
13	0
13	13
13	0
12	0
16	0
16	0
8	0
1	0
16	0
8	0
16	0
16	0
16	0
1	0
1	0
1	0
1	0
8	0
1	0
17	0
8	0
8	0
2	0
2	0
16	0
8	0
16	0
16	0
16	0
16	0
16	0
3	0
1	0
12	0
3	11
4	0
4	4
11	0
6	3
1	0
1	0
1	0
1	0
1	0
1	16
5	5
6	6
8	0
8	0
8	0
8	8
17	0
11	4
1	0
12	16
13	13
13	0
1	0
3	0
1	0
1	0
1	0
1	0
1	0
1	0
1	0
1	0
1	0
1	0
1	0
1	0
3	0
1	0
1	0
1	0
1	0
1	0
1	0
1	0
1	0
1	0
1	0
1	0
1	0
8	0
1	0
1	0
1	0
1	0
1	0
1	0
1	0
1	0
12	0
5	0
5	5
3	0
3	14
8	0
12	0
16	0
16	16
11	4
3	0
11	14
3	0
3	11
3	0
3	3
3	0
11	0
14	16
1	0
1	11
1	0
1	0
1	0
1	16
5	5
16	0
16	0
17	11
13	0
17	0
17	16
17	0
4	16
11	4
11	11
17	0
2	11
1	0
16	0
16	16
5	5
8	0
8	8
13	0
13	13
13	0
16	0
3	0
3	0
8	0
3	0
16	0
3	0
3	0
3	0
3	0
3	0
3	0
1	0
17	0
11	4
17	0
2	11
17	0
12	6
12	0
12	0
8	8
1	0
2	0
1	0
1	0
1	0
1	0
1	0
1	0
16	0
16	16
5	5
17	4
17	0
17	11
17	0
17	0
17	10
17	3
17	0
17	3
17	0
17	0
17	7
17	0
17	0
17	0
17	0
1	16
13	13
13	0
1	0
1	0
16	0
17	0
17	0
1	0
16	0
16	0
16	0
17	0
17	0
17	0
1	0
1	0
1	0
1	0
1	0
1	0
1	0
1	0
1	0
12	0
3	11
4	0
4	4
17	0
6	3
1	0
12	0
17	3
1	0
1	16
5	5
1	0
17	4
17	0
11	16
1	0
12	6
8	8
17	0
1	0
17	16
2	2
12	12
12	12
13	13
12	12
2	2
11	0
6	6
8	0
8	8
13	13
13	0
3	0
1	0
8	0
1	0
1	0
8	0
1	0
1	0
1	0
1	0
1	0
12	0
1	0
1	0
1	0
3	0
8	0
8	0
1	0
1	0
1	0
1	0
1	0
1	0
1	0
1	0
12	0
11	0
11	0
3	0
3	3
11	0
3	4
1	0
3	0
1	0
1	3
1	0
1	0
17	11
1	0
17	0
1	0
17	16
5	5
5	0
3	0
3	0
16	3
11	4
6	0
6	3
3	6
8	0
8	8
2	6
8	0
8	0
8	8
3	0
3	3
1	0
3	4
13	13
13	0
1	0
5	0
1	0
1	0
1	0
16	0
1	0
16	0
16	0
16	0
16	0
16	0
16	0
1	0
1	0
1	0
1	0
1	0
1	0
1	0
1	0
12	0
3	0
3	11
3	0
3	4
17	0
11	3
16	16
3	11
16	0
4	0
4	16
2	2
1	0
1	0
1	0
1	1
8	0
8	0
8	12
13	13
8	0
13	0
8	8
13	13
5	5
16	0
16	0
16	0
16	16
2	2
3	0
2	6
8	0
8	8
13	13
13	0
8	0
8	0
1	0
8	0
1	0
8	0
1	0
8	0
16	0
16	0
16	0
1	0
1	0
3	0
1	0
8	0
8	0
16	0
16	0
1	0
1	0
1	0
1	0
12	0
3	11
16	0
4	4
17	0
11	3
6	6
1	0
17	0
1	0
1	1
8	0
8	0
8	12
1	0
1	0
1	16
5	5
16	0
16	4
17	0
12	6
12	0
8	0
8	8
17	0
2	2
12	0
12	8
1	0
2	0
1	16
13	0
13	13
13	0
12	0
12	0
1	0
1	0
16	0
17	0
17	0
12	0
12	0
1	0
3	0
17	0
3	0
3	0
1	0
1	0
1	0
12	0
1	0
1	0
1	0
1	0
1	0
1	0
1	0
13	0
13	0
6	0
5	3
8	0
2	0
11	4
8	0
11	0
2	0
11	2
8	0
8	0
8	0
8	8
1	0
11	0
2	0
1	0
16	0
16	16
5	5
11	0
11	3
2	0
2	16
6	6
1	0
1	0
1	1
12	0
8	0
12	8
3	3
3	0
2	2
17	0
2	11
12	0
2	2
8	0
8	0
8	8
13	13
14	0
11	11
1	0
12	0
12	16
1	8
9	9
17	0
17	0
2	0
17	2
16	0
16	16
13	0
13	13
13	0
13	0
1	8
9	9
8	0
17	0
2	2
9	9
8	8
17	0
17	16
13	0
13	0
13	13
13	0
1	0
8	0
8	0
8	0
12	0
1	0
8	0
8	0
8	0
8	0
8	0
8	0
8	0
8	0
8	0
8	0
8	0
8	0
8	0
8	0
1	0
8	0
8	0
8	0
8	0
12	0
8	0
8	0
8	0
8	0
8	0
8	0
16	0
8	0
8	0
8	0
8	0
17	0
8	0
8	0
8	0
8	0
8	0
8	0
1	0
1	0
12	0
6	11
8	0
8	16
3	3
1	3
2	2
12	0
12	12
13	0
13	13
13	0
1	0
1	0
16	0
16	0
16	0
16	0
16	0
1	0
16	0
12	0
16	0
16	0
1	0
16	0
16	0
1	0
16	0
12	0
16	0
12	0
12	0
1	0
16	0
16	0
16	0
1	0
16	0
16	0
12	0
16	0
12	0
16	0
16	0
1	0
16	0
16	0
16	0
16	0
16	0
1	0
12	0
16	0
12	0
12	0
12	0
1	0
16	0
16	0
17	0
3	0
11	11
17	0
11	4
11	0
3	0
3	3
1	3
5	6
8	0
8	0
8	8
12	0
12	0
12	4
17	0
3	14
17	0
17	0
17	10
17	3
17	0
17	0
1	1
17	0
17	3
17	0
17	0
17	16
13	0
13	13
13	0
17	0
12	0
12	0
17	0
17	0
17	0
17	0
17	0
17	0
1	0
17	0
17	0
17	0
17	0
8	0
3	0
17	0
17	0
16	0
3	0
1	0
1	0
1	0
1	0
16	0
17	0
12	0
12	0
3	11
16	0
16	4
17	0
2	11
12	0
6	3
8	0
2	2
1	6
8	8
1	0
8	16
3	0
2	14
6	0
6	6
13	13
1	0
1	0
1	0
1	1
13	13
8	0
8	0
8	12
5	5
12	0
12	6
12	0
12	8
17	4
17	0
3	11
1	0
1	3
2	2
8	8
1	0
1	0
1	0
1	0
1	0
16	0
1	0
1	0
16	0
16	16
13	13
13	0
8	0
17	0
8	0
8	0
1	0
1	0
1	0
1	0
1	0
13	0
5	0
5	5
3	0
2	2
3	0
11	0
3	0
3	3
9	9
8	8
2	0
2	16
12	0
12	6
12	0
12	8
13	13
13	13
11	0
5	0
11	6
8	0
8	8
3	0
16	0
16	0
16	16
11	0
11	11
2	0
2	2
2	0
6	6
1	0
1	1
8	0
8	0
8	8
13	13
13	0
16	0
1	0
1	0
8	0
16	0
16	0
16	0
16	0
16	0
3	0
1	0
1	0
8	0
1	0
8	0
8	0
1	0
12	0
12	0
13	0
13	13
12	0
12	0
12	7
13	0
13	0
13	13
13	0
1	0
8	0
8	0
12	0
1	0
1	0
1	0
8	0
16	0
12	0
12	0
12	0
13	0
1	0
1	0
8	0
1	0
12	0
13	0
12	0
13	0
8	0
8	0
12	0
13	0
1	0
1	0
1	0
8	0
1	0
12	0
13	0
12	0
12	0
1	0
1	0
8	0
1	0
1	0
1	0
1	0
1	0
12	0
13	0
12	0
12	0
8	0
8	0
8	0
1	0
1	0
1	0
1	0
1	16
13	0
13	0
13	13
13	0
1	0
1	0
8	0
1	0
1	0
1	0
1	0
8	0
8	0
1	0
1	0
8	0
1	0
1	0
1	0
8	0
8	0
1	0
1	0
8	0
1	0
8	0
8	0
1	0
1	0
8	0
1	0
1	0
8	0
8	0
1	0
1	0
8	0
1	0
1	0
1	0
8	0
8	0
1	0
1	0
1	0
8	0
8	0
1	0
8	0
1	0
1	0
8	0
8	0
8	0
1	0
1	0
1	0
12	0
17	0
16	3
4	0
11	4
3	0
3	3
5	6
8	0
8	8
12	0
12	0
12	4
13	13
13	0
1	0
1	0
1	0
1	0
16	0
1	0
1	0
1	0
16	0
16	0
1	0
1	0
1	0
1	0
1	0
12	0
16	0
16	0
1	0
1	0
1	0
1	0
12	0
12	0
1	0
1	0
1	0
1	0
1	0
16	0
16	0
1	0
16	0
16	0
16	0
1	0
1	0
1	0
1	0
16	0
12	0
16	0
16	0
1	0
1	0
13	0
3	0
8	0
3	1
5	5
1	0
1	0
16	1
6	0
6	6
8	0
8	8
16	0
17	3
13	13
13	0
1	0
1	0
16	0
1	0
16	0
16	0
1	0
1	0
1	0
16	0
16	0
16	0
16	0
16	0
1	0
8	0
17	0
1	0
1	0
1	0
1	0
8	0
1	0
16	0
16	0
16	0
8	0
1	0
1	0
1	0
16	0
1	0
16	0
1	0
16	0
16	0
16	0
16	0
1	0
1	0
1	0
16	0
1	0
1	0
12	0
11	0
6	3
8	0
2	0
3	4
11	11
4	0
3	3
3	0
16	3
1	0
1	0
1	16
5	5
16	0
16	4
6	0
6	3
3	3
1	0
9	2
1	0
1	0
1	1
8	0
8	0
8	0
8	8
13	13
3	3
17	3
17	0
17	0
17	0
17	2
8	8
13	13
3	3
6	6
8	8
1	0
1	2
12	12
1	0
12	0
8	0
8	0
8	16
13	13
13	0
1	0
1	0
1	0
1	0
1	0
1	0
1	0
1	0
16	0
11	0
11	0
11	3
11	0
11	4
6	0
6	3
3	0
2	2
8	0
8	0
8	0
8	8
5	6
12	12
12	0
12	12
1	0
12	0
1	0
8	16
5	5
4	0
4	4
11	0
6	3
2	0
1	3
2	2
1	0
2	6
8	0
8	8
13	13
13	0
1	0
16	0
1	0
1	0
1	0
8	0
16	0
8	0
1	0
16	0
16	0
8	0
16	0
16	0
16	0
8	0
8	0
8	0
8	0
1	0
8	0
8	0
8	0
8	0
1	0
12	0
2	2
12	12
12	12
16	0
11	4
11	0
3	0
3	3
2	6
8	8
5	0
12	2
8	8
9	9
2	2
8	8
13	0
13	13
13	0
1	0
16	0
16	0
8	0
8	0
8	0
12	0
16	0
16	0
16	0
16	0
1	0
8	0
8	0
8	0
8	0
1	0
8	0
8	0
12	0
8	0
16	0
8	0
16	0
8	0
12	0
12	0
16	0
12	0
16	0
16	0
16	0
16	0
16	0
16	0
1	0
1	0
8	0
8	0
8	0
12	0
12	11
16	0
16	4
17	0
6	3
3	0
3	5
17	0
11	6
1	0
1	1
1	0
17	0
1	0
8	16
2	2
12	12
12	12
13	0
13	13
13	0
17	0
17	0
1	0
1	0
16	0
12	0
16	0
16	0
16	0
1	0
1	0
1	0
1	0
8	0
8	0
1	0
12	0
16	0
16	0
17	0
17	0
16	0
1	0
16	0
16	0
12	0
17	0
16	0
16	0
8	0
16	0
17	0
1	0
1	0
1	0
1	0
1	0
1	0
16	0
1	0
3	0
1	0
1	0
3	3
5	6
8	0
8	8
2	2
12	12
13	13
13	0
1	0
16	0
16	0
16	0
16	0
8	0
8	0
16	0
1	0
16	0
16	0
8	0
8	0
8	0
16	0
16	0
16	0
16	0
16	0
16	0
16	0
1	0
1	0
16	0
16	0
16	0
8	0
8	0
16	0
8	0
16	0
16	0
16	0
8	0
1	0
1	0
1	0
8	0
8	0
8	0
16	0
16	0
16	0
16	0
16	0
1	0
16	0
13	0
11	0
6	3
8	0
12	0
1	4
8	0
9	2
12	12
1	0
1	0
1	0
16	0
16	16
13	0
13	0
13	13
13	0
16	0
8	0
8	0
8	0
8	0
8	0
13	0
16	0
8	0
8	0
8	0
8	0
8	0
1	0
1	0
16	0
16	0
16	0
12	0
13	0
16	0
8	0
1	0
8	0
8	0
13	0
12	0
13	0
16	0
8	0
8	0
8	0
8	0
8	0
8	0
8	0
8	0
1	0
1	0
1	0
16	0
8	0
12	0
16	0
16	0
16	0
16	0
16	0
16	0
16	0
16	7
6	6
8	0
8	0
8	0
8	0
8	8
13	13
13	0
1	0
3	0
3	0
8	0
8	0
8	0
1	0
1	0
1	0
1	0
1	0
16	0
16	0
1	0
1	0
1	0
8	0
8	0
8	0
8	0
8	0
1	0
1	0
1	0
8	0
8	0
8	0
1	0
3	0
3	0
1	0
16	0
1	0
1	0
1	0
1	0
16	0
16	0
1	0
1	0
1	0
8	0
1	0
12	0
11	11
4	0
4	4
3	0
17	0
1	0
1	3
1	0
1	0
1	1
2	2
12	0
12	0
13	0
8	0
8	17
2	0
3	0
3	16
13	0
13	13
13	0
12	0
1	0
1	0
1	0
1	0
1	0
1	0
1	0
1	0
1	0
1	0
1	0
1	0
1	0
1	0
1	0
1	0
1	0
1	0
12	0
1	0
3	0
1	0
1	0
3	0
3	0
3	0
3	0
17	0
1	0
1	0
1	0
1	0
1	0
1	0
1	0
1	0
12	0
5	5
16	0
11	11
6	4
8	0
8	0
8	0
8	0
8	8
16	0
3	4
16	0
1	0
11	0
2	2
8	0
8	8
13	0
13	0
13	13
13	0
16	0
1	0
16	0
16	0
16	0
12	0
13	0
16	0
16	0
16	0
16	0
16	0
16	0
1	0
1	0
16	0
16	0
16	0
12	0
13	0
16	0
16	0
8	0
16	0
8	0
16	0
16	0
16	0
16	0
16	0
16	0
16	0
16	0
16	0
16	0
16	0
12	0
16	0
13	0
3	3
16	0
1	16
16	0
11	11
1	3
1	0
1	0
16	0
1	0
16	16
13	0
13	13
13	0
13	0
16	0
8	0
16	0
1	0
3	0
1	0
1	0
16	0
16	0
16	0
16	0
1	0
1	0
1	0
1	0
16	0
16	0
12	0
12	0
12	0
16	0
16	0
16	0
12	0
12	0
1	0
1	0
1	0
16	0
16	0
16	0
16	0
16	0
16	0
16	0
1	0
1	0
1	0
1	0
1	0
16	0
16	0
12	0
12	0
12	0
3	3
3	0
4	0
4	0
4	0
4	0
3	16
16	0
4	0
14	0
3	3
3	1
5	5
3	1
1	0
2	0
16	0
16	16
5	5
16	0
11	11
11	4
3	0
2	2
8	0
8	8
9	9
8	0
8	8
13	0
13	13
13	0
12	0
16	0
1	0
1	0
1	0
16	0
16	0
16	0
16	0
16	0
16	0
1	0
3	0
3	0
16	0
3	0
16	0
16	0
16	0
3	0
16	0
16	0
16	0
3	0
1	0
3	0
1	0
17	0
1	3
17	0
17	0
17	10
3	0
3	0
3	3
3	0
3	0
1	0
1	1
1	0
1	0
1	0
1	0
1	3
13	13
13	0
1	0
1	0
1	0
1	0
1	0
1	0
1	0
1	0
1	0
1	0
3	0
1	0
1	0
1	0
1	0
1	0
1	0
1	0
1	0
1	0
1	0
1	0
1	0
1	0
1	0
1	0
1	0
1	0
17	0
17	0
17	0
17	0
1	0
3	0
3	0
1	0
1	0
1	0
1	0
1	0
1	0
12	0
14	0
11	11
6	4
3	0
6	0
1	3
2	3
3	0
1	0
1	3
5	6
8	0
8	0
8	8
1	0
8	16
4	0
4	14
17	0
17	0
17	10
1	0
1	0
16	0
16	16
4	0
4	4
5	5
3	0
4	0
4	4
16	0
16	0
1	3
2	2
1	0
1	8
1	0
1	0
1	0
1	0
1	0
16	16
13	0
13	13
13	0
14	0
14	0
16	0
1	0
1	0
1	0
8	0
1	0
1	0
8	0
1	0
1	0
1	0
17	0
3	0
5	5
4	0
11	4
3	3
17	0
1	3
1	0
1	0
1	1
1	0
1	16
13	0
13	13
13	0
17	0
1	0
1	0
1	0
1	0
1	0
17	0
17	0
1	0
1	0
1	0
3	0
1	0
1	0
1	0
1	0
1	0
1	0
1	0
17	0
17	0
1	0
1	0
1	0
1	0
1	0
1	0
17	0
1	0
1	0
16	0
1	0
3	0
16	0
16	0
3	0
3	0
1	0
1	0
1	0
1	0
1	0
1	0
17	0
13	0
13	0
13	17
17	3
4	0
4	4
3	3
3	3
3	0
11	14
3	0
6	11
1	2
8	0
8	8
2	0
2	0
2	3
17	0
3	0
1	0
1	3
17	0
1	16
17	0
1	16
13	0
17	0
14	14
17	0
11	11
17	0
17	3
17	0
17	16
13	0
13	13
13	0
13	0
16	0
17	0
1	0
16	0
16	0
13	0
17	0
17	0
13	0
1	0
3	0
3	0
1	0
17	0
1	0
1	0
8	0
8	0
1	0
1	0
1	0
12	0
3	3
16	0
16	0
16	16
3	0
3	11
2	0
2	2
1	0
1	1
8	0
8	8
13	0
13	13
13	0
12	0
1	0
8	0
8	0
12	0
8	0
8	0
8	0
8	0
3	0
3	0
3	0
8	0
8	0
1	0
8	0
8	0
8	0
12	0
12	0
12	0
1	0
8	0
8	0
1	0
8	0
12	0
12	0
8	0
8	0
8	0
8	0
16	0
16	0
11	0
3	0
3	0
8	0
8	0
1	0
8	0
1	0
8	0
8	0
13	0
3	3
4	0
4	0
4	4
3	0
3	0
1	0
1	3
3	3
1	0
11	0
2	0
1	0
16	0
16	16
5	5
6	0
11	3
16	0
16	0
16	16
3	0
11	11
3	3
3	3
1	0
2	2
6	6
8	0
8	0
8	8
13	0
13	13
13	0
12	0
16	0
16	0
3	0
8	0
16	0
1	0
16	0
16	0
3	0
8	0
8	0
3	0
3	0
16	0
3	0
16	0
3	0
3	0
3	0
1	0
1	0
1	0
1	0
1	0
17	0
5	5
12	0
6	6
12	0
1	0
8	0
1	0
8	0
8	0
8	0
8	0
8	0
8	0
8	8
16	0
16	0
16	0
16	0
16	0
3	16
3	3
3	3
17	0
17	0
17	10
3	3
1	1
13	0
13	13
13	0
1	0
1	0
1	0
16	0
1	0
1	0
1	0
16	0
16	0
16	0
16	0
16	0
8	0
17	0
17	0
17	0
1	0
1	0
1	0
1	0
1	0
1	0
16	0
1	0
1	0
1	0
8	0
8	0
16	0
11	0
3	3
3	0
16	0
16	0
16	16
3	0
3	0
1	0
1	3
1	0
11	11
5	5
11	11
4	0
4	16
13	13
13	0
1	0
16	0
16	0
1	0
16	0
16	0
16	0
16	0
1	0
1	0
1	0
1	0
1	0
8	0
1	0
16	0
16	0
16	0
16	0
16	0
16	0
16	0
1	0
1	0
1	0
16	0
16	0
1	0
1	0
16	0
16	0
16	0
16	0
1	0
1	0
1	0
1	0
1	0
1	0
1	0
16	0
16	0
13	0
5	0
5	5
16	0
11	11
16	4
1	3
12	0
12	1
8	0
8	0
8	8
2	3
13	0
13	13
13	0
12	0
12	0
12	0
16	0
12	0
16	0
12	0
16	0
16	0
16	0
16	0
16	0
1	0
1	0
1	0
16	0
16	0
16	0
12	0
12	0
16	0
16	0
16	0
16	0
16	0
1	0
16	0
12	0
16	0
16	0
16	0
16	0
16	0
16	0
16	0
16	0
16	0
1	0
1	0
1	0
16	0
16	0
16	0
12	0
12	0
3	11
4	0
4	4
11	0
6	3
1	0
1	0
1	1
8	0
12	0
12	4
3	0
1	11
1	0
1	2
8	8
12	0
12	0
12	4
4	0
4	4
13	0
13	13
13	0
8	0
12	0
1	0
16	0
8	0
8	0
8	0
1	0
1	0
1	0
1	0
1	0
8	0
12	0
12	0
1	0
16	0
16	0
1	0
12	0
12	0
12	0
1	0
3	0
3	0
8	0
8	0
8	0
8	0
8	0
8	0
8	0
1	0
1	0
1	0
13	0
17	6
8	8
4	0
11	4
1	0
17	0
1	3
9	9
8	8
2	3
12	0
12	2
12	0
8	0
8	0
8	8
13	0
13	13
13	0
1	0
1	0
1	0
8	0
16	0
8	0
12	0
16	0
1	0
1	0
8	0
8	0
1	0
12	0
17	0
8	0
8	0
16	0
16	0
12	0
1	0
1	0
1	0
1	0
16	0
12	0
12	0
1	0
8	0
16	0
1	0
1	0
1	0
1	0
8	0
8	0
8	0
1	0
12	0
12	0
13	0
5	5
11	0
11	11
4	0
11	4
1	3
1	0
1	1
13	0
13	13
13	0
12	0
16	0
16	0
1	0
1	0
12	0
16	0
1	0
1	0
16	0
1	0
1	0
16	0
16	0
16	0
1	0
1	0
1	0
1	0
12	0
17	0
12	0
16	0
16	0
1	0
12	0
16	0
16	0
1	0
1	0
1	0
1	0
1	0
1	0
16	0
16	0
16	0
16	0
16	0
1	0
1	0
1	0
1	0
1	0
12	0
17	0
12	0
16	0
12	0
11	11
17	0
12	0
12	1
8	0
8	8
5	5
17	6
8	8
4	0
11	4
1	3
1	1
5	5
1	0
1	1
13	0
13	13
13	0
3	0
1	0
1	0
1	0
1	0
17	0
1	0
8	0
1	0
1	0
1	0
8	0
1	0
1	0
1	0
1	0
1	0
1	0
1	0
1	0
12	0
1	0
1	0
1	0
1	0
1	0
17	0
3	0
17	0
17	0
17	0
1	0
8	0
1	0
8	0
16	0
1	0
1	0
3	0
1	0
12	0
3	2
1	0
1	0
1	0
1	1
8	8
16	0
2	0
1	4
2	0
6	0
6	2
8	8
16	0
11	0
16	0
16	3
3	0
3	2
12	12
12	12
12	12
8	0
12	0
1	16
13	0
13	13
13	0
12	0
1	0
1	0
1	0
1	0
3	0
1	0
1	0
1	0
8	0
3	0
1	0
1	0
12	0
1	0
12	0
8	0
8	0
1	0
1	0
1	0
1	0
1	0
16	0
16	0
8	0
16	0
1	0
1	0
1	0
8	0
17	0
17	0
3	0
3	0
3	3
4	0
11	4
3	0
6	11
17	0
17	0
17	10
3	3
1	0
1	0
1	0
1	1
13	0
13	13
13	0
17	0
17	0
8	0
1	0
1	0
12	0
12	0
16	0
1	0
8	0
17	0
17	0
1	0
1	0
1	0
1	0
1	0
1	0
1	0
12	0
17	0
16	0
8	0
8	0
1	0
12	0
17	0
17	0
3	0
16	0
16	0
16	0
1	0
8	0
17	0
17	0
17	0
1	0
1	0
1	0
13	0
16	0
11	0
16	0
16	16
16	0
2	2
8	8
3	3
3	0
1	3
1	0
1	0
1	1
5	5
1	0
1	1
16	0
11	10
13	0
13	13
13	0
12	0
16	0
16	0
16	0
17	0
16	0
12	0
3	0
3	0
3	0
1	0
1	0
1	0
3	0
16	0
16	0
16	0
17	0
12	0
12	0
12	0
3	0
16	0
16	0
17	0
16	0
16	0
16	0
16	0
16	0
1	0
16	0
16	0
1	0
3	0
1	0
1	0
1	0
12	0
17	0
1	0
3	3
16	0
17	0
16	16
16	0
11	2
5	5
5	6
8	0
8	0
8	0
8	0
8	0
8	8
13	0
13	13
13	0
16	0
16	0
16	0
16	0
8	0
12	0
16	0
16	0
16	0
16	0
16	0
1	0
1	0
8	0
8	0
8	0
16	0
16	0
12	0
12	0
16	0
16	0
16	0
16	0
16	0
12	0
12	0
16	0
16	0
16	0
16	0
16	0
16	0
16	0
16	0
1	0
1	0
8	0
8	0
8	0
12	0
3	0
5	5
3	7
13	0
13	13
13	0
1	0
16	0
3	0
3	0
1	0
16	0
16	0
16	0
16	0
3	0
3	0
12	0
1	0
16	0
16	0
16	0
3	0
3	0
1	0
12	0
17	0
16	0
16	0
3	0
1	0
12	0
16	0
16	0
16	0
3	0
3	0
1	0
12	0
17	0
16	0
16	0
16	0
3	0
3	0
16	0
16	0
16	0
3	0
3	0
12	0
17	0
1	0
16	0
3	0
3	0
3	0
1	0
16	0
13	0
11	0
11	4
3	3
2	3
3	0
3	0
6	3
8	0
8	8
3	0
3	11
17	0
11	16
1	0
17	0
17	0
1	16
4	4
13	0
13	13
13	0
17	0
16	0
16	0
16	0
1	0
3	0
16	0
16	0
16	0
1	0
1	0
1	0
1	0
1	0
17	0
1	0
16	0
1	0
1	0
12	0
16	0
16	0
16	0
1	0
1	0
16	0
16	0
16	0
16	0
1	0
1	0
1	0
16	0
16	0
16	0
1	0
1	0
1	0
13	0
13	0
13	17
8	0
8	0
3	3
16	0
2	0
1	4
2	0
6	0
6	2
8	8
17	0
2	2
1	0
1	1
12	12
1	3
5	5
3	0
3	2
8	0
8	12
8	0
8	0
8	0
12	12
1	0
9	0
11	3
13	0
13	13
13	0
12	0
16	0
8	0
1	0
1	0
1	0
8	0
3	0
1	0
1	0
1	0
1	0
8	0
16	0
1	0
1	0
8	0
8	0
16	0
16	0
16	0
2	0
1	0
1	0
16	0
16	0
12	0
3	0
11	11
11	0
11	4
5	6
8	0
8	0
8	0
8	0
8	0
8	0
8	0
8	8
3	0
1	11
1	0
2	2
3	0
3	0
6	3
12	12
5	5
3	0
3	2
12	0
13	0
8	0
8	0
8	8
16	0
17	0
17	0
16	16
13	0
13	13
13	0
3	0
3	0
12	0
3	0
1	0
12	0
12	0
3	0
1	0
3	0
1	0
3	0
16	0
16	0
1	0
1	0
16	0
1	0
16	0
16	0
16	0
3	0
3	0
12	0
3	11
4	0
11	4
1	3
1	0
1	0
1	0
1	0
1	0
1	0
1	1
17	0
12	0
12	4
13	0
13	13
13	0
17	0
17	0
1	0
1	0
12	0
12	0
12	0
1	0
1	0
1	0
1	0
1	0
1	0
1	0
17	0
17	0
1	0
12	0
12	0
12	0
12	0
17	0
1	0
1	0
12	0
12	0
12	0
12	0
16	0
3	0
16	0
1	0
3	0
1	0
1	0
1	0
1	0
1	0
1	0
17	0
17	0
1	0
12	0
12	12
16	0
11	4
1	3
1	1
13	0
13	13
13	0
17	0
16	0
16	0
16	0
16	0
16	0
16	0
16	0
16	0
16	0
1	0
17	0
17	0
16	0
16	0
16	0
16	0
16	0
1	0
17	0
12	0
16	0
1	0
1	0
17	0
16	0
16	0
16	0
16	0
1	0
1	0
12	0
12	0
12	0
17	0
16	0
16	0
16	0
16	0
16	0
16	0
16	0
1	0
12	0
12	0
12	0
16	0
16	0
16	0
16	0
16	0
17	0
3	2
9	0
1	1
8	8
11	0
6	4
1	6
8	8
17	0
17	0
17	0
17	16
12	0
12	4
13	0
13	13
13	0
17	0
16	0
1	0
1	0
12	0
12	0
12	0
16	0
16	0
1	0
1	0
1	0
17	0
17	0
1	0
17	0
17	0
12	0
12	0
12	0
16	0
1	0
1	0
1	0
1	0
12	0
12	0
12	0
1	0
1	0
16	0
1	0
8	0
16	0
1	0
1	0
1	0
17	0
17	0
1	0
17	0
17	0
13	0
12	0
8	0
12	8
5	5
12	0
12	12
12	0
12	12
13	13
13	0
1	0
1	0
8	0
8	0
16	0
8	0
8	0
16	0
8	0
12	0
8	0
8	0
16	0
16	0
8	0
12	0
12	0
12	0
8	0
16	0
8	0
1	0
1	0
8	0
8	0
8	0
1	0
1	0
12	0
12	0
12	0
8	0
8	0
8	0
1	0
1	0
12	0
12	0
8	0
16	0
12	0
12	0
8	0
16	0
8	0
1	0
1	0
1	0
16	0
12	0
14	0
11	0
5	3
14	0
2	0
11	4
6	6
6	0
3	0
1	1
8	8
2	0
2	0
6	2
8	8
2	0
2	2
3	0
6	0
6	6
3	0
3	2
1	0
1	0
1	0
1	1
8	0
8	8
16	0
16	0
16	16
13	0
13	13
13	0
1	0
16	0
16	0
1	0
3	0
3	0
1	0
1	0
1	0
1	0
1	0
1	0
8	0
16	0
16	0
16	0
16	0
12	0
8	0
1	0
1	0
1	0
16	0
16	0
1	0
12	0
12	0
12	0
12	6
12	0
13	0
12	0
8	8
4	0
11	4
11	0
3	0
3	3
1	3
5	6
8	0
8	0
8	8
12	0
12	0
12	4
13	13
13	0
1	0
1	0
16	0
12	0
12	0
1	0
16	0
16	0
1	0
1	0
1	0
1	0
1	0
1	0
1	0
1	0
12	0
12	0
1	0
1	0
1	0
1	0
17	0
1	0
1	0
1	0
1	0
1	0
8	0
8	0
16	0
16	0
16	0
3	0
3	0
1	0
1	0
13	0
11	11
11	0
11	4
1	0
16	0
16	16
5	5
5	6
8	0
8	0
8	0
8	0
8	0
8	8
13	0
13	13
13	0
1	0
1	0
1	0
1	0
1	0
12	0
12	0
1	0
1	0
1	0
1	0
1	0
1	0
1	0
1	0
1	0
1	0
1	0
12	0
12	0
1	0
1	0
1	0
1	0
1	0
12	0
12	0
12	0
1	0
8	0
16	0
1	0
1	0
1	0
8	0
1	0
1	0
1	0
1	0
1	0
1	0
1	0
12	0
11	0
11	11
4	0
11	4
3	0
3	3
1	0
1	0
1	0
1	1
4	0
16	4
13	0
13	13
13	0
1	0
1	0
1	0
16	0
1	0
17	0
1	0
16	0
1	0
16	0
3	0
3	0
3	0
1	0
1	0
1	0
16	0
16	0
1	0
17	0
17	0
1	0
16	0
16	0
16	0
1	0
17	0
1	0
16	0
1	0
16	0
16	0
16	0
16	0
1	0
3	0
3	0
3	0
1	0
1	0
1	0
1	0
16	0
1	0
12	0
5	5
11	0
11	3
11	4
11	11
1	0
16	3
4	0
3	3
2	0
11	0
2	0
6	2
8	8
1	0
12	0
2	0
1	0
16	0
16	0
8	16
3	0
2	0
16	0
16	0
2	2
2	0
2	6
3	0
11	8
3	2
2	0
2	2
13	13
17	0
17	0
8	1
12	0
8	0
8	8
13	13
5	5
13	13
3	11
3	0
3	4
17	0
6	3
17	11
17	0
17	6
12	0
12	0
8	0
8	8
8	0
16	16
13	13
13	0
12	0
1	0
11	11
4	4
3	0
1	0
1	3
3	0
11	0
1	0
1	16
2	0
2	2
8	8
13	13
13	0
1	0
3	0
1	0
1	0
1	0
1	0
3	0
1	0
1	0
1	0
1	0
3	0
1	0
1	0
1	0
8	0
1	0
1	0
8	0
8	0
1	0
8	0
1	0
1	0
3	0
1	0
1	0
1	0
1	0
16	0
16	0
16	0
3	0
3	0
3	0
3	0
3	0
1	0
1	0
8	0
1	0
1	0
1	0
1	0
13	0
17	0
5	5
11	11
16	4
16	6
3	0
3	0
6	1
8	8
3	3
1	0
1	3
17	0
1	0
1	1
8	0
8	8
8	0
8	16
13	0
13	13
13	0
12	0
3	0
1	0
1	0
16	0
1	0
12	0
1	0
3	0
1	0
1	0
1	0
1	0
1	0
1	0
1	0
8	0
16	0
16	0
12	0
1	0
3	0
8	0
16	0
16	0
16	0
16	0
16	0
16	0
1	0
1	0
1	0
1	0
3	0
1	0
1	0
1	0
13	0
5	5
11	4
16	0
11	11
3	0
3	3
1	0
1	1
16	0
16	0
16	0
16	16
13	0
13	13
13	0
16	0
16	0
16	0
16	0
16	0
12	0
16	0
16	0
16	0
16	0
16	0
16	0
1	0
1	0
16	0
16	0
16	0
16	0
1	0
12	0
16	0
16	0
16	0
16	0
16	0
1	0
16	0
16	0
16	0
16	0
16	0
16	0
16	0
16	0
16	0
16	0
3	0
1	0
16	0
16	0
16	0
16	0
16	0
1	0
12	0
3	11
4	0
4	4
6	0
6	3
11	0
2	2
12	0
12	12
12	0
12	12
1	0
1	0
1	0
1	16
5	5
11	11
6	4
17	0
2	11
12	0
12	6
12	0
12	0
8	0
8	8
2	2
1	0
1	0
1	0
1	0
1	1
8	0
8	8
16	0
16	0
16	16
13	0
13	13
13	0
3	0
12	0
1	0
12	0
8	0
8	0
3	0
3	0
3	0
3	0
8	0
8	0
8	0
1	0
1	0
1	0
1	0
1	0
1	0
12	0
3	6
1	0
11	8
4	0
4	4
11	0
3	0
3	3
1	0
1	3
1	2
8	8
12	0
12	0
12	4
13	13
3	3
14	0
11	14
3	0
3	11
3	0
3	3
17	0
17	0
17	10
17	0
17	11
17	0
17	0
17	0
17	16
17	4
13	13
13	0
3	0
1	0
1	0
1	0
16	0
1	0
16	0
1	0
1	0
17	0
1	0
1	0
1	0
8	0
8	0
1	0
1	0
3	0
1	0
1	0
1	0
1	0
12	0
12	0
12	0
17	11
17	0
17	4
16	0
16	0
16	3
17	3
1	2
1	0
1	0
1	0
1	0
1	1
8	0
8	8
2	2
12	12
1	0
12	0
1	0
1	16
5	5
3	0
3	4
8	0
8	0
8	8
16	0
16	0
16	0
16	0
16	16
13	0
13	13
13	0
12	0
1	0
1	0
1	0
1	0
16	0
12	0
1	0
1	0
1	0
1	0
1	0
17	0
3	0
3	0
1	0
3	0
1	0
1	0
1	0
1	0
1	0
1	0
1	0
12	0
11	0
11	4
3	3
1	1
17	0
12	0
12	4
13	13
13	0
1	0
17	0
1	0
1	0
1	0
1	0
1	0
1	0
1	0
17	0
12	0
1	0
1	0
1	0
1	0
17	0
17	0
17	0
1	0
1	0
1	0
12	0
8	0
1	0
1	0
1	0
1	0
1	0
17	0
17	0
17	0
1	0
1	0
1	0
1	0
3	0
8	0
1	0
3	0
1	0
12	0
17	0
17	0
12	0
1	0
1	0
1	0
1	0
16	0
1	0
13	0
5	0
5	3
3	3
1	3
1	0
1	0
1	0
1	1
13	0
13	13
13	0
1	0
3	0
16	0
3	0
1	0
3	0
1	0
1	0
1	0
1	0
16	0
3	0
1	0
1	0
1	0
1	0
1	0
1	0
1	0
12	0
12	0
3	0
3	0
16	0
3	0
12	0
1	0
1	0
1	0
16	0
16	0
16	0
12	0
12	0
1	0
16	0
16	0
3	0
1	0
1	0
1	0
1	0
1	0
12	0
12	0
12	0
1	0
3	0
12	0
12	0
11	11
4	0
4	4
1	0
1	0
1	3
1	0
1	0
1	0
1	16
5	5
16	0
16	4
17	0
1	11
8	0
8	0
8	0
8	0
8	8
17	0
3	4
13	0
13	13
13	0
12	0
3	0
1	0
1	0
12	0
1	0
1	0
1	0
1	0
1	0
12	0
12	0
1	0
1	0
17	0
17	0
17	0
12	0
12	0
12	0
12	0
3	0
8	0
1	0
1	0
1	0
1	0
1	0
1	0
1	0
8	0
1	0
1	0
13	0
16	0
11	11
17	4
17	0
17	0
17	3
9	9
8	8
1	0
12	4
5	5
11	0
11	11
4	0
4	4
6	6
6	0
3	0
1	1
8	8
1	0
3	0
1	0
1	16
5	5
3	0
2	2
6	0
1	1
8	8
1	0
17	0
16	0
1	16
13	0
13	13
13	0
17	0
16	0
1	0
8	0
1	0
1	0
12	0
1	0
1	0
16	0
16	0
16	0
17	0
17	0
1	0
17	0
1	0
16	0
1	0
3	0
3	0
3	0
12	0
8	0
8	0
3	3
11	0
11	4
17	3
5	6
8	8
8	0
8	16
2	0
2	2
8	0
12	12
12	12
13	0
13	13
13	0
8	0
12	0
1	0
1	0
16	0
16	0
12	0
12	0
16	0
1	0
1	0
8	0
8	0
16	0
2	0
12	0
12	0
16	0
16	0
12	0
12	0
8	0
8	0
1	0
1	0
12	0
12	0
12	0
3	0
3	0
16	0
16	0
16	0
8	0
1	0
8	0
8	0
16	0
16	0
2	0
12	0
12	0
3	0
11	11
4	0
11	4
17	0
6	6
12	0
8	0
8	0
8	8
2	2
6	6
1	0
1	1
8	0
8	0
8	8
13	13
13	0
1	0
1	0
1	0
8	0
8	0
8	0
16	0
1	0
1	0
1	0
8	0
16	0
16	0
1	0
1	0
1	0
8	0
8	0
8	0
1	0
1	0
1	0
1	0
1	0
8	0
8	0
3	0
3	0
16	0
16	0
1	0
1	0
1	0
12	0
8	0
8	0
16	0
1	0
1	0
1	0
13	0
14	3
11	0
11	4
16	16
11	11
16	0
4	0
4	16
3	3
2	2
12	0
12	0
13	0
8	8
13	0
13	13
13	0
8	0
1	0
16	0
16	0
16	0
12	0
12	0
3	0
16	0
16	0
16	0
4	0
3	0
8	0
8	0
12	0
8	0
16	0
8	0
12	0
8	0
8	0
1	0
16	0
16	0
16	0
12	0
12	0
1	0
16	0
1	0
3	0
8	0
16	0
16	0
3	0
3	0
3	0
8	0
8	0
12	0
8	0
12	0
12	11
4	0
4	4
17	0
11	3
17	0
3	0
3	16
5	5
17	0
11	11
17	0
17	4
17	0
2	11
17	0
17	11
1	0
1	0
1	0
1	0
16	16
13	0
13	13
13	0
17	0
8	0
8	0
8	0
17	0
16	0
1	0
16	0
17	0
17	0
1	0
17	0
12	0
1	0
1	0
17	0
17	0
8	0
8	0
17	0
1	0
3	0
3	0
1	0
3	0
8	0
1	0
1	0
1	0
17	0
1	0
17	0
1	0
17	0
17	0
17	0
6	3
16	0
2	0
11	4
3	3
1	3
1	0
16	16
13	0
13	13
13	0
17	0
1	0
8	0
8	0
17	0
17	0
1	0
1	0
8	0
1	0
8	0
8	0
16	0
1	0
1	0
1	0
8	0
8	0
8	0
8	0
17	0
17	0
8	0
8	0
8	0
17	0
17	0
1	0
1	0
8	0
8	0
8	0
8	0
16	0
16	0
8	0
16	0
16	0
1	0
1	0
1	0
8	0
8	0
8	0
12	0
17	0
17	0
17	0
14	0
11	0
11	11
17	0
17	4
17	0
2	11
3	3
17	3
17	0
17	0
17	0
1	0
16	16
13	13
13	0
1	0
16	0
16	0
17	0
1	0
1	0
1	0
1	0
16	0
17	0
17	0
17	0
17	0
17	0
1	0
17	0
17	0
17	0
1	0
1	0
1	0
1	0
16	0
17	0
1	0
1	0
1	0
1	0
16	0
16	0
16	0
16	0
16	0
16	0
17	0
17	0
17	0
1	0
17	0
1	0
17	0
17	0
1	0
12	0
11	0
11	3
16	0
11	4
17	0
6	3
3	6
17	0
1	0
1	0
1	1
8	8
12	0
12	4
13	0
13	13
13	0
12	0
16	0
1	0
8	0
12	0
12	0
12	0
16	0
16	0
1	0
1	0
1	0
1	0
1	0
8	0
16	0
16	0
16	0
12	0
12	0
12	0
12	0
16	0
1	0
8	0
12	0
12	0
12	0
16	0
16	0
16	0
16	0
16	0
1	0
1	0
1	0
1	0
1	0
1	0
8	0
16	0
16	0
12	0
11	0
2	3
11	0
11	4
2	0
11	6
8	0
8	0
8	8
8	0
16	16
5	5
8	0
8	8
14	0
11	14
3	0
11	11
1	0
2	2
12	0
12	0
13	0
8	8
12	0
12	0
12	4
4	0
4	4
13	0
13	13
13	0
1	0
16	0
16	0
16	0
8	0
16	0
1	0
1	0
1	0
1	0
8	0
1	0
8	0
16	0
1	0
16	0
16	0
16	0
16	0
16	0
1	0
1	0
1	0
1	0
1	0
1	0
8	0
12	0
17	0
12	0
12	0
12	7
13	0
13	13
13	0
12	0
12	0
12	0
12	0
12	0
17	0
17	0
17	0
1	0
12	0
12	0
12	0
12	0
17	0
17	0
1	0
12	0
12	0
12	0
12	0
12	0
17	0
12	0
12	0
12	0
17	0
17	0
17	0
17	0
12	0
12	0
12	0
12	0
12	0
17	0
17	0
1	0
1	0
17	0
17	0
17	0
17	0
12	0
12	0
12	0
12	0
17	0
1	0
1	0
1	0
12	0
17	0
12	0
12	0
6	3
2	4
3	0
3	5
1	0
2	0
1	0
1	0
1	16
8	0
12	16
12	0
13	13
13	0
12	0
12	0
8	0
8	0
1	0
12	0
12	0
8	0
8	0
3	0
3	0
1	0
1	0
1	0
1	0
8	0
8	0
8	0
12	0
12	0
12	0
12	0
8	0
8	0
1	0
1	0
12	0
12	0
8	0
8	0
8	0
8	0
8	0
8	0
3	0
3	0
1	0
1	0
1	0
1	0
8	0
8	0
8	0
12	0
13	0
3	0
11	11
4	0
11	4
1	0
1	0
16	16
13	0
13	0
13	13
13	0
1	0
1	0
8	0
8	0
1	0
1	0
1	0
1	0
1	0
1	0
8	0
8	0
1	0
1	0
1	0
1	0
1	0
8	0
8	0
8	0
1	0
1	0
1	0
3	0
8	0
1	0
1	0
1	0
1	0
8	0
1	0
8	0
8	0
1	0
1	0
1	0
3	0
16	0
1	0
1	0
1	0
8	0
8	0
8	0
8	0
1	0
1	0
1	0
12	0
1	0
1	0
1	7
13	0
17	0
13	13
13	0
1	0
1	0
1	0
1	0
1	0
1	0
1	0
1	0
1	0
1	0
1	0
1	0
1	0
1	0
1	0
1	0
1	0
12	0
12	0
1	0
1	0
1	0
1	0
1	0
1	0
1	0
1	0
1	0
1	0
1	0
1	0
12	0
1	0
1	0
1	0
1	0
1	0
1	0
1	0
1	0
1	0
1	0
1	0
12	0
1	0
1	0
1	0
1	0
1	0
1	0
1	0
1	0
12	0
12	0
12	17
8	0
12	2
8	0
8	0
8	8
16	0
17	0
17	4
17	3
3	0
2	2
17	17
17	17
17	17
16	0
16	16
13	0
13	13
13	0
17	0
1	0
12	0
16	0
16	0
12	0
12	0
16	0
17	0
17	0
17	0
1	0
17	0
17	0
17	0
12	0
16	0
16	0
16	0
12	0
12	0
12	0
1	0
16	0
16	0
12	0
12	0
16	0
16	0
16	0
16	0
16	0
16	0
17	0
17	0
8	0
1	0
17	0
17	0
17	0
2	3
17	0
3	4
17	3
17	0
17	0
17	0
17	16
17	0
17	3
17	10
6	6
8	0
8	8
2	2
6	6
8	0
8	0
8	8
17	0
17	0
17	0
17	16
5	5
3	0
17	3
17	0
17	2
17	0
8	0
8	0
8	0
8	0
8	8
13	0
13	13
13	0
17	0
1	0
12	0
17	0
16	0
12	0
17	0
17	0
17	0
17	0
17	0
17	0
3	0
1	0
17	0
17	0
17	0
17	0
17	0
1	0
1	0
12	0
3	11
4	0
4	4
11	0
6	3
3	3
3	0
3	3
3	0
1	0
1	3
1	0
1	16
3	3
6	0
16	0
1	16
3	0
11	11
3	0
6	11
3	3
1	6
8	0
8	0
8	0
8	0
8	8
1	0
1	0
2	0
2	10
13	0
13	13
13	0
1	0
1	0
1	0
3	0
8	0
8	0
8	0
1	0
1	0
1	0
8	0
8	0
3	0
3	0
3	0
8	0
1	0
8	0
8	0
1	0
1	0
1	0
1	0
8	0
12	0
3	0
11	11
4	0
4	4
1	3
1	0
12	0
12	0
12	0
12	16
1	0
12	0
9	0
9	10
16	0
16	7
13	0
13	13
13	0
3	0
3	0
8	0
16	0
16	0
8	0
12	0
16	0
3	0
1	0
12	0
1	0
8	0
8	0
8	0
8	0
16	0
16	0
16	0
12	0
16	0
3	0
1	0
16	0
16	0
12	0
3	0
3	0
3	0
3	0
4	0
1	0
1	0
1	0
17	0
8	0
3	0
1	0
1	0
1	0
1	0
3	3
4	0
2	16
11	11
1	0
8	16
16	0
17	0
11	0
2	16
11	0
11	0
11	11
3	3
3	0
3	0
1	0
1	3
13	13
13	0
1	0
1	0
1	0
1	0
1	0
16	0
16	0
16	0
16	0
16	0
1	0
1	0
8	0
8	0
1	0
1	0
1	0
1	0
16	0
16	0
16	0
1	0
1	0
1	0
16	0
16	0
3	0
16	0
16	0
16	0
1	0
16	0
16	0
16	0
16	0
16	0
16	0
1	0
1	0
11	0
11	0
11	11
4	0
4	4
11	0
11	0
11	11
6	0
6	3
3	3
17	0
2	0
1	16
5	5
4	0
4	4
1	0
1	0
1	0
1	0
16	16
11	0
17	0
17	11
11	0
11	4
13	13
13	0
3	0
8	0
1	0
1	0
16	0
16	0
1	0
1	0
1	0
1	0
1	0
1	0
16	0
16	0
1	0
1	0
1	0
1	0
1	0
3	0
16	0
3	0
3	0
16	0
16	0
8	0
8	0
1	0
1	0
1	0
16	0
12	0
11	4
3	11
17	0
17	0
17	10
17	0
17	0
1	0
16	1
5	5
3	0
11	11
4	0
4	4
11	0
11	0
11	11
2	2
1	0
1	0
1	0
1	1
8	0
8	0
8	8
16	0
16	0
16	0
16	0
16	0
16	16
13	13
13	0
3	0
16	0
16	0
8	0
1	0
1	0
1	0
1	0
1	0
1	0
8	0
8	0
8	0
8	0
1	0
1	0
1	0
16	0
1	0
16	0
16	0
1	0
3	0
16	0
16	0
3	0
13	0
3	11
16	0
16	0
16	16
6	6
8	0
8	8
11	0
11	11
17	3
13	13
13	13
17	0
17	0
17	0
17	17
17	17
17	0
17	17
17	0
17	17
13	0
13	13
13	0
13	0
17	0
17	0
17	0
17	0
17	0
17	0
1	0
17	0
17	0
17	0
17	0
17	0
17	0
17	0
17	0
17	0
17	0
17	0
13	0
17	0
17	0
17	0
16	0
16	0
16	0
8	0
8	0
17	0
17	0
3	0
8	0
1	0
17	0
17	0
12	0
13	13
17	7
13	0
13	13
13	0
12	0
12	0
8	0
12	0
12	0
12	0
12	0
12	0
8	0
12	0
12	0
12	0
12	0
12	0
12	0
8	0
8	0
12	0
12	0
12	0
12	0
12	0
17	0
12	0
12	0
12	0
12	0
12	0
12	0
8	0
12	0
12	0
12	0
12	0
12	0
12	0
8	0
8	0
12	0
12	0
12	0
12	0
8	0
12	0
12	0
12	0
12	0
12	0
8	0
8	0
12	0
12	0
12	0
12	0
13	0
12	0
17	7
13	0
13	0
13	13
13	0
1	0
12	0
12	0
12	0
1	0
1	0
17	0
17	0
12	0
12	0
12	0
1	0
1	0
17	0
17	0
12	0
12	0
12	0
12	0
12	0
17	0
17	0
12	0
12	0
1	0
1	0
17	0
17	0
12	0
12	0
12	0
1	0
1	0
1	0
12	0
12	0
12	0
12	0
1	0
17	0
17	0
12	0
12	0
12	0
12	0
1	0
17	0
12	0
12	0
12	0
1	0
1	0
17	0
13	0
11	4
6	6
8	0
8	0
8	8
3	3
8	0
8	0
8	8
3	0
1	0
16	16
13	0
13	13
13	0
1	0
16	0
16	0
16	0
16	0
16	0
16	0
16	0
16	0
16	0
1	0
1	0
1	0
1	0
1	0
16	0
16	0
16	0
16	0
13	0
1	0
16	0
16	0
16	0
16	0
1	0
1	0
1	0
1	0
16	0
16	0
16	0
1	0
1	0
8	0
1	0
1	0
1	0
16	0
16	0
16	0
16	0
16	0
16	0
13	0
14	11
3	0
3	0
1	16
17	0
17	0
17	3
1	3
17	0
17	0
17	10
17	0
17	0
17	16
13	0
13	13
13	0
17	0
17	0
17	0
17	0
17	0
17	0
17	0
17	0
17	0
17	0
17	0
17	0
17	0
17	0
17	0
17	0
17	0
17	0
17	0
13	0
17	0
17	0
17	0
17	0
1	0
17	0
17	0
17	0
17	0
17	0
3	0
3	0
17	0
17	0
17	0
17	0
17	0
17	0
17	0
17	0
17	0
17	0
12	0
8	0
5	0
13	17
12	11
4	0
4	4
6	0
6	3
17	0
17	0
17	0
17	3
17	0
17	0
1	1
17	0
17	0
12	4
3	0
3	11
3	0
3	3
3	0
3	3
2	0
2	2
8	8
12	0
12	0
12	4
4	0
4	4
13	13
13	0
1	0
1	0
8	0
1	0
1	0
1	0
1	0
1	0
1	0
1	0
1	0
1	0
1	0
8	0
12	0
12	0
1	0
1	0
12	0
17	0
17	0
17	0
17	0
17	0
17	0
12	0
3	11
4	0
4	4
3	0
3	0
1	0
1	3
3	0
3	3
1	0
1	0
1	0
1	1
12	0
12	0
12	4
5	5
16	0
16	4
3	0
3	0
3	0
3	3
3	0
3	3
17	0
2	0
2	3
11	0
11	16
13	0
13	13
13	0
12	0
12	0
8	0
8	0
12	0
16	0
17	0
16	0
16	0
16	0
1	0
1	0
3	0
3	0
3	0
3	0
3	0
1	0
8	0
1	0
1	0
1	0
1	0
1	0
1	0
12	0
12	0
2	3
11	0
6	4
1	0
1	0
1	2
8	0
8	0
8	0
8	0
8	8
12	0
12	8
4	2
8	8
3	0
1	0
16	0
16	16
13	13
13	0
1	0
1	0
1	0
1	0
1	0
1	0
1	0
8	0
8	0
8	0
1	0
12	0
1	0
1	0
1	0
1	0
1	0
1	0
1	0
1	0
1	0
1	0
1	0
1	0
1	0
1	0
1	0
1	0
1	0
1	0
1	0
1	0
8	0
8	0
8	0
1	0
12	0
1	0
12	0
6	11
1	0
16	4
17	0
6	3
8	0
12	0
12	0
12	0
12	16
17	0
11	11
17	0
17	16
17	0
17	0
17	3
9	9
8	8
5	5
11	0
11	11
4	0
4	4
17	0
6	3
3	3
17	3
17	10
17	0
17	16
1	0
3	0
2	3
13	13
13	0
1	0
1	0
1	0
8	0
1	0
1	0
3	0
17	0
3	0
8	0
8	0
8	0
17	0
16	0
1	0
17	0
17	0
17	0
16	0
16	0
17	0
17	0
3	0
17	0
17	11
17	0
17	4
17	0
12	6
12	0
12	0
8	0
8	8
2	0
2	2
8	0
8	8
17	0
17	3
17	16
17	0
17	14
17	13
12	11
3	3
12	0
12	0
12	1
17	0
17	0
12	4
17	0
17	4
13	0
13	13
13	0
17	0
12	0
1	0
17	0
12	0
17	0
17	0
17	0
12	0
17	0
17	0
17	0
12	0
17	0
12	0
17	0
17	0
17	0
12	0
12	0
12	0
17	0
3	0
1	0
1	0
1	0
1	0
13	0
5	5
12	0
12	6
12	0
12	12
16	4
16	0
11	11
2	0
6	2
8	0
8	8
3	3
3	0
16	0
16	1
2	0
2	2
8	0
8	8
17	0
17	0
1	0
1	16
13	0
13	13
13	0
16	0
16	0
16	0
1	0
1	0
16	0
1	0
16	0
16	0
16	0
16	0
1	0
16	0
16	0
17	0
17	0
17	0
16	0
16	0
12	0
16	0
12	0
12	0
16	0
16	0
16	0
16	0
1	0
1	0
1	0
1	0
1	0
12	0
5	5
12	0
12	6
12	0
12	0
12	0
8	8
4	0
11	4
17	0
1	1
17	0
12	0
12	4
17	0
13	13
13	0
17	0
17	0
12	0
12	0
12	0
12	0
12	0
12	0
17	0
8	0
16	0
16	0
1	0
1	0
17	0
17	0
17	0
17	0
12	0
12	0
12	0
17	0
12	0
12	0
12	0
12	0
12	0
12	0
12	0
1	0
1	0
12	0
12	0
12	0
16	0
16	0
3	0
3	0
1	0
17	0
17	0
17	0
12	0
12	0
1	0
1	0
1	0
3	3
16	0
16	0
16	0
16	16
6	6
8	0
8	0
8	0
8	8
2	2
12	0
8	8
5	5
3	0
11	0
16	0
16	16
11	0
11	0
11	11
1	0
2	0
1	1
17	0
6	3
12	0
17	0
1	16
17	0
13	13
13	0
1	0
12	0
1	0
16	0
16	0
12	0
1	0
16	0
16	0
3	0
16	0
1	0
1	0
8	0
1	0
1	0
12	0
1	0
1	0
1	0
1	0
1	0
1	0
12	0
12	0
12	0
3	7
13	0
13	13
13	0
12	0
12	0
12	0
12	0
12	0
12	0
12	0
12	0
12	0
12	0
12	0
12	0
12	0
12	0
12	0
12	0
12	0
12	0
12	0
12	0
12	0
12	0
12	0
12	0
12	0
12	0
1	0
12	0
12	0
12	0
12	0
12	0
12	0
12	0
12	0
12	0
12	0
12	0
12	0
12	0
12	0
12	0
12	0
12	0
12	0
12	0
12	0
1	0
12	0
12	0
12	0
12	0
12	0
17	0
11	4
17	11
6	6
1	0
1	1
8	0
8	0
8	8
12	0
12	4
13	0
13	13
13	0
17	0
1	0
12	0
12	0
12	0
17	0
16	0
1	0
1	0
1	0
16	0
16	0
1	0
8	0
8	0
12	0
12	0
12	0
12	0
12	0
17	0
16	0
1	0
12	0
12	0
12	0
16	0
16	0
1	0
1	0
1	0
12	0
16	0
16	0
1	0
1	0
1	0
1	0
8	0
12	0
12	0
1	0
12	0
12	0
12	0
17	0
12	0
3	0
2	0
3	0
3	3
1	0
1	1
17	0
12	0
12	4
13	0
13	13
13	0
17	0
12	0
12	0
12	0
12	0
12	0
1	0
16	0
17	0
12	0
12	0
12	0
1	0
8	0
17	0
17	0
17	0
12	0
12	0
12	0
12	0
12	0
17	0
12	0
12	0
12	0
12	0
17	0
16	0
17	0
12	0
12	0
12	0
8	0
16	0
17	0
3	0
3	0
1	0
17	0
17	0
17	0
12	0
12	0
12	0
12	0
17	0
13	0
13	0
13	17
3	11
16	0
16	4
16	0
6	3
8	0
1	0
8	16
5	5
3	0
3	0
3	3
11	0
6	4
8	0
17	0
8	0
8	16
3	11
3	0
2	0
2	0
17	16
2	0
11	3
17	3
17	0
1	11
16	0
16	16
13	0
13	13
13	0
12	0
16	0
1	0
1	0
1	0
16	0
16	0
1	0
16	0
16	0
8	0
13	0
16	0
3	0
1	0
16	0
8	0
8	0
8	0
8	0
8	0
1	0
1	0
3	0
17	0
3	11
4	0
4	4
2	0
6	3
3	0
3	0
1	0
1	2
8	0
8	0
8	12
13	13
16	0
1	0
1	0
1	1
8	0
8	8
13	13
12	2
12	0
12	0
12	8
2	0
2	2
8	8
1	0
16	16
5	5
1	0
3	4
17	0
6	3
8	0
8	0
8	8
1	0
1	0
2	0
16	0
16	16
5	5
1	0
17	4
1	0
17	0
1	0
17	16
17	11
1	0
1	0
1	0
4	0
16	16
3	3
17	3
17	0
13	0
17	0
17	0
17	3
17	0
17	0
17	10
17	6
17	0
17	0
17	0
2	1
17	0
8	0
8	8
12	0
12	0
12	4
13	13
13	0
17	0
17	0
17	0
17	0
17	0
12	0
17	0
17	0
17	0
17	0
17	0
17	0
17	0
17	0
12	0
12	0
12	0
12	0
12	0
12	0
17	0
17	0
17	0
17	0
17	0
12	0
12	0
17	0
17	0
17	0
17	0
17	0
17	0
17	0
17	0
17	0
17	0
17	0
17	0
17	0
17	0
12	0
12	6
8	8
4	0
4	4
3	0
3	0
3	3
1	0
1	3
12	1
12	0
12	0
12	4
12	0
13	13
13	0
12	0
12	0
1	0
12	0
1	0
12	0
12	0
12	0
12	0
1	0
1	0
1	0
1	0
1	0
12	0
12	0
16	0
1	0
12	0
12	0
12	0
12	0
12	0
1	0
1	0
1	0
12	0
12	0
1	0
1	0
1	0
8	0
8	0
3	0
3	0
1	0
1	0
1	0
1	0
12	0
12	0
12	0
1	0
12	0
5	0
16	0
16	3
16	0
2	0
2	10
13	0
13	13
13	0
12	0
8	0
8	0
8	0
1	0
12	0
8	0
8	0
8	0
2	0
12	0
12	0
12	0
8	0
8	0
16	0
16	0
1	0
12	0
12	0
12	0
12	0
12	0
8	0
12	0
12	0
1	0
8	0
16	0
16	0
12	0
12	0
12	0
12	0
8	0
8	0
8	0
16	0
16	0
8	0
8	0
16	0
2	0
12	0
12	0
12	0
1	0
8	0
8	0
1	0
12	0
12	0
5	5
8	0
2	2
8	0
8	8
4	0
4	0
9	4
17	6
17	0
1	0
1	0
1	1
8	0
8	8
16	0
2	4
13	0
13	13
13	0
12	0
16	0
16	0
16	0
12	0
12	0
12	0
17	0
3	0
1	0
1	0
1	0
1	0
1	0
16	0
16	0
16	0
16	0
12	0
12	0
17	0
3	0
16	0
16	0
16	0
12	0
12	0
16	0
1	0
1	0
8	0
16	0
1	0
1	0
1	0
1	0
1	0
1	0
13	0
3	11
16	0
16	0
16	16
13	0
11	0
14	14
11	0
11	0
11	11
1	0
3	0
1	1
4	0
4	4
13	0
13	13
13	0
3	0
3	0
3	0
3	0
1	0
16	0
12	0
3	0
3	0
3	0
3	0
11	0
3	0
8	0
1	0
1	0
1	0
16	0
16	0
12	0
12	0
3	0
3	0
3	0
3	0
8	0
12	0
3	0
3	0
16	0
16	0
3	0
3	0
3	0
11	0
3	0
3	0
3	0
8	0
1	0
1	0
12	0
13	0
13	17
8	0
16	3
11	0
11	4
5	6
8	0
8	8
1	0
8	16
13	0
13	13
13	0
12	0
1	0
16	0
16	0
8	0
8	0
1	0
8	0
16	0
16	0
16	0
16	0
8	0
8	0
1	0
1	0
16	0
16	0
8	0
12	0
12	0
16	0
1	0
8	0
16	0
12	0
8	0
1	0
8	0
16	0
16	0
8	0
13	0
1	0
16	0
16	0
16	0
1	0
8	0
8	0
1	0
16	0
16	0
8	0
8	0
12	0
3	11
4	0
4	4
17	0
6	3
8	0
2	2
8	8
1	0
1	0
1	16
5	5
1	0
3	4
2	0
3	3
17	0
11	0
11	0
2	3
1	0
4	0
4	0
4	0
4	0
4	16
13	0
13	13
13	0
1	0
1	0
1	0
1	0
3	0
3	0
3	0
1	0
17	0
17	0
1	0
1	0
8	0
16	0
17	0
17	0
17	0
3	0
3	0
1	0
3	0
8	0
1	0
1	0
1	0
1	0
1	0
1	0
1	0
1	0
12	0
3	3
4	0
11	4
3	3
3	0
3	3
3	3
3	3
5	6
8	0
8	8
12	0
12	16
13	13
3	3
17	0
11	4
6	6
8	0
8	8
12	0
12	0
12	4
13	13
5	5
6	4
1	0
12	0
17	0
1	0
16	16
3	0
6	11
3	0
1	0
1	0
1	0
1	16
16	0
17	0
12	10
17	0
13	13
13	0
12	0
16	0
3	0
16	0
3	0
16	0
16	0
1	0
1	0
1	0
1	0
1	0
12	0
12	0
12	0
13	0
3	0
1	0
1	1
4	0
11	4
17	0
11	11
17	0
17	11
17	10
1	0
1	0
1	0
1	16
3	2
17	0
2	11
13	0
13	13
13	0
1	0
17	0
12	0
12	0
12	0
12	0
12	0
17	0
17	0
17	0
17	0
1	0
1	0
1	0
1	0
12	0
12	0
12	0
12	0
12	0
17	0
17	0
17	0
12	0
12	0
12	0
3	0
3	0
3	0
16	0
16	0
17	0
17	0
17	0
17	0
17	0
1	0
1	0
1	0
12	0
11	0
11	0
11	6
8	0
8	0
8	8
13	0
13	13
13	0
1	0
8	0
8	0
8	0
12	0
8	0
1	0
1	0
8	0
8	0
8	0
12	0
12	0
1	0
8	0
8	0
8	0
8	0
8	0
8	0
12	0
12	0
8	0
8	0
16	0
8	0
1	0
8	0
8	0
8	0
8	0
12	0
12	0
12	0
1	0
8	0
16	0
8	0
1	0
1	0
8	0
8	0
16	0
8	0
12	0
12	0
1	0
1	0
8	0
16	0
13	0
11	11
4	0
11	4
3	0
6	6
8	0
17	0
2	0
1	2
17	0
1	0
1	1
12	0
12	8
13	0
13	0
13	13
13	0
1	0
1	0
1	0
8	0
16	0
3	0
1	0
1	0
1	0
1	0
1	0
1	0
1	0
1	0
1	0
8	0
16	0
1	0
8	0
1	0
1	0
1	0
1	0
1	0
8	0
1	0
3	0
1	0
3	0
16	0
3	0
3	0
8	0
1	0
1	0
1	0
1	0
1	0
1	0
1	0
1	0
12	0
5	0
5	5
1	0
1	1
12	12
16	0
16	16
2	2
1	0
1	0
1	1
8	0
8	0
8	0
8	8
5	5
1	0
1	0
1	0
1	0
1	0
1	0
1	0
1	1
8	0
8	0
8	8
1	0
12	10
13	0
13	13
13	0
12	0
12	0
8	0
12	0
12	0
1	0
1	0
1	0
1	0
8	0
1	0
1	0
1	0
1	0
16	0
3	0
1	0
12	0
1	0
8	0
1	0
1	0
1	0
1	0
1	0
1	0
8	0
13	0
8	0
8	0
2	2
11	11
11	0
12	0
3	4
2	0
6	3
8	0
8	1
12	0
12	0
8	0
8	8
13	0
11	0
14	14
11	0
11	0
11	11
3	0
11	0
11	11
17	0
17	0
17	10
17	0
17	0
17	0
17	0
17	16
16	0
16	16
13	0
13	0
13	13
13	0
1	0
16	0
8	0
12	0
16	0
16	0
12	0
16	0
16	0
1	0
8	0
3	0
3	0
1	0
1	0
1	0
8	0
1	0
1	0
16	0
16	0
13	0
13	0
13	0
13	17
8	0
8	3
4	0
11	4
2	0
3	0
9	6
1	0
1	0
1	0
1	1
8	8
3	3
2	0
13	13
13	0
1	0
8	0
8	0
1	0
1	0
12	0
12	0
12	0
17	0
3	0
17	0
3	0
3	0
17	0
1	0
1	0
1	0
1	0
1	0
12	0
12	0
1	0
3	0
17	0
1	0
12	0
12	0
12	0
8	0
1	0
1	0
16	0
16	0
2	0
3	0
3	0
3	0
1	0
1	0
1	0
17	0
17	0
17	3
17	0
2	2
1	0
1	8
1	0
1	0
1	16
17	0
2	2
12	12
12	12
13	0
13	13
13	0
17	0
1	0
1	0
12	0
17	0
12	0
17	0
17	0
1	0
1	0
1	0
1	0
8	0
8	0
8	0
1	0
1	0
8	0
12	0
17	0
17	0
1	0
1	0
1	0
12	0
17	0
12	0
17	0
17	0
16	0
17	0
16	0
17	0
17	0
1	0
1	0
1	0
8	0
8	0
8	0
1	0
1	0
8	0
13	0
3	0
11	11
16	0
16	16
17	0
17	0
17	3
9	9
17	8
13	0
13	13
13	0
17	0
8	0
8	0
8	0
12	0
17	0
17	0
17	0
17	0
8	0
8	0
8	0
17	0
17	0
17	0
17	0
17	0
17	0
17	0
17	0
17	0
17	0
8	0
8	0
8	0
12	0
17	0
17	0
17	0
17	0
8	0
9	0
8	0
17	0
8	0
8	0
8	0
17	0
17	0
17	0
17	0
17	0
8	0
17	0
17	0
17	0
3	0
13	0
11	11
11	0
2	2
11	0
6	6
12	0
12	0
12	0
12	8
1	3
13	0
13	13
13	0
17	0
16	0
16	0
8	0
17	0
12	0
12	0
8	0
16	0
16	0
8	0
12	0
12	0
12	0
12	0
8	0
16	0
8	0
1	0
12	0
17	0
16	0
16	0
1	0
1	0
12	0
12	0
12	0
8	0
16	0
16	0
16	0
16	0
16	0
16	0
16	0
8	0
12	0
12	0
12	0
16	0
16	0
8	0
1	0
17	0
17	0
12	0
17	0
5	5
3	11
1	0
17	0
1	0
1	0
1	16
17	0
2	11
11	0
3	3
3	0
17	0
1	0
1	0
12	3
3	0
10	0
2	3
13	13
13	0
1	0
1	0
1	0
1	0
1	0
1	0
17	0
17	0
12	0
1	0
1	0
1	0
1	0
17	0
1	0
1	0
1	0
1	0
1	0
1	0
16	0
1	0
1	0
1	0
16	0
16	0
16	0
16	0
1	0
1	0
1	0
17	0
1	0
12	0
17	0
1	0
1	0
12	0
3	11
4	0
4	4
4	0
2	2
8	8
8	0
8	0
12	12
13	0
13	13
13	0
3	0
3	0
16	0
1	0
12	0
17	0
1	0
8	0
1	0
1	0
16	0
1	0
12	0
17	0
1	0
1	0
1	0
16	0
8	0
12	0
12	0
3	0
3	0
1	0
1	0
12	0
12	0
1	0
1	0
1	0
1	0
16	0
16	0
1	0
1	0
16	0
3	0
3	0
1	0
1	0
8	0
16	0
16	0
8	0
12	0
12	0
3	0
12	0
12	0
11	6
9	0
13	0
8	0
13	0
8	8
13	0
13	13
13	0
12	0
12	0
12	0
12	0
12	0
12	0
1	0
1	0
8	0
1	0
8	0
12	0
12	0
1	0
8	0
12	0
12	0
8	0
12	0
12	0
12	0
12	0
12	0
12	0
12	0
8	0
1	0
8	0
1	0
8	0
1	0
12	0
12	0
12	0
1	0
12	0
12	0
1	0
8	0
8	0
1	0
8	0
8	0
12	0
12	0
12	0
1	0
12	0
12	0
13	0
5	5
3	0
11	11
8	0
2	0
2	2
9	9
8	0
8	0
8	8
13	0
13	13
13	0
1	0
8	0
8	0
16	0
8	0
16	0
16	0
16	0
8	0
8	0
8	0
3	0
3	0
3	0
8	0
8	0
8	0
8	0
8	0
8	0
12	0
16	0
8	0
16	0
8	0
12	0
16	0
1	0
8	0
8	0
8	0
8	0
8	0
16	0
16	0
8	0
8	0
8	0
1	0
8	0
8	0
8	0
16	0
8	0
8	0
12	0
13	0
3	0
11	11
4	0
4	0
4	4
3	3
1	0
1	1
1	1
13	0
13	0
13	13
13	0
1	0
8	0
16	0
16	0
1	0
1	0
3	0
1	0
1	0
16	0
16	0
16	0
3	0
3	0
3	0
1	0
16	0
16	0
16	0
12	0
1	0
3	0
16	0
16	0
1	0
1	0
3	0
3	0
1	0
1	0
16	0
16	0
3	0
16	0
3	0
16	0
16	0
3	0
3	0
3	0
16	0
16	0
16	0
16	0
12	0
1	0
12	0
3	11
4	0
4	4
17	0
2	11
3	3
17	0
3	3
3	10
8	0
8	8
5	5
8	0
13	0
8	0
8	8
1	0
3	0
3	0
3	0
3	16
1	0
2	0
2	2
6	6
8	0
8	0
8	8
2	2
12	12
12	12
13	0
13	13
13	0
12	0
17	0
1	0
1	0
1	0
12	0
8	0
8	0
8	0
16	0
1	0
1	0
8	0
3	0
3	0
12	0
16	0
12	0
12	0
1	0
1	0
1	0
8	0
8	0
1	0
13	0
1	0
11	11
8	0
8	0
8	0
8	8
4	0
4	4
1	0
1	0
1	0
1	3
12	6
17	0
13	0
8	0
8	8
2	0
2	2
8	0
8	8
2	2
12	12
12	12
13	0
13	0
13	13
13	0
1	0
1	0
16	0
16	0
1	0
1	0
1	0
1	0
8	0
16	0
16	0
1	0
8	0
8	0
1	0
1	0
16	0
1	0
16	0
1	0
1	0
1	0
16	0
3	0
3	0
3	0
1	0
1	0
1	0
1	0
1	0
13	0
13	0
13	17
12	0
12	7
13	0
13	0
13	13
13	0
16	0
16	0
16	0
8	0
12	0
16	0
1	0
1	0
16	0
1	0
12	0
12	0
12	0
16	0
8	0
1	0
16	0
12	0
12	0
12	0
12	0
8	0
16	0
12	0
13	0
8	0
1	0
1	0
1	0
16	0
12	0
12	0
12	0
12	0
16	0
8	0
1	0
16	0
13	0
1	0
1	0
1	0
12	0
12	0
12	0
12	0
16	0
16	0
1	0
16	0
12	0
13	0
3	0
11	11
4	0
4	0
4	0
4	4
3	3
11	0
3	3
2	2
3	0
2	2
6	6
17	0
1	0
9	1
8	8
13	0
13	13
13	0
1	0
1	0
8	0
1	0
16	0
16	0
16	0
16	0
3	0
1	0
8	0
8	0
8	0
1	0
8	0
1	0
1	0
16	0
16	0
12	0
16	0
8	0
1	0
16	0
16	0
16	0
3	0
16	0
16	0
16	0
4	0
3	0
3	0
3	0
8	0
8	0
8	0
8	0
1	0
12	0
6	6
1	0
1	0
1	0
1	1
8	0
8	8
4	0
11	4
11	0
6	3
8	0
2	2
12	12
12	12
13	0
13	0
13	13
13	0
1	0
8	0
1	0
1	0
1	0
12	0
1	0
8	0
1	0
16	0
1	0
8	0
8	0
1	0
1	0
8	0
1	0
1	0
12	0
1	0
1	0
1	0
8	0
1	0
8	0
12	0
1	0
1	0
1	0
1	0
1	0
1	0
8	0
16	0
1	0
1	0
8	0
8	0
8	0
1	0
12	0
12	17
13	13
9	0
17	17
17	17
17	17
9	9
13	0
8	0
8	0
14	14
11	0
11	11
2	0
2	2
8	8
2	2
12	12
12	12
1	0
1	0
1	0
1	16
16	0
16	4
13	13
14	0
2	0
11	4
2	0
6	0
6	2
8	8
17	0
2	2
12	12
12	12
16	0
16	0
16	16
13	0
13	13
13	0
12	0
3	0
16	0
16	0
17	0
17	0
17	0
17	0
8	0
17	0
1	0
16	0
16	0
16	0
16	0
16	0
13	0
12	0
12	6
12	0
12	0
8	0
8	8
17	0
16	3
17	0
2	0
2	3
17	0
11	4
17	0
17	0
17	3
9	9
8	0
8	0
8	8
1	0
16	16
13	0
13	13
13	0
17	0
16	0
1	0
8	0
16	0
16	0
16	0
17	0
17	0
17	0
17	0
12	0
1	0
17	0
17	0
1	0
17	0
1	0
8	0
12	0
1	0
1	0
12	0
12	0
16	0
16	0
16	0
8	0
16	0
1	0
1	0
16	0
17	0
17	0
13	0
11	11
11	0
2	2
11	0
6	6
12	0
12	0
12	0
12	8
1	3
13	0
13	13
13	0
17	0
16	0
16	0
8	0
17	0
12	0
12	0
8	0
16	0
16	0
8	0
12	0
12	0
12	0
12	0
8	0
16	0
8	0
1	0
12	0
17	0
16	0
16	0
1	0
1	0
12	0
12	0
12	0
8	0
16	0
16	0
16	0
16	0
16	0
16	0
16	0
8	0
12	0
12	0
12	0
16	0
16	0
8	0
1	0
17	0
17	0
12	0
11	0
11	4
16	6
16	0
16	0
1	3
1	0
1	0
1	0
1	1
8	0
8	0
8	0
8	8
12	0
12	0
12	4
13	13
13	0
3	0
12	0
1	0
12	0
12	0
1	0
1	0
1	0
1	0
1	0
1	0
1	0
1	0
1	0
16	0
16	0
12	0
12	0
16	0
12	0
1	0
1	0
16	0
16	0
16	0
1	0
3	0
3	0
16	0
16	0
1	0
1	0
1	0
1	0
1	0
1	0
1	0
1	0
1	0
16	0
17	0
3	11
4	0
4	4
11	0
11	3
2	3
1	3
1	0
1	0
1	1
17	0
17	0
17	4
3	0
3	14
17	0
17	16
4	0
4	4
13	0
13	13
13	0
17	0
17	0
1	0
1	0
1	0
1	0
8	0
1	0
17	0
17	0
8	0
8	0
1	0
1	0
1	0
17	0
1	0
1	0
1	0
12	0
12	0
1	0
1	0
1	0
1	0
3	0
3	0
3	0
8	0
8	0
3	0
1	0
1	0
17	0
17	0
8	0
8	0
17	0
17	11
17	0
17	4
3	2
17	0
2	0
17	0
11	6
12	0
12	8
3	0
3	0
1	0
1	3
3	3
17	0
12	6
12	0
8	8
12	12
12	12
1	0
17	0
1	16
5	5
17	0
17	4
17	0
17	0
17	10
3	0
1	0
1	3
17	0
17	0
17	0
17	0
17	0
17	16
3	11
17	0
2	0
2	3
3	0
6	0
14	14
17	0
12	6
12	0
12	8
17	0
2	11
16	0
16	0
1	16
2	2
12	12
12	12
13	0
12	0
16	0
11	11
11	4
17	0
2	11
11	0
11	3
3	0
2	2
12	12
12	12
12	0
12	17
1	0
1	0
1	0
1	0
1	0
1	0
16	16
13	0
13	13
13	0
12	0
17	0
17	0
16	0
8	0
8	0
17	0
1	0
1	0
1	0
1	0
1	0
1	0
1	0
16	0
17	0
8	0
8	0
8	0
12	0
17	0
17	0
16	0
16	0
16	0
16	0
17	0
17	0
8	0
8	0
8	0
8	0
8	0
1	0
1	0
1	0
12	0
3	0
12	0
1	3
16	0
16	0
1	1
8	0
8	8
13	13
13	0
1	0
1	0
1	0
16	0
16	0
16	0
1	0
16	0
1	0
1	0
1	0
8	0
16	0
1	0
1	0
16	0
1	0
1	0
1	0
8	0
8	0
1	0
1	0
1	0
1	0
1	0
1	0
1	0
16	0
1	0
1	0
1	0
8	0
1	0
1	0
1	0
16	0
3	0
3	0
16	0
1	0
1	0
1	0
8	0
8	0
1	0
3	0
1	0
16	0
12	0
3	11
16	0
4	4
6	0
6	3
8	0
8	3
5	6
8	0
8	0
8	0
8	8
1	0
12	0
2	0
1	16
5	5
4	0
4	4
3	0
3	0
1	0
1	0
1	16
13	0
13	13
13	0
12	0
1	0
1	0
1	0
1	0
1	0
1	0
1	0
1	0
1	0
8	0
12	0
12	0
1	0
1	0
1	0
1	0
1	0
1	0
3	0
16	0
1	0
1	0
8	0
8	0
1	0
1	0
1	0
8	0
1	0
1	0
1	0
12	0
5	5
3	0
3	0
3	3
11	0
6	4
8	0
8	8
5	5
8	0
8	0
8	0
8	8
12	0
12	4
3	11
17	0
2	11
1	0
1	0
17	1
1	0
1	0
16	16
1	0
3	4
13	0
13	13
13	0
1	0
1	0
1	0
16	0
16	0
1	0
1	0
16	0
17	0
1	0
12	0
1	0
16	0
1	0
1	0
1	0
1	0
1	0
3	0
12	0
16	0
16	0
16	0
1	0
8	0
1	0
1	0
1	0
1	0
12	0
17	0
17	0
17	11
17	0
11	4
17	0
17	0
17	3
17	0
3	3
17	0
17	0
17	10
17	0
17	0
3	1
17	0
17	0
17	4
13	13
13	0
17	0
17	0
17	0
17	0
17	0
1	0
17	0
3	0
17	0
17	0
17	0
17	0
17	0
17	0
17	0
17	0
17	0
17	0
17	0
17	0
17	0
17	0
17	0
17	0
17	0
1	0
17	0
3	0
17	0
17	0
17	0
17	0
17	0
17	0
17	0
17	0
17	0
17	0
17	0
12	0
3	11
16	0
4	4
16	0
11	3
3	0
3	3
5	6
8	0
8	0
8	12
1	0
2	0
1	0
8	16
5	5
4	0
4	4
2	0
2	0
6	2
8	0
8	8
17	0
3	3
2	0
2	3
17	0
17	0
17	0
12	16
5	5
16	0
17	4
11	0
11	6
8	8
17	0
2	0
2	2
12	12
12	0
12	12
1	0
12	0
3	0
16	16
13	0
13	13
13	0
3	0
3	0
1	0
1	0
1	0
1	0
1	0
1	0
1	0
12	0
17	11
17	0
17	4
17	0
17	3
17	0
17	3
17	2
8	8
1	0
12	0
12	0
12	16
4	0
4	14
12	0
12	0
13	0
8	8
11	0
3	0
3	3
3	0
2	2
9	9
17	0
17	0
17	4
11	0
17	4
13	13
13	0
3	0
1	0
1	0
1	0
1	0
8	0
8	0
8	0
16	0
16	0
16	0
1	0
8	0
8	0
8	0
17	0
17	0
17	0
17	0
1	0
1	0
1	0
1	0
1	0
16	0
1	0
3	0
12	0
5	0
5	5
11	0
11	11
4	0
4	4
3	0
2	2
9	0
9	8
1	0
1	3
2	2
12	12
12	12
12	0
12	0
9	4
13	13
13	0
1	0
8	0
16	0
16	0
12	0
16	0
16	0
3	0
3	0
8	0
8	0
8	0
1	0
1	0
1	0
12	0
12	0
12	0
16	0
1	0
8	0
1	0
8	0
16	0
16	0
16	0
16	0
3	0
8	0
8	0
8	0
3	0
3	0
3	0
8	0
8	0
1	0
1	0
1	0
12	0
3	2
9	9
16	0
12	0
1	4
17	0
6	3
1	3
1	0
1	0
1	16
2	0
2	2
17	0
2	0
11	0
11	6
8	8
13	0
13	13
13	0
12	0
8	0
16	0
1	0
8	0
12	0
12	0
8	0
1	0
8	0
8	0
8	0
17	0
8	0
8	0
1	0
1	0
8	0
8	0
12	0
8	0
1	0
1	0
8	0
8	0
12	0
16	0
16	0
16	0
8	0
8	0
8	0
1	0
1	0
8	0
8	0
8	0
2	0
12	0
12	11
17	0
17	4
17	0
2	11
1	0
2	0
1	0
1	0
16	0
16	16
14	0
11	14
3	0
11	11
11	0
11	3
2	0
2	2
12	13
12	6
8	8
1	0
2	0
2	0
1	0
16	0
16	0
16	16
5	5
17	0
11	3
16	0
4	3
12	0
12	16
12	0
8	8
16	0
2	0
16	0
16	16
13	0
13	13
13	0
3	0
3	0
17	0
17	0
17	0
3	0
1	0
1	0
17	0
16	0
16	0
16	0
16	0
3	0
13	0
11	0
11	4
3	3
1	0
1	0
1	0
1	0
1	3
1	0
11	6
8	0
8	0
8	8
13	0
13	13
13	0
1	0
3	0
16	0
16	0
3	0
1	0
3	0
1	0
16	0
16	0
1	0
16	0
1	0
1	0
1	0
1	0
1	0
1	0
12	0
12	0
1	0
1	0
16	0
1	0
16	0
12	0
1	0
16	0
3	0
16	0
16	0
16	0
3	0
1	0
1	0
1	0
16	0
1	0
1	0
1	0
1	0
1	0
1	0
12	0
12	0
12	0
12	7
16	0
16	16
13	0
13	0
13	13
13	0
12	0
12	0
12	0
12	0
12	0
12	0
12	0
12	0
12	0
8	0
8	0
12	0
12	0
12	0
1	0
8	0
8	0
12	0
8	0
12	0
12	0
8	0
12	0
12	0
12	0
12	0
12	0
1	0
12	0
8	0
12	0
8	0
12	0
12	0
12	0
1	0
12	0
12	0
12	0
12	0
1	0
8	0
8	0
12	0
12	0
12	0
12	0
1	0
12	0
12	0
12	0
8	0
8	0
13	0
8	0
8	17
13	0
13	13
13	0
12	0
1	0
1	0
8	0
1	0
8	0
8	0
1	0
1	0
8	0
8	0
12	0
12	0
8	0
1	0
1	0
8	0
8	0
12	0
12	0
12	0
12	0
8	0
8	0
12	0
8	0
8	0
1	0
1	0
8	0
8	0
12	0
12	0
12	0
12	0
1	0
1	0
1	0
8	0
8	0
8	0
8	0
12	0
12	0
12	0
12	0
12	0
1	0
1	0
1	0
8	0
12	0
5	5
11	11
8	0
2	0
2	2
11	0
11	11
13	0
13	13
13	0
12	0
8	0
8	0
1	0
12	0
12	0
8	0
1	0
8	0
8	0
8	0
1	0
12	0
16	0
1	0
1	0
8	0
8	0
12	0
12	0
12	0
12	0
8	0
3	0
1	0
12	0
16	0
1	0
1	0
8	0
8	0
12	0
12	0
12	0
1	0
1	0
1	0
8	0
1	0
16	0
1	0
8	0
8	0
12	0
12	0
12	0
16	0
8	0
1	0
12	0
17	4
17	0
12	0
12	3
17	0
17	0
17	0
17	0
17	0
1	16
5	5
12	0
12	6
12	0
12	0
12	12
17	0
2	2
8	0
8	0
8	0
8	0
8	8
13	0
13	0
13	13
13	0
17	0
17	0
16	0
12	0
12	0
1	0
12	0
12	0
12	0
16	0
12	0
12	0
1	0
12	0
12	0
12	0
16	0
16	0
12	0
17	0
17	0
17	0
16	0
1	0
1	0
17	0
16	0
16	0
1	0
1	0
1	0
12	0
12	0
5	5
16	0
11	11
11	0
11	4
1	0
1	0
1	0
1	0
1	0
1	0
1	0
1	0
1	1
17	0
17	0
12	4
17	0
13	13
13	0
12	0
12	0
17	0
12	0
12	0
12	0
12	0
16	0
16	0
1	0
1	0
1	0
1	0
1	0
17	0
17	0
17	0
12	0
12	0
12	0
12	0
17	0
12	0
12	0
12	0
12	0
16	0
16	0
16	0
16	0
1	0
1	0
1	0
1	0
1	0
1	0
1	0
1	0
1	0
11	0
3	11
16	0
4	4
6	0
6	3
17	0
3	0
9	6
8	0
8	8
1	0
2	0
1	0
1	16
5	5
4	0
4	4
3	0
3	2
8	0
8	0
13	0
8	8
13	13
13	0
1	0
1	0
8	0
8	0
1	0
1	0
1	0
1	0
1	0
1	0
1	0
1	0
1	0
1	0
1	0
1	0
8	0
1	0
1	0
1	0
1	0
3	0
1	0
3	0
3	0
8	0
8	0
1	0
1	0
8	0
1	0
1	0
1	0
1	0
13	0
11	0
2	3
11	0
11	4
3	0
3	0
16	0
1	3
3	3
1	6
8	0
8	8
16	0
12	0
17	0
12	16
4	0
16	16
13	0
13	13
13	0
12	0
12	0
1	0
1	0
1	0
12	0
12	0
1	0
1	0
1	0
1	0
16	0
12	0
12	0
12	0
1	0
16	0
16	0
16	0
12	0
12	0
3	0
1	0
1	0
16	0
16	0
16	0
16	0
1	0
3	0
1	0
1	0
1	0
1	0
1	0
1	0
16	0
12	0
12	0
3	0
6	6
8	8
4	0
11	4
3	0
17	0
17	0
3	3
1	1
5	5
6	4
17	0
17	0
1	3
17	0
1	6
8	0
8	0
8	8
13	13
13	0
1	0
1	0
1	0
1	0
1	0
1	0
3	0
3	0
1	0
1	0
1	0
17	0
1	0
1	0
1	0
1	0
1	0
17	0
1	0
1	0
1	0
1	0
1	0
1	0
8	0
1	0
1	0
8	0
1	0
17	0
17	0
3	0
1	0
1	0
1	0
1	0
1	0
12	0
2	0
3	0
3	3
11	0
11	4
17	0
6	3
17	0
17	0
12	3
4	2
12	0
8	8
16	0
1	0
1	0
4	16
13	0
13	13
13	0
8	0
16	0
16	0
16	0
16	0
12	0
12	0
8	0
8	0
8	0
1	0
1	0
1	0
16	0
16	0
16	0
16	0
1	0
16	0
12	0
16	0
8	0
16	0
16	0
16	0
12	0
1	0
1	0
16	0
16	0
16	0
8	0
8	0
8	0
8	0
1	0
1	0
1	0
16	0
17	0
11	0
11	4
3	0
3	3
1	0
1	1
17	0
12	0
12	4
5	5
3	3
13	0
13	13
13	0
17	0
1	0
1	0
1	0
17	0
12	0
16	0
1	0
1	0
3	0
1	0
1	0
16	0
16	0
17	0
12	0
1	0
1	0
12	0
12	0
17	0
12	0
1	0
1	0
12	0
17	0
17	0
16	0
1	0
1	0
3	0
16	0
16	0
3	0
3	0
3	0
1	0
17	0
16	0
1	0
1	0
1	0
1	0
12	0
12	0
17	0
17	0
5	5
1	3
17	0
17	0
17	6
1	0
1	0
1	0
1	0
3	8
13	0
13	13
13	0
17	0
17	0
1	0
1	0
17	0
17	0
17	0
1	0
1	0
17	0
17	0
17	0
17	0
1	0
1	0
1	0
17	0
17	0
17	0
17	0
17	0
17	0
1	0
1	0
16	0
17	0
1	0
17	0
1	0
16	0
16	0
16	0
16	0
16	0
8	0
1	0
17	0
17	0
1	0
1	0
17	0
1	0
1	0
17	0
17	0
12	0
14	3
11	0
3	4
17	0
17	0
17	3
2	3
3	0
3	3
1	0
1	0
1	0
16	16
8	0
2	0
2	2
6	6
8	0
8	8
13	0
13	0
13	13
13	0
16	0
16	0
8	0
16	0
16	0
12	0
1	0
1	0
1	0
8	0
8	0
8	0
1	0
8	0
1	0
8	0
8	0
16	0
12	0
12	0
16	0
16	0
8	0
16	0
16	0
16	0
17	0
17	0
1	0
3	0
3	0
1	0
1	0
1	0
8	0
8	0
17	0
12	11
4	0
4	4
3	0
3	3
3	0
3	0
1	0
1	3
11	0
3	0
3	3
3	3
1	0
1	0
1	1
17	0
11	0
9	4
6	0
6	14
3	0
6	11
1	0
1	4
1	0
1	0
1	0
1	16
1	0
11	16
5	5
5	0
17	0
17	3
4	0
17	3
11	0
11	6
8	0
8	0
8	8
5	0
12	4
1	0
1	4
13	0
13	13
13	0
12	0
17	0
1	0
1	0
1	0
17	0
1	0
3	0
3	0
3	0
12	0
3	11
17	0
17	4
17	0
2	11
17	0
6	0
5	3
3	0
1	0
1	0
1	16
11	0
11	14
3	0
6	11
1	0
17	0
17	10
17	0
17	0
17	16
17	0
17	8
17	0
1	0
16	16
17	0
2	2
8	0
8	8
13	13
3	3
3	0
1	14
1	0
1	0
1	0
1	0
16	1
12	0
12	0
12	4
4	0
4	4
13	13
13	0
3	0
1	0
17	0
17	0
1	0
1	0
1	0
1	0
16	0
16	0
16	0
3	0
12	0
3	11
3	0
16	4
2	0
6	3
1	1
8	0
8	8
3	0
16	16
2	0
2	0
2	2
8	0
8	0
8	0
8	0
8	12
13	13
3	0
2	0
2	0
2	0
1	0
1	1
8	0
8	8
17	0
17	0
2	2
11	11
3	11
17	13
17	11
17	0
17	0
17	10
17	0
17	0
17	0
17	16
13	13
13	13
13	0
3	0
1	0
3	0
16	0
16	0
16	0
1	0
1	0
8	0
1	0
1	0
1	0
2	0
1	0
2	0
12	0
6	0
6	3
8	0
12	0
1	4
17	0
12	11
17	10
17	0
17	16
13	13
17	0
11	11
17	0
11	4
17	0
17	0
17	3
9	0
9	8
17	0
2	2
8	0
17	0
8	8
12	0
12	0
12	4
13	13
2	0
6	0
6	2
8	8
1	2
12	0
12	0
12	8
2	0
2	2
8	8
13	13
13	0
1	0
8	0
17	0
8	0
12	0
8	0
8	0
8	0
1	0
8	0
17	0
17	0
17	0
16	0
16	0
16	0
16	0
12	0
9	2
11	0
6	0
6	6
8	8
4	0
4	4
3	0
3	3
3	3
3	0
1	0
1	0
1	0
1	0
1	3
3	0
3	0
1	0
1	3
17	0
17	11
17	0
3	3
17	0
17	0
17	0
17	1
17	0
17	0
17	4
13	0
13	0
13	13
13	0
1	0
1	0
1	0
1	0
1	0
1	0
1	0
1	0
1	0
1	0
17	0
1	0
17	0
1	0
1	0
1	0
12	0
12	0
1	0
1	0
3	0
3	0
1	0
1	0
13	0
17	0
2	2
9	0
9	8
16	0
2	2
8	0
8	0
8	8
13	0
13	0
13	13
13	0
16	0
16	0
16	0
16	0
12	0
16	0
1	0
8	0
8	0
16	0
16	0
17	0
16	0
1	0
1	0
8	0
16	0
8	0
12	0
12	0
1	0
16	0
8	0
16	0
12	0
12	0
1	0
1	0
8	0
8	0
16	0
16	0
17	0
17	0
16	0
8	0
8	0
8	0
1	0
8	0
8	0
16	0
8	0
12	0
12	0
12	0
13	0
5	0
5	5
6	0
6	6
8	0
8	8
13	0
13	13
13	0
13	0
1	0
1	0
1	0
16	0
16	0
1	0
1	0
1	0
8	0
16	0
8	0
12	0
16	0
1	0
1	0
16	0
16	0
16	0
12	0
13	0
12	0
1	0
1	0
1	0
16	0
16	0
1	0
1	0
16	0
16	0
8	0
12	0
13	0
12	0
1	0
16	0
16	0
16	0
16	0
1	0
1	0
16	0
8	0
12	0
13	0
1	0
1	0
16	0
16	0
17	0
6	6
8	0
8	8
16	0
16	4
3	0
2	11
12	17
17	0
12	17
2	0
2	2
9	0
9	8
17	0
2	2
1	0
17	8
2	2
17	0
2	2
9	0
9	8
17	0
2	2
8	0
8	8
13	0
13	13
13	0
1	0
3	0
3	0
8	0
17	0
17	0
17	0
1	0
8	0
8	0
17	0
3	0
8	0
8	0
17	0
1	0
1	0
8	0
8	0
16	0
16	0
16	0
1	0
1	0
16	0
3	0
3	0
8	0
8	0
17	0
12	0
3	3
1	0
1	1
1	0
1	0
16	0
16	16
3	0
3	11
17	0
3	3
6	6
8	8
17	0
2	2
13	0
13	13
13	0
12	0
12	0
8	0
8	0
8	0
8	0
12	0
17	0
16	0
16	0
16	0
17	0
1	0
1	0
8	0
8	0
8	0
8	0
8	0
12	0
12	0
8	0
8	0
8	0
8	0
12	0
12	0
17	0
16	0
16	0
16	0
16	0
17	0
16	0
16	0
16	0
1	0
1	0
1	0
8	0
13	0
13	0
13	17
8	0
8	0
3	3
8	0
12	0
1	4
3	0
3	3
4	2
8	8
5	5
17	0
17	4
17	0
2	11
17	0
17	1
17	0
8	16
3	0
3	14
3	0
3	16
17	0
2	2
8	0
8	8
13	0
13	13
13	0
13	0
3	0
12	0
8	0
12	0
1	0
17	0
1	0
1	0
8	0
17	0
1	0
1	0
1	0
1	0
1	0
1	0
8	0
1	0
1	0
1	0
1	0
8	0
1	0
1	0
1	0
8	0
17	0
17	0
17	0
17	0
17	3
17	17
17	0
17	17
13	0
13	13
13	0
17	0
17	0
17	0
12	0
12	0
12	0
1	0
1	0
1	0
8	0
12	0
12	0
17	0
1	0
1	0
1	0
17	0
8	0
12	0
12	0
12	0
17	0
17	0
17	0
17	0
12	0
12	0
1	0
1	0
1	0
8	0
12	0
12	0
12	0
17	0
17	0
17	0
17	0
17	0
1	0
17	0
12	0
12	0
12	0
12	0
12	0
17	0
17	0
17	0
17	0
3	0
16	0
16	3
1	0
12	0
12	16
3	0
3	3
17	0
17	0
17	10
17	0
17	2
8	0
8	8
17	0
17	10
17	0
17	3
13	0
13	13
13	0
12	0
17	0
17	0
17	0
17	0
8	0
17	0
1	0
17	0
17	0
17	0
17	0
17	0
17	0
17	0
17	0
17	0
17	0
17	0
12	0
12	0
17	0
17	0
17	0
8	0
17	0
1	0
1	0
1	0
17	0
17	0
17	0
17	0
17	0
17	0
17	0
17	0
12	0
5	5
4	0
4	4
2	0
6	3
2	0
2	0
6	2
8	8
3	0
2	2
2	0
6	6
8	8
8	0
8	0
8	16
3	11
8	0
8	0
8	0
8	0
8	12
1	0
1	0
1	0
16	0
1	16
13	13
13	0
3	0
1	0
1	0
8	0
1	0
1	0
1	0
8	0
1	0
1	0
1	0
1	0
1	0
1	0
1	0
1	0
3	0
3	0
1	0
3	0
8	0
8	0
1	0
1	0
8	0
1	0
2	0
1	0
1	0
13	0
17	0
3	3
4	0
11	4
3	0
6	11
1	0
1	1
17	0
6	0
3	14
1	0
11	0
11	0
6	2
8	8
1	0
3	0
1	0
1	0
1	0
1	16
5	5
17	0
6	3
17	0
17	3
17	0
12	6
12	8
1	0
12	0
12	0
3	0
3	16
5	5
3	0
11	6
12	0
12	0
12	0
12	1
8	0
8	0
8	0
12	0
8	0
8	8
2	0
2	0
6	2
8	8
1	0
1	0
3	0
1	16
13	13
17	3
13	0
13	0
5	5
16	0
11	11
11	4
1	3
1	0
16	0
16	0
16	3
17	0
17	6
12	0
12	8
2	2
12	12
12	12
13	13
13	13
13	0
16	0
16	0
8	0
1	0
8	0
1	0
16	0
16	0
16	0
16	0
3	0
1	0
8	0
1	0
1	0
1	0
12	0
12	0
1	0
1	0
1	0
1	0
1	0
12	0
1	0
16	0
8	0
16	0
16	0
16	0
16	0
3	0
3	0
1	0
3	0
3	0
1	0
12	0
8	0
1	0
12	0
8	0
8	0
17	0
8	0
8	0
13	0
8	8
17	0
11	4
1	3
1	1
17	0
12	0
12	4
13	0
13	13
13	0
12	0
12	0
1	0
12	0
12	0
12	0
12	0
8	0
1	0
1	0
16	0
1	0
1	0
1	0
17	0
17	0
1	0
12	0
12	0
12	0
12	0
12	0
12	0
12	0
12	0
12	0
12	0
12	0
1	0
1	0
1	0
1	0
8	0
8	0
8	0
16	0
3	0
3	0
1	0
17	0
17	0
1	0
12	0
17	0
4	4
17	0
1	6
1	0
1	0
1	0
1	1
8	0
8	0
8	8
5	5
8	0
8	0
8	0
8	0
8	12
12	2
12	0
12	0
12	0
12	12
13	13
13	0
1	0
1	0
17	0
1	0
1	0
1	0
1	0
1	0
1	0
1	0
1	0
1	0
8	0
1	0
1	0
1	0
8	0
8	0
8	0
1	0
3	0
1	0
17	0
17	0
17	0
1	0
1	0
1	0
1	0
1	0
8	0
8	0
1	0
1	0
1	0
13	0
13	0
13	17
8	0
8	0
3	3
16	0
2	0
3	4
3	0
3	3
4	2
8	8
1	0
1	0
1	16
5	5
3	0
3	3
17	2
17	0
17	0
11	0
11	6
8	8
13	13
11	0
4	14
3	0
11	11
6	0
6	3
1	0
3	3
1	0
2	2
6	6
8	0
8	0
8	0
8	8
12	0
12	0
12	4
4	0
4	4
1	0
2	0
2	2
6	6
8	8
12	0
8	12
13	13
3	11
3	0
3	2
12	0
12	12
13	0
17	0
17	11
17	0
17	4
16	16
17	11
1	0
17	0
17	0
17	16
3	3
3	3
3	10
17	0
17	0
17	16
5	0
17	5
3	3
11	0
11	4
13	0
13	13
13	0
17	0
17	0
1	0
1	0
1	0
1	0
17	0
17	0
1	0
1	0
1	0
1	0
1	0
17	0
1	0
1	0
1	0
1	0
1	0
17	0
17	0
17	0
1	0
1	0
1	0
3	0
3	0
1	0
1	0
17	0
17	0
17	0
17	0
17	0
17	0
17	0
11	0
11	0
11	14
3	0
3	3
2	6
8	0
8	0
8	8
3	0
2	0
2	0
1	16
16	0
16	16
13	0
13	13
13	0
17	0
1	0
1	0
16	0
16	0
12	0
12	0
17	0
14	0
8	0
8	0
16	0
1	0
1	0
1	0
16	0
16	0
16	0
12	0
12	0
17	0
1	0
8	0
16	0
16	0
16	0
12	0
12	0
14	0
14	0
16	0
3	0
3	0
1	0
8	0
1	0
1	0
2	0
2	0
1	0
1	0
16	0
12	0
1	0
8	3
2	0
2	0
1	4
17	0
17	0
17	0
17	3
17	0
11	0
12	4
17	0
17	4
17	0
2	11
3	0
3	3
3	3
1	6
8	8
1	0
12	0
12	0
1	0
12	16
5	5
3	0
3	4
1	0
17	0
17	0
16	16
17	0
11	0
11	11
3	0
3	4
1	6
17	0
8	0
8	8
5	5
3	11
3	0
2	0
1	0
3	16
3	3
2	2
3	0
11	0
11	0
2	11
17	0
6	3
17	0
2	0
13	0
13	0
14	0
12	0
11	4
3	3
1	0
16	16
5	5
3	0
16	4
16	0
16	3
11	0
11	6
8	8
8	0
8	8
17	0
12	2
8	0
8	0
8	0
8	8
1	0
1	0
1	16
1	0
2	16
13	13
3	0
3	7
16	0
11	11
11	0
11	6
12	12
12	0
12	12
3	1
1	0
1	0
1	0
1	0
1	16
1	0
3	3
13	0
13	0
13	13
13	0
13	0
1	0
16	0
13	0
3	0
3	0
16	0
16	0
1	0
1	0
13	0
13	0
13	17
13	13
13	13
13	13
13	0
8	0
13	0
8	0
16	0
16	0
8	0
13	0
13	0
13	0
16	0
16	0
16	0
16	0
13	0
13	0
13	0
8	0
16	0
16	0
16	0
8	0
13	0
13	0
16	0
16	0
1	0
16	0
13	0
13	0
8	0
16	0
16	0
1	0
1	0
13	0
13	0
13	0
8	0
16	0
16	0
13	0
13	0
8	0
16	0
16	0
1	0
13	0
13	0
8	0
16	0
16	0
16	0
13	0
17	0
3	3
1	0
12	0
3	4
17	0
2	11
3	6
1	0
1	0
1	1
8	8
3	3
3	0
3	3
3	0
2	0
1	0
1	0
16	16
5	0
3	0
11	0
2	2
14	0
11	0
14	14
11	0
11	11
12	0
12	11
1	0
1	1
2	0
3	0
3	16
1	0
1	4
5	5
1	0
3	0
1	0
1	0
1	0
3	1
17	0
2	0
1	4
3	0
2	0
6	0
3	3
17	0
17	0
1	0
17	1
17	0
12	0
12	4
13	0
13	0
13	0
13	17
3	11
4	0
4	4
6	0
6	3
1	0
1	0
1	0
3	3
3	0
3	3
1	2
8	0
8	0
8	8
12	0
12	16
13	13
16	0
1	16
3	11
1	0
17	0
17	10
5	5
3	0
3	0
1	1
13	0
13	13
13	0
13	0
13	0
1	0
1	0
1	0
12	0
1	0
1	0
16	0
1	0
1	0
1	0
1	0
1	0
1	0
1	0
1	0
1	0
1	0
1	0
1	0
1	0
1	0
1	0
1	0
1	0
13	0
13	13
5	5
16	0
16	4
6	0
6	3
8	6
3	0
2	0
2	0
3	3
17	0
2	0
2	0
17	0
17	0
1	0
1	1
8	8
12	0
12	4
13	0
13	13
13	0
12	0
1	0
16	0
16	0
8	0
12	0
3	0
1	0
1	0
1	0
1	0
3	0
12	0
1	0
1	0
8	0
16	0
12	0
12	0
12	0
1	0
8	0
16	0
3	0
16	0
16	0
1	0
8	0
1	0
17	0
17	0
1	0
17	0
1	0
17	0
12	0
17	0
17	0
17	3
12	0
11	11
3	0
3	0
3	0
3	0
3	0
3	3
13	0
13	13
13	0
17	0
16	0
16	0
16	0
16	0
16	0
17	0
16	0
16	0
16	0
16	0
16	0
16	0
16	0
3	0
16	0
16	0
16	0
12	0
17	0
17	0
17	0
16	0
16	0
12	0
12	0
16	0
17	0
16	0
16	0
16	0
16	0
17	0
16	0
16	0
16	0
16	0
3	0
3	0
3	0
16	0
16	0
16	0
12	0
17	0
12	0
12	0
12	6
12	0
12	12
6	4
1	0
1	0
8	0
8	16
5	5
5	6
12	0
12	8
13	0
13	13
13	0
12	0
12	0
12	0
1	0
12	0
12	0
12	0
12	0
16	0
1	0
1	0
1	0
1	0
8	0
1	0
1	0
1	0
8	0
12	0
12	0
12	0
1	0
12	0
1	0
1	0
12	0
12	0
12	0
12	0
16	0
12	0
4	0
12	0
16	0
1	0
1	0
1	0
16	0
8	0
1	0
1	0
1	0
12	0
12	0
12	0
12	17
12	2
1	0
12	0
1	0
1	1
8	8
4	0
11	4
17	0
2	11
2	0
3	3
3	0
3	0
1	0
1	1
1	0
1	16
13	0
13	13
13	0
12	0
1	0
1	0
1	0
1	0
1	0
1	0
12	0
1	0
8	0
8	0
8	0
1	0
1	0
12	0
1	0
1	0
1	0
1	0
12	0
17	0
1	0
1	0
1	0
12	0
12	0
1	0
1	0
1	0
8	0
8	0
1	0
12	0
12	0
8	0
12	0
12	0
17	0
12	11
11	0
11	4
1	0
2	0
17	0
16	0
1	3
1	0
1	0
1	0
1	1
12	0
12	0
12	4
13	13
3	11
3	0
16	4
8	0
8	0
8	0
8	0
8	8
5	5
8	0
8	0
8	8
16	0
3	4
13	0
13	13
13	0
17	0
16	0
16	0
12	0
3	0
16	0
16	0
16	0
1	0
16	0
16	0
12	0
17	0
8	0
12	0
1	0
1	0
12	0
12	0
1	0
1	0
1	0
1	0
1	0
12	0
11	0
5	5
3	11
3	0
3	4
17	0
2	11
1	0
1	0
1	0
16	16
14	0
11	14
3	0
3	11
3	3
3	0
3	3
1	0
12	0
8	8
1	0
1	0
1	0
16	0
16	16
13	13
2	2
3	0
11	3
11	0
11	4
17	0
2	11
3	3
3	0
1	11
1	0
3	3
1	0
1	0
16	16
13	13
13	13
13	0
1	0
1	0
16	0
3	0
16	0
1	0
1	0
1	0
1	0
1	0
16	0
16	0
3	0
8	0
3	0
17	0
17	2
17	0
6	6
8	8
11	0
11	4
17	0
6	3
17	0
17	0
17	10
17	0
17	11
17	0
17	16
13	0
13	13
13	0
17	0
17	0
1	0
1	0
8	0
17	0
12	0
16	0
16	0
8	0
17	0
17	0
17	0
17	0
17	0
17	0
17	0
17	0
17	0
12	0
17	0
16	0
17	0
8	0
8	0
8	0
12	0
17	0
16	0
17	0
1	0
16	0
16	0
16	0
8	0
17	0
17	0
17	0
17	0
17	0
17	0
12	0
12	11
4	0
4	4
3	0
3	3
2	0
2	2
8	8
8	0
8	0
8	0
12	16
5	5
17	0
12	4
2	0
2	2
17	0
2	11
17	0
17	3
1	0
1	0
1	0
1	0
16	16
13	13
13	0
8	0
1	0
8	0
1	0
1	0
3	0
1	0
1	0
1	0
8	0
17	0
8	0
12	0
12	0
12	0
1	0
1	0
8	0
8	0
8	0
8	0
3	0
3	0
1	0
1	0
8	0
1	0
1	0
16	0
16	0
16	0
13	0
13	0
13	17
17	0
5	5
14	0
2	2
8	0
8	8
16	0
17	0
17	4
3	0
3	3
17	3
17	10
17	0
12	0
17	8
16	0
4	16
5	5
13	0
11	3
11	2
8	0
8	8
13	0
13	13
13	0
13	0
16	0
16	0
17	0
1	0
17	0
1	0
1	0
1	0
12	0
16	0
16	0
16	0
16	0
8	0
1	0
16	0
16	0
1	0
16	0
16	0
16	0
16	0
16	0
16	0
16	0
16	0
16	0
17	0
17	0
12	0
5	5
3	0
11	11
2	2
12	12
12	12
13	13
13	0
1	0
1	0
1	0
8	0
8	0
16	0
8	0
8	0
16	0
16	0
1	0
8	0
16	0
16	0
8	0
16	0
1	0
1	0
8	0
16	0
1	0
1	0
1	0
8	0
1	0
16	0
16	0
8	0
16	0
1	0
16	0
8	0
8	0
1	0
3	0
8	0
16	0
8	0
16	0
16	0
3	0
8	0
8	0
16	0
16	0
1	0
1	0
1	0
16	0
1	0
16	0
12	0
3	2
1	0
1	0
1	0
1	1
8	8
4	0
11	4
11	0
11	11
3	0
3	3
1	0
1	1
1	0
1	16
5	5
3	11
4	0
4	4
17	10
17	0
12	6
17	0
8	8
17	0
17	0
17	0
17	16
13	0
13	13
13	0
12	0
1	0
1	0
1	0
1	0
1	0
3	0
17	0
17	0
1	0
1	0
1	0
12	0
1	0
1	0
1	0
1	0
1	0
1	0
3	0
3	0
16	0
3	0
3	0
3	0
3	0
3	0
12	0
11	0
11	4
1	0
1	0
3	0
3	3
5	5
11	0
11	6
1	0
17	0
17	0
1	0
1	1
13	13
17	0
17	0
3	0
3	3
1	0
1	1
13	13
12	12
8	8
13	0
13	13
13	0
12	0
16	0
1	0
1	0
1	0
12	0
16	0
16	0
1	0
1	0
12	0
12	0
12	0
16	0
16	0
1	0
1	0
16	0
16	0
16	0
1	0
1	0
1	0
1	0
1	0
16	0
1	0
1	0
1	0
1	0
1	0
1	0
3	0
3	0
5	5
1	3
1	0
1	0
1	0
1	0
1	0
1	0
1	1
13	13
13	0
1	0
1	0
1	0
1	0
1	0
1	0
1	0
1	0
1	0
1	0
1	0
1	0
1	0
1	0
1	0
1	0
1	0
1	0
1	0
1	0
1	0
1	0
1	0
1	0
1	0
1	0
1	0
1	0
1	0
1	0
1	0
1	0
1	0
1	0
16	0
3	0
1	0
1	0
1	0
1	0
1	0
1	0
1	0
1	0
1	0
1	0
1	0
12	0
8	4
5	6
8	0
8	0
8	0
8	8
8	0
8	0
8	8
5	5
12	3
1	0
1	0
1	1
8	8
13	13
13	0
1	0
1	0
16	0
1	0
1	0
1	0
1	0
1	0
1	0
1	0
16	0
1	0
16	0
12	0
16	0
1	0
1	0
1	0
1	0
1	0
1	0
1	0
1	0
16	0
1	0
16	0
1	0
1	0
1	0
8	0
1	0
1	0
1	0
16	0
16	0
8	0
8	0
16	0
1	0
16	0
1	0
1	0
12	0
3	2
8	0
8	0
8	8
16	0
12	0
1	4
17	0
6	3
3	0
3	3
12	0
12	0
12	3
2	0
2	2
8	8
3	0
1	0
16	16
13	0
13	13
13	0
12	0
17	0
16	0
16	0
16	0
16	0
8	0
8	0
12	0
12	0
8	0
8	0
1	0
1	0
1	0
12	0
12	0
16	0
16	0
12	0
1	0
1	0
8	0
1	0
1	0
1	0
16	0
16	0
16	0
16	0
8	0
8	0
8	0
12	0
12	0
12	0
12	0
11	0
3	0
3	3
17	0
11	4
1	0
12	6
8	0
8	8
17	0
17	0
17	10
3	3
17	0
1	1
17	0
12	0
12	4
5	5
16	0
11	11
17	4
1	0
1	0
1	0
1	0
1	0
3	3
3	0
3	3
1	0
1	0
1	0
1	16
17	0
17	0
17	16
13	13
13	0
1	0
16	0
16	0
1	0
1	0
1	0
1	0
16	0
16	0
3	0
16	0
1	0
1	0
12	0
17	0
17	0
1	0
17	0
17	0
17	0
12	0
5	0
5	3
5	0
3	0
3	0
3	3
4	0
11	4
17	0
6	6
12	0
8	0
8	0
8	0
8	8
1	3
16	0
1	1
17	0
12	0
12	4
12	0
13	13
13	0
17	0
12	0
12	0
12	0
12	0
1	0
1	0
1	0
12	0
8	0
16	0
16	0
1	0
1	0
1	0
12	0
12	0
12	0
12	0
12	0
12	0
17	0
12	0
16	0
1	0
1	0
1	0
16	0
16	0
1	0
1	0
12	0
12	0
1	0
8	0
13	0
13	0
13	17
17	2
17	0
8	8
16	0
17	0
17	4
17	0
6	3
17	3
1	6
8	0
8	0
8	0
8	0
8	8
2	2
2	0
6	6
1	0
1	0
1	0
1	1
12	0
8	0
8	8
2	0
2	2
12	0
12	12
17	10
17	0
17	0
17	16
13	0
13	13
13	0
13	0
16	0
1	0
1	0
1	0
17	0
17	0
16	0
13	0
16	0
1	0
17	0
17	0
16	0
17	0
17	0
17	0
1	0
1	0
1	0
1	0
1	0
1	3
1	0
1	1
13	0
13	13
13	0
1	0
1	0
1	0
1	0
1	0
1	0
1	0
1	0
1	0
1	0
1	0
1	0
1	0
1	0
1	0
1	0
1	0
1	0
1	0
1	0
1	0
1	0
1	0
1	0
1	0
1	0
1	0
1	0
1	0
1	0
1	0
1	0
1	0
1	0
1	0
1	0
1	0
1	0
1	0
1	0
1	0
1	0
1	0
1	0
12	0
1	0
1	0
1	0
1	0
1	0
1	0
1	0
1	0
12	0
17	0
3	0
3	0
3	3
16	0
17	0
11	4
17	0
1	11
3	0
1	3
1	0
1	0
1	0
1	0
16	0
16	1
16	0
11	0
12	4
2	2
12	12
12	12
13	0
13	13
13	0
1	0
3	0
1	0
8	0
12	0
1	0
1	0
3	0
1	0
1	0
3	0
1	0
16	0
16	0
16	0
16	0
1	0
12	0
8	0
17	0
16	0
17	0
16	0
16	0
16	0
1	0
1	0
1	0
1	0
1	0
1	0
1	0
1	0
17	0
17	11
17	0
17	4
17	0
1	3
17	0
17	3
17	0
1	0
16	0
16	16
5	5
11	11
17	0
4	0
4	0
4	0
16	4
3	0
1	11
17	0
17	0
2	10
3	3
3	0
1	1
17	16
13	0
13	13
13	0
17	0
17	0
17	0
17	0
17	0
17	0
17	0
17	0
3	0
1	0
1	0
17	0
17	0
17	0
3	0
3	0
17	0
17	0
17	0
17	0
17	0
17	0
1	0
1	0
16	0
1	0
1	0
8	0
3	0
12	0
17	0
11	11
4	0
11	4
1	0
3	0
1	0
1	3
3	0
3	3
1	0
1	0
2	1
13	13
1	0
3	0
1	0
1	0
1	0
16	1
5	5
3	0
3	0
1	0
1	1
13	13
13	0
3	0
1	0
1	0
1	0
1	0
1	0
1	0
1	0
1	0
1	0
1	0
1	0
1	0
1	0
1	0
1	0
1	0
1	0
1	0
12	0
3	0
16	0
1	0
3	0
1	0
1	0
8	0
1	0
1	0
1	0
1	0
1	0
13	0
13	0
11	0
14	14
6	0
6	11
1	0
17	4
17	0
17	16
17	10
17	0
12	0
12	8
16	0
4	16
11	0
11	4
3	0
11	0
3	0
3	6
1	0
1	0
1	0
3	3
9	9
8	8
16	0
16	0
17	0
2	16
4	0
4	16
2	2
3	0
11	11
3	0
3	3
3	3
5	6
8	0
8	8
3	0
2	16
1	0
1	4
13	0
13	13
13	0
16	0
16	0
8	0
16	0
17	0
17	0
17	0
17	0
12	0
16	0
17	0
17	0
12	6
12	0
17	8
5	5
17	0
12	6
12	0
17	0
17	0
17	8
13	13
5	5
2	3
17	0
12	6
12	8
13	13
4	0
4	4
1	0
1	0
1	1
1	0
17	0
2	1
5	5
3	0
3	11
4	0
4	4
3	3
17	0
17	0
1	0
1	16
3	3
1	0
17	3
17	0
13	13
13	0
17	0
17	0
1	0
1	0
17	0
17	0
12	0
12	0
1	0
1	0
17	0
12	0
12	0
17	0
17	0
1	0
1	0
17	0
12	0
16	0
16	0
16	16
17	0
11	11
17	0
17	0
17	3
1	3
1	0
17	0
17	10
13	0
13	13
13	0
17	0
17	0
17	0
17	0
17	0
17	0
17	0
3	0
17	0
16	0
17	0
17	0
17	0
17	0
1	0
1	0
17	0
17	0
17	0
17	0
17	0
17	0
17	0
17	0
17	0
17	0
17	0
17	0
3	0
16	0
16	0
17	0
16	0
16	0
16	0
17	0
17	0
17	0
1	0
1	0
1	0
17	0
17	0
17	0
3	11
4	0
4	4
17	0
3	11
17	0
17	0
17	0
12	3
1	0
1	0
1	1
17	0
17	0
9	4
3	0
1	14
17	0
17	0
17	3
17	0
17	2
12	12
12	12
17	0
17	0
2	2
3	0
3	4
16	0
16	0
4	0
4	16
13	0
13	13
13	0
12	0
16	0
16	0
16	0
8	0
17	0
12	0
1	0
12	0
17	0
3	0
17	0
3	0
3	0
16	0
1	0
17	0
12	0
3	0
3	0
1	0
17	0
17	0
12	0
17	0
12	0
11	6
16	0
1	0
1	0
16	0
16	1
5	5
1	0
1	0
1	1
8	8
3	0
12	10
12	0
9	0
1	1
11	0
11	4
6	0
6	3
12	12
12	0
12	12
12	0
12	0
12	4
13	13
13	0
1	0
1	0
1	0
16	0
16	0
12	0
12	0
12	0
1	0
1	0
16	0
1	0
8	0
1	0
12	0
12	0
12	0
1	0
1	0
16	0
1	0
1	0
16	0
16	0
3	0
3	0
1	0
1	0
16	0
17	0
17	0
3	0
3	3
11	0
3	4
17	3
17	16
17	0
12	4
17	0
2	2
6	6
17	12
17	0
17	12
17	0
12	10
12	0
1	16
13	0
13	13
13	0
12	0
17	0
12	0
12	0
17	0
8	0
17	0
17	0
1	0
1	0
1	0
17	0
17	0
16	0
17	0
12	0
12	0
12	0
8	0
12	0
17	0
12	0
12	0
12	0
8	0
17	0
17	0
17	0
17	0
17	0
17	0
17	0
1	0
3	0
1	0
1	0
17	0
12	0
3	0
5	5
3	0
11	11
4	0
4	0
2	4
1	0
3	0
1	0
1	3
4	0
12	10
11	0
17	0
17	1
17	0
11	0
17	4
13	0
13	13
13	0
12	0
12	0
16	0
12	0
16	0
12	0
12	0
1	0
8	0
1	0
1	0
12	0
12	0
12	0
1	0
16	0
17	0
16	0
12	0
12	0
12	0
16	0
16	0
16	0
12	0
16	0
16	0
8	0
8	0
8	0
1	0
1	0
1	0
1	0
8	0
1	0
12	0
17	0
3	3
3	0
1	0
1	0
1	4
16	0
11	0
16	0
16	3
9	9
8	0
8	0
8	8
2	0
2	3
1	0
1	0
1	16
5	5
11	0
11	3
2	2
3	0
3	3
3	0
2	2
12	12
12	0
12	12
4	0
3	3
17	0
17	0
17	3
3	3
1	1
3	0
2	10
13	0
13	13
13	0
3	0
1	0
1	0
8	0
1	0
3	0
3	0
1	0
1	0
17	0
16	0
16	0
16	0
1	0
1	0
1	0
8	0
8	0
17	0
3	11
17	0
11	4
1	0
3	0
1	0
1	3
17	0
17	0
17	10
17	0
17	0
17	0
17	3
17	0
17	0
17	16
13	13
13	0
3	0
17	0
17	0
17	0
17	0
17	0
1	0
3	0
17	0
17	0
17	0
17	0
17	0
17	0
17	0
17	0
17	0
17	0
17	0
1	0
17	0
1	0
17	0
17	0
17	0
1	0
1	0
3	0
17	0
17	0
3	0
1	0
17	0
17	0
17	0
17	0
17	0
17	0
17	0
17	0
12	0
2	2
12	12
12	12
17	0
2	2
12	12
12	0
12	12
11	0
3	4
17	0
17	0
17	3
9	9
8	0
8	0
8	8
16	0
2	4
13	0
13	13
13	0
12	0
16	0
16	0
16	0
12	0
12	0
12	0
16	0
17	0
17	0
17	0
1	0
1	0
17	0
16	0
16	0
16	0
12	0
12	0
12	0
12	0
12	0
16	0
16	0
16	0
16	0
16	0
16	0
17	0
12	0
12	0
16	0
16	0
17	0
17	0
17	0
1	0
12	0
17	0
12	0
11	0
12	6
8	8
4	0
11	4
3	0
1	11
3	0
1	0
1	0
1	2
2	2
6	6
8	0
8	8
16	0
2	0
3	3
12	0
12	0
12	4
13	0
13	13
13	0
12	0
12	0
12	0
12	0
1	0
1	0
1	0
1	0
1	0
1	0
8	0
12	0
12	0
12	0
12	0
12	0
12	0
12	0
12	0
12	0
12	0
12	0
12	0
1	0
1	0
3	0
1	0
3	0
1	0
1	0
1	0
1	0
1	0
8	0
17	0
2	0
3	0
3	3
2	0
2	2
8	8
13	13
13	0
1	0
1	0
8	0
8	0
16	0
1	0
1	0
1	0
8	0
1	0
1	0
8	0
16	0
1	0
8	0
1	0
8	0
8	0
1	0
8	0
8	0
8	0
8	0
8	0
8	0
8	0
1	0
8	0
1	0
1	0
1	0
1	0
8	0
16	0
8	0
8	0
8	0
8	0
8	0
1	0
8	0
1	0
8	0
8	0
8	0
1	0
8	0
8	0
8	0
8	0
13	0
13	0
13	17
3	2
1	0
1	1
8	8
17	0
17	0
12	4
17	0
17	0
1	0
1	3
1	0
1	1
17	0
2	2
12	8
1	0
1	0
17	0
17	0
17	0
17	16
4	0
4	14
17	0
11	11
17	3
3	3
1	0
1	0
1	0
1	1
12	0
12	0
12	4
4	0
4	4
2	2
12	12
12	12
5	5
2	0
2	2
8	8
3	0
16	16
13	13
13	0
1	0
1	0
1	0
1	0
1	0
1	0
1	0
1	0
1	0
17	0
3	2
17	0
8	8
17	0
17	0
17	4
17	3
17	0
17	2
8	8
17	10
17	0
17	0
1	0
17	16
13	0
13	13
13	0
17	0
17	0
17	0
17	0
17	0
17	0
17	0
17	0
17	0
17	0
17	0
17	0
17	0
17	0
17	0
17	0
17	0
17	0
17	0
17	0
17	0
17	0
17	0
17	0
17	0
1	0
17	0
17	0
17	0
17	0
17	0
16	0
17	0
17	0
17	0
17	0
17	0
17	0
17	0
17	0
17	0
11	0
11	0
11	4
3	0
17	0
12	3
1	0
1	1
17	0
1	3
13	13
13	0
1	0
16	0
1	0
1	0
1	0
1	0
1	0
1	0
16	0
1	0
1	0
1	0
1	0
1	0
1	0
1	0
1	0
1	0
1	0
1	0
1	0
1	0
1	0
1	0
1	0
1	0
1	0
1	0
1	0
1	0
1	0
1	0
1	0
1	0
1	0
1	0
1	0
1	0
1	0
1	0
1	0
1	0
1	0
1	0
1	0
1	0
1	0
1	0
12	0
12	3
16	0
16	0
1	1
8	0
8	0
8	0
8	8
2	0
2	2
8	8
13	13
13	0
12	0
1	0
1	0
8	0
8	0
8	0
8	0
8	0
8	0
1	0
1	0
8	0
1	0
8	0
8	0
1	0
1	0
8	0
8	0
8	0
8	0
12	0
1	0
1	0
8	0
8	0
8	0
8	0
1	0
8	0
1	0
1	0
8	0
12	0
17	0
1	0
1	0
1	0
8	0
8	0
1	0
1	0
1	0
8	0
8	0
12	0
17	0
17	0
3	3
17	0
4	0
4	0
17	4
17	0
17	0
17	3
17	3
17	3
17	0
3	0
3	3
3	0
3	0
3	0
3	16
13	0
13	13
13	0
17	0
12	0
17	0
1	0
1	0
17	0
17	0
17	0
17	0
1	0
17	0
17	0
1	0
1	0
1	0
1	0
1	0
1	0
17	0
17	0
17	0
17	0
3	0
3	0
1	0
3	0
8	0
8	0
17	0
17	0
17	0
17	0
17	0
17	0
17	0
17	0
17	0
17	0
13	0
1	0
12	6
12	0
1	0
9	6
1	0
1	0
1	8
4	0
11	4
14	0
6	14
17	0
12	6
12	0
8	0
8	0
8	8
3	3
1	0
1	0
1	1
3	0
3	0
1	3
4	0
4	4
13	0
13	13
13	0
1	0
16	0
1	0
1	0
12	0
12	0
16	0
16	0
1	0
1	0
1	0
1	0
1	0
1	0
1	0
1	0
1	0
1	0
12	0
1	0
1	0
1	0
1	0
1	0
16	0
16	0
8	0
8	0
1	0
12	0
3	3
16	0
3	16
16	0
2	0
11	11
3	0
6	11
2	0
6	3
1	0
1	0
1	16
5	5
3	11
11	4
3	0
3	3
3	6
8	0
8	0
8	0
8	0
8	0
8	0
8	8
13	0
13	13
13	0
12	0
1	0
1	0
1	0
8	0
16	0
16	0
16	0
1	0
3	0
1	0
1	0
16	0
1	0
1	0
1	0
16	0
1	0
17	0
16	0
16	0
16	0
8	0
8	0
8	0
1	0
1	0
1	0
1	0
1	0
17	0
17	11
17	0
17	4
3	0
3	3
17	3
8	0
8	0
8	0
8	8
17	0
17	0
17	0
1	16
13	0
13	13
13	0
17	0
17	0
1	0
17	0
17	0
12	0
12	0
17	0
17	0
17	0
1	0
17	0
1	0
17	0
17	0
17	0
17	0
1	0
12	0
12	0
17	0
17	0
17	0
1	0
17	0
17	0
12	0
17	0
17	0
17	0
17	0
17	0
17	0
17	0
1	0
17	0
17	0
1	0
17	0
17	0
17	0
17	0
13	0
11	11
4	0
4	4
3	0
3	0
3	3
3	0
11	0
1	1
2	0
2	2
8	8
1	0
1	0
16	0
16	16
13	0
13	13
13	0
3	0
1	0
1	0
1	0
8	0
8	0
12	0
3	0
1	0
3	0
1	0
1	0
1	0
1	0
8	0
1	0
1	0
1	0
8	0
12	0
1	0
1	0
1	0
1	0
8	0
12	0
3	0
3	0
8	0
3	0
3	0
3	0
3	0
1	0
1	0
1	0
1	0
1	0
1	0
1	0
12	0
16	3
11	0
11	4
3	0
3	5
3	0
3	3
3	0
6	6
12	0
12	0
8	0
8	0
8	0
8	0
8	8
2	0
2	0
2	0
6	2
8	8
13	0
13	13
13	0
16	0
16	0
16	0
16	0
8	0
12	0
1	0
12	0
1	0
16	0
16	0
16	0
16	0
16	0
16	0
16	0
1	0
8	0
16	0
12	0
16	0
16	0
16	0
16	0
16	0
16	0
16	0
16	0
1	0
1	0
12	0
1	0
12	0
1	0
1	0
13	0
13	0
13	17
3	2
1	0
1	0
1	0
1	1
8	8
16	0
17	0
1	4
17	0
6	3
17	0
17	2
17	0
8	8
17	10
17	0
17	0
17	16
5	11
17	0
11	11
17	0
17	3
3	3
17	0
1	4
13	0
13	13
13	0
12	0
17	0
1	0
1	0
12	0
17	0
12	0
1	0
17	0
1	0
17	0
17	0
17	0
17	0
17	0
1	0
1	0
1	0
1	0
1	0
17	0
1	0
16	0
16	0
16	0
8	0
17	0
12	0
11	0
11	4
3	3
3	0
1	1
13	0
13	13
13	0
12	0
1	0
1	0
16	0
1	0
1	0
1	0
1	0
1	0
1	0
1	0
12	0
12	0
1	0
1	0
1	0
1	0
1	0
12	0
12	0
12	0
1	0
1	0
1	0
12	0
16	0
1	0
1	0
1	0
1	0
1	0
12	0
12	0
12	0
12	0
1	0
1	0
1	0
1	0
3	0
1	0
1	0
1	0
12	0
12	0
12	0
1	0
1	0
1	0
16	0
16	0
17	0
17	0
5	5
17	0
17	3
17	0
17	0
17	1
5	5
11	0
11	11
16	16
1	0
12	4
5	5
17	0
17	0
17	10
3	3
17	3
1	0
17	0
1	0
1	1
13	0
13	13
13	0
17	0
17	0
1	0
17	0
1	0
17	0
1	0
1	0
17	0
17	0
17	0
17	0
17	0
1	0
17	0
17	0
17	0
1	0
17	0
17	0
17	0
17	0
17	0
17	0
17	0
17	0
17	0
1	0
8	0
8	0
1	0
1	0
1	0
13	0
16	0
12	11
12	4
1	6
8	0
8	0
8	8
5	5
8	8
5	5
5	6
16	0
1	0
1	1
8	0
8	0
8	8
2	2
3	0
3	0
6	0
3	3
8	0
2	0
2	0
2	1
12	0
8	0
8	8
13	0
13	13
13	0
3	0
1	0
16	0
8	0
16	0
16	0
16	0
8	0
3	0
3	0
8	0
8	0
2	0
1	0
16	0
16	0
12	0
16	0
16	0
8	0
16	0
8	0
16	0
16	0
3	0
1	0
1	0
12	0
5	5
3	0
2	2
8	0
8	0
8	8
17	0
6	4
2	3
3	3
3	3
1	6
8	0
8	0
8	0
8	0
8	0
8	0
8	0
8	8
13	0
13	13
13	0
12	0
1	0
16	0
16	0
8	0
16	0
8	0
1	0
1	0
1	0
1	0
3	0
1	0
1	0
1	0
8	0
16	0
8	0
8	0
12	0
12	0
8	0
8	0
3	0
3	0
1	0
1	0
16	0
16	0
16	0
16	0
8	0
1	0
1	0
1	0
1	0
17	0
3	0
3	5
16	0
16	0
16	3
4	0
11	4
12	12
12	0
12	12
17	0
17	0
17	10
3	3
1	0
1	1
13	0
13	13
13	0
17	0
1	0
1	0
1	0
1	0
17	0
17	0
16	0
1	0
1	0
1	0
17	0
17	0
17	0
1	0
1	0
1	0
1	0
17	0
17	0
17	0
1	0
1	0
1	0
1	0
1	0
17	0
1	0
3	0
3	0
16	0
16	0
3	0
1	0
1	0
17	0
17	0
17	0
17	0
17	0
12	0
2	2
17	0
2	0
11	0
11	6
1	0
1	0
1	1
8	8
11	0
11	4
17	0
17	0
17	0
17	16
16	0
16	0
16	16
2	2
2	0
2	2
9	0
9	8
5	5
17	0
2	2
9	9
11	0
6	4
17	0
12	6
12	8
17	0
12	0
17	0
17	16
3	0
3	0
1	0
1	16
2	2
12	12
12	12
13	0
13	13
13	0
1	0
16	0
12	0
12	0
12	0
12	0
12	0
16	0
8	0
16	0
16	0
17	0
12	0
12	0
2	2
12	12
12	0
12	12
2	0
2	2
12	12
2	4
17	0
12	0
12	3
9	0
13	0
9	9
8	0
8	0
8	8
13	0
13	13
13	0
1	0
16	0
17	0
16	0
8	0
12	0
16	0
16	0
16	0
17	0
17	0
12	0
12	0
1	0
1	0
8	0
8	0
8	0
12	0
12	0
1	0
16	0
16	0
17	0
8	0
12	0
16	0
16	0
12	0
12	0
16	0
8	0
16	0
17	0
17	0
17	0
12	0
17	0
1	0
12	0
3	11
4	0
4	4
6	0
6	3
17	0
17	0
8	3
2	0
2	2
9	0
1	0
9	9
1	0
1	0
1	0
16	16
13	13
13	0
1	0
8	0
8	0
1	0
1	0
1	0
1	0
3	0
17	0
1	0
3	0
3	0
17	0
8	0
8	0
8	0
1	0
1	0
1	0
1	0
8	0
17	0
1	0
8	0
1	0
1	0
1	0
3	0
3	0
3	0
3	0
17	0
17	0
17	0
3	0
3	0
3	0
17	0
8	0
8	0
12	0
2	3
11	0
11	4
17	3
17	0
1	6
8	0
8	8
12	0
12	4
5	5
3	11
3	0
3	4
16	0
11	0
16	0
16	3
6	6
8	0
8	0
8	0
8	0
8	0
8	0
8	8
17	0
2	0
2	2
12	0
6	6
8	8
17	0
17	0
17	10
17	0
17	0
17	0
17	16
13	0
13	13
13	0
12	0
17	0
1	0
17	0
16	0
16	0
17	0
12	0
1	0
17	0
17	0
12	0
12	0
12	0
1	0
1	0
3	0
12	0
3	0
5	5
16	0
16	0
16	3
4	0
11	4
11	11
1	0
1	0
1	1
1	0
1	16
13	0
13	13
13	0
1	0
1	0
3	0
16	0
1	0
1	0
1	0
1	0
1	0
16	0
3	0
3	0
3	0
1	0
1	0
1	0
1	0
1	0
1	0
12	0
17	0
1	0
1	0
3	0
1	0
1	0
1	0
1	0
1	0
1	0
1	0
3	0
3	0
16	0
16	0
3	0
3	0
3	0
1	0
1	0
1	0
1	0
1	0
17	0
17	11
16	0
17	0
3	4
17	0
6	3
17	3
1	0
1	0
1	3
8	0
8	0
16	0
8	16
5	5
2	0
6	0
6	2
8	8
4	0
11	4
2	3
11	11
2	2
8	0
8	8
12	0
12	0
12	4
13	0
13	13
13	0
12	0
12	0
1	0
12	0
16	0
1	0
1	0
8	0
12	0
3	0
3	0
8	0
1	0
8	0
16	0
17	0
17	0
17	0
1	0
8	0
1	0
1	0
8	0
1	0
1	0
1	0
8	0
13	0
11	0
11	11
4	0
4	4
3	0
3	3
6	6
12	12
8	0
8	12
1	3
16	0
3	0
3	3
16	0
3	4
13	0
13	13
13	0
16	0
16	0
16	0
16	0
16	0
12	0
12	0
3	0
16	0
1	0
1	0
16	0
16	0
16	0
16	0
16	0
16	0
16	0
12	0
12	0
16	0
16	0
16	0
16	0
16	0
12	0
12	0
3	0
3	0
16	0
16	0
3	0
1	0
1	0
1	0
8	0
1	0
16	0
16	0
16	0
17	0
11	0
11	4
17	1
17	0
17	0
17	4
17	0
2	2
8	0
8	8
13	0
13	13
13	0
1	0
17	0
1	0
12	0
17	0
17	0
16	0
17	0
1	0
1	0
17	0
17	0
17	0
17	0
17	0
1	0
1	0
1	0
12	0
17	0
17	0
17	0
16	0
1	0
12	0
17	0
17	0
1	0
1	0
1	0
1	0
17	0
16	0
16	0
17	0
17	0
17	0
17	0
17	0
1	0
1	0
1	0
1	0
17	0
17	0
17	0
17	0
11	4
3	0
3	5
3	0
3	3
1	0
1	0
1	1
17	0
11	0
17	4
17	0
1	4
17	0
17	0
17	3
16	0
17	0
1	0
4	16
2	0
2	0
1	16
13	0
13	13
13	0
17	0
17	0
17	0
17	0
17	0
17	0
1	0
17	0
17	0
1	0
16	0
17	0
16	0
3	0
8	0
17	0
16	0
16	0
16	0
17	0
16	0
16	0
16	0
16	0
17	0
1	0
1	0
17	0
17	0
17	0
17	0
1	0
17	0
12	0
12	11
16	0
16	4
2	2
2	0
6	0
6	6
9	9
8	8
3	0
3	3
9	9
8	0
8	0
8	8
1	0
8	16
2	0
2	0
6	2
8	8
13	0
13	13
13	0
12	0
17	0
12	0
1	0
17	0
8	0
17	0
1	0
1	0
8	0
8	0
1	0
1	0
1	0
2	0
3	0
1	0
8	0
8	0
12	0
12	0
12	0
12	0
3	0
3	0
3	0
3	0
8	0
1	0
8	0
8	0
17	0
1	0
1	0
8	0
11	0
11	0
11	4
3	3
1	0
6	0
11	0
11	8
13	0
13	13
13	0
1	0
3	0
16	0
1	0
12	0
1	0
16	0
1	0
1	0
8	0
8	0
8	0
12	0
1	0
1	0
1	0
8	0
8	0
8	0
12	0
12	0
3	0
3	0
16	0
16	0
12	0
16	0
1	0
1	0
1	0
8	0
8	0
8	0
12	0
3	0
16	0
1	0
1	0
1	0
1	0
1	0
8	0
8	0
8	0
12	0
12	0
16	0
16	0
16	0
13	0
13	0
13	17
17	0
5	5
11	0
11	11
16	16
1	0
1	0
1	3
17	0
17	0
17	0
17	1
3	3
3	3
1	1
1	0
1	16
5	5
3	0
3	0
3	0
3	2
16	16
11	0
11	0
11	11
1	0
1	0
1	0
1	1
3	0
3	14
11	0
6	6
17	0
1	0
3	1
17	0
1	0
1	8
17	4
13	0
13	13
13	0
13	0
1	0
16	0
17	0
3	0
3	0
16	0
1	0
1	0
8	0
17	0
17	0
3	0
12	0
3	11
3	0
12	0
16	0
16	0
16	16
11	0
11	11
3	3
3	0
3	0
3	0
1	1
3	0
3	14
1	6
9	9
13	2
9	9
8	8
2	0
2	3
12	0
12	6
12	8
3	0
2	0
3	0
1	16
5	5
14	6
3	0
3	0
6	1
8	8
2	0
11	0
2	0
6	2
8	0
8	8
16	0
11	0
11	2
16	0
16	0
16	16
13	13
13	0
3	0
3	0
16	0
1	0
1	0
3	0
3	0
3	0
3	0
3	0
12	0
3	11
16	0
16	4
17	0
11	3
6	6
12	0
12	0
13	0
8	8
3	0
2	2
8	0
8	0
8	0
8	0
8	8
12	0
2	0
12	16
5	5
4	0
4	4
1	0
3	0
1	0
1	3
3	0
2	2
11	0
6	6
8	0
8	0
8	8
17	10
17	0
17	0
17	16
5	5
6	0
11	3
3	0
2	2
17	6
12	0
12	12
16	0
11	0
11	11
13	13
13	0
3	0
8	0
1	0
1	0
1	0
1	0
1	0
1	0
12	0
12	6
8	0
8	8
4	0
11	4
3	0
2	2
9	0
9	8
1	0
1	16
5	5
16	0
11	6
16	0
2	2
9	0
9	8
13	13
13	0
1	0
8	0
8	0
8	0
8	0
8	0
1	0
3	0
8	0
8	0
8	0
1	0
16	0
16	0
16	0
16	0
8	0
8	0
9	0
8	0
16	0
3	0
8	0
8	0
8	0
8	0
1	0
1	0
8	0
8	0
16	0
3	0
3	0
8	0
8	0
8	0
1	0
16	0
16	0
13	0
17	0
5	5
17	11
17	0
16	4
16	0
17	0
1	3
9	9
17	0
12	4
13	0
13	13
13	0
17	0
17	0
8	0
16	0
17	0
17	0
17	0
1	0
8	0
1	0
16	0
16	0
16	0
17	0
17	0
17	0
8	0
17	0
8	0
17	0
17	0
8	0
17	0
8	0
12	0
17	0
17	0
17	0
1	0
8	0
8	0
17	0
16	0
16	0
16	0
16	0
16	0
16	0
3	0
17	0
17	0
17	0
17	0
17	0
17	0
17	0
17	11
17	0
17	4
17	0
6	3
17	3
1	0
1	3
1	1
3	0
1	0
1	3
1	0
1	0
1	0
16	16
13	13
13	0
17	0
8	0
1	0
1	0
8	0
8	0
17	0
17	0
1	0
1	0
1	0
1	0
1	0
1	0
1	0
1	0
1	0
8	0
8	0
1	0
17	0
17	0
8	0
1	0
8	0
8	0
8	0
17	0
17	0
17	0
16	0
16	0
8	0
1	0
1	0
1	0
1	0
1	0
1	0
1	0
1	0
13	0
11	0
11	4
12	0
11	11
1	0
1	0
1	0
1	1
8	0
8	0
8	0
8	0
8	8
12	0
12	0
12	4
4	0
4	14
3	0
11	11
3	0
3	0
1	3
1	0
12	0
17	0
17	0
17	0
17	16
1	0
17	4
14	0
11	14
3	0
3	11
3	2
1	6
8	0
8	0
8	8
17	0
17	0
17	0
17	16
17	0
17	0
17	7
17	0
16	0
16	16
13	0
13	13
13	0
17	0
1	0
1	0
12	0
12	0
12	0
17	0
3	2
1	0
1	1
9	0
9	8
4	0
11	4
16	0
11	0
11	11
17	0
6	3
11	0
2	2
12	0
12	6
12	0
1	0
8	0
8	0
8	0
8	0
8	0
8	8
5	5
11	0
11	11
17	0
3	4
17	0
1	11
17	0
17	0
17	0
17	16
17	0
17	2
17	0
17	0
17	7
17	0
17	0
17	8
13	0
13	13
13	0
3	0
3	0
1	0
1	0
3	0
17	0
16	0
16	0
1	0
1	0
1	0
8	0
8	0
12	0
12	11
16	0
16	4
3	0
11	3
5	6
1	0
16	0
1	1
8	0
8	0
8	8
3	3
3	0
2	0
3	3
2	0
16	16
5	5
3	0
11	11
1	0
3	0
1	0
3	0
3	16
3	0
3	3
3	0
16	0
16	10
13	0
13	13
13	0
3	0
1	0
16	0
16	0
1	0
3	0
3	0
1	0
1	0
16	0
1	0
3	0
3	0
16	0
16	0
16	0
1	0
12	0
1	0
1	0
1	0
8	0
16	0
16	0
1	0
13	0
5	5
3	0
14	0
14	14
11	0
11	11
11	0
11	11
6	0
6	3
1	0
1	0
1	0
1	0
1	3
17	0
17	16
1	0
16	0
16	0
2	16
17	0
17	4
17	0
17	3
17	0
17	0
17	10
3	3
1	0
1	0
1	0
1	1
13	13
13	0
1	0
1	0
1	0
1	0
16	0
1	0
1	0
1	0
8	0
1	0
1	0
16	0
16	0
16	0
1	0
16	0
16	0
16	0
16	0
8	0
8	0
8	0
1	0
1	0
13	0
11	0
11	11
16	0
16	0
16	16
16	0
11	0
11	11
3	0
11	3
3	0
3	3
13	0
13	13
13	0
12	0
1	0
1	0
1	0
12	0
12	0
12	0
1	0
3	0
16	0
16	0
16	0
16	0
1	0
3	0
3	0
1	0
1	0
1	0
12	0
1	0
1	0
1	0
1	0
1	0
1	0
12	0
12	0
1	0
3	0
16	0
16	0
16	0
16	0
16	0
16	0
16	0
11	0
3	0
3	0
3	0
1	0
1	0
1	0
17	0
17	0
11	11
17	0
17	4
3	0
3	3
17	0
17	6
17	0
17	0
17	0
17	8
17	0
17	0
17	3
17	0
1	0
1	16
5	5
3	3
17	0
1	11
1	0
17	0
17	0
1	16
2	0
2	0
2	3
13	13
13	0
3	0
1	0
17	0
17	0
1	0
1	0
17	0
1	0
1	0
1	0
17	0
1	0
1	0
1	0
17	0
17	0
17	0
17	0
17	0
17	0
17	0
17	0
1	0
17	0
17	0
17	0
17	0
17	0
13	0
11	0
11	11
4	4
3	0
3	3
1	0
1	0
1	1
13	0
11	0
14	14
16	0
11	11
2	0
11	0
11	11
1	0
1	0
1	16
1	0
1	0
16	16
4	0
4	4
13	0
13	13
13	0
16	0
16	0
16	0
16	0
16	0
16	0
16	0
16	0
1	0
1	0
16	0
1	0
1	0
1	0
1	0
16	0
4	0
4	0
16	0
16	0
16	0
16	0
3	0
1	0
3	0
1	0
1	0
16	0
14	0
16	0
16	0
16	0
12	0
17	0
11	11
17	0
11	4
1	3
1	6
1	0
1	1
8	8
12	0
12	0
12	4
5	5
14	0
11	11
17	0
17	16
17	0
17	0
16	16
14	0
11	14
17	0
11	11
3	6
1	3
1	0
1	0
1	0
1	1
8	0
8	0
8	0
8	0
8	8
17	0
17	0
17	0
16	16
4	0
4	4
8	2
4	0
11	11
13	0
13	13
13	0
3	0
16	0
16	0
8	0
12	0
1	0
8	0
12	0
12	0
12	0
12	0
16	0
12	0
12	0
11	11
1	0
12	4
16	0
2	2
11	11
16	0
16	0
1	0
4	16
16	16
13	13
17	0
2	11
11	0
11	4
16	0
17	0
17	11
17	0
17	0
1	1
17	0
17	0
12	4
13	13
3	11
3	0
3	4
16	0
17	0
1	0
4	16
1	0
3	0
1	0
1	0
1	0
1	16
5	5
3	6
1	0
1	0
1	0
1	1
8	0
8	8
13	0
13	13
13	0
3	0
1	0
1	0
16	0
1	0
1	0
1	0
17	0
13	0
17	0
12	0
9	0
9	2
12	0
12	0
12	8
5	0
12	3
13	13
13	0
12	0
17	0
12	0
12	0
12	0
12	0
16	0
12	0
12	0
16	0
8	0
12	0
12	0
16	0
12	0
16	0
8	0
8	0
12	0
12	0
12	0
8	0
17	0
17	0
12	0
12	0
12	0
12	0
8	0
16	0
8	0
8	0
12	0
8	0
16	0
16	0
8	0
12	0
12	0
12	0
8	0
8	0
12	0
12	0
12	0
12	0
17	0
17	0
13	0
17	0
17	0
12	7
12	0
12	12
13	0
13	17
13	13
13	13
3	11
11	0
3	4
17	0
16	0
1	3
1	0
11	0
1	0
4	16
16	0
16	16
13	13
3	11
3	0
3	4
3	0
1	6
1	0
1	0
1	8
1	0
16	16
5	5
11	0
16	0
16	16
5	5
4	0
4	4
3	0
3	0
1	0
1	3
17	3
12	0
17	0
12	4
13	0
11	0
14	0
17	14
17	0
17	11
3	3
17	0
17	0
17	10
3	3
13	0
12	0
3	0
2	2
8	0
8	0
8	0
8	8
3	0
16	0
16	0
16	16
11	0
11	0
11	11
3	3
17	0
17	0
17	10
1	0
1	0
3	3
4	0
6	0
1	1
2	3
5	5
11	0
11	11
4	0
4	0
16	4
17	0
2	11
1	0
17	0
3	0
3	3
3	0
3	3
5	0
3	3
1	0
12	0
17	0
12	16
13	13
13	0
1	0
1	0
1	0
1	0
1	0
1	0
1	0
1	0
16	0
3	0
1	0
1	0
1	0
12	0
11	11
16	0
4	4
1	3
3	6
1	0
1	3
1	0
1	1
8	8
8	0
12	4
2	0
16	0
3	3
13	0
13	13
13	0
12	0
12	0
1	0
1	0
8	0
12	0
12	0
16	0
1	0
1	0
1	0
1	0
8	0
12	0
8	0
12	0
16	0
16	0
12	0
12	0
12	0
1	0
1	0
1	0
1	0
12	0
12	0
12	0
16	0
16	0
16	0
3	0
3	0
1	0
1	0
1	0
1	0
8	0
12	0
12	0
12	0
13	0
3	4
1	3
1	0
1	0
1	1
4	0
4	4
11	0
11	11
11	0
1	11
16	0
16	0
16	16
3	0
3	14
17	0
17	16
13	13
12	0
12	12
13	0
13	13
13	0
1	0
1	0
1	0
16	0
16	0
16	0
3	0
1	0
1	0
3	0
3	0
1	0
1	0
1	0
16	0
1	0
12	0
16	0
16	0
1	0
1	0
1	0
3	0
3	0
3	0
3	0
1	0
4	0
16	0
3	0
3	0
3	0
1	0
1	0
1	0
13	0
8	0
12	7
13	0
13	13
13	0
12	0
1	0
8	0
12	0
12	0
1	0
1	0
1	0
1	0
12	0
12	0
12	0
12	0
1	0
1	0
1	0
12	0
12	0
12	0
12	0
12	0
1	0
1	0
12	0
12	0
12	0
1	0
1	0
1	0
12	0
12	0
12	0
12	0
12	0
1	0
1	0
12	0
12	0
12	0
12	0
1	0
1	0
12	0
12	0
12	0
12	0
1	0
1	0
12	0
12	0
12	0
12	0
1	0
1	0
12	0
5	5
3	0
3	0
3	3
4	0
4	4
11	0
11	11
6	0
6	3
17	3
2	2
17	0
2	2
9	0
9	8
8	0
17	0
17	0
17	16
17	0
9	2
17	6
8	0
8	8
4	0
16	16
13	0
13	13
13	0
12	0
8	0
8	0
17	0
1	0
1	0
8	0
8	0
17	0
17	0
8	0
17	0
17	0
1	0
8	0
8	0
8	0
3	0
3	0
3	0
3	0
16	0
16	0
3	0
3	0
8	0
8	0
8	0
17	0
13	0
17	0
11	11
4	4
17	0
17	0
17	3
17	0
17	0
17	0
17	1
17	0
17	0
17	4
17	0
13	13
13	0
17	0
17	0
17	0
1	0
17	0
17	0
12	0
1	0
17	0
17	0
17	0
1	0
17	0
17	0
17	0
17	0
17	0
17	0
12	0
12	0
17	0
17	0
17	0
17	0
1	0
17	0
12	0
12	0
17	0
1	0
1	0
1	0
1	0
1	0
17	0
17	0
17	0
17	0
17	0
17	0
17	0
17	0
17	0
12	0
4	0
4	4
3	0
3	5
3	3
2	3
17	0
2	2
8	0
8	0
8	8
17	0
17	0
17	10
17	0
17	0
17	0
17	3
17	0
17	0
1	0
4	16
16	0
16	0
16	16
13	0
13	13
13	0
12	0
1	0
8	0
17	0
17	0
8	0
3	0
1	0
1	0
16	0
16	0
16	0
16	0
16	0
1	0
16	0
8	0
16	0
16	0
12	0
3	0
3	0
3	0
8	0
1	0
1	0
8	0
8	0
17	0
17	0
17	0
12	0
5	5
11	0
11	3
3	0
2	4
17	0
17	2
1	0
17	8
17	0
2	2
9	0
9	8
2	2
12	12
3	0
16	0
16	0
16	16
13	13
4	0
4	4
12	6
12	0
8	8
8	0
16	16
5	5
16	0
11	6
8	8
12	0
12	0
12	16
2	0
2	2
11	0
6	6
8	0
8	8
13	13
13	0
1	0
1	0
1	0
8	0
16	0
16	0
8	0
8	0
12	0
12	0
8	0
17	0
17	0
8	0
17	0
17	0
8	0
12	0
3	3
12	0
12	0
12	16
2	0
3	5
11	0
3	0
3	3
2	0
2	2
9	9
17	0
2	2
8	0
8	0
8	8
1	0
16	0
16	16
5	5
5	0
1	0
16	3
11	0
11	4
3	0
17	0
1	3
9	0
9	8
13	13
13	0
1	0
1	0
1	0
16	0
1	0
1	0
1	0
1	0
1	0
1	0
16	0
3	0
1	0
16	0
12	0
12	0
8	0
8	0
16	0
16	0
16	0
3	0
3	0
3	0
17	0
1	0
12	0
11	4
5	0
16	0
16	3
17	0
11	0
3	3
2	3
1	0
3	3
17	0
17	0
1	3
9	9
8	0
8	0
8	8
2	0
2	2
8	0
8	0
8	8
12	0
1	1
5	5
16	0
11	0
17	0
11	16
3	0
3	3
3	0
17	0
2	10
3	3
1	1
13	0
13	13
13	0
17	0
17	0
12	0
1	0
1	0
1	0
12	0
16	0
3	0
16	0
16	0
17	0
17	0
3	0
3	0
1	0
17	0
1	0
17	0
1	0
13	0
13	0
13	17
12	0
11	3
4	0
4	0
17	4
17	3
9	9
17	0
17	0
1	1
8	0
8	8
17	3
2	2
12	12
13	0
13	13
13	0
17	0
17	0
12	0
1	0
12	0
16	0
13	0
17	0
17	0
17	0
17	0
1	0
1	0
17	0
17	0
17	0
1	0
12	0
16	0
13	0
17	0
17	0
17	0
12	0
16	0
13	0
13	0
1	0
16	0
16	0
17	0
17	0
17	0
17	0
17	0
17	0
1	0
17	0
1	0
13	0
3	0
2	2
8	0
8	0
8	0
8	8
4	0
2	4
3	0
3	3
9	9
8	8
2	2
2	0
6	6
8	0
8	8
13	0
13	13
13	0
12	0
16	0
8	0
8	0
8	0
8	0
12	0
16	0
16	0
3	0
1	0
1	0
8	0
2	0
1	0
1	0
8	0
8	0
8	0
12	0
12	0
1	0
1	0
8	0
8	0
12	0
12	0
1	0
8	0
8	0
8	0
16	0
16	0
16	0
3	0
1	0
1	0
1	0
2	0
17	0
3	0
3	0
3	3
17	0
17	0
17	0
16	16
2	0
17	0
6	2
8	8
13	13
3	0
3	11
11	0
11	6
8	0
8	0
8	0
8	8
4	0
4	4
13	13
13	0
3	0
1	0
16	0
16	0
1	0
1	0
1	0
8	0
16	0
16	0
8	0
1	0
1	0
1	0
1	0
16	0
16	0
16	0
16	0
16	0
1	0
16	0
16	0
1	0
16	0
16	0
1	0
16	0
16	0
1	0
1	0
1	0
1	0
16	0
3	0
12	0
3	3
17	0
2	2
8	0
8	8
4	0
2	4
3	0
6	0
1	2
9	0
1	0
13	0
8	0
8	8
13	13
13	0
1	0
8	0
1	0
3	0
3	0
8	0
8	0
8	0
8	0
16	0
3	0
3	0
3	0
1	0
8	0
1	0
8	0
8	0
8	0
8	0
8	0
8	0
16	0
8	0
3	0
8	0
8	0
1	0
8	0
8	0
17	0
1	0
1	0
16	0
3	0
1	0
1	0
3	0
1	0
8	0
1	0
8	0
12	0
13	0
13	0
13	17
8	0
5	5
2	0
2	2
6	0
6	0
6	6
9	9
8	0
8	8
16	0
16	0
17	16
3	0
3	10
17	0
2	2
12	12
12	12
17	0
17	11
17	0
17	0
17	3
17	6
8	0
8	12
4	0
3	3
1	0
11	0
2	0
16	0
16	0
2	16
13	0
13	13
13	0
1	0
12	0
16	0
1	0
17	0
1	0
17	0
12	0
12	0
16	0
1	0
1	0
8	0
8	0
1	0
1	0
1	0
16	0
8	0
3	0
2	2
16	0
16	0
16	3
9	9
8	0
8	0
8	8
13	0
13	13
13	0
1	0
1	0
1	0
8	0
1	0
1	0
1	0
1	0
8	0
8	0
8	0
3	0
1	0
3	0
1	0
1	0
8	0
8	0
8	0
8	0
1	0
1	0
1	0
1	0
3	0
1	0
1	0
1	0
1	0
8	0
8	0
8	0
3	0
3	0
1	0
8	0
8	0
16	0
1	0
1	0
8	0
8	0
16	0
8	0
12	0
1	0
1	0
17	0
17	0
17	0
17	16
17	11
17	0
3	3
12	3
17	0
3	0
2	3
13	13
13	0
1	0
12	0
1	0
1	0
16	0
3	0
17	0
16	0
12	0
12	0
1	0
12	0
16	0
17	0
17	0
17	0
12	0
12	0
12	0
16	0
1	0
1	0
17	0
1	0
16	0
1	0
17	0
17	0
17	0
12	0
12	0
1	0
1	0
17	0
16	0
17	0
16	0
16	0
17	0
12	0
17	0
12	0
1	0
16	0
16	0
1	0
1	0
12	0
17	0
5	5
3	3
17	0
2	2
12	0
12	8
1	0
17	0
1	16
3	11
17	0
12	0
17	0
17	0
1	3
1	0
17	0
16	0
16	1
13	0
13	13
13	0
12	0
17	0
17	0
1	0
12	0
12	0
12	0
1	0
17	0
17	0
17	0
17	0
1	0
1	0
1	0
17	0
17	0
16	0
16	0
12	0
12	0
12	0
1	0
17	0
3	0
3	0
8	0
17	0
12	0
1	0
1	0
1	0
1	0
17	0
17	0
17	0
12	0
11	4
3	3
16	16
14	0
11	14
1	0
11	11
2	6
8	0
8	8
5	5
3	0
17	6
17	6
8	0
8	8
3	3
3	0
2	0
1	0
3	3
1	0
1	0
16	0
16	16
4	0
4	0
4	4
13	0
13	13
13	0
1	0
1	0
1	0
16	0
1	0
17	0
3	0
3	0
16	0
1	0
1	0
1	0
1	0
3	0
3	0
1	0
1	0
1	0
3	0
16	0
1	0
1	0
1	0
1	0
1	0
17	0
1	0
1	0
12	0
5	0
5	5
3	0
11	3
17	0
17	0
17	0
12	16
17	0
17	0
16	0
16	3
17	3
17	0
17	11
12	12
13	0
13	13
13	0
17	0
17	0
17	0
8	0
8	0
12	0
12	0
17	0
17	0
12	0
8	0
17	0
17	0
17	0
17	0
17	0
1	0
8	0
12	0
12	0
17	0
17	0
1	0
1	0
8	0
12	0
12	0
17	0
16	0
17	0
17	0
8	0
17	0
8	0
12	0
1	0
1	0
1	0
17	0
17	0
17	0
11	0
11	4
16	0
17	0
17	1
8	0
8	8
2	3
13	0
13	13
13	0
17	0
17	0
16	0
1	0
12	0
17	0
16	0
16	0
16	0
16	0
16	0
12	0
12	0
1	0
1	0
16	0
16	0
16	0
12	0
12	0
12	0
17	0
17	0
16	0
12	0
12	0
1	0
1	0
16	0
16	0
16	0
16	0
12	0
12	0
17	0
17	0
16	0
16	0
16	0
1	0
16	0
16	0
1	0
12	0
12	0
17	0
17	0
16	0
13	0
17	0
12	0
17	3
9	9
8	8
5	5
8	0
8	0
8	8
13	0
13	13
13	0
17	0
17	0
8	0
8	0
12	0
12	0
8	0
16	0
17	0
8	0
16	0
8	0
8	0
8	0
8	0
8	0
8	0
8	0
8	0
8	0
12	0
17	0
17	0
16	0
12	0
12	0
8	0
8	0
8	0
8	0
8	0
8	0
8	0
17	0
17	0
12	0
16	0
16	0
8	0
8	0
8	0
8	0
8	0
8	0
12	0
12	0
17	0
13	0
14	0
3	0
3	16
1	0
1	1
17	3
17	0
1	11
16	0
16	0
16	1
4	0
4	4
13	0
13	13
13	0
17	0
16	0
1	0
1	0
17	0
1	0
17	0
16	0
3	0
1	0
1	0
1	0
17	0
1	0
16	0
16	0
16	0
16	0
16	0
17	0
16	0
3	0
16	0
1	0
1	0
17	0
17	0
17	0
14	0
14	0
14	0
16	0
3	0
3	0
17	0
17	0
17	0
1	0
16	0
16	0
16	0
16	0
16	0
12	0
1	2
12	0
12	0
12	12
16	0
11	0
4	16
3	3
3	3
3	0
1	3
3	0
2	2
8	0
8	8
16	0
11	10
13	0
13	0
13	13
13	0
16	0
16	0
16	0
16	0
16	0
16	0
16	0
16	0
3	0
1	0
1	0
1	0
1	0
8	0
16	0
16	0
16	0
16	0
16	0
16	0
16	0
8	0
16	0
16	0
16	0
1	0
1	0
16	0
16	0
16	0
16	0
16	0
16	0
3	0
1	0
1	0
1	0
1	0
12	0
3	2
3	0
16	2
8	0
8	0
8	0
8	0
8	0
8	8
13	13
13	0
1	0
8	0
8	0
8	0
8	0
1	0
1	0
1	0
8	0
8	0
8	0
8	0
8	0
8	0
1	0
1	0
8	0
8	0
8	0
8	0
8	0
8	0
8	0
8	0
8	0
1	0
1	0
1	0
1	0
8	0
8	0
8	0
8	0
8	0
8	0
8	0
1	0
1	0
1	0
8	0
8	0
8	0
8	0
8	0
8	0
1	0
8	0
8	0
17	0
9	0
17	0
12	17
12	0
9	17
17	0
9	17
17	0
9	17
13	0
17	0
17	0
17	0
17	0
17	0
17	0
17	0
17	0
17	0
17	0
17	0
17	0
17	0
12	0
12	0
17	0
17	0
17	0
17	0
17	0
17	0
17	0
17	0
17	0
17	0
17	0
17	0
17	0
17	0
17	0
17	0
17	0
17	0
17	0
17	0
17	0
17	0
17	0
12	0
12	0
17	0
17	0
17	0
17	0
17	0
17	0
17	0
17	0
17	0
